0.10438808798789978
0.025184407830238342
0.08367475867271423
0.018467232584953308
0.018425360321998596
0.0317649245262146
0.09186318516731262
0.060434482991695404
-0.003943830728530884
-0.006402552127838135
-0.01009361445903778
-0.009985283017158508
0.00675635039806366
-0.006873086094856262
0.0004531443119049072
0.0008955001831054688
0.001320958137512207
-0.00021478533744812012
0.0012203305959701538
0.0008706450462341309
0.0007904171943664551
0.003692641854286194
0.0024924427270889282
0.0017950087785720825
0.004190072417259216
0.002042114734649658
0.0030173510313034058
0.0024875253438949585
0.0004293471574783325
0.003314301371574402
0.0016686022281646729
0.0020177513360977173
0.003554597496986389
0.003031596541404724
0.002607405185699463
0.00321216881275177
0.0036489665508270264
0.0027521103620529175
0.005099445581436157
0.004081815481185913
0.0045424699783325195
0.007732003927230835
0.007551014423370361
0.00530947744846344
0.005083650350570679
0.004175975918769836
0.009476438164710999
0.00852009654045105
0.008894726634025574
0.0037507712841033936
0.004452228546142578
0.0064000338315963745
0.014186471700668335
0.005551204085350037
0.0011537224054336548
0.015827611088752747
0.010552749037742615
0.010327234864234924
0.00842265784740448
0.018821999430656433
0.01937068998813629
0.006531864404678345
0.01102040708065033
0.01314474642276764
0.02281351387500763
0.013986989855766296
0.0146169513463974
0.016675859689712524
0.024617761373519897
0.02670813351869583
0.01871129870414734
0.02525581419467926
0.028660520911216736
0.02489560842514038
0.014980703592300415
0.011197209358215332
0.01373220980167389
0.02095310389995575
0.02099578082561493
0.012350186705589294
0.014101728796958923
0.01899358630180359
0.01542063057422638
0.004552870988845825
0.02043294906616211
0.022793978452682495
0.013597309589385986
0.010028108954429626
0.010469496250152588
0.013245388865470886
0.01386171579360962
0.01964239776134491
0.009550526738166809
0.018789678812026978
0.021242603659629822
0.025811396539211273
0.028558269143104553
0.025805175304412842
0.028455600142478943
0.03150954842567444
0.030047006905078888
0.022151470184326172
0.02580033242702484
0.029631979763507843
0.029856838285923004
0.028769858181476593
0.027927547693252563
0.03131570667028427
0.032013602554798126
0.0320110023021698
0.032942987978458405
0.0330703929066658
0.03358010947704315
0.03356579691171646
0.03387526422739029
0.03353950381278992
0.03365698456764221
0.0333719402551651
0.033515267074108124
0.034640438854694366
0.03473282605409622
0.03491293638944626
0.034873850643634796
0.034663885831832886
0.03158821165561676
0.03163885325193405
0.030223630368709564
0.0282183438539505
0.028386950492858887
0.025002337992191315
0.020900622010231018
0.01605045795440674
0.008701086044311523
-0.007330566644668579
-0.021572887897491455
-0.0314977765083313
-0.032888442277908325
-0.03242515027523041
-0.040732160210609436
-0.0546698123216629
-0.054726481437683105
-0.057699352502822876
-0.05537785589694977
-0.05897434055805206
-0.05656963586807251
-0.051528483629226685
-0.05388854444026947
-0.055835872888565063
-0.05446478724479675
-0.05580821633338928
-0.050164997577667236
-0.049547165632247925
-0.04787684977054596
-0.046964749693870544
-0.04434114694595337
-0.04159143567085266
-0.04321707785129547
-0.04597656428813934
-0.039860278367996216
-0.03137409687042236
-0.017427101731300354
-0.008776351809501648
-0.004773259162902832
0.007261946797370911
0.02669641375541687
0.023759514093399048
0.023698411881923676
0.03767341375350952
0.06060881167650223
0.05853516608476639
0.04738383740186691
0.04799705743789673
0.04888789355754852
0.04849455505609512
0.047925665974617004
0.04616503417491913
0.04554867744445801
0.045556455850601196
0.04457499831914902
0.03723141551017761
0.03833741694688797
0.04076669365167618
0.0399942547082901
0.037930406630039215
0.036154650151729584
0.03735041618347168
0.03600044548511505
0.03494618833065033
0.03484530746936798
0.03399678319692612
0.033446505665779114
0.03287424147129059
0.03329358249902725
0.03301519900560379
0.03260993957519531
0.0293722003698349
0.02758610248565674
0.024730205535888672
0.022394150495529175
0.02351691573858261
0.022995345294475555
0.02155858278274536
0.024173200130462646
0.02447434514760971
0.016320064663887024
0.011503845453262329
0.00875544548034668
0.003970116376876831
-0.0003838390111923218
-0.008645787835121155
-0.011114880442619324
-0.01260407269001007
-0.014036223292350769
-0.017096474766731262
-0.017340466380119324
-0.01941773295402527
-0.02094253897666931
-0.02364686131477356
-0.025518685579299927
-0.028931856155395508
-0.030820399522781372
-0.030630871653556824
-0.03120894730091095
-0.030436009168624878
-0.025662466883659363
-0.02991257607936859
-0.030597448348999023
-0.023603439331054688
-0.021158218383789062
-0.01863911747932434
-0.01923695206642151
-0.014866217970848083
-0.014748841524124146
0.0026604384183883667
0.004491791129112244
-0.006339624524116516
0.004510030150413513
0.0165986567735672
0.017972499132156372
0.0083371102809906
0.013421863317489624
0.022075772285461426
0.025622040033340454
0.02559228241443634
0.027061544358730316
0.029869742691516876
0.03199775516986847
0.03284478932619095
0.03008032590150833
0.034533821046352386
0.03375094383955002
0.034025415778160095
0.036261171102523804
0.03694301098585129
0.037190333008766174
0.03765995055437088
0.03867516666650772
0.03218879550695419
0.033381178975105286
0.038349710404872894
0.04022856056690216
0.039009854197502136
0.03838491439819336
0.035987406969070435
0.03632073104381561
0.038294851779937744
0.035927824676036835
0.037336789071559906
0.039225347340106964
0.03807497024536133
0.033321864902973175
0.038359060883522034
0.02523234486579895
0.017869144678115845
0.024698130786418915
0.029331207275390625
0.03264760971069336
0.023779474198818207
0.027656130492687225
0.01965208351612091
0.01783280074596405
0.01386551558971405
0.008860170841217041
0.00045302510261535645
-0.0030037611722946167
0.010858222842216492
0.001774221658706665
-0.005394309759140015
-0.009280189871788025
-0.004158094525337219
-0.003216862678527832
-0.008011072874069214
-0.0071382224559783936
-0.006495222449302673
-0.005787581205368042
-0.004081353545188904
-0.0043600499629974365
-0.004057735204696655
-0.0029979348182678223
-0.0008926987648010254
-0.0004965513944625854
-0.0007080882787704468
-0.0002461075782775879
0.0011144280433654785
0.0013833492994308472
0.004897952079772949
0.0038791894912719727
0.0042978376150131226
0.0035737156867980957
-6.435811519622803e-05
-0.0008142292499542236
-0.00032283365726470947
-0.0019302964210510254
-0.0034711509943008423
0.010981917381286621
0.02064661681652069
0.014083534479141235
0.008544683456420898
0.00959622859954834
0.014826670289039612
0.02082154154777527
0.03727263957262039
0.046787045896053314
0.05525466054677963
0.06574777513742447
0.07487291842699051
0.08171488344669342
0.09119344502687454
0.10045696794986725
0.10250422358512878
0.10790495574474335
0.11578963696956635
0.13090668618679047
0.13630136847496033
0.13187704980373383
0.1379372924566269
0.14817367494106293
0.14853383600711823
0.1441277265548706
0.15128794312477112
0.15977440774440765
0.16044841706752777
0.1620948612689972
0.16962359845638275
0.17247909307479858
0.17661824822425842
0.18327227234840393
0.18862834572792053
0.1941702961921692
0.1974768489599228
0.20358428359031677
0.20159679651260376
0.20176981389522552
0.19475053250789642
0.18970322608947754
0.18182480335235596
0.1772366762161255
0.16232866048812866
0.15288084745407104
0.14916101098060608
0.12755316495895386
0.10871186852455139
0.09303554892539978
0.07683976739645004
0.05635852366685867
0.03463256359100342
0.030371077358722687
0.031960226595401764
0.02683188021183014
0.018268898129463196
0.0197630375623703
0.022528231143951416
0.02456004172563553
0.026531293988227844
0.03285662829875946
0.03749298304319382
0.04064153879880905
0.0473998486995697
0.055260054767131805
0.06124718487262726
0.06751736253499985
0.07361150532960892
0.07766885310411453
0.07928517460823059
0.07904723286628723
0.0785025879740715
0.07793371379375458
0.07705022394657135
0.07297409325838089
0.07070200145244598
0.07042459398508072
0.06944266706705093
0.06560929119586945
0.0591375008225441
0.06095123291015625
0.051474519073963165
0.05668213963508606
0.05607388913631439
0.03951547294855118
0.025500856339931488
0.027175433933734894
0.02475496381521225
0.024366356432437897
0.04364579916000366
0.06340751051902771
0.06751290708780289
0.060871049761772156
0.06136437505483627
0.07127978652715683
0.06541948020458221
0.06172386556863785
0.058292798697948456
0.05386491119861603
0.05256930738687515
0.04755290597677231
0.047145403921604156
0.04134984314441681
0.041418880224227905
0.034010760486125946
0.037520624697208405
0.035447560250759125
0.03817778825759888
0.03825334459543228
0.038525231182575226
0.03540603071451187
0.033636920154094696
0.03670521080493927
0.03945457935333252
0.043249838054180145
0.045505963265895844
0.03494805097579956
0.04604601114988327
0.03036843240261078
0.032858721911907196
0.02484121173620224
0.013883814215660095
0.004223093390464783
0.0027908533811569214
-0.0053634196519851685
-0.02069118618965149
-0.022586911916732788
-0.012133076786994934
-0.017763406038284302
-0.017734497785568237
-0.0023545920848846436
-0.0018489360809326172
0.0027509331703186035
0.007148042321205139
0.023328930139541626
0.015851065516471863
0.014113858342170715
0.027295082807540894
0.0243065282702446
0.020761415362358093
0.006241992115974426
0.02689620852470398
0.029246516525745392
0.021306082606315613
0.004037156701087952
0.025957845151424408
0.010549589991569519
-0.009285196661949158
0.0021879971027374268
0.012666121125221252
-0.0041771382093429565
-0.035064876079559326
-0.032664939761161804
-0.016179218888282776
-0.028011783957481384
-0.027401909232139587
-0.0398532897233963
-0.039108335971832275
-0.048143282532691956
-0.07723331451416016
-0.08165732026100159
-0.08459082245826721
-0.07423116266727448
-0.07636229693889618
-0.07369238138198853
-0.09613195061683655
-0.10751816630363464
-0.09566622972488403
-0.11687812209129333
-0.12988883256912231
-0.13010957837104797
-0.12544506788253784
-0.13866353034973145
-0.15027505159378052
-0.13461679220199585
-0.14710021018981934
-0.15329760313034058
-0.15369215607643127
-0.14031684398651123
-0.139428973197937
-0.147649347782135
-0.14794495701789856
-0.14638027548789978
-0.14681828022003174
-0.1384577453136444
-0.1409667730331421
-0.14111831784248352
-0.14293071627616882
-0.1424972116947174
-0.141139417886734
-0.14154323935508728
-0.14186224341392517
-0.1417546272277832
-0.141497403383255
-0.14555871486663818
-0.1432662010192871
-0.14654859900474548
-0.14311131834983826
-0.13869455456733704
-0.14941003918647766
-0.14455151557922363
-0.14966383576393127
-0.1449408233165741
-0.1498425304889679
-0.1527250111103058
-0.14217635989189148
-0.1404520869255066
-0.1441291868686676
-0.1450735628604889
-0.13908234238624573
-0.14540761709213257
-0.1336216926574707
-0.1140543520450592
-0.12599968910217285
-0.1281386911869049
-0.11019620299339294
-0.0801837295293808
-0.08472953736782074
-0.08143821358680725
-0.055275723338127136
-0.04441910982131958
-0.03816419839859009
-0.03536628186702728
-0.025619208812713623
-0.020560070872306824
-0.01285099983215332
-0.0042115747928619385
0.0024000853300094604
0.01110924780368805
0.01910988986492157
0.02995951473712921
0.03993199020624161
0.05064286291599274
0.06070265173912048
0.07197661697864532
0.08035090565681458
0.08718936145305634
0.0916961133480072
0.09508228302001953
0.09727541357278824
0.10078662633895874
0.10466911643743515
0.09259945899248123
0.10412609577178955
0.09929772466421127
0.10153892636299133
0.09652304649353027
0.08389326184988022
0.06636149436235428
0.07082613557577133
0.07148389518260956
0.04640324413776398
0.024994641542434692
0.03643014281988144
0.02959837019443512
-0.006459176540374756
-0.022201552987098694
-0.023207828402519226
-0.01803147792816162
-0.01933237910270691
-0.021596193313598633
-0.02004292607307434
-0.014651164412498474
-0.009306594729423523
-0.0043426454067230225
0.002490982413291931
0.011502638459205627
0.01953873038291931
0.025789648294448853
0.02916494756937027
0.03307168185710907
0.03737696260213852
0.03939419984817505
0.039177268743515015
0.04263642430305481
0.0438028946518898
0.042299576103687286
0.041620559990406036
0.0500178188085556
0.049068383872509
0.05150578171014786
0.05177203565835953
0.031235739588737488
0.040001191198825836
0.040026672184467316
0.041056446731090546
0.06313198804855347
0.07523172348737717
0.08861789107322693
0.10122646391391754
0.11389550566673279
0.10736806690692902
0.11263225227594376
0.13180603086948395
0.1370895504951477
0.1261553317308426
0.12846186757087708
0.13614022731781006
0.13387560844421387
0.13492530584335327
0.13441739976406097
0.12880854308605194
0.12624573707580566
0.12572894990444183
0.12160477042198181
0.11675002425909042
0.11346108466386795
0.11147350817918777
0.10704128444194794
0.10066273808479309
0.09629704803228378
0.09230832755565643
0.07504772394895554
0.08100810647010803
0.07250206917524338
0.05857529491186142
0.05733916908502579
0.046654894948005676
0.012197107076644897
0.03306411951780319
0.010656759142875671
-0.03623393177986145
-0.045927077531814575
-0.03353804349899292
-0.05886980891227722
-0.08014854788780212
-0.0759391039609909
-0.06992176175117493
-0.08111554384231567
-0.0812034159898758
-0.09473404288291931
-0.10202287137508392
-0.09983998537063599
-0.10234695672988892
-0.10142666101455688
-0.10269665718078613
-0.09721581637859344
-0.09871581196784973
-0.09219144284725189
-0.09798654913902283
-0.09237828850746155
-0.09605088829994202
-0.09895862638950348
-0.08133061230182648
-0.09177790582180023
-0.0887126624584198
-0.05169971287250519
-0.06258949637413025
-0.08315439522266388
-0.06319184601306915
-0.04604880511760712
-0.06599651277065277
-0.06247080862522125
-0.03822706639766693
-0.04344026744365692
-0.046739235520362854
-0.01834280788898468
-0.006263598799705505
-0.010511159896850586
-0.0029158741235733032
0.006789892911911011
0.010735422372817993
0.015624403953552246
0.022550955414772034
0.024856217205524445
0.03106265515089035
0.040868259966373444
0.04807806760072708
0.054732970893383026
0.05745730549097061
0.0654408186674118
0.07172711938619614
0.07549837231636047
0.08031607419252396
0.08513201028108597
0.08838056027889252
0.07549700886011124
0.076906219124794
0.07238439470529556
0.08467411994934082
0.09691916406154633
0.09438322484493256
0.07080691307783127
0.07239612936973572
0.08552742004394531
0.09266151487827301
0.08945140242576599
0.09773361682891846
0.11272042989730835
0.12928515672683716
0.1298942267894745
0.12472651898860931
0.11802227795124054
0.12393924593925476
0.1270551085472107
0.12599731981754303
0.12374117970466614
0.12748940289020538
0.13135866820812225
0.13482263684272766
0.13913439214229584
0.14120785892009735
0.14219778776168823
0.14323849976062775
0.1450101137161255
0.14496296644210815
0.15028277039527893
0.1531992107629776
0.1614222228527069
0.16920889914035797
0.17573721706867218
0.18200252950191498
0.1824396550655365
0.1880405843257904
0.19289244711399078
0.19275367259979248
0.19322970509529114
0.2050960808992386
0.20824562013149261
0.20910383760929108
0.20838716626167297
0.2098143994808197
0.2103024572134018
0.2021433413028717
0.19341349601745605
0.18719562888145447
0.17765124142169952
0.15916985273361206
0.14003247022628784
0.12635928392410278
0.11255709081888199
0.1013205274939537
0.0905064195394516
0.08135232329368591
0.07408139109611511
0.06645993143320084
0.05805381387472153
0.051552049815654755
0.0436813086271286
0.036661721765995026
0.029698282480239868
0.02266816794872284
0.01633848249912262
0.01061353087425232
0.004532322287559509
-0.0007019191980361938
-0.0069881826639175415
-0.010647118091583252
-0.016033872961997986
-0.020245417952537537
-0.022974684834480286
-0.025595545768737793
-0.027768433094024658
-0.029968053102493286
-0.03178386390209198
-0.03271731734275818
-0.03346532583236694
-0.037668511271476746
-0.0340389758348465
-0.03451374173164368
-0.03741973638534546
-0.03662371635437012
-0.03953588008880615
-0.04127994179725647
-0.03842712938785553
-0.03834936022758484
-0.045522138476371765
-0.042570844292640686
-0.03697483241558075
-0.04152403771877289
-0.049472957849502563
-0.04725566506385803
-0.04497693479061127
-0.04694312810897827
-0.04622964560985565
-0.04431833326816559
-0.043764665722846985
-0.04177376627922058
-0.04026584327220917
-0.03916199505329132
-0.038171350955963135
-0.03696174919605255
-0.03339274227619171
-0.03530821204185486
-0.029575183987617493
-0.028267741203308105
-0.027909651398658752
-0.023534178733825684
-0.021983683109283447
-0.021354585886001587
-0.020477458834648132
-0.011992126703262329
-0.014813318848609924
-0.011351868510246277
-0.013665199279785156
-0.010252341628074646
-0.01720498502254486
-0.01214127242565155
-0.017176315188407898
-0.017054483294487
-0.0176067054271698
-0.021606221795082092
-0.01962485909461975
-0.025773808360099792
-0.03008781373500824
-0.03254400193691254
-0.02226775884628296
-0.027266457676887512
-0.02913174033164978
-0.03005911409854889
-0.02521151304244995
-0.026876717805862427
-0.02470390498638153
-0.023064911365509033
-0.02201494574546814
-0.02037028968334198
-0.01911945641040802
-0.019315093755722046
-0.018416061997413635
-0.018587052822113037
-0.019811585545539856
-0.020915240049362183
-0.021423563361167908
-0.019536837935447693
-0.020801156759262085
-0.020130112767219543
-0.021853238344192505
-0.024483948945999146
-0.027507707476615906
-0.03256155550479889
-0.040450528264045715
-0.0498078316450119
-0.05047798156738281
-0.055175259709358215
-0.06714817881584167
-0.0766458660364151
-0.08488848805427551
-0.09260569512844086
-0.09961095452308655
-0.10736024379730225
-0.11191266775131226
-0.11535835266113281
-0.11625233292579651
-0.11866071820259094
-0.11884292960166931
-0.11956042051315308
-0.12308436632156372
-0.12343573570251465
-0.12486940622329712
-0.1261167824268341
-0.12664496898651123
-0.1284676194190979
-0.1271325647830963
-0.12898501753807068
-0.12938833236694336
-0.12973308563232422
-0.12694841623306274
-0.1277123987674713
-0.1272546947002411
-0.12684127688407898
-0.12482583522796631
-0.12295255064964294
-0.1267869770526886
-0.12695708870887756
-0.13051310181617737
-0.1305798590183258
-0.13185405731201172
-0.13384214043617249
-0.13614508509635925
-0.13622432947158813
-0.13723066449165344
-0.14263787865638733
-0.14619332551956177
-0.14620080590248108
-0.1464395821094513
-0.1461520791053772
-0.1464734673500061
-0.1456606686115265
-0.14608976244926453
-0.14521300792694092
-0.14491280913352966
-0.1440141499042511
-0.14410075545310974
-0.14389294385910034
-0.14389348030090332
-0.14408844709396362
-0.1440347135066986
-0.144322007894516
-0.1438232958316803
-0.14407497644424438
-0.14206001162528992
-0.14213654398918152
-0.13958045840263367
-0.14226636290550232
-0.14032688736915588
-0.14169025421142578
-0.1375211477279663
-0.14094135165214539
-0.1381235122680664
-0.13214099407196045
-0.12818214297294617
-0.12077614665031433
-0.13931980729103088
-0.13275903463363647
-0.11603224277496338
-0.1260925531387329
-0.13356369733810425
-0.12544375658035278
-0.1187797486782074
-0.1274838149547577
-0.12287262082099915
-0.11378532648086548
-0.11266425251960754
-0.1137244701385498
-0.11487790942192078
-0.1105823814868927
-0.11866521835327148
-0.12240785360336304
-0.12891539931297302
-0.13348230719566345
-0.13054156303405762
-0.14017325639724731
-0.14176484942436218
-0.1443588137626648
-0.1490955650806427
-0.1554878056049347
-0.1589728593826294
-0.15910440683364868
-0.1586221158504486
-0.15654528141021729
-0.15399697422981262
-0.1543903350830078
-0.15422233939170837
-0.15381908416748047
-0.15416646003723145
-0.15481987595558167
-0.1546427309513092
-0.15434634685516357
-0.1543891727924347
-0.15373662114143372
-0.15165361762046814
-0.15165644884109497
-0.1466553807258606
-0.1446940004825592
-0.14389532804489136
-0.1410992443561554
-0.13037773966789246
-0.12725508213043213
-0.11883071064949036
-0.10074694454669952
-0.07495512068271637
-0.067725270986557
-0.06316056847572327
-0.053978994488716125
-0.04286378622055054
-0.03781639039516449
-0.030503377318382263
-0.022455081343650818
-0.0161755234003067
-0.010473281145095825
-0.001728832721710205
0.003561556339263916
0.010026425123214722
0.0196353942155838
0.025754429399967194
0.033197179436683655
0.04032343626022339
0.053429342806339264
0.05703744292259216
0.06567200273275375
0.07746551185846329
0.09087328612804413
0.09924723207950592
0.11158692091703415
0.12119388580322266
0.13038161396980286
0.13916629552841187
0.14779286086559296
0.1540820300579071
0.16074225306510925
0.16962753236293793
0.17945945262908936
0.18857654929161072
0.1970328986644745
0.20530349016189575
0.2120829075574875
0.21842512488365173
0.22380518913269043
0.22805988788604736
0.23408764600753784
0.24078300595283508
0.24594850838184357
0.25106942653656006
0.25518471002578735
0.2590685486793518
0.2630605399608612
0.2683686316013336
0.27316540479660034
0.2761784791946411
0.2794076204299927
0.2778353691101074
0.28061938285827637
0.2760157585144043
0.2769205570220947
0.27395761013031006
0.2698308825492859
0.2707761526107788
0.27523547410964966
0.27078497409820557
0.2569614052772522
0.2576574385166168
0.2283632755279541
0.21056945621967316
0.2172713577747345
0.20697852969169617
0.2021101415157318
0.2055007815361023
0.22106826305389404
0.20030444860458374
0.17631320655345917
0.18095123767852783
0.1873224675655365
0.1683652549982071
0.1631186157464981
0.1684480458498001
0.16149169206619263
0.14715735614299774
0.13395804166793823
0.1225394681096077
0.10948406159877777
0.09319248795509338
0.07187286764383316
0.0554499551653862
0.044182516634464264
0.02836935967206955
0.014093667268753052
0.011478036642074585
-0.003833368420600891
-0.012590602040290833
-0.02309952676296234
-0.03784097731113434
-0.057670339941978455
-0.06096936762332916
-0.06336164474487305
-0.08568431437015533
-0.06348708271980286
-0.06409105658531189
-0.08272875845432281
-0.08961811661720276
-0.09596006572246552
-0.11467885971069336
-0.12005865573883057
-0.11144232749938965
-0.1110321581363678
-0.11402133107185364
-0.1020047515630722
-0.10422655940055847
-0.10869649052619934
-0.11403331160545349
-0.11311966180801392
-0.11547219753265381
-0.11779960989952087
-0.11910313367843628
-0.12365415692329407
-0.12364888191223145
-0.12563487887382507
-0.127186119556427
-0.1276259422302246
-0.12851637601852417
-0.12890911102294922
-0.1297348439693451
-0.13082820177078247
-0.131859689950943
-0.1318032443523407
-0.1332595944404602
-0.13340356945991516
-0.1336289346218109
-0.13436880707740784
-0.13538071513175964
-0.13597598671913147
-0.1357564926147461
-0.13552942872047424
-0.14064374566078186
-0.14095371961593628
-0.14024028182029724
-0.14253470301628113
-0.13868865370750427
-0.14165067672729492
-0.1417788565158844
-0.1436956524848938
-0.14304187893867493
-0.1487143337726593
-0.1534881591796875
-0.1470211148262024
-0.14363431930541992
-0.14701905846595764
-0.15142548084259033
-0.14696556329727173
-0.14949381351470947
-0.15104055404663086
-0.1514420509338379
-0.14920350909233093
-0.14988121390342712
-0.1481514275074005
-0.14802610874176025
-0.147487074136734
-0.14703986048698425
-0.14612045884132385
-0.14597541093826294
-0.14559492468833923
-0.14278772473335266
-0.1407906413078308
-0.1384715735912323
-0.13547024130821228
-0.1368178427219391
-0.1316908895969391
-0.12754815816879272
-0.1286984384059906
-0.12694630026817322
-0.11763158440589905
-0.11266955733299255
-0.11672317981719971
-0.1205475926399231
-0.12105494737625122
-0.11796584725379944
-0.1173948347568512
-0.12054923176765442
-0.11762598156929016
-0.11687931418418884
-0.11424762010574341
-0.11634740233421326
-0.11248648166656494
-0.11109822988510132
-0.10507354140281677
-0.09799383580684662
-0.08940860629081726
-0.083452507853508
-0.07549487054347992
-0.06790296733379364
-0.06070332229137421
-0.051898762583732605
-0.046118736267089844
-0.03685310482978821
-0.03155454993247986
-0.025585949420928955
-0.019612282514572144
-0.016844063997268677
-0.012416645884513855
-0.007812798023223877
-0.012520328164100647
-0.001192241907119751
-0.017531543970108032
-0.012885749340057373
-0.015205085277557373
-0.03286945819854736
-0.04431252181529999
-0.049161821603775024
-0.05873049795627594
-0.07160419225692749
-0.07840287685394287
-0.07518385350704193
-0.0867290049791336
-0.09163637459278107
-0.0886785238981247
-0.08845007419586182
-0.08793705701828003
-0.08652801811695099
-0.08402550220489502
-0.08066916465759277
-0.07789956033229828
-0.07676614820957184
-0.0738760232925415
-0.07049018144607544
-0.06770811975002289
-0.06457993388175964
-0.06083132326602936
-0.058399006724357605
-0.05472937226295471
-0.04982379078865051
-0.04610459506511688
-0.042124345898628235
-0.037914127111434937
-0.03447921574115753
-0.0321858674287796
-0.02927432954311371
-0.026506885886192322
-0.0242537260055542
-0.020835787057876587
-0.021365731954574585
-0.020575255155563354
-0.01874910295009613
-0.020012184977531433
-0.022703275084495544
-0.020519599318504333
-0.01801881194114685
-0.019776180386543274
-0.021217763423919678
-0.015518516302108765
-0.02020755410194397
-0.02626805007457733
-0.017351344227790833
-0.03531946241855621
-0.0367225706577301
-0.028466075658798218
-0.029195845127105713
-0.03709167242050171
-0.022663414478302002
-0.002582058310508728
-0.011606603860855103
-0.009494632482528687
0.0095195472240448
0.00920647382736206
0.022792965173721313
0.02305443584918976
0.022336706519126892
0.029499858617782593
0.03688342124223709
0.033213309943675995
0.035118430852890015
0.05276281386613846
0.06742973625659943
0.07128988206386566
0.0731208324432373
0.0750151202082634
0.07975763827562332
0.0859358012676239
0.08837686479091644
0.08934202790260315
0.09525153040885925
0.10095173120498657
0.10617081820964813
0.10717426240444183
0.11139830946922302
0.11470150947570801
0.11754239350557327
0.11722739040851593
0.1189083456993103
0.12025194615125656
0.12065107375383377
0.11862689256668091
0.11741594225168228
0.11841262876987457
0.11840292066335678
0.11794044822454453
0.11617861688137054
0.11450871080160141
0.1107267215847969
0.10885771363973618
0.10701200366020203
0.09537604451179504
0.09064260870218277
0.07529479265213013
0.06471562385559082
0.05719839036464691
0.030375733971595764
0.011789217591285706
-0.0010932981967926025
-0.01951603591442108
-0.03392520546913147
-0.038832128047943115
-0.035189732909202576
-0.031271159648895264
-0.017640680074691772
-0.005076751112937927
-0.010327756404876709
-0.01626226305961609
-0.02346883714199066
-0.030836760997772217
-0.031050369143486023
-0.036010488867759705
-0.03580930829048157
-0.03847147524356842
-0.03459662199020386
-0.04272802174091339
-0.04190053045749664
-0.03921237587928772
-0.034838661551475525
-0.015254363417625427
-0.009918242692947388
-0.014557525515556335
-0.0037526339292526245
0.019952699542045593
0.007459700107574463
0.012255266308784485
0.03991872817277908
0.06436991691589355
0.07137147337198257
0.06467635929584503
0.07251700758934021
0.08099286258220673
0.07739041745662689
0.06439431011676788
0.0629061907529831
0.075252465903759
0.058681465685367584
0.042202964425086975
0.05438755452632904
0.05051427334547043
0.053757548332214355
0.055619701743125916
0.06454746425151825
0.05478094518184662
0.06562186777591705
0.06170292943716049
0.05191262811422348
0.051115483045578
0.06808917224407196
0.050867483019828796
0.054274097084999084
0.07827268540859222
0.04482433199882507
0.04056970775127411
0.03891473263502121
0.02596108615398407
0.027707353234291077
0.041587039828300476
0.04978428781032562
0.01374809443950653
0.003956630825996399
0.008571073412895203
-0.0018004029989242554
-0.013362616300582886
-0.02407720685005188
-0.018663272261619568
-0.011026322841644287
-0.03443261981010437
-0.04509842395782471
-0.02005752921104431
-0.02033795416355133
-0.0274951308965683
-0.034821853041648865
-0.03906843066215515
-0.048296838998794556
-0.04734937846660614
-0.055557653307914734
-0.05100366473197937
-0.041484981775283813
-0.04256737232208252
-0.03224027156829834
-0.031092211604118347
-0.024501562118530273
-0.020436257123947144
-0.023805871605873108
-0.011995956301689148
0.003101259469985962
0.008678436279296875
0.0005087107419967651
0.0012737959623336792
0.0011945366859436035
0.007532387971878052
0.0002319812774658203
-0.0002532005310058594
0.008105739951133728
0.009257540106773376
0.0034457743167877197
0.0008225440979003906
0.005614951252937317
0.009334638714790344
0.013021841645240784
0.00738118588924408
-0.00042419135570526123
0.0014445632696151733
0.005675286054611206
0.002664700150489807
-0.0017986893653869629
0.007039323449134827
0.009269729256629944
0.002302005887031555
-0.004552766680717468
-0.0034457892179489136
-0.0028270483016967773
-0.003961294889450073
-0.005118280649185181
-0.0047298818826675415
-0.004470512270927429
-0.002455294132232666
-0.0036451369524002075
-0.004708290100097656
-0.004323989152908325
-0.0037195682525634766
-0.005133241415023804
-0.004252806305885315
-0.004282459616661072
-0.002694353461265564
-0.0004564821720123291
-0.0022932738065719604
-0.004398971796035767
-0.004781827330589294
-0.002553030848503113
-0.0019729137420654297
-0.004889056086540222
0.0030828267335891724
0.004309982061386108
0.001135021448135376
-0.0028267204761505127
-0.00039051473140716553
-0.0033570528030395508
0.005482718348503113
0.004984274506568909
-0.0012790858745574951
0.00024665892124176025
0.004343688488006592
0.0029646307229995728
-0.0003512650728225708
0.001486450433731079
-0.0010647773742675781
0.001204565167427063
0.0024801939725875854
-0.0031743496656417847
-0.0032016783952713013
-0.004261091351509094
-0.004282698035240173
-0.0014766901731491089
-0.001787036657333374
-0.0014463365077972412
-0.003849819302558899
-0.0024553686380386353
-0.00520440936088562
-0.0019352883100509644
-0.005446538329124451
-0.002869740128517151
-0.003864288330078125
-0.0009026080369949341
-0.002789333462715149
-0.00041012465953826904
-0.001899808645248413
0.0011262893676757812
-0.005513906478881836
-0.0008474886417388916
-0.004629552364349365
-0.00019055604934692383
0.0012583434581756592
-0.0009982138872146606
-0.001618117094039917
-0.0015391707420349121
-0.0014676302671432495
-0.001309514045715332
-0.001359984278678894
0.0047851502895355225
0.001590818166732788
0.005845949053764343
-0.0030211657285690308
-0.001123875379562378
-0.0018738359212875366
-0.00282132625579834
-0.002809569239616394
-0.002921968698501587
1.1354684829711914e-05
0.000273093581199646
-0.0011436641216278076
-0.0028773099184036255
0.00016176700592041016
0.0020044445991516113
-4.589557647705078e-05
-0.00020205974578857422
-0.0029638558626174927
0.0034189820289611816
0.0026172995567321777
-0.003745824098587036
-0.0018856674432754517
-0.005056753754615784
-0.003932550549507141
-0.0005208253860473633
-0.002560749650001526
-0.0039010941982269287
-0.0004710853099822998
-0.004060268402099609
-0.0028340667486190796
-0.002721354365348816
-0.0038036853075027466
-0.0030840039253234863
-0.004252389073371887
-0.0013181716203689575
0.001415342092514038
-0.002988949418067932
-0.005170673131942749
-0.004907667636871338
-0.00470714271068573
-0.001867055892944336
-0.0025984346866607666
-0.0031692981719970703
-0.004659146070480347
-0.002940624952316284
-0.004671409726142883
-0.0016463100910186768
-0.005090311169624329
-0.003532111644744873
-0.0027475506067276
-0.0028053075075149536
-0.005468547344207764
-0.003222629427909851
-0.0027263611555099487
0.002516910433769226
-0.0006923973560333252
-0.0018122047185897827
-0.0039581358432769775
-0.003616124391555786
-0.005011469125747681
-0.0026450753211975098
-0.002904236316680908
-0.001838773488998413
-0.003756016492843628
-0.00346335768699646
-0.00019080936908721924
0.005871191620826721
-0.0014398396015167236
-0.002112850546836853
-0.004922598600387573
-0.0031136125326156616
0.0020263642072677612
0.005047410726547241
0.0018969625234603882
0.0010211020708084106
0.002436041831970215
0.008322328329086304
0.00862818956375122
7.630884647369385e-05
-0.0017215311527252197
0.0027610212564468384
0.003958836197853088
-0.0017404556274414062
-0.001544564962387085
0.0009177327156066895
0.006425946950912476
0.001453116536140442
-0.0030005574226379395
-0.0007967203855514526
1.4200806617736816e-05
-0.005200371146202087
-0.0038554221391677856
-0.006590530276298523
-0.0030070096254348755
-0.0036016106605529785
-0.0033132582902908325
-0.005649283528327942
-0.004223451018333435
-0.003611922264099121
-0.0015522539615631104
-0.004763871431350708
-0.004764765501022339
-0.0058929771184921265
-0.0033700764179229736
-0.004489883780479431
-0.0032496005296707153
-0.0044829100370407104
-0.004398643970489502
0.0011607259511947632
-0.001477569341659546
-0.004725173115730286
-0.0033700764179229736
-0.0051342397928237915
-0.0009390562772750854
0.004242047667503357
0.00022795796394348145
-0.0010344982147216797
3.8370490074157715e-05
0.002995893359184265
0.0013015419244766235
0.002895951271057129
-0.0039958655834198
-0.003246501088142395
-0.001660868525505066
-0.004000380635261536
-0.0019135773181915283
-0.0020028501749038696
-0.005752533674240112
0.0029303431510925293
0.0003630220890045166
4.217028617858887e-06
-0.003704652190208435
-0.0044318437576293945
-0.005705684423446655
-0.0012568086385726929
-0.003269672393798828
-0.0003393888473510742
0.0002314150333404541
-0.0027350932359695435
-0.00035728514194488525
0.003296762704849243
-0.005000904202461243
-0.003601387143135071
0.0002380162477493286
-0.002950802445411682
-0.000754043459892273
-0.00016956031322479248
-0.0018360614776611328
-0.002973511815071106
-0.0023943036794662476
-0.0027864575386047363
-0.0013165175914764404
-0.00183810293674469
-7.969141006469727e-05
-0.004027023911476135
-0.002492949366569519
-0.0001433342695236206
0.00718611478805542
0.004125744104385376
