92 0 0.010000 253.8084, 35.9082, 280.8334, 37.0254, 279.9717, 57.8697, 252.9467, 56.7525
92 1 0.040000 253.7799, 36.5690, 280.8064, 37.6858, 279.9461, 58.5062, 252.9195, 57.3894
92 2 0.070000 253.7165, 38.0393, 280.7465, 39.1552, 279.8891, 59.9223, 252.8591, 58.8064
92 3 0.110000 253.5775, 41.2601, 280.6151, 42.3740, 279.7644, 63.0244, 252.7267, 61.9105
92 4 0.140000 253.4324, 44.6224, 280.4780, 45.7343, 279.6341, 66.2629, 252.5885, 65.1510
92 5 0.170000 253.2522, 48.7981, 280.3078, 49.9073, 279.4724, 70.2845, 252.4168, 69.1752
92 6 0.200000 253.0368, 53.7889, 280.1044, 54.8951, 279.2791, 75.0910, 252.2115, 73.9849
92 7 0.240000 252.6948, 61.7157, 279.7815, 62.8169, 278.9721, 82.7247, 251.8854, 81.6235
92 8 0.270000 252.3969, 68.6186, 279.5003, 69.7155, 278.7048, 89.3720, 251.6013, 88.2751
92 9 0.310000 251.9445, 79.1058, 279.0738, 80.1968, 278.2987, 99.4707, 251.1694, 98.3797
92 10 0.340000 251.3174, 88.7940, 278.3228, 88.9518, 278.2172, 107.0331, 251.2117, 106.8753
92 11 0.370000 250.4344, 99.0752, 277.3382, 97.5188, 278.2469, 113.2258, 251.3431, 114.7822
92 12 0.400000 249.5839, 107.0355, 276.5550, 104.4726, 277.8863, 118.4825, 250.9152, 121.0454
92 13 0.440000 248.1441, 114.1704, 275.4301, 111.1850, 276.8235, 123.9212, 249.5376, 126.9065
92 14 0.470000 246.7873, 117.7097, 274.4121, 114.8872, 275.6919, 127.4127, 248.0671, 130.2353
92 15 0.500000 245.2217, 120.2703, 273.2233, 117.8437, 274.3130, 130.4177, 246.3113, 132.8443
92 16 0.540000 242.8893, 122.6749, 271.4119, 121.0444, 272.1352, 133.6977, 243.6126, 135.3281
92 17 0.570000 240.9958, 123.9607, 269.9047, 123.0378, 270.3106, 135.7529, 241.4018, 136.6758
92 18 0.610000 238.3366, 125.1287, 267.7342, 125.2145, 267.6965, 138.1307, 238.2989, 138.0450
92 19 0.640000 236.2898, 125.6379, 266.0275, 126.5293, 265.6231, 140.0200, 235.8854, 139.1286
92 20 0.670000 234.1611, 126.1466, 264.2508, 127.6989, 263.5377, 141.5212, 233.4480, 139.9688
92 21 0.700000 232.0786, 126.2133, 262.4830, 128.5475, 261.3714, 143.0259, 230.9670, 140.6916
92 22 0.740000 229.3037, 126.0485, 260.1255, 129.3156, 258.5152, 144.5076, 227.6934, 141.2405
92 23 0.770000 227.2260, 125.7540, 258.3750, 129.5714, 256.4722, 145.0973, 225.3233, 141.2799
92 24 0.800000 225.3252, 124.7759, 256.8102, 129.3638, 254.4403, 145.6272, 222.9554, 141.0393
92 25 0.840000 222.8702, 123.0065, 254.9173, 128.5197, 251.9865, 145.5557, 219.9394, 140.0425
92 26 0.870000 221.1367, 121.4621, 253.5707, 127.3601, 250.4279, 144.6429, 217.9939, 138.7449
92 27 0.900000 219.7248, 118.9162, 252.6096, 125.5219, 248.9613, 143.6840, 216.0765, 137.0783
92 28 0.940000 218.1066, 115.1106, 251.5438, 122.2423, 247.5113, 141.1489, 214.0741, 134.0172
92 29 0.970000 217.1809, 112.2248, 250.8502, 119.6820, 246.7738, 138.0867, 213.1046, 130.6295
92 30 1.000000 216.5132, 108.4275, 250.5773, 116.1527, 246.2759, 135.1197, 212.2117, 127.3945
92 31 1.040000 215.9042, 103.5031, 250.3716, 111.4474, 245.9459, 130.6485, 211.4785, 122.7042
92 32 1.070000 215.5810, 99.8496, 250.4109, 107.8350, 245.9180, 127.4314, 211.0882, 119.4460
92 33 1.110000 215.3846, 95.1502, 250.6631, 103.0846, 246.0946, 123.3975, 210.8160, 115.4631
92 34 1.140000 215.4396, 91.5583, 251.1014, 99.4861, 246.3739, 120.7521, 210.7121, 112.8244
92 35 1.170000 215.6197, 88.4895, 251.5593, 96.3479, 246.8585, 117.8462, 210.9190, 109.9877
92 36 1.210000 216.1274, 84.4112, 252.4627, 92.1284, 247.7540, 114.2985, 211.4186, 106.5812
92 37 1.240000 216.7165, 81.3451, 253.3460, 88.8827, 248.6147, 111.8747, 211.9852, 104.3371
92 38 1.270000 217.4499, 78.6779, 254.3044, 85.9910, 249.6907, 109.2420, 212.8362, 101.9290
92 39 1.310000 218.7080, 75.1881, 255.8262, 82.0963, 251.3921, 105.9206, 214.2739, 99.0124
92 40 1.340000 219.8786, 72.5046, 257.1920, 79.1034, 252.8491, 103.6604, 215.5358, 97.0615
92 41 1.370000 221.2143, 70.2457, 258.6316, 76.5357, 254.5014, 101.1054, 217.0841, 94.8155
92 42 1.410000 223.2953, 67.0861, 260.8492, 72.9688, 256.9299, 97.9887, 219.3760, 92.1060
92 43 1.440000 225.0426, 64.6605, 262.6787, 70.1399, 258.9440, 95.7923, 221.3079, 90.3129
92 44 1.470000 226.9534, 62.5515, 264.5954, 67.6473, 261.1144, 93.3607, 223.4724, 88.2649
92 45 1.510000 229.7206, 59.7041, 267.3402, 64.1932, 264.2164, 90.3711, 226.5968, 85.8819
92 46 1.540000 231.9465, 57.5822, 269.5461, 61.6253, 266.6623, 88.4439, 229.0628, 84.4008
92 47 1.570000 234.2682, 55.8766, 271.8223, 59.4963, 269.2207, 86.4886, 231.6665, 82.8689
92 48 1.610000 237.5230, 53.7105, 275.0160, 56.7943, 272.7440, 84.4177, 235.2510, 81.3339
92 49 1.640000 240.0606, 52.1883, 277.5201, 54.8918, 275.4726, 83.2627, 238.0130, 80.5593
92 50 1.670000 242.6840, 51.1809, 280.0679, 53.5429, 278.2673, 82.0414, 240.8834, 79.6794
92 51 1.710000 246.2749, 50.0197, 283.5760, 51.9329, 282.0881, 80.9419, 244.7870, 79.0286
92 52 1.740000 249.0377, 49.3313, 286.2688, 50.9230, 285.0045, 80.4946, 247.7735, 78.9028
92 53 1.770000 251.8438, 49.1471, 288.9940, 50.4289, 287.9717, 80.0577, 250.8215, 78.7759
92 54 1.810000 255.6406, 49.2028, 292.6816, 50.0785, 291.9734, 80.0356, 254.9324, 79.1600
92 55 1.840000 258.5072, 49.4914, 295.4795, 50.0640, 295.0083, 80.4843, 258.0361, 79.9117
92 56 1.870000 261.3917, 50.3919, 298.2742, 50.6501, 298.0617, 80.9997, 261.1792, 80.7415
92 57 1.910000 265.2233, 52.0575, 302.0304, 51.8682, 302.1874, 82.3899, 265.3803, 82.5792
92 58 1.940000 268.0892, 53.7277, 304.8402, 53.2002, 305.2818, 83.9710, 268.5309, 84.4985
92 59 1.970000 270.9377, 56.0128, 307.6299, 55.1246, 308.3707, 85.7260, 271.6785, 86.6142
92 60 2.010000 274.6973, 59.3882, 311.6797, 58.0294, 312.8014, 88.5577, 275.8190, 89.9165
92 61 2.040000 277.4402, 61.6897, 314.6718, 60.0156, 316.0570, 90.8213, 278.8254, 92.4954
92 62 2.070000 280.1161, 64.1907, 317.6046, 62.2162, 319.2006, 92.5171, 281.7121, 94.4916
92 63 2.110000 283.5649, 66.8290, 321.3901, 64.5452, 323.2158, 94.7844, 285.3906, 97.0681
92 64 2.140000 286.0387, 68.3142, 324.1140, 65.8843, 326.0680, 96.5026, 287.9927, 98.9325
92 65 2.170000 288.4467, 70.0517, 326.7733, 67.5449, 328.7416, 97.6387, 290.4151, 100.1455
92 66 2.210000 291.4899, 71.6832, 330.1568, 69.2080, 332.0892, 99.3964, 293.4223, 101.8716
92 67 2.240000 293.6411, 72.4681, 332.5700, 70.0810, 334.4591, 100.8884, 295.5302, 103.2755
92 68 2.270000 295.7210, 73.5896, 334.9073, 71.3535, 336.6499, 101.8908, 297.4636, 104.1270
92 69 2.310000 298.3318, 74.5291, 337.8695, 72.5665, 339.4097, 103.5950, 299.8721, 105.5576
92 70 2.340000 300.1904, 74.9561, 339.9922, 73.2915, 341.3217, 105.0807, 301.5199, 106.7453
92 71 2.370000 302.0026, 75.7734, 342.0602, 74.4666, 343.0948, 106.1829, 303.0372, 107.4896
92 72 2.410000 304.3264, 76.5390, 344.7165, 75.8299, 345.2821, 108.0491, 304.8920, 108.7582
92 73 2.440000 306.0125, 76.9214, 346.6556, 76.7171, 346.8218, 109.7662, 306.1786, 109.9706
92 74 2.470000 307.6583, 77.6926, 348.5444, 78.0064, 348.2897, 111.1935, 307.4036, 110.8797
92 75 2.510000 309.8142, 78.6186, 351.0106, 79.6036, 350.2046, 113.3120, 309.0083, 112.3271
92 76 2.540000 311.4501, 79.1413, 352.8653, 80.6619, 351.6040, 115.0161, 310.1888, 113.4955
92 77 2.570000 313.1131, 79.9686, 354.7217, 82.0053, 353.0430, 116.3021, 311.4343, 114.2654
92 78 2.610000 315.4009, 80.7503, 357.2504, 83.4439, 355.0169, 118.1446, 313.1674, 115.4510
92 79 2.640000 317.1926, 81.1195, 359.2155, 84.2147, 356.6069, 119.6314, 314.5840, 116.5363
92 80 2.670000 319.0202, 82.0084, 361.1952, 85.4096, 358.3620, 120.5421, 316.1870, 117.1409
92 81 2.710000 321.6047, 82.9514, 363.9715, 86.7069, 360.8479, 121.9448, 318.4811, 118.1893
92 82 2.740000 323.6569, 83.5474, 366.1644, 87.4770, 362.8710, 123.1030, 320.3634, 119.1734
92 83 2.770000 325.7626, 84.6556, 368.3937, 88.6773, 365.0825, 123.7765, 322.4515, 119.7548
92 84 2.800000 327.9919, 85.4404, 370.7523, 89.4842, 367.4108, 124.8180, 324.6504, 120.7742
92 85 2.840000 331.0645, 86.9223, 373.9857, 90.8539, 370.7755, 125.9005, 327.8543, 121.9689
92 86 2.870000 333.4466, 88.4004, 376.4748, 92.1806, 373.4607, 126.4885, 330.4325, 122.7082
92 87 2.900000 335.9309, 89.5509, 379.0780, 93.0913, 376.2499, 127.5577, 333.1027, 124.0173
92 88 2.940000 339.3148, 91.6444, 382.6024, 94.7687, 380.1513, 128.7286, 336.8636, 125.6042
92 89 2.970000 341.8836, 93.5474, 385.2673, 96.2583, 383.1908, 129.4889, 339.8071, 126.7780
92 90 3.000000 344.3189, 95.1581, 388.0277, 97.4813, 386.2697, 130.5571, 342.5609, 128.2339
92 91 3.040000 347.5169, 97.2731, 391.7110, 99.0190, 390.4201, 131.6951, 346.2260, 129.9492
92 92 3.070000 349.9397, 98.8909, 394.4796, 100.1914, 393.5507, 132.0034, 349.0108, 130.7030
92 93 3.100000 352.3898, 99.6423, 397.2908, 100.4616, 396.7035, 132.6492, 351.8025, 131.8300
92 94 3.140000 355.6060, 100.7413, 400.9629, 100.8562, 400.8824, 132.6322, 355.5256, 132.5173
92 95 3.170000 358.0238, 101.4958, 403.6705, 101.1379, 403.9132, 132.0896, 358.2665, 132.4475
92 96 3.200000 360.4107, 101.4101, 406.3525, 100.5899, 406.9107, 131.8606, 360.9690, 132.6808
92 97 3.240000 363.5316, 101.2732, 409.8158, 99.9087, 410.7248, 130.7408, 364.4405, 132.1053
92 98 3.270000 365.8019, 101.1231, 412.2997, 99.3796, 413.4221, 129.3137, 366.9244, 131.0573
92 99 3.300000 367.9917, 100.0317, 414.7186, 97.9525, 416.0645, 128.2017, 369.3376, 130.2808
92 100 3.340000 370.7705, 98.4908, 417.7725, 95.9931, 419.3566, 125.8029, 372.3545, 128.3006
92 101 3.370000 372.7404, 97.2324, 419.9927, 94.4435, 421.6939, 123.2677, 374.4417, 126.0566
92 102 3.400000 374.5954, 94.8558, 422.0164, 91.8614, 423.8567, 121.0066, 376.4358, 124.0009
92 103 3.440000 376.8748, 91.3990, 424.5596, 88.1390, 426.5269, 116.9146, 378.8421, 120.1746
92 104 3.470000 378.4406, 88.6773, 426.3576, 85.2158, 428.3633, 112.9799, 380.4463, 116.4414
92 105 3.500000 379.8559, 84.8826, 427.9349, 81.2744, 430.0524, 109.4907, 381.9734, 113.0988
92 106 3.540000 381.6176, 80.4945, 429.9744, 76.7617, 432.1061, 104.3776, 383.7494, 108.1104
92 107 3.570000 382.8462, 77.5144, 431.4166, 73.7650, 433.5144, 100.9402, 384.9440, 104.6896
92 108 3.600000 383.9733, 74.3801, 432.7238, 70.6791, 434.8241, 98.3446, 386.0736, 102.0456
92 109 3.640000 385.3589, 70.8791, 434.3726, 67.2986, 436.4161, 95.2710, 387.4023, 98.8515
92 110 3.670000 386.3111, 68.7526, 435.5441, 65.3046, 437.4978, 93.2008, 388.2648, 96.6488
92 111 3.700000 387.1723, 66.4588, 436.5944, 63.1997, 438.4836, 91.8483, 389.0615, 95.1074
92 112 3.740000 388.2152, 64.0090, 437.9179, 61.0518, 439.6573, 90.2882, 389.9546, 93.2453
92 113 3.770000 388.9274, 62.6390, 438.8608, 59.9561, 440.4359, 89.2720, 390.5025, 91.9548
92 114 3.800000 389.5743, 61.0482, 439.7023, 58.6992, 441.1211, 88.9759, 390.9931, 91.3249
92 115 3.840000 390.3776, 59.5516, 440.7848, 57.7308, 441.9075, 88.8093, 391.5002, 90.6302
92 116 3.870000 390.9421, 58.9232, 441.5734, 57.5600, 442.4163, 88.8659, 391.7850, 90.2291
92 117 3.900000 391.4943, 58.1271, 442.3019, 57.2969, 442.8311, 89.6802, 392.0235, 90.5104
92 118 3.940000 392.2342, 57.7890, 443.2816, 57.7753, 443.2905, 91.0672, 392.2431, 91.0809
92 119 3.970000 392.8112, 58.0004, 444.0335, 58.6963, 443.5755, 92.4019, 392.3533, 91.7060
92 120 4.000000 393.4608, 58.0454, 444.7887, 59.5451, 443.7703, 94.4016, 392.4424, 92.9020
92 121 4.040000 394.2932, 58.4967, 445.8413, 60.9193, 444.1472, 96.9658, 392.5992, 94.5432
92 122 4.070000 394.9526, 59.3460, 446.7048, 62.4629, 444.5415, 98.3812, 392.7893, 95.2643
92 123 4.100000 395.7084, 59.5620, 447.6433, 63.3251, 444.9580, 100.3846, 393.0232, 96.6215
92 124 4.140000 396.8417, 60.1976, 449.0585, 64.8199, 445.6943, 102.8248, 393.4775, 98.2025
92 125 4.170000 397.7431, 61.0853, 450.2356, 66.2713, 446.4648, 104.4392, 393.9723, 99.2532
92 126 4.200000 398.7894, 61.5499, 451.5510, 67.2222, 447.3069, 106.6999, 394.5452, 101.0276
92 127 4.240000 400.3464, 62.7979, 453.5422, 69.1152, 448.7296, 109.6396, 395.5338, 103.3222
92 128 4.270000 401.6114, 64.2347, 455.1978, 70.9800, 450.0513, 111.8658, 396.4648, 105.1205
92 129 4.300000 403.0549, 65.5288, 457.0998, 72.6543, 451.5462, 114.7758, 397.5014, 107.6502
92 130 4.340000 405.1127, 68.1165, 459.8245, 75.6621, 453.8683, 118.8484, 399.1566, 111.3027
92 131 4.370000 406.7541, 70.7553, 462.0119, 78.5504, 455.8598, 122.1622, 400.6019, 114.3672
92 132 4.400000 408.5550, 73.5410, 464.4337, 81.5187, 458.0393, 126.3074, 402.1606, 118.3297
92 133 4.440000 410.9506, 78.5243, 467.7880, 86.5343, 461.3231, 132.4080, 404.4857, 124.3980
92 134 4.470000 412.8049, 83.0814, 470.4482, 91.0433, 464.0312, 137.5015, 406.3879, 129.5395
92 135 4.500000 414.7940, 87.7790, 473.3456, 95.6698, 466.9291, 143.2818, 408.3775, 135.3910
92 136 4.540000 417.7942, 94.3890, 477.4354, 102.2896, 471.0040, 150.8401, 411.3628, 142.9395
92 137 4.570000 420.2778, 99.4651, 480.6363, 107.3772, 474.2764, 155.8949, 413.9179, 147.9828
92 138 4.600000 422.9485, 103.8459, 484.1046, 111.7164, 477.7475, 161.1125, 416.5915, 153.2420
92 139 4.640000 426.7894, 109.6348, 488.8456, 117.4065, 482.5945, 167.3204, 420.5383, 159.5487
92 140 4.670000 429.7828, 114.0151, 492.5020, 121.6785, 486.4251, 171.4128, 423.7060, 163.7493
92 141 4.700000 432.9486, 117.7191, 496.2872, 125.2134, 490.2965, 175.8437, 426.9579, 168.3493
92 142 4.740000 437.1887, 123.1966, 501.2945, 130.3975, 495.6416, 180.7226, 431.5358, 173.5218
92 143 4.770000 440.4250, 127.4138, 504.9813, 134.2995, 499.6832, 183.9718, 435.1268, 177.0862
92 144 4.800000 443.6774, 131.2879, 508.7085, 137.8219, 503.7306, 187.3664, 438.6994, 180.8324
92 145 4.840000 448.0527, 136.6279, 513.5160, 142.6511, 509.0272, 191.4386, 443.5638, 185.4154
92 146 4.870000 451.2466, 141.0804, 516.9669, 146.6428, 512.9694, 193.8739, 447.2491, 188.3115
92 147 4.900000 454.3881, 145.0649, 520.3514, 150.0377, 516.8341, 196.6935, 450.8708, 191.7207
92 148 4.940000 458.3487, 150.9136, 524.5673, 154.8113, 521.9173, 199.8313, 455.6987, 195.9336
92 149 4.970000 461.2777, 155.6022, 527.5181, 158.6974, 525.4988, 201.9110, 459.2585, 198.8158
92 150 5.000000 464.1147, 159.8712, 530.3646, 162.1227, 528.9245, 204.4966, 462.6746, 202.2451
92 151 5.040000 467.8540, 166.0773, 533.8533, 167.3724, 533.0631, 207.6376, 467.0639, 206.3425
92 152 5.070000 470.4402, 171.1548, 536.1768, 171.4610, 535.9986, 209.7205, 470.2619, 209.4142
92 153 5.100000 472.9130, 175.7866, 538.3791, 175.1911, 538.7173, 212.3725, 473.2512, 212.9680
92 154 5.140000 475.9848, 182.3739, 540.9281, 180.4505, 541.9714, 215.6773, 477.0282, 217.6007
92 155 5.170000 478.1988, 187.6413, 542.5870, 184.8490, 544.0235, 217.9739, 479.6353, 220.7661
92 156 5.200000 480.1721, 192.2413, 544.0808, 188.5939, 545.9318, 221.0252, 482.0230, 224.6726
92 157 5.240000 482.6239, 198.9217, 545.7093, 194.2728, 547.9564, 224.7664, 484.8711, 229.4152
92 158 5.270000 484.2499, 204.1488, 546.6228, 198.6639, 549.1616, 227.5341, 486.7887, 233.0191
92 159 5.300000 485.6117, 208.9942, 547.3528, 202.7566, 550.1924, 230.8631, 488.4513, 237.1007
92 160 5.340000 487.1738, 215.8381, 547.9377, 208.6529, 551.0924, 235.3317, 490.3286, 242.5170
92 161 5.370000 488.1711, 221.3873, 548.1076, 213.5514, 551.3929, 238.6805, 491.4564, 246.5164
92 162 5.400000 488.8649, 226.6328, 548.0656, 218.1993, 551.5631, 242.7510, 492.3624, 251.1844
92 163 5.440000 489.5543, 234.3069, 547.6584, 225.1417, 551.3145, 248.3200, 493.2104, 257.4852
92 164 5.470000 489.8794, 240.4866, 547.0890, 230.8200, 550.7768, 252.6456, 493.5672, 262.3122
92 165 5.500000 489.8578, 246.3359, 546.2501, 236.1928, 550.0872, 257.5257, 493.6949, 267.6688
92 166 5.540000 489.3562, 253.5126, 544.6272, 243.0126, 548.6207, 264.0336, 493.3496, 274.5336
92 167 5.570000 488.4988, 257.9216, 542.7233, 247.0340, 547.0283, 268.4750, 492.8039, 279.3626
92 168 5.600000 487.1358, 261.7921, 540.6685, 250.6553, 544.9423, 271.1988, 491.4096, 282.3356
92 169 5.640000 484.7371, 265.5549, 537.0995, 254.3594, 541.4628, 274.7672, 489.1004, 285.9627
92 170 5.670000 482.3413, 266.9937, 533.7564, 255.8490, 538.4167, 277.3486, 487.0016, 288.4934
92 171 5.700000 479.7006, 268.7634, 530.3699, 257.7925, 534.8454, 278.4629, 484.1761, 289.4338
92 172 5.740000 475.5532, 270.0054, 525.2397, 259.4415, 529.5091, 279.5222, 479.8225, 290.0861
92 173 5.770000 471.9557, 269.7117, 520.7073, 259.4589, 525.1260, 280.4694, 476.3744, 290.7223
92 174 5.800000 468.1583, 269.9042, 516.2964, 260.1706, 520.2974, 279.9583, 472.1593, 289.6918
92 175 5.840000 462.5597, 268.3078, 509.6767, 259.6278, 513.3930, 279.8011, 466.2761, 288.4811
92 176 5.870000 458.0283, 266.5474, 504.4474, 258.7267, 507.8969, 279.2010, 461.4778, 287.0216
92 177 5.900000 453.3368, 264.7119, 499.0889, 257.8149, 502.0939, 277.7491, 456.3418, 284.6461
92 178 5.940000 446.7288, 261.3206, 491.4876, 255.4776, 494.0915, 275.4240, 449.3327, 281.2670
92 179 5.970000 441.6308, 257.9474, 485.6703, 253.1749, 487.8816, 273.5810, 443.8422, 278.3534
92 180 6.000000 436.5277, 254.7463, 479.9098, 251.1937, 481.5465, 271.1802, 438.1645, 274.7329
92 181 6.040000 429.6912, 250.5168, 472.3198, 248.7573, 473.1441, 268.7272, 430.5154, 270.4867
92 182 6.070000 424.5444, 247.7995, 466.5845, 247.0271, 466.9625, 267.5989, 424.9224, 268.3713
92 183 6.100000 419.4759, 245.9746, 460.8887, 246.1338, 460.8101, 266.6073, 419.3972, 266.4482
92 184 6.140000 412.7942, 244.1978, 453.3934, 245.4206, 452.7702, 266.1119, 412.1710, 264.8890
92 185 6.170000 407.8607, 243.3376, 447.8811, 245.2624, 446.8705, 266.2751, 406.8501, 264.3502
92 186 6.200000 402.9976, 243.1632, 442.4238, 245.6778, 441.0930, 266.5431, 401.6668, 264.0285
92 187 6.240000 396.6300, 243.4514, 435.3284, 246.6236, 433.6108, 267.5765, 394.9124, 264.4042
92 188 6.270000 391.9502, 244.0319, 430.1487, 247.5852, 428.1684, 268.8740, 389.9699, 265.3207
92 189 6.300000 387.3320, 245.2870, 425.0377, 249.1247, 422.8867, 270.2584, 385.1810, 266.4208
92 190 6.340000 381.3042, 247.4729, 418.4202, 251.5793, 416.0672, 272.8478, 378.9511, 268.7414
92 191 6.370000 376.8799, 249.5438, 413.5993, 253.7826, 411.1078, 275.3661, 374.3884, 271.1273
92 192 6.400000 372.4993, 252.3231, 408.8376, 256.6151, 406.2993, 278.1059, 369.9610, 273.8139
92 193 6.440000 366.7617, 256.7143, 402.6484, 260.9887, 400.0698, 282.6374, 364.1832, 278.3630
92 194 6.470000 362.5271, 260.5573, 398.1094, 264.7452, 395.5319, 286.6447, 359.9496, 282.4568
92 195 6.500000 358.3367, 264.9719, 393.6286, 268.9977, 391.1400, 290.8134, 355.8482, 286.7877
92 196 6.540000 352.9324, 270.8308, 387.8692, 274.5937, 385.5105, 296.4924, 350.5737, 292.7295
92 197 6.570000 349.0934, 274.7323, 383.8319, 278.4907, 381.4156, 300.8244, 346.6771, 297.0661
92 198 6.600000 345.2545, 278.9482, 379.7639, 282.3326, 377.5974, 304.4237, 343.0880, 301.0393
92 199 6.640000 340.3940, 283.9809, 374.6609, 287.1142, 372.6282, 309.3448, 338.3613, 306.2116
92 200 6.670000 336.8827, 287.3572, 370.9730, 290.2656, 369.0158, 313.2065, 334.9255, 310.2980
92 201 6.700000 333.4239, 291.1046, 367.3146, 293.7771, 365.5156, 316.5901, 331.6249, 313.9175
92 202 6.740000 328.9229, 295.8796, 362.5812, 298.2425, 360.9614, 321.3151, 327.3031, 318.9523
92 203 6.770000 325.6182, 299.3282, 359.1078, 301.4550, 357.6074, 325.0817, 324.1178, 322.9549
92 204 6.800000 322.3212, 303.2422, 355.6396, 305.1200, 354.3201, 328.5333, 321.0016, 326.6555
92 205 6.840000 317.9824, 308.4170, 351.0911, 309.9927, 349.9690, 333.5699, 316.8603, 331.9943
92 206 6.870000 314.7498, 312.3724, 347.7158, 313.7431, 346.7203, 337.6854, 313.7543, 336.3147
92 207 6.900000 311.5044, 316.8473, 344.3280, 318.0155, 343.4836, 341.7404, 310.6600, 340.5722
92 208 6.940000 306.9954, 323.0701, 339.8261, 324.0031, 339.1507, 347.7697, 306.3200, 346.8366
92 209 6.970000 303.5777, 327.9930, 336.4424, 328.7625, 335.8815, 352.7161, 303.0168, 351.9465
92 210 7.000000 300.1304, 333.2996, 333.0375, 333.9134, 332.5956, 357.6076, 299.6885, 356.9938
92 211 7.040000 295.5102, 339.9107, 328.4943, 340.3467, 328.1817, 363.9973, 295.1975, 363.5613
92 212 7.070000 292.0862, 344.0592, 325.1490, 344.4593, 324.8568, 368.6020, 291.7941, 368.2019
92 213 7.100000 288.5402, 348.1087, 321.6859, 348.3859, 321.4853, 372.3720, 288.3397, 372.0948
92 214 7.140000 283.7613, 352.6394, 317.0418, 352.7427, 316.9666, 376.9580, 283.6862, 376.8547
92 215 7.170000 280.1277, 355.2492, 313.5080, 355.2871, 313.4796, 380.3020, 280.0993, 380.2641
92 216 7.200000 276.4077, 358.1820, 309.9233, 358.0902, 309.9905, 382.6192, 276.4749, 382.7111
92 217 7.240000 271.4202, 360.9832, 305.1142, 360.9124, 305.1665, 385.8218, 271.4725, 385.8926
92 218 7.270000 267.6077, 362.7536, 301.5555, 362.6927, 301.6007, 387.8437, 267.6529, 387.9047
92 219 7.300000 263.6931, 364.5535, 297.9639, 364.5113, 297.9944, 389.2302, 263.7236, 389.2725
92 220 7.340000 258.3666, 366.3058, 293.0690, 366.2986, 293.0740, 390.8100, 258.3716, 390.8172
92 221 7.370000 254.3386, 366.9902, 289.3477, 367.1199, 289.2558, 391.9249, 254.2467, 391.7952
92 222 7.400000 250.2171, 367.8405, 285.5730, 368.1281, 285.3769, 392.2329, 250.0210, 391.9453
92 223 7.440000 244.7063, 368.2069, 280.4769, 368.8855, 280.0307, 392.4030, 244.2601, 391.7244
92 224 7.470000 240.5267, 367.6719, 276.6240, 368.6777, 275.9571, 392.6104, 239.8599, 391.6046
92 225 7.500000 236.2567, 367.7019, 272.6853, 369.0206, 271.8638, 391.7158, 235.4351, 390.3971
92 226 7.540000 230.5837, 366.8533, 267.4663, 368.7863, 266.2939, 391.1555, 229.4113, 389.2226
92 227 7.570000 226.3061, 366.2611, 263.5095, 368.6701, 262.0802, 390.7436, 224.8768, 388.3346
92 228 7.600000 221.9760, 365.9407, 259.5410, 368.8488, 257.8940, 390.1222, 220.3291, 387.2141
92 229 7.640000 216.1688, 365.4914, 254.2278, 368.9302, 252.3779, 389.4046, 214.3189, 385.9658
92 230 7.670000 211.8938, 364.8083, 250.3183, 368.7149, 248.2304, 389.2507, 209.8060, 385.3440
92 231 7.700000 207.5891, 364.6112, 246.3953, 368.9508, 244.1997, 388.5846, 205.3935, 384.2450
92 232 7.740000 202.0350, 363.9952, 241.3022, 369.0619, 238.8540, 388.0353, 199.5868, 382.9686
92 233 7.770000 197.9933, 363.2438, 237.6040, 368.7797, 234.9308, 387.9071, 195.3201, 382.3712
92 234 7.800000 193.9681, 362.9883, 233.9304, 368.9549, 231.2134, 387.1524, 191.2511, 381.1858
92 235 7.840000 188.9391, 361.8351, 229.3426, 368.3965, 226.3742, 386.6749, 185.9708, 380.1135
92 236 7.870000 185.3511, 361.1035, 226.0348, 368.1320, 222.8680, 386.4627, 182.1843, 379.4342
92 237 7.900000 181.9868, 360.0199, 222.9636, 367.5210, 219.5847, 385.9789, 178.6079, 378.4778
92 238 7.940000 177.8038, 358.7502, 219.1043, 366.8433, 215.3632, 385.9346, 174.0628, 377.8415
92 239 7.970000 174.8539, 358.1545, 216.3756, 366.6676, 212.5014, 385.5636, 170.9796, 377.0505
92 240 8.000000 172.2278, 357.1365, 213.9489, 366.0536, 209.7627, 385.6397, 168.0416, 376.7226
92 241 8.040000 169.0379, 356.1703, 210.9941, 365.5372, 206.5379, 385.4971, 164.5818, 376.1302
92 242 8.070000 166.8940, 355.7606, 208.9937, 365.4077, 204.4559, 385.2107, 162.3562, 375.5636
92 243 8.100000 165.1151, 354.9345, 207.3564, 364.8076, 202.5371, 385.4264, 160.2958, 375.5533
92 244 8.140000 163.1460, 354.1048, 205.5360, 364.1855, 200.4520, 385.5642, 158.0620, 375.4835
92 245 8.170000 161.9425, 353.8123, 204.4162, 363.9276, 199.2999, 385.4106, 156.8262, 375.2953
92 246 8.200000 161.1186, 353.2251, 203.6510, 363.3038, 198.3701, 385.5892, 155.8377, 375.5105
92 247 8.240000 160.3778, 352.9254, 202.9559, 362.7739, 197.7213, 385.4047, 155.1432, 375.5563
92 248 8.270000 160.1043, 353.1272, 202.6607, 362.7406, 197.6603, 384.8763, 155.1039, 375.2629
92 249 8.300000 160.2155, 352.8706, 202.7462, 362.1478, 197.7998, 384.8241, 155.2691, 375.5469
92 250 8.340000 160.6898, 353.1863, 203.1039, 361.9010, 198.5319, 384.1529, 156.1178, 375.4382
92 251 8.370000 161.2817, 353.6386, 203.6179, 361.7628, 199.4489, 383.4877, 157.1127, 375.3635
92 252 8.400000 162.1752, 353.9800, 204.3600, 361.4836, 200.5332, 382.9972, 158.3484, 375.4936
92 253 8.440000 163.6587, 354.6584, 205.6385, 361.2815, 202.3275, 382.2672, 160.3478, 375.6440
92 254 8.470000 164.9345, 355.6436, 206.7177, 361.5276, 203.9197, 381.3963, 162.1366, 375.5123
92 255 8.500000 166.4155, 356.3442, 207.9859, 361.4521, 205.5939, 380.9189, 164.0235, 375.8111
92 256 8.540000 168.5697, 357.5590, 209.8244, 361.5697, 208.0275, 380.0531, 166.7728, 376.0424
92 257 8.570000 170.3400, 358.6808, 211.2981, 361.9389, 209.8829, 379.7303, 168.9248, 376.4721
92 258 8.600000 172.2342, 359.1352, 212.9046, 361.6726, 211.8022, 379.3429, 171.1318, 376.8055
92 259 8.640000 174.9032, 359.5584, 215.0991, 361.2682, 214.3331, 379.2765, 174.1372, 377.5667
92 260 8.670000 176.9222, 359.4258, 216.7592, 360.4655, 216.2689, 379.2528, 176.4318, 378.2130
92 261 8.700000 178.9367, 359.5744, 218.3981, 360.0359, 218.1786, 378.8006, 178.7172, 378.3391
92 262 8.740000 181.6114, 359.4113, 220.5473, 359.2274, 220.6377, 378.3773, 181.7019, 378.5612
92 263 8.770000 183.5915, 358.9144, 222.0902, 358.3302, 222.3934, 378.3119, 183.8947, 378.8961
92 264 8.800000 185.4826, 358.8478, 223.5828, 357.8784, 224.0868, 377.6891, 185.9867, 378.6585
92 265 8.840000 187.8994, 358.3597, 225.4399, 356.9425, 226.2022, 377.1352, 188.6617, 378.5524
92 266 8.870000 189.6317, 357.7133, 226.7325, 356.0692, 227.6567, 376.9253, 190.5559, 378.5693
92 267 8.900000 191.2560, 357.4457, 227.9522, 355.5819, 229.0031, 376.2727, 192.3068, 378.1364
92 268 8.940000 193.2859, 356.7615, 229.4198, 354.7177, 230.6065, 375.6988, 194.4727, 377.7426
92 269 8.970000 194.6795, 356.0672, 230.3837, 353.9122, 231.6837, 375.4511, 195.9795, 377.6060
92 270 9.000000 195.9489, 355.7344, 231.2593, 353.4487, 232.6443, 374.8442, 197.3339, 377.1300
92 271 9.040000 197.4693, 355.1119, 232.2738, 352.7395, 233.7399, 374.2472, 198.9354, 376.6197
92 272 9.070000 198.4954, 354.3887, 232.9145, 352.0505, 234.4113, 374.0831, 199.9921, 376.4213
92 273 9.100000 199.4029, 354.0803, 233.4967, 351.7893, 234.9565, 373.5143, 200.8628, 375.8053
92 274 9.140000 200.4550, 353.4166, 234.1183, 351.2733, 235.5051, 373.0540, 201.8418, 375.1974
92 275 9.170000 201.1253, 352.7283, 234.4713, 350.7377, 235.7965, 372.9386, 202.4506, 374.9291
92 276 9.200000 201.6978, 352.3628, 234.7671, 350.5442, 235.9760, 372.5268, 202.9067, 374.3454
92 277 9.240000 202.3219, 351.5800, 235.0223, 350.0278, 236.0818, 372.3489, 203.3814, 373.9011
92 278 9.270000 202.7021, 350.8527, 235.1277, 349.5319, 236.0601, 372.4233, 203.6345, 373.7441
92 279 9.300000 203.0004, 350.5351, 235.1915, 349.4520, 235.9551, 372.1482, 203.7640, 373.2313
92 280 9.340000 203.3065, 349.9860, 235.1891, 349.2600, 235.7077, 372.0342, 203.8250, 372.7601
92 281 9.370000 203.4713, 349.5120, 235.1303, 349.0593, 235.4600, 372.1191, 203.8010, 372.5718
92 282 9.400000 203.5725, 349.4248, 235.0422, 349.2474, 235.1700, 371.9122, 203.7002, 372.0896
92 283 9.440000 203.6477, 349.2000, 234.8765, 349.3914, 234.7384, 371.9190, 203.5096, 371.7276
92 284 9.470000 203.6833, 348.9866, 234.7334, 349.4726, 234.3793, 372.0925, 203.3293, 371.6065
92 285 9.500000 203.6884, 349.0690, 234.5870, 349.8710, 234.0121, 372.0207, 203.1135, 371.2186
92 286 9.540000 203.6877, 349.0241, 234.3832, 350.2231, 233.5333, 371.9834, 202.8378, 370.7845
92 287 9.570000 203.7008, 348.6523, 234.2620, 350.1284, 233.1994, 372.1290, 202.6381, 370.6528
92 288 9.600000 203.6890, 348.6446, 234.1345, 350.3683, 232.9248, 371.7349, 202.4793, 370.0112
92 289 9.640000 203.7412, 348.2113, 234.0404, 350.2645, 232.6097, 371.3780, 202.3104, 369.3248
92 290 9.670000 203.8394, 347.6665, 234.0288, 349.9542, 232.4237, 371.1348, 202.2344, 368.8472
92 291 9.700000 203.9544, 347.3448, 234.0527, 349.8725, 232.3219, 370.4808, 202.2237, 367.9531
92 292 9.740000 204.2047, 346.6072, 234.1882, 349.4129, 232.2963, 369.6316, 202.3128, 366.8259
92 293 9.770000 204.4844, 345.7512, 234.3959, 348.7441, 232.3621, 369.0694, 202.4506, 366.0764
92 294 9.800000 204.7893, 345.1689, 234.6421, 348.3323, 232.5577, 368.0026, 202.7049, 364.8391
92 295 9.840000 205.3516, 343.9869, 235.1335, 347.3630, 232.9511, 366.6145, 203.1692, 363.2384
92 296 9.870000 205.8904, 342.7789, 235.6337, 346.2737, 233.3653, 365.5790, 203.6220, 362.0842
92 297 9.900000 206.4780, 341.8140, 236.1902, 345.4249, 233.9370, 363.9658, 204.2247, 360.3548
92 298 9.940000 207.4438, 340.0146, 237.1330, 343.7182, 234.8800, 361.7787, 205.1908, 358.0752
92 299 9.970000 208.3222, 338.2093, 238.0052, 341.9388, 235.7119, 360.1911, 206.0289, 356.4616
92 300 10.000000 209.2433, 336.7300, 238.9253, 340.4734, 236.7074, 358.0598, 207.0254, 354.3164
92 301 10.040000 210.6136, 334.6264, 240.3068, 338.3369, 238.1344, 355.7215, 208.4412, 352.0111
92 302 10.070000 211.7001, 333.3248, 241.4043, 336.9817, 239.2728, 354.2956, 209.5686, 350.6387
92 303 10.100000 212.8034, 332.5424, 242.5209, 336.1468, 240.4889, 352.9005, 210.7714, 349.2961
92 304 10.140000 214.3711, 331.7417, 244.1033, 335.2443, 242.1724, 351.6353, 212.4401, 348.1327
92 305 10.170000 215.6158, 331.3023, 245.3612, 334.7019, 243.4852, 351.1173, 213.7397, 347.7178
92 306 10.200000 216.8834, 331.3220, 246.6391, 334.6137, 244.8696, 350.6097, 215.1138, 347.3181
92 307 10.240000 218.6591, 331.5478, 248.4305, 334.6586, 246.7788, 350.4655, 217.0074, 347.3547
92 308 10.270000 220.0528, 331.8525, 249.8332, 334.8002, 248.2531, 350.7639, 218.4727, 347.8162
92 309 10.300000 221.4568, 332.6387, 251.2481, 335.4172, 249.7920, 351.0303, 220.0007, 348.2518
92 310 10.340000 223.3931, 333.8900, 253.1966, 336.4008, 251.8887, 351.9259, 222.0852, 349.4152
92 311 10.370000 224.8788, 335.0133, 254.6931, 337.2887, 253.4940, 353.0001, 223.6797, 350.7247
92 312 10.400000 226.3619, 336.6476, 256.1866, 338.6771, 255.1376, 354.0922, 225.3129, 352.0627
92 313 10.440000 228.3586, 339.1482, 258.1996, 340.8019, 257.3497, 356.1389, 227.5087, 354.4852
92 314 10.470000 229.8572, 341.2810, 259.7118, 342.6102, 259.0226, 358.0908, 229.1680, 356.7617
92 315 10.500000 231.3344, 343.8417, 261.2050, 344.7918, 260.7219, 359.9822, 230.8513, 359.0321
92 316 10.540000 233.3652, 346.9407, 263.2457, 347.5290, 262.9507, 362.5158, 233.0702, 361.9275
92 317 10.570000 234.9274, 348.6815, 264.7857, 349.0522, 264.5958, 364.3448, 234.7375, 363.9741
92 318 10.600000 236.4825, 350.4329, 266.3146, 350.5988, 266.2315, 365.5266, 236.3995, 365.3607
92 319 10.640000 238.4733, 352.2400, 268.2822, 351.9034, 268.4496, 366.7350, 238.6408, 367.0716
92 320 10.670000 239.9384, 352.8951, 269.7059, 352.1841, 270.0771, 367.7255, 240.3096, 368.4365
92 321 10.700000 241.3665, 353.9709, 271.1099, 352.9213, 271.6335, 367.7593, 241.8901, 368.8088
92 322 10.740000 243.1811, 354.5664, 272.8551, 353.0581, 273.6101, 367.9106, 243.9361, 369.4189
92 323 10.770000 244.4192, 354.5523, 274.0346, 352.6222, 275.0336, 367.9510, 245.4182, 369.8811
92 324 10.800000 245.5822, 354.7125, 275.1386, 352.3661, 276.3278, 367.3456, 246.7714, 369.6920
92 325 10.840000 246.9327, 354.4634, 276.4053, 351.4958, 277.8967, 366.3077, 248.4241, 369.2752
92 326 10.870000 247.7771, 353.7059, 277.1711, 350.3091, 278.9358, 365.5796, 249.5418, 368.9765
92 327 10.900000 248.5311, 353.2308, 277.8600, 349.4475, 279.7477, 364.0814, 250.4188, 367.8647
92 328 10.940000 249.2543, 351.8511, 278.4792, 347.5937, 280.5913, 362.0921, 251.3664, 366.3495
92 329 10.970000 249.5539, 350.3510, 278.6839, 345.7171, 281.0387, 360.5203, 251.9087, 365.1542
92 330 11.000000 249.7236, 349.0522, 278.7785, 344.0873, 281.2171, 358.3580, 252.1622, 363.3229
92 331 11.040000 249.6202, 346.9235, 278.5534, 341.5084, 281.2171, 355.7409, 252.2839, 361.1560
92 332 11.070000 249.3364, 345.3483, 278.1898, 339.6424, 281.0000, 353.8534, 252.1467, 359.5592
92 333 11.100000 248.9486, 344.1916, 277.7300, 338.2377, 280.4995, 351.6255, 251.7181, 357.5794
92 334 11.140000 248.0558, 342.2190, 276.7489, 336.0067, 279.5552, 348.9684, 250.8621, 355.1806
92 335 11.170000 247.1513, 340.6491, 275.7655, 334.2956, 278.6289, 347.1915, 250.0148, 353.5450
92 336 11.200000 245.9476, 338.6962, 274.5240, 332.2505, 277.5206, 345.5356, 248.9442, 351.9813
92 337 11.240000 244.0920, 336.2466, 272.6131, 329.7767, 275.7171, 343.4601, 247.1961, 349.9300
92 338 11.270000 242.5178, 334.6018, 271.0064, 328.1535, 274.0521, 341.6094, 245.5635, 348.0577
92 339 11.300000 240.6427, 332.4501, 269.1299, 326.1060, 272.2541, 340.1345, 243.7668, 346.4786
92 340 11.340000 237.9114, 329.7291, 266.4230, 323.6338, 269.4471, 337.7791, 240.9355, 343.8744
92 341 11.370000 235.6947, 327.7165, 264.2212, 321.9025, 267.0446, 335.7552, 238.5180, 341.5693
92 342 11.400000 233.2108, 325.2055, 261.8015, 319.7445, 264.5201, 333.9772, 235.9293, 339.4382
92 343 11.440000 229.7033, 321.8285, 258.3594, 316.9214, 260.8029, 331.1907, 232.1468, 336.0977
92 344 11.470000 226.9569, 319.3041, 255.6657, 314.9322, 257.7717, 328.7617, 229.0630, 333.1336
92 345 11.500000 224.0190, 316.1739, 252.8239, 312.4484, 254.6797, 326.7974, 225.8749, 330.5229
92 346 11.540000 220.1137, 312.6074, 249.0253, 309.9420, 250.3268, 324.0590, 221.4152, 326.7244
92 347 11.570000 217.1588, 310.4916, 246.0921, 308.5652, 246.9948, 322.1230, 218.0615, 324.0495
92 348 11.600000 214.1475, 308.4241, 243.0907, 307.1945, 243.6651, 320.7167, 214.7220, 321.9464
92 349 11.640000 210.1210, 306.3454, 239.0248, 305.9362, 239.2096, 318.9852, 210.3057, 319.3945
92 350 11.670000 207.1263, 305.1221, 235.9572, 305.3578, 235.8547, 317.8988, 207.0238, 317.6631
92 351 11.700000 204.1273, 303.9495, 232.8940, 304.7750, 232.5379, 317.1849, 203.7711, 316.3594
92 352 11.740000 200.2012, 302.7798, 228.8271, 304.3993, 228.1447, 316.4611, 199.5187, 314.8415
92 353 11.770000 197.2948, 302.3443, 225.7789, 304.4848, 224.8851, 316.3785, 196.4010, 314.2380
92 354 11.800000 194.4425, 301.7917, 222.8051, 304.4163, 221.7127, 316.2208, 193.3501, 313.5962
92 355 11.840000 190.7648, 301.3160, 218.9215, 304.5321, 217.5484, 316.5530, 189.3918, 313.3369
92 356 11.870000 188.1336, 301.0657, 216.0962, 304.7323, 214.4787, 317.0676, 186.5161, 313.4009
92 357 11.900000 185.5440, 301.1783, 213.3403, 305.2575, 211.5269, 317.6141, 183.7306, 313.5350
92 358 11.940000 182.2544, 301.5867, 209.7868, 306.1606, 207.6950, 318.7522, 180.1625, 314.1783
92 359 11.970000 179.9322, 302.0260, 207.2370, 306.9414, 204.8889, 319.9848, 177.5841, 315.0693
92 360 12.000000 177.6665, 302.8387, 204.7644, 308.0790, 202.2276, 321.1968, 175.1297, 315.9564
92 361 12.040000 174.8512, 303.9838, 201.6602, 309.5380, 198.8858, 322.9298, 172.0767, 317.3756
92 362 12.070000 172.9512, 304.6993, 199.5242, 310.4340, 196.5268, 324.3233, 169.9538, 318.5887
92 363 12.100000 171.0937, 305.7612, 197.4917, 311.7031, 194.4320, 325.2964, 168.0340, 319.3545
92 364 12.140000 168.9376, 306.9434, 195.0561, 313.1465, 191.8171, 326.7846, 165.6986, 320.5815
92 365 12.170000 167.5471, 307.7124, 193.4333, 314.0777, 190.0041, 328.0236, 164.1178, 321.6582
92 366 12.200000 166.2116, 308.7638, 191.9237, 315.2679, 188.4494, 329.0028, 162.7373, 322.4987
92 367 12.240000 164.7361, 310.0365, 190.1842, 316.6832, 186.5662, 330.5353, 161.1181, 323.8886
92 368 12.270000 163.8543, 310.9237, 189.0824, 317.6513, 185.2943, 331.8565, 160.0662, 325.1289
92 369 12.300000 163.0224, 312.1114, 188.0859, 318.8962, 184.2717, 332.9859, 159.2083, 326.2011
92 370 12.340000 162.1958, 313.6589, 187.0137, 320.4859, 183.0855, 334.7659, 158.2676, 327.9389
92 371 12.370000 161.7621, 314.8416, 186.3926, 321.6627, 182.3399, 336.2965, 157.7095, 329.4755
92 372 12.400000 161.3771, 316.3558, 185.8551, 323.1657, 181.7983, 337.7479, 157.3202, 330.9381
92 373 12.440000 161.0643, 318.4770, 185.3588, 325.2113, 181.2567, 340.0101, 156.9622, 333.2758
92 374 12.470000 160.9668, 320.1730, 185.1450, 326.8470, 180.9721, 341.9643, 156.7940, 335.2903
92 375 12.500000 160.9319, 322.1704, 185.0000, 328.7171, 180.8990, 343.7939, 156.8309, 337.2472
92 376 12.540000 161.2139, 324.5359, 185.1232, 330.9744, 181.0291, 346.1775, 157.1199, 339.7391
92 377 12.570000 161.7005, 325.9170, 185.5000, 332.3121, 181.3380, 347.8013, 157.5384, 341.4063
92 378 12.600000 162.3024, 327.3850, 185.9791, 333.6518, 181.9585, 348.8423, 158.2817, 342.5754
92 379 12.640000 163.4103, 328.7843, 187.0082, 334.8429, 183.0950, 350.0850, 159.4971, 344.0264
92 380 12.670000 164.4236, 329.4949, 188.0272, 335.3068, 184.1932, 350.8774, 160.5897, 345.0656
92 381 12.700000 165.5169, 330.3446, 189.1250, 335.8490, 185.5574, 351.1504, 161.9493, 345.6460
92 382 12.740000 167.1837, 331.0849, 190.8589, 336.0734, 187.6387, 351.3565, 163.9635, 346.3681
92 383 12.770000 168.5683, 331.3361, 192.3568, 335.9025, 189.3773, 351.4241, 165.5888, 346.8577
92 384 12.800000 170.0255, 331.7569, 193.8717, 335.8273, 191.2823, 350.9974, 167.4361, 346.9270
92 385 12.840000 172.1431, 331.8655, 196.1032, 335.2999, 193.9396, 350.3949, 169.9795, 346.9606
92 386 12.870000 173.7882, 331.6767, 197.8685, 334.5454, 196.0446, 349.8552, 171.9643, 346.9865
92 387 12.900000 175.4540, 331.6419, 199.6208, 333.8772, 198.2360, 348.8485, 174.0693, 346.6132
92 388 12.940000 177.6727, 331.3356, 201.9868, 332.5701, 201.2400, 347.2801, 176.9258, 346.0456
92 389 12.970000 179.3507, 330.7000, 203.7920, 331.2180, 203.4752, 346.1664, 179.0339, 345.6485
92 390 13.000000 181.0432, 330.3743, 205.5169, 330.1472, 205.6505, 344.5501, 181.1768, 344.7773
92 391 13.040000 183.2817, 329.6503, 207.7924, 328.5841, 208.4120, 342.8284, 183.9013, 343.8946
92 392 13.070000 184.8742, 329.2532, 209.3964, 327.4894, 210.4175, 341.6867, 185.8954, 343.4505
92 393 13.100000 186.4470, 329.1138, 210.9293, 326.7152, 212.2828, 340.5298, 187.8005, 342.9285
92 394 13.140000 188.4228, 328.8861, 212.8402, 325.7582, 214.5810, 339.3478, 190.1636, 342.4756
92 395 13.170000 189.7641, 328.6293, 214.1613, 325.0433, 216.1752, 338.7452, 191.7780, 342.3311
92 396 13.200000 191.0565, 328.5896, 215.3751, 324.6281, 217.5639, 338.0645, 193.2453, 342.0260
92 397 13.240000 192.5456, 328.4453, 216.8070, 324.0832, 219.2105, 337.4513, 194.9492, 341.8134
92 398 13.270000 193.4946, 328.2608, 217.7251, 323.7062, 220.2633, 337.2094, 196.0327, 341.7639
92 399 13.300000 194.3574, 328.2756, 218.5409, 323.6183, 221.0951, 336.8809, 196.9115, 341.5383
92 400 13.340000 195.2685, 328.2030, 219.4131, 323.5512, 221.9503, 336.7200, 197.8056, 341.3719
92 401 13.370000 195.7428, 328.0419, 219.8998, 323.4713, 222.4314, 336.8517, 198.2744, 341.4223
92 402 13.400000 196.1413, 328.1169, 220.2794, 323.7081, 222.6842, 336.8745, 198.5461, 341.2833
92 403 13.440000 196.4184, 328.0795, 220.5782, 324.0086, 222.8132, 337.2723, 198.6534, 341.3433
92 404 13.470000 196.4686, 328.0140, 220.6592, 324.2860, 222.7410, 337.7945, 198.5504, 341.5225
92 405 13.500000 196.4527, 328.1699, 220.6485, 324.8622, 222.4782, 338.2462, 198.2823, 341.5539
92 406 13.540000 196.2327, 328.3107, 220.4440, 325.6130, 221.9458, 339.0913, 197.7345, 341.7890
92 407 13.570000 195.9201, 328.2974, 220.1662, 326.0812, 221.4329, 339.9390, 197.1868, 342.1553
92 408 13.600000 195.5702, 328.5591, 219.7954, 326.8446, 220.7676, 340.5806, 196.5424, 342.2951
92 409 13.640000 194.9512, 328.7446, 219.1774, 327.7159, 219.7722, 341.7228, 195.5459, 342.7515
92 410 13.670000 194.4253, 328.8304, 218.6362, 328.3395, 218.9279, 342.7300, 194.7170, 343.2209
92 411 13.700000 193.8730, 329.1369, 218.0423, 329.1917, 218.0096, 343.6030, 193.8403, 343.5482
92 412 13.740000 193.0896, 329.5160, 217.1822, 330.2830, 216.7152, 344.9510, 192.6226, 344.1840
92 413 13.770000 192.4762, 329.7211, 216.5264, 331.0047, 215.7170, 346.1697, 191.6668, 344.8861
92 414 13.800000 191.8794, 330.2370, 215.8297, 332.0306, 214.6941, 347.1945, 190.7438, 345.4009
92 415 13.840000 191.1180, 330.8663, 214.9326, 333.3501, 213.3180, 348.8307, 189.5034, 346.3469
92 416 13.870000 190.5929, 331.3157, 214.2967, 334.2943, 212.2905, 350.2597, 188.5867, 347.2811
92 417 13.900000 190.0959, 332.0925, 213.6552, 335.5438, 211.3127, 351.5344, 187.7533, 348.0830
92 418 13.940000 189.5489, 333.1613, 212.8993, 337.2572, 210.0430, 353.5408, 186.6926, 349.4449
92 419 13.970000 189.2379, 333.9776, 212.4288, 338.5263, 209.1483, 355.2514, 185.9574, 350.7027
92 420 14.000000 188.9898, 335.0911, 212.0076, 340.0595, 208.3867, 356.8348, 185.3688, 351.8664
92 421 14.040000 188.8297, 336.4938, 211.6464, 341.9721, 207.5395, 359.0770, 184.7228, 353.5987
92 422 14.070000 188.8798, 337.3904, 211.5729, 343.1808, 207.0655, 360.8454, 184.3725, 355.0550
92 423 14.100000 188.9661, 338.5434, 211.5972, 344.5874, 206.8724, 362.2786, 184.2413, 356.2346
92 424 14.140000 189.3324, 339.9610, 211.9223, 346.2665, 206.9138, 364.2096, 184.3239, 357.9041
92 425 14.170000 189.7913, 340.9683, 212.3967, 347.4092, 207.1984, 365.6533, 184.5930, 359.2124
92 426 14.200000 190.3133, 342.2321, 212.9913, 348.7510, 207.8044, 366.7950, 185.1265, 360.2761
92 427 14.240000 191.3048, 343.8284, 214.1208, 350.3940, 208.9499, 368.3632, 186.1339, 361.7977
92 428 14.270000 192.2468, 344.9512, 215.2295, 351.4542, 210.0940, 369.6040, 187.1112, 363.1010
92 429 14.300000 193.2686, 346.3791, 216.4591, 352.7701, 211.5595, 370.5492, 188.3690, 364.1583
92 430 14.340000 194.8599, 348.2894, 218.4284, 354.3718, 213.9083, 371.8865, 190.3398, 365.8041
92 431 14.370000 196.2902, 349.6561, 220.1585, 355.4522, 215.8784, 373.0772, 192.0102, 367.2811
92 432 14.400000 197.7803, 351.4818, 221.9814, 356.9611, 218.1309, 373.9681, 193.9298, 368.4888
92 433 14.440000 200.0521, 353.8717, 224.7103, 358.8085, 221.3498, 375.5931, 196.6917, 370.6563
92 434 14.470000 201.8751, 355.9000, 226.9194, 360.3394, 223.9734, 376.9593, 198.9290, 372.5200
92 435 14.500000 203.7962, 358.2919, 229.2152, 362.1717, 226.7514, 378.3141, 201.3323, 374.4343
92 436 14.540000 206.5949, 361.6126, 232.4935, 364.7337, 230.6102, 380.3609, 204.7117, 377.2398
92 437 14.570000 208.9046, 364.0156, 235.1168, 366.6150, 233.5813, 382.0994, 207.3691, 379.5000
92 438 14.600000 211.3403, 366.6434, 237.8284, 368.7431, 236.6500, 383.6091, 210.1619, 381.5094
92 439 14.640000 214.8152, 369.8828, 241.6270, 371.3521, 240.8360, 385.7874, 214.0241, 384.3181
92 440 14.670000 217.5621, 372.0200, 244.5885, 373.0234, 244.0485, 387.5714, 217.0220, 386.5680
92 441 14.700000 220.4144, 374.3546, 247.6258, 374.9774, 247.3057, 388.9643, 220.0943, 388.3415
92 442 14.740000 224.3810, 377.0047, 251.7961, 377.2157, 251.6903, 390.9582, 224.2752, 390.7473
92 443 14.770000 227.4416, 378.5910, 254.9947, 378.5396, 255.0209, 392.5890, 227.4678, 392.6404
92 444 14.800000 230.5744, 380.4027, 258.2379, 380.1532, 258.3604, 393.7322, 230.6969, 393.9818
92 445 14.840000 234.8315, 382.2711, 262.6273, 381.8273, 262.8446, 395.4393, 235.0488, 395.8831
92 446 14.870000 238.0731, 383.2979, 265.9541, 382.7594, 266.2258, 396.8299, 238.3449, 397.3684
92 447 14.900000 241.3603, 384.5643, 269.3076, 383.9692, 269.6009, 397.7404, 241.6536, 398.3355
92 448 14.940000 245.7830, 385.7919, 273.8047, 385.1573, 274.1203, 399.0941, 246.0986, 399.7287
92 449 14.970000 249.1228, 386.3816, 277.3009, 385.7360, 277.6326, 400.2101, 249.4545, 400.8557
