26 0 0.010000 357.3836, 201.8964, 398.9929, 203.0288, 398.3750, 225.7318, 356.7657, 224.5994
26 1 0.040000 357.0132, 199.0982, 399.0027, 199.4271, 398.8101, 224.0164, 356.8206, 223.6874
26 2 0.070000 356.8045, 194.7681, 399.0347, 194.8570, 398.9801, 220.7881, 356.7499, 220.6992
26 3 0.110000 356.5994, 188.0210, 399.0255, 188.2053, 398.9067, 215.5610, 356.4806, 215.3768
26 4 0.140000 356.3254, 182.8990, 398.9137, 183.0608, 398.8060, 211.4326, 356.2177, 211.2708
26 5 0.170000 356.3136, 177.8544, 398.8326, 178.6093, 398.3189, 207.5434, 355.7999, 206.7885
26 6 0.200000 356.1022, 173.1975, 398.6271, 174.2234, 397.9143, 203.7682, 355.3894, 202.7422
26 7 0.240000 356.0013, 167.4585, 398.3307, 169.2598, 397.0547, 199.2441, 354.7253, 197.4428
26 8 0.270000 356.1607, 163.4551, 398.1288, 166.2821, 396.1052, 196.3240, 354.1370, 193.4970
26 9 0.310000 356.1998, 158.8399, 397.7463, 162.6846, 394.9701, 192.6852, 353.4236, 188.8405
26 10 0.340000 355.8398, 156.1631, 397.3223, 160.0729, 394.5152, 189.8559, 353.0326, 185.9460
26 11 0.370000 355.9893, 153.3988, 397.0463, 158.1789, 393.6067, 187.7215, 352.5497, 182.9413
26 12 0.400000 355.7222, 151.3204, 396.6762, 156.2317, 393.1753, 185.4244, 352.2214, 180.5131
26 13 0.440000 355.7849, 148.7162, 396.3342, 154.3520, 392.3479, 183.0333, 351.7986, 177.3975
26 14 0.470000 356.1911, 146.8853, 396.2052, 153.5162, 391.5297, 181.7306, 351.5156, 175.0998
26 15 0.500000 356.0806, 145.7692, 396.0168, 152.4375, 391.3829, 180.1893, 351.4467, 173.5209
26 16 0.540000 356.5616, 144.3730, 396.0016, 151.8727, 390.8635, 178.8936, 351.4234, 171.3939
26 17 0.570000 357.1572, 143.5623, 396.1180, 151.8308, 390.5012, 178.2974, 351.5403, 170.0289
26 18 0.610000 357.9452, 143.0068, 396.4244, 151.9874, 390.4238, 177.6979, 351.9447, 168.7172
26 19 0.640000 358.2935, 143.1646, 396.7258, 152.0012, 390.9477, 177.1313, 352.5154, 168.2947
26 20 0.670000 359.4143, 143.0289, 397.3102, 152.7286, 391.0366, 177.2387, 353.1408, 167.5390
26 21 0.700000 359.9927, 143.5929, 397.9245, 152.9519, 392.0151, 176.9029, 354.0833, 167.5439
26 22 0.740000 361.5124, 144.1361, 399.1429, 153.8012, 393.1682, 177.0636, 355.5376, 167.3984
26 23 0.770000 362.9453, 144.6034, 400.2942, 154.5923, 394.2044, 177.3623, 356.8555, 167.3734
26 24 0.800000 364.1197, 145.5244, 401.5639, 155.0371, 395.8946, 177.3528, 358.4504, 167.8402
26 25 0.840000 366.2653, 146.6589, 403.6199, 156.0057, 398.1956, 177.6839, 360.8410, 168.3371
26 26 0.870000 368.2110, 147.4687, 405.4252, 156.8931, 400.0432, 178.1454, 362.8289, 168.7210
26 27 0.900000 369.9368, 148.6923, 407.3399, 157.3969, 402.4720, 178.3136, 365.0689, 169.6089
26 28 0.940000 372.6206, 150.3751, 410.1722, 158.2951, 405.8610, 178.7360, 368.3094, 170.8160
26 29 0.970000 375.0587, 151.4648, 412.5559, 159.3293, 408.3386, 179.4370, 370.8414, 171.5725
26 30 1.000000 377.1131, 153.2671, 414.9027, 159.8710, 411.4573, 179.5867, 373.6677, 172.9829
26 31 1.040000 380.3614, 155.4450, 418.3234, 161.0946, 415.4587, 180.3435, 377.4968, 174.6939
26 32 1.070000 382.9938, 157.0828, 421.0331, 162.2202, 418.4760, 181.1538, 380.4367, 176.0164
26 33 1.110000 386.4673, 159.6486, 424.7080, 163.7057, 422.7495, 182.1650, 384.5089, 178.1079
26 34 1.140000 388.9855, 161.9704, 427.4526, 164.7213, 426.1620, 182.7688, 387.6949, 180.0179
26 35 1.170000 391.8192, 163.9064, 430.3667, 166.2608, 429.2817, 184.0238, 390.7343, 181.6694
26 36 1.210000 395.4246, 166.9997, 434.1608, 168.2160, 433.6176, 185.5173, 394.8814, 184.3011
26 37 1.240000 398.0096, 169.7471, 436.9016, 169.6518, 436.9428, 186.4995, 398.0509, 186.5947
26 38 1.270000 400.7953, 172.1377, 439.7697, 171.6055, 439.9958, 188.1661, 401.0214, 188.6983
26 39 1.310000 404.2820, 175.9611, 443.3929, 174.1995, 444.1150, 190.2311, 405.0041, 191.9927
26 40 1.340000 406.8260, 179.2728, 445.9490, 176.3514, 447.1236, 192.0808, 408.0006, 195.0022
26 41 1.370000 409.4094, 182.3598, 448.5769, 178.9684, 449.9336, 194.6376, 410.7662, 198.0290
26 42 1.410000 412.6257, 187.0337, 451.7908, 182.4956, 453.6091, 198.1878, 414.4439, 202.7259
26 43 1.440000 414.8378, 190.6785, 453.9198, 184.9395, 456.2718, 200.9568, 417.1899, 206.6958
26 44 1.470000 417.0200, 194.2200, 456.0833, 187.9742, 458.6761, 204.1903, 419.6128, 210.4361
26 45 1.510000 419.6309, 199.1896, 458.5834, 191.9601, 461.6429, 208.4446, 422.6904, 215.6741
26 46 1.540000 421.3088, 203.0194, 460.0436, 194.6514, 463.6371, 211.2853, 424.9023, 219.6533
26 47 1.570000 422.8777, 206.1466, 461.6428, 197.8265, 465.2055, 214.4260, 426.4404, 222.7461
26 48 1.610000 424.4194, 210.4046, 462.9423, 201.0987, 466.9579, 217.7216, 428.4349, 227.0275
26 49 1.640000 425.2008, 213.4816, 463.3965, 203.1016, 467.9143, 219.7258, 429.7186, 230.1058
26 50 1.670000 425.7947, 215.7520, 464.0491, 205.6720, 468.3827, 222.1185, 430.1283, 232.1985
26 51 1.710000 426.0300, 218.7601, 464.1568, 208.5056, 468.5154, 224.7110, 430.3886, 234.9655
26 52 1.740000 425.7798, 221.0511, 463.6482, 210.1833, 468.2560, 226.2394, 430.3876, 237.1071
26 53 1.770000 425.3102, 222.6723, 463.2850, 212.4386, 467.5392, 228.2249, 429.5644, 238.4586
26 54 1.810000 424.1602, 224.8995, 462.1118, 215.0939, 466.1036, 230.5439, 428.1521, 240.3496
26 55 1.840000 422.8631, 226.8503, 460.6342, 216.6408, 464.7544, 231.8840, 426.9834, 242.0936
26 56 1.870000 421.3279, 227.8594, 459.3145, 218.7160, 462.9553, 233.8420, 424.9687, 242.9854
26 57 1.910000 418.7373, 229.7411, 456.6892, 220.8424, 460.2446, 236.0057, 422.2927, 244.9044
26 58 1.940000 416.5019, 231.1588, 454.3996, 222.5071, 457.9291, 237.9675, 420.0313, 246.6192
26 59 1.970000 414.0531, 232.2438, 452.0101, 224.3893, 455.3157, 240.3636, 417.3586, 248.2181
26 60 2.010000 410.3820, 233.8877, 448.2656, 226.7215, 451.3908, 243.2424, 413.5071, 250.4086
26 61 2.040000 407.2159, 235.4196, 444.8950, 228.0073, 448.1889, 244.7511, 410.5098, 252.1634
26 62 2.070000 403.9366, 236.0037, 441.5809, 229.5435, 444.5400, 246.7867, 406.8958, 253.2470
26 63 2.110000 399.0552, 236.8640, 436.4849, 230.9461, 439.2779, 248.6113, 401.8483, 254.5292
26 64 2.140000 394.9686, 237.6008, 432.1408, 231.4306, 435.0964, 249.2365, 397.9241, 255.4067
26 65 2.170000 390.8744, 237.2794, 427.8954, 232.1687, 430.4087, 250.3742, 393.3876, 255.4850
26 66 2.210000 384.9208, 236.8332, 421.6245, 232.4080, 423.8597, 250.9473, 387.1560, 255.3725
26 67 2.240000 380.0974, 236.4018, 416.5229, 232.0420, 418.7570, 250.7071, 382.3314, 255.0668
26 68 2.270000 375.4007, 234.9282, 411.5453, 231.9021, 413.1311, 250.8436, 376.9865, 253.8697
26 69 2.310000 368.7296, 232.8078, 404.4289, 230.8598, 405.4733, 250.0004, 369.7741, 251.9484
26 70 2.340000 363.3321, 231.2286, 398.7031, 229.2450, 399.7774, 248.4023, 364.4065, 250.3858
26 71 2.370000 358.2942, 228.4506, 393.2237, 227.9131, 393.5205, 247.2027, 358.5910, 247.7401
26 72 2.410000 351.1388, 224.7144, 385.5074, 224.9431, 385.3787, 244.2794, 351.0101, 244.0506
26 73 2.440000 345.5402, 221.7279, 379.5492, 221.9729, 379.4099, 241.3078, 345.4010, 241.0628
26 74 2.470000 340.3603, 217.8474, 373.8199, 219.2214, 373.0250, 238.5783, 339.5654, 237.2042
26 75 2.510000 333.0886, 212.9246, 365.9655, 214.7099, 364.9146, 234.0620, 332.0377, 232.2767
26 76 2.540000 327.5887, 209.3624, 360.0582, 211.2415, 358.9369, 230.6185, 326.4673, 228.7394
26 77 2.570000 322.4434, 205.5838, 354.3518, 208.3744, 352.6552, 227.7743, 320.7468, 224.9837
26 78 2.610000 315.0470, 200.9870, 346.7633, 204.7810, 344.4455, 224.1571, 312.7292, 220.3632
26 79 2.640000 309.4013, 198.1074, 341.0369, 201.9958, 338.6558, 221.3687, 307.0201, 217.4804
26 80 2.670000 304.0741, 195.0901, 335.5254, 199.7989, 332.6388, 219.0797, 301.1875, 214.3709
26 81 2.710000 296.9746, 191.6032, 328.5545, 196.8457, 325.3642, 216.0635, 293.7843, 210.8211
26 82 2.740000 291.6481, 189.3840, 323.4639, 194.5347, 320.3493, 213.7730, 288.5335, 208.6223
26 83 2.770000 286.6769, 186.9778, 318.7089, 192.7281, 315.2693, 211.8883, 283.2373, 206.1381
26 84 2.800000 281.6109, 185.0250, 313.8622, 190.5559, 310.5680, 209.7648, 278.3167, 204.2340
26 85 2.840000 275.2690, 182.3107, 307.7853, 188.0759, 304.3816, 207.2731, 271.8653, 201.5079
26 86 2.870000 270.8545, 180.1523, 303.5345, 186.5585, 299.7907, 205.6569, 267.1107, 199.2507
26 87 2.900000 266.3674, 178.3843, 299.2329, 184.6105, 295.6050, 203.7608, 262.7395, 197.5346
26 88 2.940000 260.8632, 175.8395, 293.9260, 182.4312, 290.1193, 201.5249, 257.0565, 194.9331
26 89 2.970000 257.0791, 173.8297, 290.2468, 181.0709, 286.1072, 200.0318, 252.9395, 192.7907
26 90 3.000000 253.1848, 172.2803, 286.5062, 179.1689, 282.5703, 198.2076, 249.2489, 191.3190
26 91 3.040000 248.4484, 170.1368, 281.9180, 177.0513, 277.9803, 196.1119, 244.5107, 189.1975
26 92 3.070000 245.1822, 168.5653, 278.7277, 175.7159, 274.6696, 194.7534, 241.1242, 187.6028
26 93 3.100000 241.8576, 167.4107, 275.5136, 174.0083, 271.7486, 193.2147, 238.0926, 186.6171
26 94 3.140000 237.8320, 165.8572, 271.5773, 172.1420, 267.9747, 191.4853, 234.2294, 185.2005
26 95 3.170000 235.1401, 164.6150, 268.9231, 171.1074, 265.2030, 190.4650, 231.4200, 183.9726
26 96 3.200000 232.3740, 163.7812, 266.2003, 169.6458, 262.8092, 189.2055, 228.9829, 183.3410
26 97 3.240000 229.1136, 162.5237, 262.9589, 168.1615, 259.6790, 187.8511, 225.8338, 182.2133
26 98 3.270000 226.9698, 161.4739, 260.8110, 167.3564, 257.3891, 187.0421, 223.5479, 181.1596
26 99 3.300000 224.7411, 160.8066, 258.5611, 166.0738, 255.4685, 185.9309, 221.6485, 180.6637
26 100 3.340000 222.1757, 159.7069, 255.9441, 164.7568, 252.9627, 184.6934, 219.1943, 179.6435
26 101 3.370000 220.5603, 158.6879, 254.2885, 164.0738, 251.1146, 183.9501, 217.3864, 178.5642
26 102 3.400000 218.8416, 158.0437, 252.4860, 162.8378, 249.6368, 182.8328, 215.9924, 178.0387
26 103 3.440000 216.9464, 156.9177, 250.4774, 161.5772, 247.6993, 181.5693, 214.1683, 176.9099
26 104 3.470000 215.8196, 155.8828, 249.2736, 160.9640, 246.2561, 180.8312, 212.8021, 175.7500
26 105 3.500000 214.5593, 155.3186, 247.8785, 159.8586, 245.1631, 179.7867, 211.8439, 175.2467
26 106 3.540000 213.1726, 154.6389, 246.3208, 158.9955, 243.7097, 178.8625, 210.5615, 174.5058
26 107 3.570000 212.2579, 154.3777, 245.2820, 158.7376, 242.6717, 178.5089, 209.6476, 174.1490
26 108 3.600000 211.2594, 154.6517, 244.1071, 158.4245, 241.8369, 178.1907, 208.9891, 174.4180
26 109 3.640000 210.1221, 155.3007, 242.7564, 158.7076, 240.7058, 178.3501, 208.0715, 174.9433
26 110 3.670000 209.4093, 155.9876, 241.9084, 159.4532, 239.8333, 178.9135, 207.3341, 175.4479
26 111 3.700000 208.6074, 157.1922, 240.9151, 160.1775, 239.1270, 179.5279, 206.8194, 176.5425
26 112 3.740000 207.7001, 159.0757, 239.7886, 161.8476, 238.1392, 180.9410, 206.0508, 178.1691
26 113 3.770000 207.1201, 160.7267, 239.0699, 163.6105, 237.3701, 182.4435, 205.4202, 179.5597
26 114 3.800000 206.4497, 162.9029, 238.2097, 165.4192, 236.7332, 184.0552, 204.9732, 181.5389
26 115 3.840000 205.6741, 166.1740, 237.2194, 168.5779, 235.8256, 186.8677, 204.2803, 184.4638
26 116 3.870000 205.1632, 168.9498, 236.5692, 171.5044, 235.1068, 189.4832, 203.7008, 186.9286
26 117 3.900000 204.5667, 172.2744, 235.7971, 174.5802, 234.4888, 192.3011, 203.2583, 189.9954
26 118 3.940000 203.8524, 177.1513, 234.8754, 179.4102, 233.6147, 196.7236, 202.5918, 194.4647
26 119 3.970000 203.3768, 181.0647, 234.2602, 183.4794, 232.9324, 200.4616, 202.0490, 198.0468
26 120 4.000000 202.8381, 185.2604, 233.5539, 187.4487, 232.3620, 204.1788, 201.6462, 201.9905
26 121 4.040000 202.2326, 190.5905, 232.7456, 192.6512, 231.6491, 208.8877, 201.1360, 206.8271
26 122 4.070000 201.9764, 194.0014, 232.3379, 196.4479, 231.0749, 212.1220, 200.7134, 209.6755
26 123 4.100000 201.5877, 197.3623, 231.7701, 199.3619, 230.7649, 214.5351, 200.5825, 212.5356
26 124 4.140000 201.3023, 200.9318, 231.2578, 202.8726, 230.3247, 217.2729, 200.3693, 215.3320
26 125 4.170000 201.3285, 202.8062, 231.1005, 205.4207, 229.8968, 219.1281, 200.1248, 216.5137
26 126 4.200000 201.0980, 204.7688, 230.7617, 206.8535, 229.8307, 220.1015, 200.1669, 218.0168
26 127 4.240000 201.0816, 206.3898, 230.5987, 208.6653, 229.6256, 221.2886, 200.1084, 219.0130
26 128 4.270000 201.2441, 206.9693, 230.6115, 209.8011, 229.4014, 222.3498, 200.0341, 219.5179
26 129 4.300000 201.2372, 207.3391, 230.5425, 209.7165, 229.5063, 222.4897, 200.2009, 220.1123
26 130 4.340000 201.4271, 207.0439, 230.6220, 209.2738, 229.6249, 222.3285, 200.4300, 220.0986
26 131 4.370000 201.8392, 206.0173, 230.8654, 208.8647, 229.5619, 222.1532, 200.5356, 219.3058
26 132 4.400000 201.9110, 205.3694, 230.9385, 207.5005, 229.9547, 220.9011, 200.9272, 218.7701
26 133 4.440000 202.3578, 203.4612, 231.2668, 205.6133, 230.2586, 219.1571, 201.3496, 217.0050
26 134 4.470000 202.9352, 201.3268, 231.6774, 204.1566, 230.3332, 217.8098, 201.5911, 214.9800
26 135 4.500000 203.2297, 199.5686, 231.9460, 202.0318, 230.7749, 215.6852, 202.0585, 213.2220
26 136 4.540000 203.8448, 196.8584, 232.4554, 199.4336, 231.2247, 213.1071, 202.6141, 210.5319
26 137 4.570000 204.3424, 194.9092, 232.8710, 197.6203, 231.5706, 211.3039, 203.0421, 208.5929
26 138 4.600000 204.6553, 193.4304, 233.1900, 195.6460, 232.1305, 209.2925, 203.5958, 207.0770
26 139 4.640000 205.1636, 191.4897, 233.6732, 193.3136, 232.8024, 206.9251, 204.2928, 205.1013
26 140 4.670000 205.6823, 189.8792, 234.1212, 191.8770, 233.1641, 205.5000, 204.7252, 203.5022
26 141 4.700000 205.9891, 188.7130, 234.4420, 190.1913, 233.7367, 203.7668, 205.2838, 202.2885
26 142 4.740000 206.5352, 186.9384, 234.9553, 188.2436, 234.3340, 201.7708, 205.9140, 200.4656
26 143 4.770000 207.0377, 185.4168, 235.4044, 186.9811, 234.6600, 200.4809, 206.2933, 198.9166
26 144 4.800000 207.3066, 184.3226, 235.6958, 185.3721, 235.2009, 198.7595, 206.8117, 197.7101
26 145 4.840000 207.7768, 182.5504, 236.1604, 183.4237, 235.7526, 196.6769, 207.3690, 195.8036
26 146 4.870000 208.2028, 180.9597, 236.5664, 182.0914, 236.0408, 195.2643, 207.6771, 194.1325
26 147 4.900000 208.3974, 179.7553, 236.7975, 180.3611, 236.5200, 193.3695, 208.1199, 192.7637
26 148 4.940000 208.7527, 177.7489, 237.1801, 178.2144, 236.9700, 191.0433, 208.5426, 190.5777
26 149 4.970000 209.0827, 175.9369, 237.5266, 176.7420, 237.1663, 189.4745, 208.7224, 188.6695
26 150 5.000000 209.1915, 174.5352, 237.6871, 174.9013, 237.5256, 187.4692, 209.0301, 187.1031
26 151 5.040000 209.4332, 172.3678, 237.9815, 172.7976, 237.7947, 185.2001, 209.2464, 184.7703
26 152 5.070000 209.6304, 170.6411, 238.2131, 171.3640, 237.9006, 183.7192, 209.3179, 182.9963
26 153 5.100000 209.6500, 169.2170, 238.2750, 169.5675, 238.1232, 181.9618, 209.4983, 181.6114
26 154 5.140000 209.7048, 167.2690, 238.3760, 167.5004, 238.2750, 180.0080, 209.6038, 179.7766
26 155 5.170000 209.7818, 165.7139, 238.4938, 166.2281, 238.2662, 178.9386, 209.5542, 178.4244
26 156 5.200000 209.6646, 164.5358, 238.4012, 164.6077, 238.3686, 177.6149, 209.6320, 177.5429
26 157 5.240000 209.5440, 162.8099, 238.3235, 162.7712, 238.3415, 176.1221, 209.5620, 176.1608
26 158 5.270000 209.4622, 161.4158, 238.2845, 161.5748, 238.2096, 175.1631, 209.3873, 175.0041
26 159 5.300000 209.1807, 160.3564, 238.0095, 160.0144, 238.1744, 173.9188, 209.3456, 174.2608
26 160 5.340000 208.8129, 158.7535, 237.6662, 158.1708, 237.9548, 172.4643, 209.1015, 173.0469
26 161 5.370000 208.5362, 157.3893, 237.4392, 156.9651, 237.6529, 171.5248, 208.7499, 171.9490
26 162 5.400000 208.0344, 156.3784, 236.9114, 155.3620, 237.4347, 170.2301, 208.5577, 171.2465
26 163 5.440000 207.3320, 154.8028, 236.2062, 153.4115, 236.9419, 168.6795, 208.0677, 170.0708
26 164 5.470000 206.7693, 153.4375, 235.6891, 152.1020, 236.4076, 167.6603, 207.4878, 168.9958
26 165 5.500000 205.9515, 152.4562, 234.7871, 150.3879, 235.9258, 166.2637, 207.0902, 168.3320
26 166 5.540000 204.7675, 150.9423, 233.5687, 148.3464, 235.0372, 164.6403, 206.2361, 167.2361
26 167 5.570000 203.7976, 149.6049, 232.6830, 147.0306, 234.1661, 163.6722, 205.2807, 166.2465
26 168 5.600000 202.5525, 148.6424, 231.3759, 145.3989, 233.2881, 162.3922, 204.4648, 165.6357
26 169 5.640000 200.7052, 147.1787, 229.5493, 143.4140, 231.8332, 160.9134, 202.9892, 164.6780
26 170 5.670000 199.1719, 145.8935, 228.1636, 142.1116, 230.4988, 160.0134, 201.5071, 163.7953
26 171 5.700000 197.3476, 144.9079, 226.3379, 140.5591, 229.0813, 158.8467, 200.0909, 163.1956
26 172 5.740000 194.6781, 143.3281, 223.8538, 138.7318, 226.8217, 157.5711, 197.6460, 162.1674
26 173 5.770000 192.5114, 141.8396, 222.0587, 137.6165, 224.8187, 156.9275, 195.2715, 161.1507
26 174 5.800000 190.0035, 140.7720, 219.6638, 136.1603, 222.7341, 155.9078, 193.0739, 160.5194
26 175 5.840000 186.4425, 138.9756, 216.5724, 134.6012, 219.5294, 154.9681, 189.3995, 159.3425
26 176 5.870000 183.5890, 137.4787, 214.2141, 133.6268, 216.8364, 154.4757, 186.2113, 158.3276
26 177 5.900000 180.4298, 136.3244, 211.3628, 132.4253, 214.0491, 153.7371, 183.1161, 157.6361
26 178 5.940000 176.0245, 134.5510, 207.5849, 131.1495, 209.9543, 153.1333, 178.3939, 156.5349
26 179 5.970000 172.5445, 133.0764, 204.8112, 130.5147, 206.5920, 152.9456, 174.3253, 155.5074
26 180 6.000000 168.8261, 131.8924, 201.6287, 129.6827, 203.1706, 152.5718, 170.3681, 154.7816
26 181 6.040000 163.7216, 130.1971, 197.3662, 128.7443, 198.3775, 152.1633, 164.7329, 153.6160
26 182 6.070000 159.8404, 128.5876, 194.3386, 128.2567, 194.5663, 151.9926, 160.0681, 152.3236
26 183 6.100000 155.6899, 127.4390, 190.6057, 127.0961, 190.8427, 151.2232, 155.9269, 151.5662
26 184 6.140000 150.2202, 125.3838, 185.9964, 125.9308, 185.6224, 150.3916, 149.8461, 149.8445
26 185 6.170000 146.1642, 123.5808, 182.6568, 125.1724, 181.5841, 149.7687, 145.0914, 148.1771
26 186 6.200000 141.9445, 122.0680, 178.8694, 123.8208, 177.6908, 148.6494, 140.7659, 146.8967
26 187 6.240000 136.4985, 119.6136, 174.1418, 122.2423, 172.3994, 147.1940, 134.7562, 144.5654
26 188 6.270000 132.6146, 117.3945, 170.8888, 121.2780, 168.3645, 146.1561, 130.0903, 142.2726
26 189 6.300000 128.6209, 115.4714, 167.2592, 119.5741, 164.6061, 144.5607, 125.9678, 140.4580
26 190 6.340000 123.7238, 112.3100, 162.9707, 117.6868, 159.5696, 142.5121, 120.3227, 137.1353
26 191 6.370000 120.4098, 109.5422, 160.1154, 116.4922, 155.8342, 140.9512, 116.1286, 134.0012
26 192 6.400000 117.0378, 107.0581, 157.0081, 114.3362, 152.5599, 138.7647, 112.5897, 131.4866
26 193 6.440000 113.1153, 103.2465, 153.4321, 111.6670, 148.3990, 135.7651, 108.0822, 127.3446
26 194 6.470000 110.6577, 100.0302, 151.1792, 109.8786, 145.4317, 133.5274, 104.9101, 123.6790
26 195 6.500000 108.0981, 97.2998, 148.7725, 107.1010, 143.0674, 130.7767, 102.3930, 120.9755
26 196 6.540000 105.3217, 93.5577, 146.1572, 104.4190, 139.9490, 127.7602, 99.1135, 116.8988
26 197 6.570000 103.6423, 90.9677, 144.4931, 103.2919, 137.6270, 126.0506, 96.7763, 113.7264
26 198 6.600000 101.8767, 89.0987, 142.7771, 101.9165, 135.7305, 124.4015, 94.8302, 111.5838
26 199 6.640000 99.9649, 87.1023, 140.8164, 101.0089, 133.3702, 122.8826, 92.5187, 108.9760
26 200 6.670000 98.8075, 86.0418, 139.5617, 100.8252, 131.8200, 122.1671, 91.0658, 107.3837
26 201 6.700000 97.6788, 85.5736, 138.4139, 100.5398, 130.6806, 121.5883, 89.9455, 106.6222
26 202 6.740000 96.5763, 85.5026, 137.2313, 100.8180, 129.4927, 121.3603, 88.8377, 106.0450
26 203 6.770000 96.1582, 85.7778, 136.6192, 101.7365, 128.7519, 121.6829, 88.2909, 105.7242
26 204 6.800000 95.6667, 86.7200, 136.1486, 102.3392, 128.5302, 122.0846, 88.0483, 106.4654
26 205 6.840000 95.5162, 88.4519, 135.8756, 104.0766, 128.4237, 123.3253, 88.0643, 107.7005
26 206 6.870000 95.6933, 90.1984, 135.9015, 105.9704, 128.5350, 124.7500, 88.3268, 108.9780
26 207 6.900000 95.8547, 92.5827, 136.0673, 107.8249, 129.0268, 126.3996, 88.8141, 111.1575
26 208 6.940000 96.4323, 96.3903, 136.5591, 111.1683, 129.8790, 129.3068, 89.7522, 114.5287
26 209 6.970000 97.1589, 99.6400, 137.1471, 114.2846, 130.6594, 131.9998, 90.6712, 117.3552
26 210 7.000000 97.9253, 103.3139, 137.9423, 117.1709, 131.8433, 134.7841, 91.8262, 120.9272
26 211 7.040000 99.5299, 108.1366, 139.4830, 121.1702, 133.8354, 138.4824, 93.8823, 125.4488
26 212 7.070000 101.2794, 111.4032, 141.0682, 124.1523, 135.6557, 141.0443, 95.8669, 128.2953
26 213 7.100000 103.1014, 114.6910, 142.9497, 126.1087, 138.1168, 142.9758, 98.2685, 131.5581
26 214 7.140000 106.4697, 118.0286, 146.1025, 129.0530, 141.5096, 145.5646, 101.8768, 134.5402
26 215 7.170000 109.5205, 119.9519, 148.8774, 131.2200, 144.2578, 147.3552, 104.9009, 136.0870
26 216 7.200000 112.2955, 122.1927, 151.8253, 131.8055, 147.8216, 148.2694, 108.2919, 138.6566
26 217 7.240000 116.7291, 124.3341, 156.2090, 132.7151, 152.6597, 149.4347, 113.1798, 141.0537
26 218 7.270000 120.4717, 125.4114, 159.8064, 133.3838, 156.4029, 150.1762, 117.0682, 142.2037
26 219 7.300000 124.1249, 126.5817, 163.4042, 132.9247, 160.6009, 150.2844, 121.3216, 143.9414
26 220 7.340000 129.3368, 127.5977, 168.4028, 132.1385, 166.3160, 150.0921, 127.2500, 145.5513
26 221 7.370000 133.4823, 127.8563, 172.3114, 131.4637, 170.6092, 149.7858, 131.7801, 146.1785
26 222 7.400000 137.3863, 128.2915, 175.9193, 129.6599, 175.2409, 148.7660, 136.7078, 147.3976
26 223 7.440000 142.8099, 128.1876, 180.8076, 127.4134, 181.2120, 147.2651, 143.2144, 148.0393
26 224 7.470000 147.0232, 127.4453, 184.7201, 126.0898, 185.4461, 146.2790, 147.7492, 147.6345
26 225 7.500000 150.9471, 127.1192, 188.0338, 123.9723, 189.7902, 144.6717, 152.7035, 147.8186
26 226 7.540000 156.1396, 126.4815, 192.4777, 121.6841, 195.2763, 142.8830, 158.9383, 147.6804
26 227 7.570000 159.9070, 126.1705, 195.6394, 120.2535, 199.1965, 141.7343, 163.4641, 147.6513
26 228 7.600000 163.4551, 126.2349, 198.3754, 118.8212, 202.9896, 140.5557, 168.0694, 147.9693
26 229 7.640000 167.9767, 126.2807, 201.9942, 117.5557, 207.6167, 139.4767, 173.5992, 148.2017
26 230 7.670000 171.1549, 126.1236, 204.8430, 117.1093, 210.7390, 139.1440, 177.0510, 148.1582
26 231 7.700000 174.0159, 126.4034, 207.0453, 116.5402, 213.6386, 138.6194, 180.6091, 148.4827
26 232 7.740000 177.4195, 126.7367, 209.8044, 116.1757, 217.0132, 138.2812, 184.6284, 148.8423
26 233 7.770000 179.6272, 126.9507, 211.7252, 116.1663, 219.1638, 138.3062, 187.0658, 149.0905
26 234 7.800000 181.4750, 127.5828, 212.9515, 116.0872, 221.0126, 138.1598, 189.5361, 149.6553
26 235 7.840000 183.4276, 128.2139, 214.5763, 116.4517, 222.9227, 138.5545, 191.7739, 150.3167
26 236 7.870000 184.5056, 128.5982, 215.7642, 117.0847, 223.9322, 139.2605, 192.6735, 150.7740
26 237 7.900000 185.2140, 129.4022, 216.2905, 117.7208, 224.6198, 139.8796, 193.5433, 151.5610
26 238 7.940000 185.6557, 130.5018, 216.8256, 119.0292, 224.9873, 141.2038, 193.8175, 152.6764
26 239 7.970000 185.6109, 131.1571, 217.3192, 120.4390, 224.8658, 142.7647, 193.1574, 153.4828
26 240 8.000000 185.2189, 132.3973, 216.9669, 121.7626, 224.4445, 144.0855, 192.6964, 154.7202
26 241 8.040000 184.2107, 133.8598, 216.4774, 123.9535, 223.3552, 146.3557, 191.0884, 156.2620
26 242 8.070000 183.1026, 134.9134, 215.8884, 125.7805, 222.1522, 148.2666, 189.3663, 157.3995
26 243 8.100000 181.6499, 136.3606, 214.6288, 127.4614, 220.6965, 149.9472, 187.7176, 158.8465
26 244 8.140000 179.3116, 138.1611, 212.8059, 130.0004, 218.3037, 152.5651, 184.8094, 160.7259
26 245 8.170000 177.3219, 139.3784, 211.4605, 132.2730, 216.1649, 154.8757, 182.0263, 161.9811
26 246 8.200000 175.0357, 141.0931, 209.4401, 134.3421, 213.8731, 156.9333, 179.4686, 163.6843
26 247 8.240000 171.7428, 143.3725, 206.7026, 137.5513, 210.4524, 160.0710, 175.4926, 165.8922
26 248 8.270000 169.1378, 145.0320, 204.6840, 140.3726, 207.6248, 162.8078, 172.0786, 167.4673
26 249 8.300000 166.2883, 147.2640, 202.0841, 142.9960, 204.7476, 165.3351, 168.9519, 169.6031
26 250 8.340000 162.3933, 150.2955, 198.7101, 147.1330, 200.6365, 169.2555, 164.3197, 172.4179
26 251 8.370000 159.4271, 152.7075, 196.1931, 150.7185, 197.3765, 172.5915, 160.6104, 174.5805
26 252 8.400000 156.2919, 155.6855, 193.3023, 154.2641, 194.1336, 175.9101, 157.1232, 177.3315
26 253 8.440000 152.1375, 159.9017, 189.5548, 159.7787, 189.6245, 180.9838, 152.2072, 181.1068
26 254 8.470000 149.0782, 163.2572, 186.8040, 164.5064, 186.1170, 185.2556, 148.3912, 184.0064
26 255 8.500000 145.9139, 167.0848, 183.8086, 169.1493, 182.7004, 189.4905, 144.8057, 187.4259
26 256 8.540000 141.7952, 172.2348, 179.8612, 175.5244, 178.1631, 195.1736, 140.0972, 191.8839
26 257 8.570000 138.9252, 175.8528, 177.0497, 180.5270, 174.7306, 199.4428, 136.6060, 194.7685
26 258 8.600000 135.8208, 179.9100, 173.9646, 184.5079, 171.7283, 203.0599, 133.5845, 198.4621
26 259 8.640000 132.1004, 184.8153, 170.2182, 190.2274, 167.6870, 208.0546, 129.5692, 202.6425
26 260 8.670000 129.5903, 188.2552, 167.6097, 194.7484, 164.6848, 211.8741, 126.6655, 205.3808
26 261 8.700000 126.9202, 192.1295, 164.9170, 198.5242, 162.1063, 215.2252, 124.1095, 208.8305
26 262 8.740000 123.8134, 197.0153, 161.6521, 204.1431, 158.6666, 219.9919, 120.8279, 212.8641
26 263 8.770000 121.7477, 200.6248, 159.3794, 208.6349, 156.1631, 223.7452, 118.5315, 215.7351
26 264 8.800000 119.5879, 204.6813, 157.1406, 212.6911, 154.0290, 227.2793, 116.4763, 219.2695
26 265 8.840000 117.0459, 210.1864, 154.3922, 218.6374, 151.1383, 233.0170, 113.7920, 224.5660
26 266 8.870000 115.5204, 213.8561, 152.6293, 222.9249, 148.9834, 237.8438, 111.8745, 228.7750
26 267 8.900000 113.8716, 218.2008, 150.9150, 227.1212, 147.1975, 242.5587, 110.1541, 233.6383
26 268 8.940000 112.0092, 224.2632, 148.8362, 233.4122, 144.8175, 249.5887, 107.9905, 240.4398
26 269 8.970000 110.7889, 229.1214, 147.4191, 238.5542, 143.1087, 255.2929, 106.4785, 245.8601
26 270 9.000000 109.4734, 234.4845, 146.0992, 243.6730, 141.7796, 260.8911, 105.1537, 251.7026
26 271 9.040000 108.0981, 241.3771, 144.7111, 250.3376, 140.3242, 268.2627, 103.7112, 259.3022
26 272 9.070000 107.5365, 245.9971, 144.0034, 255.1243, 139.3884, 273.5633, 102.9214, 264.4362
26 273 9.100000 106.7728, 250.7377, 143.4934, 259.0809, 139.1910, 278.0169, 102.4704, 269.6738
26 274 9.140000 106.8596, 255.8547, 143.2802, 264.6162, 138.6099, 284.0301, 102.1894, 275.2685
26 275 9.170000 107.3432, 259.2759, 143.4171, 268.5683, 138.3484, 288.2456, 102.2744, 278.9533
26 276 9.200000 107.4890, 263.0554, 143.7015, 271.7727, 138.9241, 291.6183, 102.7116, 282.9010
26 277 9.240000 108.2751, 267.5734, 144.4606, 275.9414, 139.8348, 295.9447, 103.6493, 287.5768
26 278 9.270000 109.2572, 270.6554, 145.2904, 279.0085, 140.6423, 299.0592, 104.6091, 290.7060
26 279 9.300000 109.8047, 274.2464, 146.2053, 281.3629, 142.2893, 301.3927, 105.8887, 294.2762
26 280 9.340000 111.1892, 278.5423, 147.7521, 284.7045, 144.3976, 304.6084, 107.8346, 298.4462
26 281 9.370000 112.5503, 281.5351, 149.1120, 287.2966, 145.9955, 307.0735, 109.4338, 301.3120
26 282 9.400000 113.6640, 284.9430, 150.4663, 289.4901, 148.0489, 309.0558, 111.2466, 304.5087
26 283 9.440000 115.4128, 289.3879, 152.4284, 292.5449, 150.7934, 311.7156, 113.7777, 308.5585
26 284 9.470000 117.0217, 292.3968, 154.0726, 295.1286, 152.6810, 314.0021, 115.6302, 311.2703
26 285 9.500000 118.3112, 296.0270, 155.5498, 297.1953, 154.9721, 315.6094, 117.7335, 314.4411
26 286 9.540000 120.3825, 300.0835, 157.6936, 300.0742, 157.6981, 317.9747, 120.3870, 317.9841
26 287 9.570000 122.0663, 302.5539, 159.3724, 302.1320, 159.5707, 319.6625, 122.2645, 320.0843
26 288 9.600000 123.5247, 305.1572, 160.8495, 303.5338, 161.5920, 320.6051, 124.2672, 322.2285
26 289 9.640000 125.6504, 307.4822, 162.9377, 305.3488, 163.8884, 321.9664, 126.6012, 324.0998
26 290 9.670000 127.2008, 308.6740, 164.4575, 306.3851, 165.4637, 322.7622, 128.2070, 325.0512
26 291 9.700000 128.4806, 310.0288, 165.6729, 306.7015, 167.1082, 322.7443, 129.9158, 326.0716
26 292 9.740000 130.1671, 310.7269, 167.2871, 306.9061, 168.9167, 322.7371, 131.7966, 326.5579
26 293 9.770000 131.3477, 310.5533, 168.4573, 306.8718, 170.0159, 322.5834, 132.9063, 326.2648
26 294 9.800000 132.1388, 310.7361, 169.0927, 305.7557, 171.1807, 321.2487, 134.2268, 326.2291
26 295 9.840000 133.0630, 309.4114, 169.9543, 304.0585, 172.2079, 319.5903, 135.3166, 324.9432
26 296 9.870000 133.6098, 307.6183, 170.5511, 302.6657, 172.6431, 318.2696, 135.7017, 323.2222
26 297 9.900000 133.7966, 305.8295, 170.6625, 300.3769, 172.9801, 316.0463, 136.1141, 321.4989
26 298 9.940000 133.7938, 302.4261, 170.6325, 296.9460, 173.0050, 312.8948, 136.1663, 318.3749
26 299 9.970000 133.6939, 298.7239, 170.7314, 294.4512, 172.6042, 310.6861, 135.5668, 314.9588
26 300 10.000000 133.1051, 295.8500, 169.9716, 290.6630, 172.3011, 307.2200, 135.4347, 312.4070
26 301 10.040000 132.3927, 291.1364, 169.4255, 286.9156, 171.3441, 303.7491, 134.3113, 307.9699
26 302 10.070000 131.7869, 287.7952, 169.0167, 284.7360, 170.4155, 301.7590, 133.1856, 304.8181
26 303 10.100000 130.9924, 285.1762, 168.3489, 282.7267, 169.4740, 299.8850, 132.1174, 302.3344
26 304 10.140000 129.8458, 282.2082, 167.4168, 280.8374, 168.0463, 298.0921, 130.4753, 299.4628
26 305 10.170000 128.9488, 280.3362, 166.6959, 279.9891, 166.8547, 297.2545, 129.1076, 297.6016
26 306 10.200000 127.8688, 279.1456, 165.7568, 279.1914, 165.7359, 296.4534, 127.8479, 296.4075
26 307 10.240000 126.4314, 277.9611, 164.5316, 278.8599, 164.1269, 296.0164, 126.0266, 295.1176
26 308 10.270000 125.3860, 277.3571, 163.6429, 279.1739, 162.8359, 296.1680, 124.5789, 294.3512
26 309 10.300000 124.1740, 277.4182, 162.5953, 279.4929, 161.6854, 296.3453, 123.2640, 294.2707
26 310 10.340000 122.6307, 277.9182, 161.2699, 280.6794, 160.0863, 297.2419, 121.4471, 294.4807
26 311 10.370000 121.5386, 278.6484, 160.3218, 282.1622, 158.8361, 298.5598, 120.0530, 295.0460
26 312 10.400000 120.2907, 280.0960, 159.2720, 283.6969, 157.7535, 300.1350, 118.7722, 296.5341
26 313 10.440000 118.7371, 282.5042, 157.9621, 286.5334, 156.2625, 303.0799, 117.0375, 299.0507
26 314 10.470000 117.7019, 284.3206, 157.0823, 288.8725, 155.1181, 305.8663, 115.7377, 301.3145
26 315 10.500000 116.5385, 286.7557, 156.1657, 291.1877, 154.2245, 308.5442, 114.5973, 304.1121
26 316 10.540000 115.2786, 289.6534, 155.1632, 294.2917, 153.0791, 312.2125, 113.1946, 307.5743
26 317 10.570000 114.6911, 291.1459, 154.6480, 296.4177, 152.2067, 314.9212, 112.2498, 309.6494
26 318 10.600000 113.9105, 292.8889, 154.1369, 297.7001, 151.8672, 316.6769, 111.6408, 311.8656
26 319 10.640000 113.3176, 294.3848, 153.7731, 299.1636, 151.4662, 318.6923, 111.0107, 313.9135
26 320 10.670000 113.3788, 294.6353, 153.8045, 300.2720, 151.0209, 320.2354, 110.5953, 314.5987
26 321 10.700000 113.0877, 295.3788, 153.7894, 300.4711, 151.2642, 320.6541, 110.5625, 315.5617
26 322 10.740000 113.3200, 295.3244, 154.1573, 300.6732, 151.4670, 321.2135, 110.6297, 315.8647
26 323 10.770000 113.9190, 294.6118, 154.7004, 300.7280, 151.5814, 321.5247, 110.8001, 315.4085
26 324 10.800000 114.1452, 294.3739, 155.2209, 299.8712, 152.4297, 320.7268, 111.3540, 315.2295
26 325 10.840000 115.0099, 293.1251, 156.2783, 298.5266, 153.5366, 319.4737, 112.2682, 314.0723
26 326 10.870000 116.1393, 291.3613, 157.3722, 297.3980, 154.2893, 318.4554, 113.0564, 312.4188
26 327 10.900000 116.8405, 290.0979, 158.4156, 295.2116, 155.8391, 316.1583, 114.2641, 311.0445
26 328 10.940000 118.4210, 287.2126, 160.2013, 292.0669, 157.7774, 312.9293, 115.9971, 308.0751
26 329 10.970000 120.1520, 284.0290, 161.8626, 289.6579, 159.0445, 310.5404, 117.3339, 304.9115
26 330 11.000000 121.4754, 281.4055, 163.4479, 286.3345, 161.0154, 307.0483, 119.0428, 302.1193
26 331 11.040000 123.7739, 277.3312, 165.8634, 282.3321, 163.4168, 302.9236, 121.3273, 297.9227
26 332 11.070000 125.5361, 274.5848, 167.7349, 279.4900, 165.3544, 299.9694, 123.1555, 295.0642
26 333 11.100000 127.0999, 272.5132, 169.5495, 276.5663, 167.6157, 296.8203, 125.1660, 292.7672
26 334 11.140000 129.4175, 269.8713, 172.0966, 273.1852, 170.5468, 293.1446, 127.8677, 289.8307
26 335 11.170000 131.4102, 267.7182, 174.1641, 271.1436, 172.5766, 290.9582, 129.8227, 287.5328
26 336 11.200000 133.1433, 266.3115, 176.0966, 268.8470, 174.9455, 288.3469, 131.9922, 285.8114
26 337 11.240000 135.7146, 264.2079, 178.8320, 266.2677, 177.9155, 285.4531, 134.7981, 283.3932
26 338 11.270000 137.8094, 262.4474, 180.9995, 264.6883, 180.0140, 283.6820, 136.8239, 281.4411
26 339 11.300000 139.6087, 261.4310, 182.9948, 262.7032, 182.4500, 281.2805, 139.0639, 280.0082
26 340 11.340000 142.3093, 259.6256, 185.8331, 260.6616, 185.4015, 278.7917, 141.8777, 277.7556
26 341 11.370000 144.4416, 258.0271, 188.0125, 259.2391, 187.5126, 277.2100, 143.9417, 275.9979
26 342 11.400000 146.3900, 256.5082, 190.0771, 257.1542, 189.8102, 275.2042, 146.1231, 274.5582
26 343 11.440000 149.0135, 254.4418, 192.8097, 254.4509, 192.8059, 272.8393, 149.0097, 272.8302
26 344 11.470000 151.1511, 252.4886, 195.0569, 252.9763, 194.8477, 271.8155, 150.9418, 271.3278
26 345 11.500000 152.9984, 251.1599, 196.9667, 250.8125, 197.1208, 270.3128, 153.1525, 270.6602
26 346 11.540000 155.6250, 249.1692, 199.7109, 248.7251, 199.9139, 268.8818, 155.8281, 269.3260
26 347 11.570000 157.6287, 247.7493, 201.8019, 247.5245, 201.9067, 268.1158, 157.7335, 268.3406
26 348 11.600000 159.3978, 246.9147, 203.6051, 245.9779, 204.0535, 267.1361, 159.8462, 268.0729
26 349 11.640000 161.8667, 245.6728, 206.1648, 244.6123, 206.6874, 266.4436, 162.3894, 267.5041
26 350 11.670000 163.7664, 244.7281, 208.1849, 244.0565, 208.5210, 266.2859, 164.1025, 266.9575
26 351 11.700000 165.4658, 244.2990, 209.9056, 243.2192, 210.4577, 265.9393, 166.0178, 267.0190
26 352 11.740000 167.7896, 243.7051, 212.3169, 242.6734, 212.8560, 265.9404, 168.3287, 266.9721
26 353 11.770000 169.5980, 243.2104, 214.2464, 242.7325, 214.4990, 266.3216, 169.8505, 266.7995
26 354 11.800000 171.1935, 243.2762, 215.8430, 242.4865, 216.2674, 266.4794, 171.6178, 267.2691
26 355 11.840000 173.4325, 243.2891, 218.1604, 242.8176, 218.4179, 267.2432, 173.6900, 267.7147
26 356 11.870000 175.2230, 243.2289, 220.0744, 243.6096, 219.8651, 268.2679, 175.0137, 267.8872
26 357 11.900000 176.8048, 243.8075, 221.6403, 244.1080, 221.4731, 269.0577, 176.6376, 268.7572
26 358 11.940000 179.0860, 244.5656, 223.9618, 245.5081, 223.4327, 270.7027, 178.5568, 269.7602
26 359 11.970000 180.9551, 245.1033, 225.8955, 247.1080, 224.7679, 272.3851, 179.8276, 270.3804
26 360 12.000000 182.6792, 246.1801, 227.5606, 248.4242, 226.2897, 273.8423, 181.4083, 271.5982
26 361 12.040000 185.1743, 247.5181, 229.9772, 250.4587, 228.3024, 275.9756, 183.4995, 273.0349
26 362 12.070000 187.2595, 248.3263, 231.9923, 252.1873, 229.7936, 277.6611, 185.0608, 273.8001
26 363 12.100000 189.1463, 249.6438, 233.7097, 253.2399, 231.6502, 278.7608, 187.0868, 275.1646
26 364 12.140000 192.0174, 251.0341, 236.3569, 254.9706, 234.0997, 280.3937, 189.7603, 276.4571
26 365 12.170000 194.4895, 251.7450, 238.6558, 256.6021, 235.8833, 281.8129, 191.7170, 276.9558
26 366 12.200000 196.7995, 252.9305, 240.7263, 257.6297, 238.0427, 282.7144, 194.1160, 278.0152
26 367 12.240000 200.3335, 254.0993, 243.9279, 259.4725, 240.8810, 284.1932, 197.2866, 278.8201
26 368 12.270000 203.3912, 254.6179, 246.6924, 261.2973, 242.9474, 285.5748, 199.6462, 278.8954
26 369 12.300000 206.2447, 255.7167, 249.2417, 262.4039, 245.5105, 286.3948, 202.5135, 279.7076
26 370 12.340000 210.4325, 257.0428, 252.9923, 264.1116, 249.0884, 287.6157, 206.5287, 280.5469
26 371 12.370000 213.9627, 257.8388, 256.1209, 265.7429, 251.8073, 288.7501, 209.6492, 280.8460
26 372 12.400000 217.2123, 259.3382, 259.0707, 266.6028, 255.1315, 289.3004, 213.2731, 282.0358
26 373 12.440000 222.0805, 261.0669, 263.4392, 268.2850, 259.5749, 290.4268, 218.2162, 283.2088
26 374 12.470000 225.9369, 262.4108, 266.9118, 269.6376, 263.0866, 291.3258, 222.1118, 284.0990
26 375 12.500000 229.6714, 264.1855, 270.3186, 270.4745, 267.0186, 291.8024, 226.3715, 285.5133
26 376 12.540000 235.0511, 266.1511, 275.2064, 271.6379, 272.3771, 292.3440, 232.2218, 286.8572
26 377 12.570000 239.6381, 266.7612, 279.2922, 272.7738, 276.2296, 292.9721, 236.5755, 286.9595
26 378 12.600000 243.9568, 267.6832, 283.2417, 272.8525, 280.6229, 292.7546, 241.3380, 287.5854
26 379 12.640000 250.1471, 268.0908, 289.1653, 272.8093, 286.7977, 292.3874, 247.7795, 287.6690
26 380 12.670000 255.2131, 267.6123, 293.9501, 272.8892, 291.3208, 292.1903, 252.5839, 286.9134
26 381 12.700000 259.9267, 267.5526, 298.5785, 271.8529, 296.4466, 291.0143, 257.7948, 286.7139
26 382 12.740000 266.7560, 266.3928, 305.1362, 270.6079, 303.0542, 289.5657, 264.6739, 285.3506
26 383 12.770000 272.0805, 264.9746, 310.2305, 269.4294, 308.0264, 288.3053, 269.8763, 283.8505
26 384 12.800000 277.1935, 263.6944, 315.2226, 267.3681, 313.3989, 286.2466, 275.3698, 282.5729
26 385 12.840000 284.2792, 261.0885, 322.1082, 264.3867, 320.4588, 283.3051, 282.6298, 280.0070
26 386 12.870000 289.6073, 258.2997, 327.4851, 262.0482, 325.6061, 281.0345, 287.7283, 277.2860
26 387 12.900000 294.4863, 255.7783, 332.5970, 258.4568, 331.2557, 277.5420, 293.1449, 274.8635
26 388 12.940000 301.4022, 251.2424, 339.6910, 253.5368, 338.5363, 272.8053, 300.2475, 270.5108
26 389 12.970000 306.9288, 246.8353, 345.2382, 249.8597, 343.7021, 269.3167, 305.3928, 266.2924
26 390 13.000000 312.0241, 242.8308, 350.5159, 245.2763, 349.2695, 264.8942, 310.7777, 262.4487
26 391 13.040000 318.9923, 237.4181, 357.6457, 239.7507, 356.4497, 259.5702, 317.7963, 257.2377
26 392 13.070000 324.0826, 233.9894, 362.8857, 235.9940, 361.8567, 255.9118, 323.0536, 253.9071
26 393 13.100000 328.8959, 231.3917, 367.9148, 232.3916, 367.4043, 252.3143, 328.3854, 251.3145
26 394 13.140000 335.3518, 228.3699, 374.5870, 228.4792, 374.5315, 248.3862, 335.2963, 248.2769
26 395 13.170000 340.2234, 226.3213, 379.5783, 226.1898, 379.6448, 246.0945, 340.2899, 246.2260
26 396 13.200000 344.8041, 224.9894, 384.3044, 223.9322, 384.8341, 243.7223, 345.3338, 244.7795
26 397 13.240000 350.9082, 223.3921, 390.5485, 221.6546, 391.4098, 241.3058, 351.7695, 243.0433
26 398 13.270000 355.4525, 222.2923, 395.1755, 220.4401, 396.0886, 240.0233, 356.3656, 241.8754
26 399 13.300000 359.6782, 221.8843, 399.4749, 219.1601, 400.7999, 238.5167, 361.0032, 241.2408
26 400 13.340000 365.2237, 221.4442, 405.0837, 218.0298, 406.7180, 237.1091, 366.8580, 240.5235
26 401 13.370000 369.3077, 221.1087, 409.2135, 217.6202, 410.8683, 236.5493, 370.9625, 240.0378
26 402 13.400000 373.0434, 221.5381, 412.9288, 217.0546, 415.0123, 235.5896, 375.1269, 240.0731
26 403 13.440000 377.8941, 222.0608, 417.7446, 216.8396, 420.1152, 234.9327, 380.2647, 240.1539
26 404 13.470000 381.3941, 222.4329, 421.2336, 217.0520, 423.6405, 234.8722, 383.8010, 240.2530
26 405 13.500000 384.5772, 223.5347, 424.2798, 217.1336, 427.0664, 234.4173, 387.3638, 240.8184
26 406 13.540000 388.6336, 224.9167, 428.1790, 217.7954, 431.1875, 234.5023, 391.6422, 241.6236
26 407 13.570000 391.4856, 225.9632, 430.9415, 218.6525, 433.9775, 235.0374, 394.5215, 242.3481
26 408 13.600000 394.0708, 227.6298, 433.2896, 219.4913, 436.5834, 235.3643, 397.3646, 243.5027
26 409 13.640000 397.2493, 229.8845, 436.1935, 221.1277, 439.6932, 236.6917, 400.7490, 245.4485
26 410 13.670000 399.4149, 231.5135, 438.2537, 222.8082, 441.7270, 238.3043, 402.8882, 247.0095
26 411 13.700000 401.3159, 233.8429, 439.8925, 224.4970, 443.6236, 239.8979, 405.0471, 249.2438
26 412 13.740000 403.4515, 236.6484, 441.6982, 226.8686, 445.7085, 242.5519, 407.4618, 252.3317
26 413 13.770000 404.8135, 238.9182, 442.9280, 229.1547, 446.9925, 245.0214, 408.8780, 254.7850
26 414 13.800000 405.8963, 241.7676, 443.6868, 231.3685, 448.1259, 247.5001, 410.3353, 257.8992
26 415 13.840000 407.0719, 245.8604, 444.5364, 235.1351, 449.2419, 251.5719, 411.7774, 262.2972
26 416 13.870000 407.7575, 249.2187, 445.0642, 238.5927, 449.8049, 255.2367, 412.4982, 265.8628
26 417 13.900000 408.2197, 253.2313, 445.1855, 242.2071, 450.2238, 259.1013, 413.2580, 270.1255
26 418 13.940000 408.6140, 259.1229, 445.2322, 247.9924, 450.4602, 265.1919, 413.8420, 276.3225
26 419 13.970000 408.7363, 263.9660, 445.1632, 253.0095, 450.4019, 270.4264, 413.9750, 281.3830
26 420 14.000000 408.6236, 269.2972, 444.7098, 258.1642, 450.1578, 275.8231, 414.0716, 286.9562
26 421 14.040000 408.0218, 276.2178, 443.7618, 265.1762, 449.3101, 283.1353, 413.5702, 294.1769
26 422 14.070000 407.1601, 280.8708, 442.8283, 270.3451, 448.2076, 288.5738, 412.5394, 299.0995
26 423 14.100000 405.8795, 285.6749, 441.1678, 274.9001, 446.7798, 293.2798, 411.4915, 304.0546
26 424 14.140000 403.6649, 291.3222, 438.7315, 280.9028, 444.2849, 299.5929, 409.2182, 310.0122
26 425 14.170000 401.6807, 294.9917, 436.8669, 285.5223, 441.9702, 304.4850, 406.7839, 313.9544
26 426 14.200000 399.2826, 299.2795, 433.9539, 289.2907, 439.4770, 308.4614, 404.8057, 318.4502
26 427 14.240000 395.7342, 304.3709, 430.1496, 294.7209, 435.6033, 314.1708, 401.1879, 323.8208
26 428 14.270000 392.8377, 307.8746, 427.3190, 299.1084, 432.3027, 318.7117, 397.8214, 327.4778
26 429 14.300000 389.6181, 311.8395, 423.7911, 303.0886, 428.8405, 322.8066, 394.6675, 331.5575
26 430 14.340000 385.0672, 316.8812, 419.1321, 308.8991, 423.7862, 328.7610, 389.7214, 336.7432
26 431 14.370000 381.4899, 320.6256, 415.6260, 313.6492, 419.7028, 333.5970, 385.5667, 340.5734
26 432 14.400000 377.6861, 324.8668, 411.6553, 318.3087, 415.5230, 338.3428, 381.5538, 344.9008
26 433 14.440000 372.4969, 330.6595, 406.4482, 325.2834, 409.6358, 345.4138, 375.6845, 350.7899
26 434 14.470000 368.5450, 335.1849, 402.5712, 331.0780, 405.0061, 351.2515, 370.9799, 355.3584
26 435 14.500000 364.4215, 340.1357, 398.3520, 336.8031, 400.3394, 357.0378, 366.4089, 360.3703
26 436 14.540000 358.8079, 346.3775, 392.6602, 344.3260, 393.8896, 364.6134, 360.0373, 366.6649
26 437 14.570000 354.5697, 350.4275, 388.4104, 349.6626, 388.8695, 369.9723, 355.0287, 370.7372
26 438 14.600000 350.0871, 354.5043, 383.7191, 354.0339, 384.0034, 374.3540, 350.3713, 374.8244
26 439 14.640000 344.1660, 359.0668, 377.6002, 359.4041, 377.3956, 379.6870, 343.9613, 379.3497
26 440 14.670000 339.8632, 361.7088, 373.2307, 363.2135, 372.3157, 383.5044, 338.9481, 381.9997
26 441 14.700000 335.3098, 364.5444, 368.4469, 365.9695, 367.5715, 386.3249, 334.4344, 384.8998
26 442 14.740000 329.4793, 367.4522, 362.3940, 369.4376, 361.1630, 389.8455, 328.2484, 387.8601
26 443 14.770000 325.3311, 369.0069, 358.1294, 371.9755, 356.2868, 392.3332, 323.4885, 389.3646
26 444 14.800000 320.9465, 370.7817, 353.5231, 373.4657, 351.8359, 393.9440, 319.2593, 391.2600
26 445 14.840000 315.4043, 372.4260, 347.7505, 375.3670, 345.8836, 395.8994, 313.5374, 392.9584
26 446 14.870000 311.5025, 373.1146, 343.7180, 376.7665, 341.3949, 397.2602, 309.1794, 393.6083
26 447 14.900000 307.3773, 374.0548, 339.3854, 377.1944, 337.3641, 397.8021, 305.3560, 394.6626
26 448 14.940000 302.2317, 374.6003, 334.0234, 377.7722, 331.9626, 398.4273, 300.1709, 395.2554
26 449 14.970000 298.6522, 374.4819, 330.3294, 378.2541, 327.8749, 398.8654, 296.1977, 395.0932
