46 0 0.010000 183.9492, 122.6116, 209.2273, 123.6090, 208.6428, 138.4252, 183.3647, 137.4279
46 1 0.040000 183.8562, 122.8871, 209.1809, 123.7074, 208.6818, 139.1180, 183.3571, 138.2977
46 2 0.070000 183.7301, 123.4487, 209.0880, 124.0185, 208.7277, 140.0492, 183.3698, 139.4793
46 3 0.110000 183.5852, 124.2810, 208.9690, 124.5995, 208.7607, 141.1979, 183.3769, 140.8794
46 4 0.140000 183.4948, 124.8544, 208.8896, 125.0383, 208.7675, 141.8936, 183.3728, 141.7096
46 5 0.170000 183.4277, 125.3456, 208.8461, 125.4906, 208.7492, 142.4788, 183.3308, 142.3339
46 6 0.200000 183.3625, 125.8177, 208.7937, 125.9222, 208.7237, 142.9537, 183.2925, 142.8492
46 7 0.240000 183.2932, 126.4281, 208.7545, 126.5687, 208.6608, 143.5377, 183.1995, 143.3971
46 8 0.270000 183.2551, 126.9063, 208.7527, 127.1522, 208.5902, 143.9989, 183.0926, 143.7530
46 9 0.310000 183.1998, 127.6652, 208.7309, 128.0381, 208.4881, 144.6629, 182.9569, 144.2900
46 10 0.340000 183.1477, 128.3585, 208.6859, 128.7803, 208.4144, 145.2170, 182.8763, 144.7953
46 11 0.370000 183.1259, 129.0943, 208.6999, 129.7126, 208.3084, 145.9060, 182.7344, 145.2878
46 12 0.400000 183.0745, 129.9863, 208.6456, 130.6492, 208.2313, 146.6276, 182.6602, 145.9647
46 13 0.440000 183.0356, 131.2721, 208.6197, 132.1066, 208.1091, 147.7602, 182.5251, 146.9258
46 14 0.470000 183.0606, 132.2619, 208.6737, 133.4203, 207.9810, 148.7373, 182.3679, 147.5789
46 15 0.500000 183.0228, 133.3820, 208.6126, 134.5240, 207.9377, 149.6469, 182.3479, 148.5049
46 16 0.540000 183.0759, 134.7556, 208.6557, 136.1678, 207.8430, 150.8886, 182.2632, 149.4764
46 17 0.570000 183.2236, 135.6191, 208.8037, 137.5348, 207.7343, 151.8147, 182.1541, 149.8990
46 18 0.610000 183.4275, 136.7016, 208.9575, 139.0348, 207.6972, 152.8252, 182.1672, 150.4920
46 19 0.640000 183.5607, 137.4881, 209.0241, 139.8002, 207.7921, 153.3685, 182.3287, 151.0564
46 20 0.670000 183.8210, 138.0458, 209.2376, 140.6759, 207.8673, 153.9188, 182.4506, 151.2888
46 21 0.700000 183.9656, 138.7507, 209.3073, 140.9762, 208.1539, 154.1093, 182.8123, 151.8837
46 22 0.740000 184.4130, 139.2477, 209.6647, 141.6650, 208.4411, 154.4463, 183.1895, 152.0290
46 23 0.770000 184.8885, 139.3147, 210.0773, 142.2040, 208.6404, 154.7307, 183.4516, 151.8414
46 24 0.800000 185.2622, 139.5160, 210.3825, 142.2150, 209.0461, 154.6526, 183.9259, 151.9536
46 25 0.840000 185.9644, 139.3917, 210.9952, 142.2983, 209.5717, 154.5575, 184.5409, 151.6509
46 26 0.870000 186.7057, 138.9470, 211.6419, 142.5692, 209.9023, 154.5451, 184.9661, 150.9229
46 27 0.900000 187.2824, 138.7166, 212.1752, 142.1183, 210.5402, 154.0828, 185.6474, 150.6811
46 28 0.940000 188.3277, 137.9827, 213.1327, 141.6892, 211.3669, 153.5064, 186.5619, 149.7998
46 29 0.970000 189.3212, 137.1465, 214.0221, 141.4935, 211.9792, 153.1021, 187.2782, 148.7551
46 30 1.000000 190.2180, 136.4941, 214.8673, 140.7546, 212.8623, 152.3548, 188.2129, 148.0942
46 31 1.040000 191.7150, 135.3194, 216.2391, 140.0434, 214.0309, 151.5065, 189.5069, 146.7824
46 32 1.070000 193.0861, 134.2312, 217.4475, 139.7544, 214.8927, 151.0230, 190.5313, 145.4999
46 33 1.110000 195.0221, 132.8630, 219.1740, 139.1472, 216.2812, 150.2652, 192.1292, 143.9810
46 34 1.140000 196.5632, 131.9072, 220.5876, 138.5218, 217.5376, 149.5994, 193.5132, 142.9848
46 35 1.170000 198.4076, 130.7660, 222.1942, 138.1541, 218.8021, 149.0753, 195.0155, 141.6872
46 36 1.210000 200.9685, 129.3932, 224.5464, 137.2261, 220.9194, 148.1438, 197.3415, 140.3109
46 37 1.240000 202.9307, 128.5023, 226.4851, 136.0795, 222.9023, 147.2170, 199.3479, 139.6398
46 38 1.270000 205.3162, 127.3245, 228.6829, 135.3281, 224.8707, 146.4579, 201.5040, 138.4543
46 39 1.310000 208.5871, 125.8790, 231.8876, 133.7612, 228.0459, 145.1177, 204.7454, 137.2354
46 40 1.340000 211.1544, 124.8379, 234.4928, 132.2038, 230.8062, 143.8847, 207.4678, 136.5188
46 41 1.370000 214.1519, 123.4777, 237.3789, 130.9834, 233.5664, 142.7816, 210.3393, 135.2758
46 42 1.410000 218.2624, 121.7266, 241.4651, 128.7580, 237.7658, 140.9652, 214.5631, 133.9338
46 43 1.440000 221.4456, 120.4630, 244.6703, 126.7370, 241.2597, 139.3622, 218.0350, 133.0882
46 44 1.470000 225.0088, 118.9195, 248.1447, 125.0815, 244.7249, 137.9214, 221.5891, 131.7595
46 45 1.510000 229.8730, 117.0052, 252.9227, 122.6724, 249.6734, 135.8881, 226.6237, 130.2209
46 46 1.540000 233.5075, 115.8891, 256.4884, 120.6884, 253.6480, 134.2892, 230.6671, 129.4899
46 47 1.570000 237.3710, 114.7597, 260.2423, 119.1938, 257.5617, 133.0208, 234.6904, 128.5866
46 48 1.610000 242.5257, 113.6973, 265.2136, 117.2834, 262.9759, 131.4410, 240.2879, 127.8549
46 49 1.640000 246.4073, 113.1951, 268.9085, 115.9558, 267.1403, 130.3677, 244.6391, 127.6070
46 50 1.670000 250.4592, 112.6753, 272.7933, 115.0965, 271.2177, 129.6296, 248.8837, 127.2083
46 51 1.710000 255.8490, 112.3371, 277.9088, 114.0744, 276.7518, 128.7660, 254.6919, 127.0287
46 52 1.740000 259.8644, 112.3608, 281.6591, 113.3846, 280.9641, 128.1786, 259.1695, 127.1549
46 53 1.770000 263.9982, 112.3185, 285.6072, 113.1055, 285.0676, 127.9231, 263.4586, 127.1361
46 54 1.810000 269.4323, 112.6242, 290.7339, 112.8186, 290.5986, 127.6482, 269.2971, 127.4538
46 55 1.840000 273.4495, 113.1085, 294.4687, 112.7030, 294.7544, 127.5140, 273.7352, 127.9195
46 56 1.870000 277.5218, 113.5407, 298.3644, 112.9469, 298.7848, 127.7038, 277.9422, 128.2975
46 57 1.910000 282.8399, 114.4564, 303.3934, 113.3981, 304.1479, 128.0490, 283.5943, 129.1074
46 58 1.940000 286.7268, 115.4134, 307.2527, 113.7875, 308.4041, 128.3225, 287.8781, 129.9484
46 59 1.970000 290.6367, 116.2699, 311.1561, 114.4930, 312.4045, 128.9094, 291.8850, 130.6862
46 60 2.010000 295.6195, 117.6499, 316.1562, 115.4021, 317.7129, 129.6246, 297.1762, 131.8723
46 61 2.040000 299.0267, 118.7859, 319.7361, 116.0009, 321.6228, 130.0305, 300.9134, 132.8155
46 62 2.070000 302.5842, 119.4639, 323.3956, 116.8377, 325.1518, 130.7548, 304.3404, 133.3811
46 63 2.110000 306.9895, 120.4384, 327.9553, 117.6235, 329.7965, 131.3371, 308.8307, 134.1521
46 64 2.140000 310.0558, 121.1814, 331.1388, 117.9635, 333.2062, 131.5083, 312.1231, 134.7263
46 65 2.170000 313.1941, 121.4747, 334.3606, 118.4598, 336.2781, 131.9218, 315.1116, 134.9367
46 66 2.210000 317.0134, 121.9497, 338.3010, 118.7456, 340.3038, 132.0517, 319.0162, 135.2558
46 67 2.240000 319.5967, 122.4159, 340.9617, 118.6634, 343.2673, 131.7904, 321.9023, 135.5429
46 68 2.270000 322.2060, 122.4478, 343.6462, 118.7248, 345.9109, 131.7665, 324.4706, 135.4895
46 69 2.310000 325.3124, 122.6039, 346.8295, 118.4547, 349.3066, 131.3007, 327.7895, 135.4498
46 70 2.340000 327.4092, 122.6952, 348.9628, 118.0624, 351.6876, 130.7392, 330.1339, 135.3720
46 71 2.370000 329.4923, 122.3131, 351.1110, 117.8234, 353.7342, 130.4546, 332.1155, 134.9443
46 72 2.410000 331.9426, 121.7523, 353.6417, 117.2772, 356.2264, 129.8101, 334.5272, 134.2852
46 73 2.440000 333.4644, 121.4918, 355.1728, 116.5446, 357.9912, 128.9119, 336.2827, 133.8590
46 74 2.470000 335.0048, 120.6151, 356.8045, 116.0894, 359.3714, 128.4536, 337.5717, 132.9793
46 75 2.510000 336.6484, 119.6666, 358.5038, 115.0986, 361.0692, 127.3725, 339.2138, 131.9406
46 76 2.540000 337.6383, 118.9879, 359.5194, 114.2026, 362.1907, 126.4173, 340.3096, 131.2026
46 77 2.570000 338.6069, 117.9007, 360.5630, 113.5244, 363.0153, 125.8278, 341.0592, 130.2041
46 78 2.610000 339.5711, 116.5947, 361.5960, 112.4141, 363.9524, 124.8286, 341.9275, 129.0092
46 79 2.640000 340.0604, 115.6975, 362.1214, 111.4413, 364.5329, 123.9409, 342.4719, 128.1970
46 80 2.670000 340.5760, 114.3535, 362.7031, 110.7108, 364.8009, 123.4536, 342.6738, 127.0962
46 81 2.710000 340.9429, 112.7422, 363.1300, 109.4784, 365.0461, 122.5039, 342.8589, 125.7677
46 82 2.740000 341.0030, 111.6008, 363.2309, 108.3914, 365.1404, 121.6169, 342.9125, 124.8262
46 83 2.770000 341.1106, 110.0865, 363.3699, 107.4830, 364.9514, 121.0041, 342.6921, 123.6076
46 84 2.800000 340.9473, 108.7979, 363.2474, 106.2721, 364.8062, 120.0348, 342.5061, 122.5606
46 85 2.840000 340.6719, 106.7754, 363.0184, 104.6646, 364.3568, 118.8335, 342.0103, 120.9443
46 86 2.870000 340.5227, 104.9371, 362.8594, 103.5503, 363.7618, 118.0848, 341.4251, 119.4716
46 87 2.900000 340.0274, 103.4118, 362.4369, 102.0290, 363.3517, 116.8552, 340.9422, 118.2379
46 88 2.940000 339.4351, 101.0468, 361.8827, 100.0905, 362.5317, 115.3250, 340.0841, 116.2813
46 89 2.970000 339.0775, 99.0231, 361.4795, 98.7031, 361.7023, 114.2996, 339.3003, 114.6196
46 90 3.000000 338.3103, 97.4066, 360.8460, 96.9228, 361.1871, 112.8119, 338.6514, 113.2957
46 91 3.040000 337.5771, 94.9451, 360.1063, 94.9559, 360.0986, 111.2678, 337.5693, 111.2571
46 92 3.070000 337.0409, 93.1931, 359.5356, 93.6461, 359.2021, 110.2058, 336.7075, 109.7528
46 93 3.100000 336.3549, 91.6893, 358.8727, 92.3110, 358.4098, 109.0786, 335.8920, 108.4569
46 94 3.140000 335.4242, 89.8383, 357.9795, 90.6971, 357.3318, 107.7096, 334.7765, 106.8509
46 95 3.170000 334.9295, 88.3885, 357.3666, 89.7689, 356.3093, 106.9559, 333.8721, 105.5756
46 96 3.200000 334.0531, 87.3617, 356.6231, 88.6086, 355.6660, 105.9310, 333.0961, 104.6840
46 97 3.240000 333.1172, 85.9546, 355.7085, 87.3957, 354.5950, 104.8516, 332.0037, 103.4105
46 98 3.270000 332.5444, 84.9023, 355.0685, 86.6772, 353.6864, 104.2163, 331.1624, 102.4415
46 99 3.300000 331.6772, 84.1721, 354.3436, 85.7777, 353.0958, 103.3926, 330.4295, 101.7871
46 100 3.340000 330.7631, 83.1520, 353.4660, 84.8811, 352.1189, 102.5676, 329.4161, 100.8385
46 101 3.370000 330.2768, 82.3492, 352.8796, 84.4506, 351.2335, 102.1561, 328.6307, 100.0546
46 102 3.400000 329.4985, 81.8572, 352.2217, 83.8289, 350.6827, 101.5656, 327.9595, 99.5939
46 103 3.440000 328.7005, 81.1800, 351.4395, 83.2890, 349.7932, 101.0388, 327.0542, 98.9298
46 104 3.470000 328.2132, 80.6488, 350.9328, 83.1349, 348.9936, 100.8563, 326.2740, 98.3702
46 105 3.500000 327.5539, 80.4739, 350.3617, 82.8042, 348.5517, 100.5196, 325.7440, 98.1893
46 106 3.540000 326.8398, 80.2546, 349.7193, 82.7595, 347.7832, 100.4439, 324.9037, 97.9390
46 107 3.570000 326.4185, 80.1496, 349.3196, 83.0268, 347.1029, 100.6698, 324.2019, 97.7925
46 108 3.600000 325.9116, 80.4012, 348.8893, 83.2394, 346.7105, 100.8784, 323.7328, 98.0402
46 109 3.640000 325.3990, 80.8604, 348.4353, 83.9656, 346.0619, 101.5728, 323.0257, 98.4676
46 110 3.670000 325.1174, 81.3570, 348.1725, 84.8145, 345.5385, 102.3783, 322.4834, 98.9209
46 111 3.700000 324.7361, 82.2807, 347.8850, 85.6173, 345.3521, 103.1898, 322.2032, 99.8532
46 112 3.740000 324.3671, 83.7746, 347.6104, 87.1525, 345.0589, 104.7090, 321.8156, 101.3311
46 113 3.770000 324.1844, 85.1337, 347.4797, 88.6690, 344.8200, 106.1948, 321.5246, 102.6595
46 114 3.800000 323.9132, 86.9699, 347.3270, 90.2487, 344.8710, 107.7867, 321.4572, 104.5078
46 115 3.840000 323.6668, 89.8298, 347.2097, 92.9526, 344.8853, 110.4767, 321.3424, 107.3540
46 116 3.870000 323.5508, 92.3380, 347.1757, 95.4565, 344.8665, 112.9502, 321.2416, 109.8316
46 117 3.900000 323.3638, 95.3774, 347.1132, 98.1829, 345.0483, 115.6633, 321.2989, 112.8578
46 118 3.940000 323.1897, 99.9787, 347.0839, 102.5121, 345.2359, 119.9421, 321.3417, 117.4086
46 119 3.970000 323.0771, 103.8120, 347.0988, 106.2239, 345.3544, 123.5982, 321.3326, 121.1864
46 120 4.000000 322.7767, 108.0294, 347.0805, 110.0225, 345.6597, 127.3476, 321.3559, 125.3544
46 121 4.040000 322.5390, 113.6194, 347.1357, 115.2319, 346.0061, 132.4637, 321.4093, 130.8512
46 122 4.070000 322.5393, 117.5442, 347.2621, 119.1255, 346.1660, 136.2608, 321.4432, 134.6794
46 123 4.100000 322.3675, 121.5026, 347.3142, 122.6334, 346.5427, 139.6545, 321.5960, 138.5237
46 124 4.140000 322.4026, 126.3024, 347.5273, 127.3264, 346.8417, 144.1456, 321.7171, 143.1216
46 125 4.170000 322.6442, 129.5269, 347.7781, 130.8674, 346.8865, 147.5842, 321.7526, 146.2437
46 126 4.200000 322.5108, 133.0551, 347.8730, 133.9046, 347.3166, 150.5164, 321.9544, 149.6670
46 127 4.240000 322.5712, 137.4172, 348.0928, 138.0788, 347.6639, 154.6219, 322.1424, 153.9603
46 128 4.270000 322.7283, 140.5745, 348.3088, 141.3589, 347.8045, 157.8074, 322.2239, 157.0230
46 129 4.300000 322.5758, 144.1241, 348.3524, 144.3270, 348.2238, 160.6655, 322.4472, 160.4626
46 130 4.340000 322.6017, 148.7240, 348.5057, 148.7428, 348.4940, 164.8885, 322.5900, 164.8698
46 131 4.370000 322.6930, 152.1672, 348.6525, 152.3054, 348.5670, 168.3735, 322.6074, 168.2352
46 132 4.400000 322.5878, 156.0143, 348.6573, 155.8272, 348.7718, 171.7894, 322.7024, 171.9764
46 133 4.440000 322.5462, 161.2360, 348.7038, 160.9962, 348.8493, 176.8638, 322.6917, 177.1035
46 134 4.470000 322.5696, 165.2500, 348.7472, 165.2037, 348.7751, 180.9999, 322.5976, 181.0462
46 135 4.500000 322.4075, 169.5602, 348.6582, 169.3046, 348.8113, 185.0286, 322.5606, 185.2842
46 136 4.540000 322.1868, 175.0764, 348.5231, 174.6949, 348.7503, 190.3858, 322.4140, 190.7673
46 137 4.570000 322.0976, 178.8130, 348.4610, 178.6845, 348.5373, 194.3344, 322.1739, 194.4629
46 138 4.600000 321.6226, 182.7911, 348.1198, 181.9654, 348.6055, 197.5535, 322.1084, 198.3792
46 139 4.640000 321.1682, 187.3707, 347.7601, 186.3748, 348.3419, 201.9070, 321.7500, 202.9030
46 140 4.670000 320.9385, 190.2956, 347.5526, 189.7195, 347.8889, 205.2566, 321.2748, 205.8328
46 141 4.700000 320.3611, 193.4783, 347.0788, 192.5004, 347.6471, 208.0277, 320.9294, 209.0056
46 142 4.740000 319.7723, 197.1059, 346.5562, 196.4120, 346.9599, 211.9953, 320.1761, 212.6892
46 143 4.770000 319.3894, 199.5527, 346.1931, 199.4328, 346.2630, 215.0660, 319.4593, 215.1858
46 144 4.800000 318.7356, 202.2755, 345.6261, 202.0841, 345.7377, 217.7576, 318.8472, 217.9491
46 145 4.840000 317.9651, 205.6467, 344.9345, 205.8287, 344.8281, 221.5885, 317.8588, 221.4065
46 146 4.870000 317.5181, 207.9796, 344.4896, 208.8949, 343.9523, 224.7287, 316.9808, 223.8134
46 147 4.900000 316.7995, 210.7098, 343.8788, 211.6698, 343.3151, 227.5720, 316.2358, 226.6120
46 148 4.940000 315.9908, 214.2174, 343.1859, 215.7865, 342.2646, 231.7539, 315.0695, 230.1847
46 149 4.970000 315.5090, 216.7677, 342.7562, 219.1490, 341.3560, 235.1698, 314.1088, 232.7886
46 150 5.000000 314.9155, 219.6285, 342.2495, 222.2574, 340.7023, 238.3449, 313.3683, 235.7161
46 151 5.040000 314.3164, 223.2017, 341.7283, 226.4549, 339.8042, 242.6677, 312.3923, 239.4145
46 152 5.070000 314.0291, 225.6833, 341.4645, 229.5744, 339.1575, 245.8403, 311.7221, 241.9492
46 153 5.100000 313.5828, 228.4502, 341.1509, 232.1161, 338.9758, 248.4728, 311.4077, 244.8068
46 154 5.140000 313.2892, 231.7592, 340.9783, 235.6014, 338.6998, 252.0216, 311.0107, 248.1794
46 155 5.170000 313.3556, 233.9383, 341.0496, 238.3551, 338.4267, 254.8016, 310.7327, 250.3849
46 156 5.200000 313.2137, 236.3925, 341.1105, 240.6676, 338.5822, 257.1653, 310.6854, 252.8902
46 157 5.240000 313.5195, 239.3152, 341.4892, 244.0984, 338.6650, 260.6124, 310.6954, 255.8292
46 158 5.270000 314.0073, 241.4187, 341.9502, 246.8174, 338.7649, 263.3042, 310.8220, 257.9055
46 159 5.300000 314.2391, 243.9375, 342.4171, 249.1295, 339.3764, 265.6316, 311.1985, 260.4395
46 160 5.340000 314.9097, 247.2667, 343.2886, 252.5298, 340.2364, 268.9876, 311.8575, 263.7245
46 161 5.370000 315.6505, 249.8006, 344.1151, 255.3205, 340.9376, 271.7066, 312.4729, 266.1867
46 162 5.400000 316.1897, 252.7906, 344.9543, 257.8660, 342.0719, 274.2020, 313.3072, 269.1267
46 163 5.440000 317.2014, 256.9059, 346.2742, 261.6336, 343.6408, 277.8272, 314.5681, 273.0996
46 164 5.470000 318.1698, 260.0507, 347.4161, 264.7132, 344.8603, 280.7441, 315.6141, 276.0816
46 165 5.500000 318.9525, 263.5863, 348.5363, 267.4299, 346.4784, 283.2687, 316.8946, 279.4251
46 166 5.540000 320.3668, 267.8386, 350.2707, 270.9933, 348.6328, 286.5189, 318.7289, 283.3642
46 167 5.570000 321.9316, 270.1259, 351.8907, 273.7735, 350.0235, 289.1093, 320.0644, 285.4618
46 168 5.600000 323.2465, 272.5380, 353.4354, 275.6296, 351.8818, 290.7997, 321.6929, 287.7080
46 169 5.640000 325.3784, 274.8853, 355.7656, 277.7949, 354.3314, 292.7743, 323.9441, 289.8648
46 170 5.670000 327.3046, 275.8967, 357.7554, 279.3093, 356.0892, 294.1766, 325.6385, 290.7641
46 171 5.700000 328.8991, 277.2447, 359.5822, 279.7939, 358.3594, 294.5120, 327.6763, 291.9629
46 172 5.740000 331.4377, 278.0503, 362.3169, 280.3267, 361.2420, 294.9077, 330.3628, 292.6313
46 173 5.770000 333.5623, 278.0209, 364.5378, 280.5436, 363.3560, 295.0535, 332.3806, 292.5308
46 174 5.800000 335.4141, 278.2470, 366.5860, 279.8451, 365.8488, 294.2251, 334.6768, 292.6269
46 175 5.840000 338.2107, 277.5414, 369.5586, 278.7962, 368.9885, 293.0378, 337.6406, 291.7830
46 176 5.870000 340.4859, 276.2804, 371.9404, 277.8222, 371.2441, 292.0262, 339.7897, 290.4844
46 177 5.900000 342.4896, 275.2437, 374.0957, 275.9178, 373.7944, 290.0430, 342.1884, 289.3689
46 178 5.940000 345.3886, 272.8060, 377.1602, 273.1796, 376.9940, 287.3088, 345.2224, 286.9352
46 179 5.970000 347.7543, 270.1288, 379.6354, 271.1116, 379.2001, 285.2326, 347.3190, 284.2498
46 180 6.000000 349.8403, 267.8338, 381.8569, 268.2891, 381.6561, 282.4157, 349.6394, 281.9604
46 181 6.040000 352.7796, 264.3735, 384.9572, 264.8545, 384.7461, 278.9792, 352.5685, 278.4982
46 182 6.070000 354.9591, 261.9685, 387.2576, 262.4377, 387.0524, 276.5654, 354.7538, 276.0962
46 183 6.100000 356.9521, 260.1565, 389.3733, 259.8919, 389.4886, 274.0191, 357.0674, 274.2836
46 184 6.140000 359.6402, 257.8477, 392.2086, 256.9380, 392.6031, 271.0626, 360.0347, 271.9723
46 185 6.170000 361.6819, 256.1057, 394.3630, 255.0781, 394.8092, 269.2677, 362.1280, 270.2953
46 186 6.200000 363.5592, 254.8083, 396.3236, 253.1188, 397.0557, 267.3172, 364.2914, 269.0067
46 187 6.240000 366.0706, 252.9455, 398.9595, 250.9306, 399.8366, 265.2471, 366.9477, 267.2620
46 188 6.270000 367.9764, 251.3397, 400.9791, 249.6341, 401.7299, 264.1618, 368.7272, 265.8674
46 189 6.300000 369.6531, 250.2571, 402.7262, 248.0951, 403.6823, 262.7221, 370.6093, 264.8840
46 190 6.340000 371.9063, 248.5187, 405.0953, 246.4606, 406.0193, 261.3613, 372.8303, 263.4194
46 191 6.370000 373.5914, 247.0548, 406.8729, 245.4850, 407.5894, 260.6750, 374.3079, 262.2448
46 192 6.400000 375.0494, 246.0456, 408.3919, 244.2599, 409.2160, 259.6458, 375.8734, 261.4316
46 193 6.440000 377.0070, 244.4266, 410.4351, 242.9388, 411.1376, 258.7227, 377.7095, 260.2105
46 194 6.470000 378.5217, 242.9806, 411.9913, 242.2014, 412.3674, 258.3555, 378.8978, 259.1348
46 195 6.500000 379.7914, 241.9474, 413.3024, 241.1404, 413.6980, 257.5645, 380.1869, 258.3715
46 196 6.540000 381.5286, 240.2497, 415.0659, 239.8890, 415.2463, 256.6651, 381.7090, 257.0258
46 197 6.570000 382.9303, 238.6209, 416.4297, 239.0835, 416.1945, 256.1129, 382.6951, 255.6504
46 198 6.600000 383.9991, 237.4311, 417.5310, 237.7240, 417.3815, 254.8365, 383.8496, 254.5435
46 199 6.640000 385.6173, 235.2424, 419.1060, 236.0581, 418.6863, 253.2899, 385.1976, 252.4742
46 200 6.670000 387.0483, 233.0786, 420.3921, 234.9533, 419.4177, 252.2846, 386.0738, 250.4099
46 201 6.700000 388.1836, 231.2454, 421.4921, 233.2645, 420.4432, 250.5681, 387.1347, 248.5490
46 202 6.740000 389.9815, 228.1933, 423.1078, 231.0379, 421.6265, 248.2883, 388.5001, 245.4436
46 203 6.770000 391.5218, 225.5159, 424.4182, 229.2729, 422.4549, 246.4638, 389.5585, 242.7067
46 204 6.800000 392.6835, 223.2404, 425.5897, 226.6911, 423.8042, 243.7182, 390.8980, 240.2675
46 205 6.840000 394.5509, 219.5557, 427.3568, 223.0447, 425.5690, 239.8553, 392.7631, 236.3663
46 206 6.870000 396.2692, 216.1538, 428.8807, 220.2088, 426.8079, 236.8788, 394.1964, 232.8237
46 207 6.900000 397.6001, 213.1036, 430.2847, 216.3922, 428.6305, 232.8324, 395.9459, 229.5437
46 208 6.940000 399.8487, 208.0320, 432.4538, 211.1460, 430.9054, 227.3578, 398.3004, 224.2438
46 209 6.970000 401.9000, 203.4762, 434.3101, 207.1754, 432.4713, 223.2862, 400.0612, 219.5870
46 210 7.000000 403.6379, 199.3133, 436.0655, 202.4811, 434.5049, 218.4569, 402.0773, 215.2892
46 211 7.040000 406.2002, 193.7020, 438.5660, 196.6058, 437.1438, 212.4578, 404.7780, 209.5540
46 212 7.070000 408.0552, 189.9852, 440.4564, 192.4457, 439.2605, 208.1949, 406.8593, 205.7344
46 213 7.100000 409.7548, 186.8891, 442.2818, 188.3938, 441.5592, 204.0140, 409.0322, 202.5092
46 214 7.140000 412.1532, 183.0842, 444.7934, 183.7006, 444.5018, 199.1443, 411.8616, 198.5280
46 215 7.170000 414.0368, 180.3841, 446.7371, 180.6620, 446.6067, 196.0059, 413.9064, 195.7280
46 216 7.200000 415.7658, 178.2027, 448.5573, 177.6302, 448.8224, 192.8136, 416.0309, 193.3861
46 217 7.240000 418.1483, 175.3433, 451.0328, 174.0909, 451.6056, 189.1304, 418.7210, 190.3828
46 218 7.270000 419.9749, 173.1640, 452.9266, 171.7801, 453.5569, 186.7869, 420.6051, 188.1709
46 219 7.300000 421.5855, 171.5049, 454.6058, 169.2803, 455.6089, 184.1690, 422.5886, 186.3936
46 220 7.340000 423.7455, 169.1542, 456.8538, 166.3103, 458.1281, 181.1446, 425.0198, 183.9885
46 221 7.370000 425.3512, 167.2363, 458.5420, 164.3241, 459.8487, 179.2175, 426.6580, 182.1297
46 222 7.400000 426.7096, 165.8108, 459.9440, 162.0517, 461.6223, 176.8900, 428.3879, 180.6491
46 223 7.440000 428.4631, 163.6191, 461.7774, 159.2863, 463.7164, 174.1952, 430.4021, 178.5280
46 224 7.470000 429.7139, 161.7237, 463.1218, 157.3994, 465.0741, 172.4824, 431.6662, 176.8066
46 225 7.500000 430.6866, 160.3235, 464.1153, 155.1891, 466.4351, 170.2927, 433.0065, 175.4272
46 226 7.540000 431.8612, 158.1692, 465.3579, 152.5122, 467.9323, 167.7560, 434.4356, 173.4129
46 227 7.570000 432.6322, 156.3365, 466.2165, 150.7013, 468.8085, 166.1491, 435.2243, 171.7843
46 228 7.600000 433.0777, 155.1437, 466.6267, 148.5314, 469.6617, 163.9302, 436.1127, 170.5424
46 229 7.640000 433.4906, 153.1910, 467.0420, 145.9028, 470.4047, 161.3826, 436.8532, 168.6709
46 230 7.670000 433.6605, 151.3056, 467.2978, 144.1788, 470.6299, 159.9057, 436.9926, 167.0325
46 231 7.700000 433.5019, 149.9021, 467.1019, 142.1526, 470.7360, 157.9092, 437.1360, 165.6587
46 232 7.740000 433.0618, 147.4494, 466.7269, 139.7267, 470.4058, 155.7641, 436.7408, 163.4867
46 233 7.770000 432.5586, 145.1768, 466.3428, 138.0766, 469.7952, 154.5041, 436.0110, 161.6043
46 234 7.800000 431.6986, 143.3561, 465.4858, 136.0694, 469.0647, 152.6639, 435.2775, 159.9506
46 235 7.840000 430.3333, 140.3099, 464.2133, 133.5641, 467.6107, 150.6269, 433.7307, 157.3727
46 236 7.870000 429.1984, 137.5135, 463.1707, 131.8066, 466.1238, 149.3863, 432.1516, 155.0932
46 237 7.900000 427.6890, 135.1454, 461.6782, 129.6076, 464.5896, 147.4769, 430.6004, 153.0147
46 238 7.940000 425.5621, 131.3719, 459.5752, 126.7618, 462.0727, 145.1885, 428.0596, 149.7985
46 239 7.970000 423.9856, 128.0339, 457.9544, 124.7604, 459.7843, 143.7495, 425.8156, 147.0231
46 240 8.000000 421.9609, 125.3645, 455.9126, 122.2653, 457.6716, 141.5350, 423.7199, 144.6341
46 241 8.040000 419.4830, 121.2958, 453.2975, 119.5504, 454.3220, 139.3984, 420.5075, 141.1438
46 242 8.070000 417.7133, 118.2711, 451.3174, 117.8795, 451.5541, 138.1900, 417.9499, 138.5815
46 243 8.100000 415.6591, 115.8545, 449.1302, 116.1060, 448.9752, 136.7362, 415.5041, 136.4848
46 244 8.140000 413.0093, 112.7859, 446.2218, 114.1258, 445.3719, 135.1903, 412.1594, 133.8504
46 245 8.170000 411.1841, 110.5266, 444.0885, 112.9494, 442.5144, 134.3275, 409.6100, 131.9047
46 246 8.200000 408.9938, 108.8605, 441.8156, 111.5501, 440.0447, 133.1606, 407.2229, 130.4710
46 247 8.240000 406.3126, 106.6713, 438.9033, 110.0682, 436.6196, 131.9788, 404.0289, 128.5819
46 248 8.270000 404.5220, 105.0416, 436.8245, 109.2405, 433.9480, 131.3700, 401.6455, 127.1712
46 249 8.300000 402.3696, 103.9355, 434.6838, 108.1522, 431.7731, 130.4584, 399.4589, 126.2417
46 250 8.340000 399.8374, 102.4558, 432.0158, 107.0904, 428.7697, 129.6278, 396.5913, 124.9932
46 251 8.370000 398.1983, 101.3723, 430.1561, 106.5897, 426.4535, 129.2695, 394.4956, 124.0521
46 252 8.400000 396.2471, 100.7474, 428.2902, 105.8741, 424.6387, 128.6969, 392.5956, 123.5702
46 253 8.440000 394.1125, 99.8778, 426.0414, 105.4059, 422.0643, 128.3764, 390.1354, 122.8484
46 254 8.470000 392.9307, 99.1662, 424.5531, 105.4434, 419.9795, 128.4838, 388.3571, 122.2066
46 255 8.500000 391.3905, 98.9230, 423.0877, 105.2023, 418.5031, 128.3447, 386.8059, 122.0654
46 256 8.540000 389.7410, 98.5736, 421.4069, 105.1295, 416.5945, 128.3737, 384.9287, 121.8177
46 257 8.570000 388.9786, 98.1777, 420.3912, 105.3621, 415.0725, 128.6171, 383.6599, 121.4326
46 258 8.600000 387.7048, 98.2598, 419.4259, 105.0901, 414.4033, 128.4155, 382.6823, 121.5852
46 259 8.640000 386.6916, 98.1460, 418.4968, 105.1137, 413.3773, 128.4824, 381.5721, 121.5147
46 260 8.670000 386.2258, 98.0523, 418.0197, 105.2480, 412.7276, 128.6310, 380.9337, 121.4353
46 261 8.700000 385.4916, 98.2771, 417.6487, 105.0787, 412.6895, 128.5253, 380.5324, 121.7238
46 262 8.740000 384.9291, 98.5808, 417.4339, 105.0770, 412.7464, 128.5320, 380.2416, 122.0358
46 263 8.770000 384.9897, 98.6605, 417.5253, 105.3861, 412.6824, 128.8139, 380.1468, 122.0883
46 264 8.800000 384.6050, 99.2139, 417.6493, 105.2573, 413.3615, 128.7021, 380.3172, 122.6587
46 265 8.840000 384.6093, 99.8257, 418.0964, 105.4035, 414.1887, 128.8636, 380.7017, 123.2857
46 266 8.870000 385.0113, 100.1708, 418.6425, 105.8141, 414.7110, 129.2438, 381.0798, 123.6005
46 267 8.900000 384.9348, 101.0852, 419.1450, 105.7870, 415.9342, 129.1485, 381.7240, 124.4467
46 268 8.940000 385.4806, 102.0177, 420.1064, 106.3066, 417.2295, 129.5324, 382.6037, 125.2435
46 269 8.970000 386.0533, 102.7530, 420.9417, 106.8349, 418.2351, 129.9687, 383.3467, 125.8868
46 270 9.000000 386.4191, 103.8567, 421.7664, 107.2273, 419.5725, 130.2340, 384.2253, 126.8634
46 271 9.040000 387.0991, 105.5290, 422.9458, 108.0948, 421.3145, 130.8862, 385.4679, 128.3205
46 272 9.070000 387.9084, 106.7362, 423.9711, 109.2403, 422.3973, 131.9048, 386.3346, 129.4006
46 273 9.100000 388.4143, 108.5648, 424.8678, 110.2841, 423.8088, 132.7359, 387.3554, 131.0166
46 274 9.140000 389.3319, 111.1337, 426.1642, 112.2867, 425.4694, 134.4833, 388.6371, 133.3303
46 275 9.170000 390.2020, 113.1433, 427.2120, 114.2950, 426.5261, 136.3354, 389.5161, 135.1837
46 276 9.200000 390.8363, 115.7576, 428.1339, 116.3507, 427.7873, 138.1443, 390.4898, 137.5512
46 277 9.240000 391.8906, 119.4319, 429.4480, 119.8430, 429.2124, 141.3646, 391.6550, 140.9535
46 278 9.270000 392.8080, 122.3829, 430.4923, 123.0533, 430.1122, 144.4184, 392.4279, 143.7480
46 279 9.300000 393.5153, 126.0316, 431.4068, 126.4485, 431.1744, 147.5660, 393.2829, 147.1491
46 280 9.340000 394.6147, 131.3326, 432.7008, 131.9216, 432.3783, 152.7729, 394.2922, 152.1838
46 281 9.370000 395.5182, 135.7752, 433.7079, 136.7813, 433.1632, 157.4605, 394.9734, 156.4544
46 282 9.400000 396.2733, 141.0463, 434.6207, 142.0990, 434.0600, 162.5277, 395.7125, 161.4750
46 283 9.440000 397.3811, 148.9113, 435.8887, 150.3875, 435.1173, 170.5094, 396.6098, 169.0331
46 284 9.470000 398.2695, 155.4422, 436.8694, 157.4456, 435.8365, 177.3465, 397.2366, 175.3431
46 285 9.500000 399.0629, 162.5546, 437.7997, 164.7993, 436.6624, 184.4255, 397.9256, 182.1808
46 286 9.540000 400.2473, 171.7535, 439.1529, 174.5174, 437.7817, 193.8186, 398.8761, 191.0546
46 287 9.570000 401.3190, 177.9381, 440.3208, 181.3722, 438.6375, 200.4898, 399.6357, 197.0557
46 288 9.600000 402.2623, 183.9348, 441.4817, 187.3558, 439.8350, 206.2336, 400.6156, 202.8126
46 289 9.640000 403.7532, 190.8788, 443.2901, 194.4481, 441.5858, 213.3266, 402.0489, 209.7574
46 290 9.670000 405.5701, 194.6768, 445.0617, 199.9412, 442.5194, 219.0129, 403.0278, 213.7485
46 291 9.700000 406.8145, 199.1545, 446.6751, 204.0717, 444.3201, 223.1625, 404.4595, 218.2453
46 292 9.740000 409.1506, 203.9504, 449.2735, 209.5613, 446.5834, 228.7979, 406.4605, 223.1869
46 293 9.770000 411.1763, 207.0634, 451.4829, 213.4028, 448.4333, 232.7921, 408.1267, 226.4526
46 294 9.800000 412.8225, 210.7159, 453.6419, 216.2439, 451.0113, 235.6689, 410.1919, 230.1409
46 295 9.840000 415.7146, 214.5319, 456.9941, 220.2013, 454.2945, 239.8580, 413.0150, 234.1886
46 296 9.870000 418.3443, 216.7525, 459.8218, 223.2614, 456.6931, 243.1989, 415.2156, 236.6899
46 297 9.900000 420.5552, 219.6518, 462.5866, 225.4409, 459.8239, 245.4996, 417.7925, 239.7106
46 298 9.940000 424.0656, 222.8418, 466.6530, 228.5573, 463.9285, 248.8577, 421.3412, 243.1421
46 299 9.970000 427.0448, 224.8103, 469.9639, 230.9660, 467.0128, 251.5417, 424.0937, 245.3860
46 300 10.000000 429.6541, 227.4053, 473.2030, 232.5930, 470.7374, 253.2913, 427.1884, 248.1036
46 301 10.040000 433.7655, 229.8818, 477.9171, 234.9425, 475.5065, 255.9729, 431.3550, 250.9121
46 302 10.070000 437.1947, 231.1238, 481.6968, 236.6411, 479.0509, 257.9834, 434.5487, 252.4662
46 303 10.100000 440.3120, 232.7989, 485.3826, 237.5296, 483.1331, 258.9619, 438.0624, 254.2313
46 304 10.140000 444.8080, 234.3370, 490.5467, 238.4898, 488.5848, 260.0983, 442.8461, 255.9456
46 305 10.170000 448.6378, 234.5921, 494.6944, 239.3214, 492.4452, 261.2262, 446.3885, 256.4969
46 306 10.200000 451.9723, 235.5753, 498.6152, 239.1619, 496.9336, 261.0310, 450.2907, 257.4443
46 307 10.240000 456.8242, 235.9563, 504.0772, 238.9058, 502.7069, 260.8587, 455.4539, 257.9092
46 308 10.270000 460.7578, 235.4585, 508.3544, 238.7045, 506.8429, 260.8686, 459.2463, 257.6226
46 309 10.300000 464.1838, 235.6968, 512.3141, 237.4827, 511.4969, 259.5063, 463.3666, 257.7204
46 310 10.340000 469.1139, 234.8636, 517.7792, 235.8485, 517.3331, 257.8875, 468.6679, 256.9025
46 311 10.370000 473.0138, 233.3379, 521.9980, 234.5535, 521.4460, 256.7978, 472.4618, 255.5822
46 312 10.400000 476.4231, 232.4576, 525.8107, 232.2387, 525.9084, 254.2871, 476.5208, 254.5060
46 313 10.440000 481.1683, 229.9696, 530.9840, 228.9925, 531.4175, 251.0905, 481.6018, 252.0676
46 314 10.470000 484.9038, 226.9557, 534.9845, 226.5857, 535.1505, 249.0535, 485.0698, 249.4235
46 315 10.500000 488.1325, 224.7734, 538.5123, 223.3488, 539.1459, 245.7530, 488.7661, 247.1776
46 316 10.540000 492.5174, 221.5698, 543.2396, 219.5871, 544.1195, 242.0972, 493.3974, 244.0799
46 317 10.570000 495.6869, 219.7024, 546.6442, 217.1652, 547.7652, 239.6806, 496.8080, 242.2178
46 318 10.600000 498.5931, 218.8526, 549.7347, 214.8763, 551.4611, 237.0813, 500.3195, 241.0575
46 319 10.640000 502.4643, 217.9942, 553.7997, 212.7461, 556.0392, 234.6525, 504.7039, 239.9006
46 320 10.670000 505.3367, 217.4448, 556.8233, 211.8451, 559.1970, 233.6709, 507.7105, 239.2706
46 321 10.700000 507.9535, 217.8046, 559.4879, 211.0728, 562.2893, 232.5181, 510.7548, 239.2499
46 322 10.740000 511.3363, 218.3688, 562.9598, 210.9092, 566.0149, 232.0514, 514.3914, 239.5111
46 323 10.770000 513.7567, 218.8672, 565.4899, 211.4153, 568.5252, 232.4873, 516.7920, 239.9392
46 324 10.800000 515.9038, 220.3473, 567.5942, 212.0092, 570.9266, 232.6682, 519.2362, 241.0063
46 325 10.840000 518.5944, 222.4334, 570.2967, 213.6829, 573.7384, 234.0185, 522.0361, 242.7690
46 326 10.870000 520.4690, 224.1223, 572.2461, 215.6247, 575.5702, 235.8790, 523.7931, 244.3765
46 327 10.900000 522.1054, 226.7717, 573.8045, 217.7731, 577.2632, 237.6443, 525.5641, 246.6430
46 328 10.940000 524.0944, 230.6068, 575.7655, 221.5931, 579.1737, 241.1309, 527.5027, 250.1446
46 329 10.970000 525.4235, 233.7375, 577.1237, 225.1248, 580.3550, 244.5213, 528.6547, 253.1340
46 330 11.000000 526.5058, 237.6817, 578.0775, 228.7550, 581.3629, 247.7357, 529.7912, 256.6623
46 331 11.040000 527.5929, 242.6304, 579.0896, 233.8483, 582.2753, 252.5289, 530.7787, 261.3110
46 332 11.070000 528.1438, 245.6994, 579.7183, 237.8340, 582.5669, 256.5129, 530.9924, 264.3783
46 333 11.100000 528.3117, 249.4312, 579.7142, 241.1884, 582.6537, 259.5191, 531.2512, 267.7619
46 334 11.140000 528.1417, 254.0324, 579.3324, 245.5258, 582.3270, 263.5468, 531.1363, 272.0534
46 335 11.170000 527.7924, 256.6373, 579.0344, 249.1000, 581.7066, 267.2667, 530.4646, 274.8041
46 336 11.200000 527.0892, 260.2455, 578.0575, 252.0857, 580.9290, 270.0221, 529.9607, 278.1819
46 337 11.240000 525.8687, 264.1783, 576.7113, 256.5010, 579.4208, 274.4447, 528.5782, 282.1219
46 338 11.270000 524.7560, 266.7249, 575.6054, 260.1093, 577.9463, 278.1022, 527.0969, 284.7178
46 339 11.300000 523.3379, 270.1652, 573.9571, 263.3385, 576.3781, 281.2898, 525.7589, 288.1165
46 340 11.340000 521.2404, 274.2862, 571.7006, 268.1741, 573.8755, 286.1294, 523.4153, 292.2415
46 341 11.370000 519.5381, 277.1675, 569.9468, 272.2087, 571.7222, 290.2566, 521.3135, 295.2154
46 342 11.400000 517.5764, 280.9469, 567.7636, 276.0481, 569.5162, 294.0036, 519.3291, 298.9024
46 343 11.440000 514.8386, 285.8714, 564.8125, 281.8071, 566.2723, 299.7569, 516.2984, 303.8212
46 344 11.470000 512.7045, 289.5693, 562.5456, 286.5588, 563.6355, 304.6034, 513.7944, 307.6139
46 345 11.500000 510.3370, 293.9958, 559.9382, 291.1168, 560.9789, 309.0474, 511.3777, 311.9264
46 346 11.540000 507.0189, 299.5917, 556.3088, 297.1306, 557.2029, 315.0382, 507.9130, 317.4993
46 347 11.570000 504.4591, 303.2311, 553.5335, 301.5650, 554.1407, 319.4480, 505.0663, 321.1141
46 348 11.600000 501.5792, 307.5261, 550.2988, 305.2252, 551.1423, 323.0843, 502.4227, 325.3853
46 349 11.640000 497.7493, 312.1462, 546.0784, 310.2731, 546.7690, 328.0901, 498.4398, 329.9632
46 350 11.670000 494.8945, 314.9429, 542.9638, 314.2140, 543.2333, 331.9862, 495.1640, 332.7151
46 351 11.700000 491.7656, 318.3969, 539.4738, 317.5419, 539.7917, 335.2774, 492.0835, 336.1325
46 352 11.740000 487.6557, 322.3076, 534.9160, 322.2533, 534.9363, 339.9207, 487.6761, 339.9750
46 353 11.770000 484.6647, 324.7635, 531.5819, 326.0357, 531.1032, 343.6885, 484.1861, 342.4163
46 354 11.800000 481.4235, 327.9642, 527.9540, 329.3123, 527.4459, 346.8520, 480.9154, 345.5039
46 355 11.840000 477.2738, 331.7722, 523.2729, 334.1047, 522.3839, 351.6359, 476.3848, 349.3034
46 356 11.870000 474.3120, 334.4136, 519.8674, 338.0322, 518.4694, 355.6322, 472.9140, 352.0136
46 357 11.900000 471.1727, 337.7287, 516.3083, 341.6698, 514.7811, 359.1603, 469.6456, 355.2193
46 358 11.940000 467.2679, 341.9529, 511.7721, 347.1266, 509.7465, 364.5503, 465.2424, 359.3766
46 359 11.970000 464.5903, 345.0244, 508.5258, 351.6798, 505.8921, 369.0660, 461.9566, 362.4106
46 360 12.000000 461.8214, 348.6154, 505.2535, 355.9916, 502.3302, 373.2047, 458.8981, 365.8285
46 361 12.040000 458.4296, 353.1372, 501.1633, 361.6544, 497.7782, 378.6387, 455.0445, 370.1215
46 362 12.070000 456.2457, 356.1142, 498.3534, 365.8099, 494.4958, 382.5628, 452.3881, 372.8671
46 363 12.100000 453.8017, 359.6351, 495.5983, 368.9744, 491.9286, 385.3976, 450.1320, 376.0582
46 364 12.140000 451.2702, 363.4347, 492.4138, 373.3843, 488.4846, 389.6324, 447.3410, 379.6828
46 365 12.170000 449.9092, 365.6595, 490.4031, 376.8171, 485.9895, 392.8352, 445.4957, 381.6776
46 366 12.200000 448.3773, 368.4117, 488.5222, 379.4073, 484.1552, 395.3512, 444.0103, 384.3556
46 367 12.240000 446.9285, 371.4139, 486.5718, 382.4803, 482.0652, 398.6242, 442.4219, 387.5578
46 368 12.270000 446.3242, 373.3371, 485.4606, 384.9715, 480.6411, 401.1837, 441.5047, 389.5494
46 369 12.300000 445.5926, 375.6643, 484.5355, 386.5213, 479.8812, 403.2158, 440.9383, 392.3588
46 370 12.340000 445.1933, 378.4988, 483.7235, 389.0296, 479.0342, 406.1867, 440.5041, 395.6558
46 371 12.370000 445.1980, 380.6451, 483.3669, 391.0682, 478.5931, 408.5499, 440.4241, 398.1268
46 372 12.400000 445.1626, 383.1231, 483.1434, 392.6713, 478.6153, 410.6829, 440.6345, 401.1346
46 373 12.440000 445.4621, 386.5231, 483.1175, 395.1533, 478.8346, 413.8409, 441.1791, 405.2107
46 374 12.470000 445.9802, 389.0633, 483.3476, 397.4599, 479.0558, 416.5594, 441.6884, 408.1627
46 375 12.500000 446.3893, 392.0295, 483.5368, 399.2631, 479.6968, 418.9833, 442.5493, 411.7497
46 376 12.540000 447.3489, 395.5452, 484.1453, 401.8987, 480.6247, 422.2879, 443.8284, 415.9343
46 377 12.570000 448.3627, 397.6961, 484.8892, 403.8279, 481.3900, 424.6719, 444.8636, 418.5401
46 378 12.600000 449.2520, 399.9570, 485.4861, 404.8627, 482.5722, 426.3854, 446.3380, 421.4796
46 379 12.640000 450.8994, 402.1727, 486.7971, 406.6808, 484.0288, 428.7244, 448.1311, 424.2163
46 380 12.670000 452.3111, 403.4934, 487.9970, 408.0096, 485.1734, 430.3204, 449.4876, 425.8042
46 381 12.700000 453.5962, 404.9626, 489.0237, 408.7247, 486.6188, 431.3722, 451.1912, 427.6101
46 382 12.740000 455.4396, 406.6184, 490.5094, 409.4935, 488.6180, 432.5635, 453.5483, 429.6883
46 383 12.770000 457.0621, 407.3455, 492.0289, 410.4505, 489.9694, 433.6442, 455.0025, 430.5392
46 384 12.800000 458.4114, 408.4741, 493.0575, 410.5054, 491.6775, 434.0414, 457.0315, 432.0101
46 385 12.840000 460.4234, 409.4758, 494.8223, 410.9913, 493.7759, 434.7414, 459.3770, 433.2258
46 386 12.870000 462.0045, 409.9804, 496.3142, 411.4766, 495.2755, 435.2946, 460.9659, 433.7984
46 387 12.900000 463.3814, 410.7610, 497.4170, 411.4011, 496.9659, 435.3902, 462.9302, 434.7500
46 388 12.940000 465.2742, 411.4899, 499.0672, 411.4831, 499.0721, 435.6095, 465.2790, 435.6163
46 389 12.970000 466.7213, 411.7944, 500.4747, 411.7290, 500.5214, 435.8510, 466.7681, 435.9164
46 390 13.000000 467.9190, 412.4148, 501.3502, 411.3555, 502.1174, 435.5712, 468.6862, 436.6304
46 391 13.040000 469.4609, 412.9039, 502.5393, 410.8456, 504.0479, 435.0912, 470.9695, 437.1494
46 392 13.070000 470.6158, 412.7634, 503.6689, 410.6200, 505.2396, 434.8420, 472.1865, 436.9854
46 393 13.100000 471.4546, 412.9274, 504.0393, 409.6210, 506.5042, 433.9125, 473.9195, 437.2189
46 394 13.140000 472.4951, 412.4841, 504.7923, 408.5100, 507.7840, 432.8241, 475.4869, 436.7981
46 395 13.170000 473.1938, 411.6503, 505.5940, 407.8736, 508.4226, 432.1404, 476.0225, 435.9172
46 396 13.200000 473.5714, 411.0739, 505.6530, 406.5987, 509.0369, 430.8566, 476.9553, 435.3318
46 397 13.240000 473.9511, 409.6056, 506.0749, 405.1877, 509.3988, 429.3563, 477.2749, 433.7743
46 398 13.270000 474.1027, 408.0793, 506.4928, 404.1990, 509.3764, 428.2693, 476.9864, 432.1496
46 399 13.300000 473.9615, 406.7236, 506.2582, 402.6252, 509.3048, 426.6335, 477.0081, 430.7319
46 400 13.340000 473.6031, 404.3660, 506.0424, 400.5387, 508.8569, 424.3941, 476.4177, 428.2214
46 401 13.370000 473.2800, 402.0253, 506.1283, 399.1423, 508.2030, 422.7813, 475.3547, 425.6643
46 402 13.400000 472.6179, 399.9480, 505.4027, 396.8574, 507.6200, 420.3788, 474.8351, 423.4693
46 403 13.440000 471.6632, 396.4310, 504.6561, 393.8031, 506.5099, 417.0783, 473.5170, 419.7062
46 404 13.470000 470.9296, 393.2216, 504.2971, 391.5668, 505.4369, 414.5492, 472.0694, 416.2040
46 405 13.500000 469.8218, 390.4855, 503.0224, 388.2453, 504.5671, 411.1380, 471.3665, 413.3783
46 406 13.540000 468.4331, 386.4025, 501.8223, 384.4962, 503.1148, 407.1354, 469.7257, 409.0416
46 407 13.570000 467.4327, 383.2558, 501.1623, 382.2600, 501.8212, 404.5781, 468.0916, 405.5739
46 408 13.600000 466.2544, 380.6500, 500.0782, 379.8078, 500.6285, 401.9063, 466.8046, 402.7486
46 409 13.640000 464.6618, 377.3769, 498.6659, 376.9471, 498.9403, 398.6657, 464.9363, 399.0954
46 410 13.670000 463.4767, 374.9995, 497.6726, 375.1257, 497.5938, 396.4820, 463.3979, 396.3558
46 411 13.700000 462.0915, 373.0937, 496.2697, 372.9067, 496.3852, 394.0292, 462.2070, 394.2162
46 412 13.740000 460.2757, 370.5952, 494.5265, 370.3216, 494.6920, 391.0343, 460.4411, 391.3079
46 413 13.770000 458.9269, 368.6843, 493.3166, 368.6323, 493.3473, 388.9659, 458.9576, 389.0179
46 414 13.800000 457.3882, 367.1656, 491.7463, 366.5033, 492.1336, 386.5997, 457.7756, 387.2620
46 415 13.840000 455.3197, 365.1201, 489.6931, 363.8993, 490.3925, 383.5925, 456.0191, 384.8133
46 416 13.870000 453.7999, 363.4102, 488.2905, 362.2947, 488.9141, 381.5776, 454.4236, 382.6931
46 417 13.900000 452.0172, 362.1863, 486.3841, 360.0554, 487.5630, 379.0681, 453.1961, 381.1990
46 418 13.940000 449.6587, 360.2013, 484.0174, 357.5500, 485.4473, 376.0805, 451.0886, 378.7318
46 419 13.970000 447.8251, 358.5780, 482.2566, 355.8877, 483.6714, 373.9953, 449.2399, 376.6856
46 420 14.000000 445.7568, 357.3923, 480.0371, 353.8016, 481.9010, 371.5962, 447.6207, 375.1869
46 421 14.040000 442.9201, 355.8895, 477.1180, 351.6790, 479.2537, 369.0248, 445.0557, 373.2354
46 422 14.070000 440.6907, 355.0277, 474.8441, 350.5228, 477.0927, 367.5701, 442.9393, 372.0750
46 423 14.100000 438.2677, 354.7014, 472.2202, 349.3701, 474.8629, 366.2006, 440.9105, 371.5319
46 424 14.140000 434.8892, 354.4371, 468.6822, 348.5539, 471.5652, 365.1134, 437.7722, 370.9966
46 425 14.170000 432.2029, 354.3749, 465.9513, 348.3999, 468.8501, 364.7729, 435.1017, 370.7479
46 426 14.200000 429.2854, 354.7492, 462.8222, 348.1951, 466.0002, 364.4564, 432.4633, 371.0106
46 427 14.240000 425.1639, 355.3235, 458.5584, 348.5547, 461.8246, 364.6687, 428.4301, 371.4376
46 428 14.270000 421.8953, 355.7610, 455.3092, 349.3168, 458.4015, 365.3509, 424.9876, 371.7950
46 429 14.300000 418.3673, 356.6751, 451.6105, 349.9797, 454.8379, 366.0038, 421.5946, 372.6992
46 430 14.340000 413.4339, 357.9735, 446.6103, 351.5630, 449.7095, 367.6025, 416.5331, 374.0130
46 431 14.370000 409.5761, 359.0719, 442.8009, 353.2977, 445.5942, 369.3705, 412.3695, 375.1447
46 432 14.400000 405.5006, 360.7157, 438.6252, 355.0992, 441.3667, 371.2680, 408.2421, 376.8845
46 433 14.440000 399.9249, 363.2042, 433.0543, 358.4204, 435.4125, 374.7516, 402.2832, 379.5355
46 434 14.470000 395.6501, 365.3798, 428.8354, 361.5634, 430.7304, 378.0409, 397.5450, 381.8573
46 435 14.500000 391.2022, 368.0510, 424.3393, 364.8221, 425.9633, 381.4888, 392.8262, 384.7177
46 436 14.540000 385.1189, 371.5317, 418.2078, 369.3690, 419.3140, 386.2934, 386.2252, 388.4562
46 437 14.570000 380.4768, 373.8110, 413.5394, 372.7439, 414.0901, 389.8074, 381.0275, 390.8745
46 438 14.600000 375.6152, 376.1451, 408.5227, 375.4656, 408.8796, 392.7467, 375.9720, 393.4262
46 439 14.640000 369.0946, 378.7196, 401.8022, 378.8375, 401.7388, 396.3934, 369.0312, 396.2754
46 440 14.670000 364.2502, 380.2135, 396.8275, 381.3163, 396.2301, 398.9627, 363.6528, 397.8598
46 441 14.700000 359.1955, 381.8336, 391.5323, 382.9690, 390.9038, 400.8680, 358.5670, 399.7326
46 442 14.740000 352.5786, 383.4442, 384.6311, 385.1118, 383.6908, 403.1843, 351.6384, 401.5168
46 443 14.770000 347.7495, 384.2310, 379.6087, 386.7118, 378.2017, 404.7816, 346.3424, 402.3008
46 444 14.800000 342.7187, 385.2036, 374.3060, 387.4491, 373.0086, 405.6998, 341.4212, 403.4542
46 445 14.840000 336.2230, 385.9641, 367.4788, 388.4239, 366.0345, 406.7755, 334.7788, 404.3157
46 446 14.870000 331.5322, 386.1338, 362.5605, 389.1729, 360.7660, 407.4947, 329.7377, 404.4556
46 447 14.900000 326.6595, 386.5175, 357.3993, 389.1311, 355.8317, 407.5677, 325.0919, 404.9541
46 448 14.940000 320.3026, 386.4972, 350.8091, 389.1312, 349.2151, 407.5932, 318.7086, 404.9592
46 449 14.970000 315.6679, 386.0903, 346.0947, 389.1923, 344.2195, 407.5858, 313.7927, 404.4839
