79 0 0.010000 175.5146, 208.9895, 198.4147, 209.9301, 197.9702, 220.7490, 175.0702, 219.8083
79 1 0.040000 175.6337, 207.8269, 198.5491, 209.0589, 197.9673, 219.8798, 175.0519, 218.6478
79 2 0.070000 175.7964, 206.1405, 198.7117, 207.6231, 198.0171, 218.3595, 175.1018, 216.8769
79 3 0.110000 176.0475, 203.7783, 198.9521, 205.5663, 198.1276, 216.1279, 175.2230, 214.3399
79 4 0.140000 176.2462, 202.1831, 199.1381, 204.1866, 198.2274, 214.5922, 175.3355, 212.5887
79 5 0.170000 176.4355, 200.8706, 199.3118, 203.0272, 198.3481, 213.2497, 175.4718, 211.0932
79 6 0.200000 176.6322, 199.8181, 199.4920, 202.1419, 198.4714, 212.1815, 175.6116, 209.8577
79 7 0.240000 176.8861, 198.8775, 199.7241, 201.3538, 198.6638, 211.1330, 175.8258, 208.6567
79 8 0.270000 177.0548, 198.5097, 199.9063, 201.0362, 198.8476, 210.6119, 175.9961, 208.0854
79 9 0.310000 177.2840, 198.3890, 200.1745, 200.9785, 199.1201, 210.2994, 176.2295, 207.7098
79 10 0.340000 177.4765, 198.5473, 200.3918, 201.1976, 199.3332, 210.3510, 176.4179, 207.7007
79 11 0.370000 177.6472, 198.9879, 200.6054, 201.5745, 199.5735, 210.7335, 176.6153, 208.1469
79 12 0.400000 177.8663, 199.5064, 200.8532, 202.1181, 199.8054, 211.3413, 176.8184, 208.7296
79 13 0.440000 178.1620, 200.4238, 201.2040, 202.9546, 200.1688, 212.3795, 177.1269, 209.8486
79 14 0.470000 178.3658, 201.3479, 201.4677, 203.6910, 200.4960, 213.2715, 177.3941, 210.9284
79 15 0.500000 178.6360, 202.2955, 201.7716, 204.6366, 200.7916, 214.3214, 177.6560, 211.9803
79 16 0.540000 178.9995, 203.6468, 202.1927, 205.8852, 201.2497, 215.6563, 178.0564, 213.4179
79 17 0.570000 179.2495, 204.7068, 202.5062, 206.6910, 201.6708, 216.4827, 178.4141, 214.4986
79 18 0.610000 179.6890, 205.9229, 202.9907, 207.8269, 202.1985, 217.5215, 178.8969, 215.6176
79 19 0.640000 180.1219, 206.6087, 203.4215, 208.7439, 202.5437, 218.3222, 179.2441, 216.1869
79 20 0.670000 180.4046, 207.6222, 203.7546, 209.2833, 203.0888, 218.6418, 179.7388, 216.9806
79 21 0.700000 180.8667, 208.1330, 204.2213, 209.9648, 203.4932, 219.2480, 180.1386, 217.4162
79 22 0.740000 181.4315, 208.7411, 204.8173, 210.4198, 204.1458, 219.7738, 180.7600, 218.0951
79 23 0.770000 181.7794, 209.2822, 205.2066, 210.4442, 204.7265, 220.1243, 181.2992, 218.9623
79 24 0.800000 182.2842, 209.4867, 205.7425, 210.8471, 205.1709, 220.7040, 181.7126, 219.3437
79 25 0.840000 182.8600, 209.8422, 206.4158, 211.0923, 205.8756, 221.2703, 182.3198, 220.0202
79 26 0.870000 183.2227, 210.2051, 206.8492, 211.0273, 206.4839, 221.5249, 182.8574, 220.7027
79 27 0.900000 183.7494, 210.2464, 207.4483, 211.3710, 206.9421, 222.0390, 183.2432, 220.9144
79 28 0.940000 184.3519, 210.4790, 208.1413, 211.5100, 207.6655, 222.4891, 183.8761, 221.4581
79 29 0.970000 184.7712, 210.7039, 208.6262, 211.4980, 208.2520, 222.7388, 184.3971, 221.9448
79 30 1.000000 185.3386, 210.6678, 209.2672, 211.8378, 208.7112, 223.2090, 184.7826, 222.0390
79 31 1.040000 186.0227, 210.7633, 210.0393, 212.0200, 209.4318, 223.6297, 185.4152, 222.3730
79 32 1.070000 186.4821, 210.9593, 210.5445, 211.9432, 210.0612, 223.7619, 185.9988, 222.7780
79 33 1.110000 187.2214, 211.0290, 211.3529, 212.0676, 210.8382, 224.0275, 186.7067, 222.9889
79 34 1.140000 187.8989, 210.8899, 212.0896, 212.3799, 211.3534, 224.3321, 187.1627, 222.8422
79 35 1.170000 188.4474, 211.0030, 212.6707, 212.2583, 212.0457, 224.3186, 187.8224, 223.0633
79 36 1.210000 189.3483, 210.9038, 213.6219, 212.3589, 212.8993, 224.4146, 188.6257, 222.9595
79 37 1.240000 190.1709, 210.6161, 214.4826, 212.6586, 213.4803, 224.5880, 189.1687, 222.5456
79 38 1.270000 190.8984, 210.5278, 215.2338, 212.5597, 214.2392, 224.4715, 189.9038, 222.4396
79 39 1.310000 192.0911, 210.1189, 216.4483, 212.7043, 215.2031, 224.4353, 190.8459, 221.8498
79 40 1.340000 193.1279, 209.6710, 217.4733, 212.9098, 215.9425, 224.4169, 191.5970, 221.1780
79 41 1.370000 194.0240, 209.5035, 218.4006, 212.5488, 216.9681, 224.0158, 192.5915, 220.9705
79 42 1.410000 195.4566, 209.0417, 219.8425, 212.2607, 218.3530, 223.5446, 193.9671, 220.3256
79 43 1.440000 196.6863, 208.5629, 221.0561, 212.1411, 219.4301, 223.2154, 195.0603, 219.6372
79 44 1.470000 197.8218, 208.3128, 222.2306, 211.5825, 220.7525, 222.6170, 196.3437, 219.3473
79 45 1.510000 199.5338, 207.8908, 223.9651, 211.0859, 222.5428, 221.9610, 198.1115, 218.7660
79 46 1.540000 200.9496, 207.5778, 225.3701, 210.9453, 223.8939, 221.6505, 199.4734, 218.2830
79 47 1.570000 202.2525, 207.6180, 226.7243, 210.5283, 225.4500, 221.2438, 200.9782, 218.3336
79 48 1.610000 204.1410, 207.7724, 228.6434, 210.3913, 227.5047, 221.0458, 203.0022, 218.4270
79 49 1.640000 205.6588, 207.9730, 230.1636, 210.6105, 229.0274, 221.1674, 204.5226, 218.5299
79 50 1.670000 207.0930, 208.5074, 231.6331, 210.7003, 230.6878, 221.2789, 206.1476, 219.0860
79 51 1.710000 209.1265, 209.3441, 233.6869, 211.2802, 232.8563, 221.8158, 208.2960, 219.8797
79 52 1.740000 210.7288, 210.0836, 235.2901, 212.0562, 234.4503, 222.5127, 209.8889, 220.5400
79 53 1.770000 212.2400, 211.1778, 236.8280, 212.7475, 236.1584, 223.2350, 211.5705, 221.6653
79 54 1.810000 214.3414, 212.8278, 238.9480, 214.1667, 238.3785, 224.6339, 213.7718, 223.2950
79 55 1.840000 215.9688, 214.2356, 240.5830, 215.6060, 240.0031, 226.0214, 215.3889, 224.6510
79 56 1.870000 217.5108, 216.0207, 242.1487, 217.0533, 241.7107, 227.5034, 217.0729, 226.4708
79 57 1.910000 219.6277, 218.6561, 244.2894, 219.5272, 243.9205, 229.9707, 219.2588, 229.0995
79 58 1.940000 221.2538, 220.8207, 245.9309, 221.7702, 245.5306, 232.1739, 220.8535, 231.2244
79 59 1.970000 222.7972, 223.3172, 247.5009, 224.0012, 247.2118, 234.4413, 222.5081, 233.7573
79 60 2.010000 224.9086, 226.7001, 249.6451, 227.2963, 249.3936, 237.7345, 224.6571, 237.1383
79 61 2.040000 226.5748, 229.0785, 251.3167, 229.9507, 250.9526, 240.2806, 226.2106, 239.4084
79 62 2.070000 228.1131, 231.5525, 252.8780, 232.1150, 252.6428, 242.4708, 227.8779, 241.9083
79 63 2.110000 230.3527, 234.2786, 255.1233, 235.2039, 254.7408, 245.4415, 229.9703, 244.5163
79 64 2.140000 232.1204, 236.0297, 256.8702, 237.5076, 256.2657, 247.6316, 231.5159, 246.1537
79 65 2.170000 233.7196, 237.9728, 258.4904, 239.1690, 258.0000, 249.3240, 233.2292, 248.1278
79 66 2.210000 235.9956, 240.1811, 260.7657, 241.4394, 260.2481, 251.6273, 235.4780, 250.3690
79 67 2.240000 237.7851, 241.6010, 262.5435, 243.1354, 261.9097, 253.3605, 237.1514, 251.8260
79 68 2.270000 239.4242, 243.2453, 264.2157, 244.2991, 263.7796, 254.5596, 238.9881, 253.5058
79 69 2.310000 241.7192, 245.1150, 266.5294, 245.8658, 266.2155, 256.2413, 241.4053, 255.4905
79 70 2.340000 243.5322, 246.2404, 268.3409, 247.1105, 267.9723, 257.6198, 243.1636, 256.7497
79 71 2.370000 245.1629, 247.7822, 269.9938, 247.9587, 269.9189, 258.4882, 245.0880, 258.3117
79 72 2.410000 247.4307, 249.5243, 272.2658, 249.2376, 272.3881, 259.8348, 247.5530, 260.1215
79 73 2.440000 249.1759, 250.6124, 274.0100, 250.2996, 274.1447, 260.9956, 249.3106, 261.3084
79 74 2.470000 250.7481, 252.0964, 275.5673, 251.0511, 276.0171, 261.7324, 251.1979, 262.7777
79 75 2.510000 252.8730, 253.7754, 277.6638, 252.2183, 278.3385, 262.9602, 253.5477, 264.5174
79 76 2.540000 254.4465, 254.8729, 279.2283, 253.1943, 279.9601, 263.9980, 255.1782, 265.6766
79 77 2.570000 255.8557, 256.2682, 280.5896, 253.9338, 281.6064, 264.7072, 256.8725, 267.0416
79 78 2.610000 257.6929, 257.8323, 282.3945, 255.1168, 283.5790, 265.8925, 258.8775, 268.6080
79 79 2.640000 259.0269, 258.7634, 283.7440, 256.1656, 284.8822, 266.9947, 260.1650, 269.5925
79 80 2.670000 260.1547, 260.0830, 284.8286, 256.9505, 286.1945, 267.7100, 261.5207, 270.8425
79 81 2.710000 261.5653, 261.6002, 286.2277, 258.2017, 287.7052, 268.9234, 263.0428, 272.3219
79 82 2.740000 262.5277, 262.6236, 287.2181, 259.2797, 288.6702, 270.0018, 263.9797, 273.3456
79 83 2.770000 263.2527, 264.0381, 287.8813, 260.0116, 289.6273, 270.6909, 264.9986, 274.7175
79 84 2.800000 263.9374, 265.1629, 288.5941, 261.0822, 290.3678, 271.7996, 265.7112, 275.8804
79 85 2.840000 264.5981, 266.8933, 289.2650, 262.5012, 291.1792, 273.2520, 266.5124, 277.6442
79 86 2.870000 264.8964, 268.4126, 289.5311, 263.5634, 291.6577, 274.3666, 267.0230, 279.2158
79 87 2.900000 265.1379, 269.7000, 289.8746, 265.0677, 291.9227, 276.0048, 267.1860, 280.6371
79 88 2.940000 265.1865, 271.7515, 290.0068, 267.0968, 292.0922, 278.2168, 267.2719, 282.8715
79 89 2.970000 265.0224, 273.4736, 289.8841, 268.6580, 292.0656, 279.9205, 267.2039, 284.7362
79 90 3.000000 264.7768, 274.9323, 289.7994, 270.5421, 291.8021, 281.9568, 266.7796, 286.3471
79 91 3.040000 264.1193, 276.9612, 289.2981, 272.7680, 291.2343, 284.3944, 266.0555, 288.5876
79 92 3.070000 263.3266, 278.6193, 288.5184, 274.0024, 290.6723, 285.7547, 265.4804, 290.3716
79 93 3.100000 262.4688, 279.6566, 287.8557, 275.5005, 289.7971, 287.3588, 264.4101, 291.5149
79 94 3.140000 260.9634, 281.0087, 286.5325, 277.0183, 288.3958, 288.9578, 262.8267, 292.9482
79 95 3.170000 259.5492, 282.0322, 285.1811, 277.7349, 287.1917, 289.7277, 261.5599, 294.0250
79 96 3.200000 258.1074, 282.3423, 284.0057, 278.7878, 285.6590, 290.8335, 259.7606, 294.3880
79 97 3.240000 255.8163, 282.8452, 281.9412, 279.5843, 283.4521, 291.6890, 257.3272, 294.9499
79 98 3.270000 253.8667, 283.1448, 280.1389, 279.8656, 281.6548, 292.0105, 255.3826, 295.2897
79 99 3.300000 251.9083, 282.8771, 278.4340, 280.3753, 279.5811, 292.5372, 253.0554, 295.0391
79 100 3.340000 249.0277, 282.4199, 275.8434, 280.5886, 276.6773, 292.7988, 249.8616, 294.6301
79 101 3.370000 246.6307, 282.1201, 273.6160, 280.2459, 274.4699, 292.5412, 247.4847, 294.4154
79 102 3.400000 244.3316, 281.1587, 271.5668, 280.2391, 271.9828, 292.5604, 244.7476, 293.4800
79 103 3.440000 241.0291, 279.8825, 268.5457, 279.6127, 268.6675, 292.0344, 241.1509, 292.3043
79 104 3.470000 238.3836, 278.9298, 266.1052, 278.6809, 266.2182, 291.2681, 238.4966, 291.5169
79 105 3.500000 235.9061, 277.4299, 263.8486, 278.1200, 263.5354, 290.8021, 235.5929, 290.1119
79 106 3.540000 232.4467, 275.6593, 260.6655, 277.0314, 260.0415, 289.8648, 231.8227, 288.4927
79 107 3.570000 229.7782, 274.5065, 258.2062, 276.1111, 257.4753, 289.0616, 229.0472, 287.4570
79 108 3.600000 227.2897, 273.1430, 255.8866, 275.6463, 254.7561, 288.5612, 226.1592, 286.0580
79 109 3.640000 223.9057, 271.6075, 252.7331, 274.8542, 251.2767, 287.7862, 222.4492, 284.5395
79 110 3.670000 221.3235, 270.6695, 250.3496, 274.1026, 248.8109, 287.1114, 219.7849, 283.6784
79 111 3.700000 218.9815, 269.5235, 248.1279, 273.7875, 246.2363, 286.7175, 217.0899, 282.4535
79 112 3.740000 215.8421, 268.2579, 245.1915, 273.1117, 243.0526, 286.0447, 213.7032, 281.1910
79 113 3.770000 213.4616, 267.5184, 243.0296, 272.3456, 240.8982, 285.4011, 211.3302, 280.5739
79 114 3.800000 211.3962, 266.5277, 241.0636, 272.0399, 238.6483, 285.0389, 208.9810, 279.5267
79 115 3.840000 208.6935, 265.4047, 238.5574, 271.3626, 235.9540, 284.4119, 206.0902, 278.4540
79 116 3.870000 206.6964, 264.7238, 236.7794, 270.6063, 234.1974, 283.8108, 204.1144, 277.9283
79 117 3.900000 205.1199, 263.7215, 235.2341, 270.4333, 232.3143, 283.5338, 202.2001, 276.8220
79 118 3.940000 203.1295, 262.5720, 233.3524, 269.9360, 230.1654, 283.0158, 199.9425, 275.6518
79 119 3.970000 201.6466, 261.9441, 232.0808, 269.1918, 228.9245, 282.4454, 198.4904, 275.1977
79 120 4.000000 200.5926, 261.0861, 231.0385, 269.0087, 227.6140, 282.1691, 197.1680, 274.2465
79 121 4.040000 199.2001, 260.3533, 229.8395, 268.3521, 226.3784, 281.6100, 195.7390, 273.6111
79 122 4.070000 198.2038, 260.0759, 229.0944, 267.6351, 225.7906, 281.1363, 194.9000, 273.5771
79 123 4.100000 197.6256, 259.6593, 228.5590, 267.5427, 225.1310, 280.9937, 194.1976, 273.1103
79 124 4.140000 196.9213, 259.4861, 228.0399, 267.1646, 224.6876, 280.7506, 193.5690, 273.0720
79 125 4.170000 196.4672, 259.6372, 227.7875, 266.7755, 224.6519, 280.5333, 193.3316, 273.3950
79 126 4.200000 196.3977, 259.6582, 227.7442, 266.9566, 224.5576, 280.6434, 193.2110, 273.3450
79 127 4.240000 196.3511, 260.0884, 227.8479, 266.9577, 224.8453, 280.7253, 193.3485, 273.8561
79 128 4.270000 196.3684, 260.7041, 228.0305, 266.8415, 225.3334, 280.7558, 193.6713, 274.6184
79 129 4.300000 196.7382, 261.2032, 228.4084, 267.3230, 225.7412, 281.1256, 194.0710, 275.0058
79 130 4.340000 197.2521, 262.3058, 229.0086, 267.8140, 226.6210, 281.5796, 194.8645, 276.0714
79 131 4.370000 197.6801, 263.4236, 229.5228, 268.1489, 227.4750, 281.9482, 195.6323, 277.2228
79 132 4.400000 198.3850, 264.4710, 230.2017, 269.0524, 228.2421, 282.6613, 196.4254, 278.0799
79 133 4.440000 199.3557, 266.2500, 231.1600, 270.2568, 229.4708, 283.6653, 197.6665, 279.6586
79 134 4.470000 200.0644, 267.9086, 231.8844, 271.0586, 230.5673, 284.3634, 198.7473, 281.2134
79 135 4.500000 201.0610, 269.3113, 232.7880, 272.4313, 231.5134, 285.3925, 199.7864, 282.2724
79 136 4.540000 202.3715, 271.2444, 234.0149, 273.8282, 232.9844, 286.4491, 201.3410, 283.8653
79 137 4.570000 203.3463, 272.6211, 234.9467, 274.4578, 234.2230, 286.9086, 202.6226, 285.0719
79 138 4.600000 204.6560, 273.2865, 236.1093, 275.5767, 235.2045, 288.0038, 203.7511, 285.7137
79 139 4.640000 206.2315, 274.0770, 237.6004, 276.0251, 236.8189, 288.6087, 205.4500, 286.6606
79 140 4.670000 207.3684, 274.5595, 238.6883, 275.8830, 238.1535, 288.5395, 206.8336, 287.2161
79 141 4.700000 208.7172, 274.3617, 239.9257, 275.8515, 239.3117, 288.7135, 208.1032, 287.2236
79 142 4.740000 210.4395, 274.0096, 241.5216, 275.3449, 240.9622, 288.3667, 209.8801, 287.0314
79 143 4.770000 211.5072, 274.0265, 242.5612, 274.3291, 242.4345, 287.3199, 211.3806, 287.0172
79 144 4.800000 212.8979, 272.9921, 243.8238, 273.6480, 243.5441, 286.8347, 212.6182, 286.1788
79 145 4.840000 214.4913, 271.7908, 245.3235, 272.0156, 245.2270, 285.2474, 214.3947, 285.0225
79 146 4.870000 215.5223, 270.9008, 246.2912, 270.2666, 246.5626, 283.4344, 215.7937, 284.0685
79 147 4.900000 216.7686, 268.9793, 247.4652, 268.7426, 247.5680, 282.0758, 216.8714, 282.3125
79 148 4.940000 218.1591, 266.4615, 248.7671, 265.9220, 249.0038, 279.3532, 218.3959, 279.8927
79 149 4.970000 219.0399, 264.5306, 249.5739, 263.3581, 250.0881, 276.7458, 219.5540, 277.9184
79 150 5.000000 220.0747, 261.7620, 250.5379, 261.0299, 250.8631, 274.5647, 220.4000, 275.2968
79 151 5.040000 221.1922, 258.4315, 251.5593, 257.5521, 251.9509, 271.0760, 221.5838, 271.9553
79 152 5.070000 221.8048, 256.3392, 252.1053, 254.6845, 252.8377, 268.0973, 222.5373, 269.7520
79 153 5.100000 222.5114, 253.7875, 252.7545, 252.1925, 253.4636, 265.6379, 223.2205, 267.2330
79 154 5.140000 223.1968, 250.7307, 253.3703, 248.6775, 254.2837, 262.1018, 224.1102, 264.1549
79 155 5.170000 223.5226, 248.7137, 253.6160, 245.9030, 254.8568, 259.1870, 224.7633, 261.9978
79 156 5.200000 223.9016, 246.1061, 253.9804, 243.4943, 255.1358, 256.8004, 225.0570, 259.4122
79 157 5.240000 224.1053, 242.9184, 254.1377, 239.9823, 255.4270, 253.1709, 225.3947, 256.1069
79 158 5.270000 224.0469, 240.6145, 254.0251, 237.1267, 255.5421, 250.1654, 225.5638, 253.6532
79 159 5.300000 223.9777, 237.6584, 253.9956, 234.5097, 255.3638, 247.5531, 225.3459, 250.7019
79 160 5.340000 223.5741, 233.7215, 253.6266, 230.6198, 254.9627, 243.5658, 224.9103, 246.6675
79 161 5.370000 223.0089, 230.8473, 253.0511, 227.2896, 254.5594, 240.0261, 224.5172, 243.5838
79 162 5.400000 222.4406, 227.0658, 252.5995, 224.1722, 253.8196, 236.8884, 223.6606, 239.7820
79 163 5.440000 221.3114, 222.1004, 251.5658, 219.3137, 252.7163, 231.8046, 222.4619, 234.5913
79 164 5.470000 220.1437, 218.1925, 250.3998, 214.7610, 251.8172, 227.2584, 221.5611, 230.6900
79 165 5.500000 218.9710, 213.7011, 249.3554, 210.5877, 250.6487, 223.2093, 220.2643, 226.3227
79 166 5.540000 217.1131, 208.0807, 247.6220, 204.8366, 249.0060, 217.8522, 218.4971, 221.0963
79 167 5.570000 215.6126, 204.0476, 246.2621, 200.9059, 247.6217, 214.1693, 216.9722, 217.3110
79 168 5.600000 214.0917, 200.0555, 244.9579, 197.5285, 246.0575, 210.9598, 215.1914, 213.4868
79 169 5.640000 211.8785, 195.2036, 243.0218, 193.2946, 243.8608, 206.9817, 212.7175, 208.8907
79 170 5.670000 210.0354, 191.9835, 241.3551, 190.1211, 242.1847, 204.0716, 210.8650, 205.9340
79 171 5.700000 208.2285, 188.6600, 239.8044, 187.5237, 240.3124, 201.6420, 208.7366, 202.7782
79 172 5.740000 205.5885, 184.7324, 237.4663, 183.9797, 237.8069, 198.4041, 205.9291, 199.1569
79 173 5.770000 203.4546, 182.0344, 235.5692, 181.3049, 235.9036, 196.0292, 203.7890, 196.7587
79 174 5.800000 201.3760, 179.1755, 233.7755, 179.0758, 233.8214, 194.0089, 201.4219, 194.1086
79 175 5.840000 198.3998, 175.6729, 231.1697, 175.8935, 231.0662, 191.2582, 198.2963, 191.0376
79 176 5.870000 196.0420, 173.2318, 229.0850, 173.3985, 229.0056, 189.1509, 195.9626, 188.9843
79 177 5.900000 193.7547, 170.6304, 227.1026, 171.2658, 226.7974, 187.2826, 193.4495, 186.6472
79 178 5.940000 190.5722, 167.3287, 224.3356, 168.2798, 223.8717, 184.7471, 190.1083, 183.7960
79 179 5.970000 187.9887, 165.1885, 222.0236, 165.6428, 221.7967, 182.6385, 187.7618, 182.1842
79 180 6.000000 185.5967, 162.7265, 219.9883, 163.7303, 219.4835, 181.0260, 185.0920, 180.0222
79 181 6.040000 182.2204, 160.0265, 217.0286, 161.0817, 216.4892, 178.8744, 181.6810, 177.8192
79 182 6.070000 179.6205, 158.3644, 214.7267, 159.2979, 214.2434, 177.4729, 179.1372, 176.5395
79 183 6.100000 177.1392, 156.7343, 212.5839, 158.1740, 211.8373, 176.5555, 176.3926, 175.1158
79 184 6.140000 173.7125, 155.1500, 209.5693, 156.8462, 208.6838, 175.5654, 172.8270, 173.8691
79 185 6.170000 171.0508, 154.4134, 207.1817, 155.9455, 206.3746, 174.9795, 170.2437, 173.4474
79 186 6.200000 168.5252, 153.7087, 204.9699, 155.7050, 203.9204, 174.8651, 167.4757, 172.8687
79 187 6.240000 165.0509, 153.3751, 201.8666, 155.5231, 200.7344, 174.9278, 163.9187, 172.7798
79 188 6.270000 162.3695, 153.5880, 199.4304, 155.5106, 198.4114, 175.1529, 161.3505, 173.2303
79 189 6.300000 159.8359, 153.8647, 197.1774, 156.1974, 195.9477, 175.8823, 158.6062, 173.5497
79 190 6.340000 156.3659, 154.9075, 194.0375, 157.3605, 192.7480, 177.1641, 155.0764, 174.7111
79 191 6.370000 153.7046, 156.2105, 191.5951, 158.4806, 190.4013, 178.4064, 152.5108, 176.1363
79 192 6.400000 151.1774, 157.6825, 189.3125, 160.3459, 187.9254, 180.2064, 149.7903, 177.5430
79 193 6.440000 147.7244, 160.4117, 186.1448, 163.2116, 184.7004, 183.0312, 146.2801, 180.2313
79 194 6.470000 145.0836, 162.9939, 183.6927, 165.6299, 182.3396, 185.4483, 143.7305, 182.8123
79 195 6.500000 142.5989, 165.6233, 181.4092, 168.6676, 179.8686, 188.3069, 141.0584, 185.2626
79 196 6.540000 139.2583, 169.3575, 178.3100, 172.4869, 176.7478, 191.9812, 137.6961, 188.8518
79 197 6.570000 136.6984, 172.2402, 175.9185, 174.8623, 174.6150, 194.3594, 135.3949, 191.7373
79 198 6.600000 134.4436, 174.5373, 173.8573, 177.6509, 172.3322, 196.9568, 132.9185, 193.8433
79 199 6.640000 131.4103, 177.5684, 171.0584, 180.7452, 169.5195, 199.9518, 129.8714, 196.7751
79 200 6.670000 129.0894, 179.8937, 168.8927, 182.5583, 167.6025, 201.8326, 127.7991, 199.1681
79 201 6.700000 127.1260, 181.6217, 167.1097, 185.0601, 165.4752, 204.0664, 125.4915, 200.6280
79 202 6.740000 124.4244, 184.1187, 164.6192, 187.7427, 162.9178, 206.6123, 122.7231, 202.9883
79 203 6.770000 122.3264, 186.1685, 162.6831, 189.2883, 161.2189, 208.2281, 120.8623, 205.1084
79 204 6.800000 120.5474, 187.7878, 161.0520, 191.4807, 159.3455, 210.1978, 118.8409, 206.5050
79 205 6.840000 118.0550, 190.3012, 158.7636, 193.8261, 157.1480, 212.4835, 116.4394, 208.9585
79 206 6.870000 116.1020, 192.4618, 156.9584, 195.1895, 155.7029, 213.9951, 114.8465, 211.2674
79 207 6.900000 114.4175, 194.2986, 155.4256, 197.2231, 154.0929, 215.9114, 113.0847, 212.9870
79 208 6.940000 112.1099, 197.0441, 153.3119, 199.6874, 152.1130, 218.3741, 110.9111, 215.7308
79 209 6.970000 110.3357, 199.3112, 151.6743, 201.3651, 150.7420, 220.1299, 109.4034, 218.0761
79 210 7.000000 108.8799, 201.0771, 150.3643, 203.8208, 149.1414, 222.3100, 107.6571, 219.5663
79 211 7.040000 106.9507, 203.2822, 148.6081, 206.5720, 147.1688, 224.7980, 105.5113, 221.5083
79 212 7.070000 105.4389, 204.8534, 147.2284, 207.8311, 145.9294, 226.0606, 104.1399, 223.0828
79 213 7.100000 104.4210, 205.4540, 146.2724, 209.8435, 144.4106, 227.5945, 102.5592, 223.2050
79 214 7.140000 102.9913, 206.1638, 144.9322, 211.2744, 142.8062, 228.7213, 100.8653, 223.6107
79 215 7.170000 101.8336, 206.6843, 143.9130, 211.3104, 141.9853, 228.8450, 99.9059, 224.2189
79 216 7.200000 101.1643, 206.3660, 143.2544, 211.9269, 140.9788, 229.1510, 98.8887, 223.5901
79 217 7.240000 100.2063, 205.8866, 142.4107, 211.4425, 140.1440, 228.6614, 97.9395, 223.1055
79 218 7.270000 99.4537, 205.4646, 141.8135, 210.1349, 139.8846, 227.6298, 97.5248, 222.9595
79 219 7.300000 99.1971, 204.1831, 141.5774, 209.4131, 139.4354, 226.7700, 97.0552, 221.5399
79 220 7.340000 98.7824, 202.3686, 141.2812, 207.1083, 139.3233, 224.6641, 96.8244, 219.9243
79 221 7.370000 98.4459, 200.8529, 141.0580, 204.4217, 139.5539, 222.3810, 96.9418, 218.8121
79 222 7.400000 98.5732, 198.3767, 141.2137, 202.2740, 139.5724, 220.2314, 96.9319, 216.3341
79 223 7.440000 98.6965, 194.7691, 141.3966, 198.1626, 139.9466, 216.4080, 97.2465, 213.0145
79 224 7.470000 98.7138, 191.9168, 141.4432, 194.1017, 140.4871, 212.7988, 97.7577, 210.6138
79 225 7.500000 99.2308, 188.0253, 141.9753, 191.0171, 140.6728, 209.6271, 97.9282, 206.6353
79 226 7.540000 99.5690, 183.4363, 142.3290, 185.6078, 141.3610, 204.6700, 98.6009, 202.4984
79 227 7.570000 99.6938, 180.3998, 142.4066, 181.2319, 142.0254, 200.7997, 99.3126, 199.9676
79 228 7.600000 100.0320, 177.0834, 142.7379, 177.6607, 142.4703, 197.4562, 99.7644, 196.8788
79 229 7.640000 100.3302, 173.0644, 142.9685, 172.7233, 143.1305, 192.9629, 100.4921, 193.3041
79 230 7.670000 100.4273, 170.3189, 142.9351, 168.8480, 143.6505, 189.5224, 101.1427, 190.9933
79 231 7.700000 100.6632, 167.1889, 143.1855, 165.6764, 143.9274, 186.5338, 101.4051, 188.0463
79 232 7.740000 100.7497, 163.2767, 143.1940, 161.0815, 144.2930, 182.3310, 101.8487, 184.5262
79 233 7.770000 100.6093, 160.5571, 142.8608, 157.2405, 144.5624, 178.9175, 102.3109, 182.2341
79 234 7.800000 100.5362, 157.3371, 142.8153, 153.9593, 144.5646, 175.8551, 102.2855, 179.2330
79 235 7.840000 100.0991, 153.2197, 142.2192, 148.9116, 144.5086, 171.2946, 102.3885, 175.6028
79 236 7.870000 99.5383, 150.1205, 141.4126, 144.7324, 144.3495, 167.5569, 102.4752, 172.9450
79 237 7.900000 99.0129, 146.2151, 141.0721, 141.1786, 143.8318, 164.2248, 101.7725, 169.2612
79 238 7.940000 97.9232, 140.9691, 140.0367, 135.7029, 142.9752, 159.2014, 100.8616, 164.4676
79 239 7.970000 96.7839, 137.1459, 138.6851, 130.9477, 142.2330, 154.9320, 100.3318, 161.1302
79 240 8.000000 95.6598, 132.6882, 137.8330, 126.9238, 141.1494, 151.1868, 98.9762, 156.9513
79 241 8.040000 93.8760, 127.3757, 136.2473, 121.7003, 139.5512, 146.3669, 97.1800, 152.0423
79 242 8.070000 92.4505, 123.8221, 135.0810, 118.5165, 138.1775, 143.3967, 95.5470, 148.7024
79 243 8.100000 91.0238, 120.5507, 134.1154, 116.2335, 136.6136, 141.1695, 93.5220, 145.4866
79 244 8.140000 88.9467, 117.1589, 132.5167, 113.8289, 134.4275, 138.8301, 90.8576, 142.1601
79 245 8.170000 87.2566, 115.3268, 131.0882, 112.4450, 132.7365, 137.5134, 88.9048, 140.3953
79 246 8.200000 85.5928, 113.7759, 129.8101, 111.8624, 130.8911, 136.8432, 86.6738, 138.7567
79 247 8.240000 83.2286, 112.6056, 127.8291, 111.5858, 128.3984, 136.4842, 83.7979, 137.5041
79 248 8.270000 81.3486, 112.4017, 126.1524, 111.7287, 126.5261, 136.6086, 81.7224, 137.2816
79 249 8.300000 79.5449, 112.4572, 124.6499, 112.7062, 124.5136, 137.3834, 79.4086, 137.1343
79 250 8.340000 77.0273, 113.4627, 122.4236, 114.5200, 121.8539, 138.9802, 76.4576, 137.9229
79 251 8.370000 75.0651, 114.9282, 120.6213, 116.3106, 119.8829, 140.6438, 74.3267, 139.2614
79 252 8.400000 73.2003, 116.7475, 118.9677, 118.9867, 117.7928, 142.9997, 72.0254, 140.7605
79 253 8.440000 70.6349, 120.1805, 116.6043, 123.1941, 115.0552, 146.8240, 69.0858, 143.8104
79 254 8.470000 68.6718, 123.4523, 114.7525, 126.8189, 113.0453, 150.1862, 66.9646, 146.8196
79 255 8.500000 66.8509, 126.9406, 113.0478, 131.1520, 110.9589, 154.0650, 64.7621, 149.8536
79 256 8.540000 64.4697, 131.8492, 110.7665, 136.7660, 108.3819, 159.2195, 62.0851, 154.3027
79 257 8.570000 62.7227, 135.5270, 109.0783, 140.4680, 106.6983, 162.7971, 60.3427, 157.8560
79 258 8.600000 61.4116, 138.5435, 107.8242, 144.7493, 104.8943, 166.6618, 58.4817, 160.4560
79 259 8.640000 59.6327, 142.8196, 106.0798, 149.3650, 103.0157, 171.1084, 56.5686, 164.5630
79 260 8.670000 58.2599, 146.2378, 104.7515, 152.0107, 102.0240, 173.9767, 55.5324, 168.2038
79 261 8.700000 57.3410, 149.1719, 103.8226, 155.3633, 100.9211, 177.1455, 54.4395, 170.9541
79 262 8.740000 56.1483, 153.3297, 102.6213, 159.1769, 99.8756, 180.9996, 53.4026, 175.1524
79 263 8.770000 55.2897, 156.6446, 101.7428, 161.6401, 99.3732, 183.6758, 52.9200, 178.6803
79 264 8.800000 54.8844, 159.5121, 101.2854, 165.0244, 98.6969, 186.8131, 52.2960, 181.3008
79 265 8.840000 54.3724, 163.6947, 100.6860, 169.1464, 98.1345, 190.8223, 51.8209, 185.3706
79 266 8.870000 54.0263, 167.1076, 100.2626, 172.0625, 97.9360, 193.7729, 51.6997, 188.8181
79 267 8.900000 54.0659, 170.2505, 100.1880, 175.8667, 97.5883, 197.2162, 51.4662, 191.6001
79 268 8.940000 54.1637, 174.8874, 100.1125, 180.7960, 97.4097, 201.8142, 51.4609, 195.9056
79 269 8.970000 54.3054, 178.6374, 100.1162, 184.4429, 97.4747, 205.2873, 51.6638, 199.4818
79 270 9.000000 54.8762, 182.0296, 100.4600, 188.8747, 97.4152, 209.1505, 51.8315, 202.3054
79 271 9.040000 55.8472, 186.4438, 101.0983, 194.1357, 97.7519, 213.8219, 52.5009, 206.1300
79 272 9.070000 56.7366, 189.5646, 101.7596, 197.2990, 98.4206, 216.7363, 53.3975, 209.0019
79 273 9.100000 58.3433, 191.7798, 102.8861, 201.1603, 98.9603, 219.8018, 54.4175, 210.4214
79 274 9.140000 60.5983, 194.7199, 104.6239, 204.8608, 100.4752, 222.8718, 56.4496, 212.7309
79 275 9.170000 62.3522, 196.9029, 106.1844, 206.5078, 102.2447, 224.4869, 58.4125, 214.8820
79 276 9.200000 64.7547, 198.4057, 108.1390, 208.6621, 103.9967, 226.1837, 60.6125, 215.9273
79 277 9.240000 68.2089, 200.2264, 111.1321, 210.5223, 106.9890, 227.7948, 64.0658, 217.4990
79 278 9.270000 70.7697, 201.7572, 113.5929, 210.7643, 109.9148, 228.2513, 67.0916, 219.2442
79 279 9.300000 74.1743, 202.3573, 116.4732, 212.0698, 112.5668, 229.0830, 70.2679, 219.3706
79 280 9.340000 78.6259, 203.3409, 120.5639, 212.2240, 116.9618, 229.2296, 75.0238, 220.3464
79 281 9.370000 82.1567, 203.8927, 123.8500, 211.7702, 120.6121, 228.9079, 78.9187, 221.0305
79 282 9.400000 86.1835, 203.8148, 127.4602, 211.7003, 124.2220, 228.6510, 82.9452, 220.7655
79 283 9.440000 91.7199, 203.5168, 132.4869, 210.8486, 129.4617, 227.6695, 88.6947, 220.3378
79 284 9.470000 95.8615, 203.2837, 136.3404, 209.3852, 133.7755, 226.4012, 93.2966, 220.2998
79 285 9.500000 100.5035, 202.3947, 140.5083, 208.7037, 137.8609, 225.4909, 97.8561, 219.1819
79 286 9.540000 106.5398, 201.6512, 146.0304, 207.1822, 143.6647, 224.0732, 104.1741, 218.5422
79 287 9.570000 110.9608, 201.5972, 150.0870, 205.9419, 148.1922, 223.0056, 109.0660, 218.6609
79 288 9.600000 115.6525, 201.4010, 154.3283, 205.6198, 152.4829, 222.5376, 113.8070, 218.3188
79 289 9.640000 121.7106, 201.8290, 159.8193, 205.0621, 158.3864, 221.9511, 120.2778, 218.7179
79 290 9.670000 126.2115, 202.4511, 163.8778, 204.8085, 162.8204, 221.7045, 125.1540, 219.3471
79 291 9.700000 130.8924, 202.9106, 168.1167, 205.3316, 167.0330, 221.9938, 129.8087, 219.5727
79 292 9.740000 137.0080, 203.9369, 173.6498, 206.1188, 172.6713, 222.5517, 136.0295, 220.3697
79 293 9.770000 141.4707, 205.0763, 177.6757, 206.7189, 176.9355, 223.0330, 140.7305, 221.3904
79 294 9.800000 146.0645, 206.0794, 181.8502, 207.9891, 180.9956, 224.0016, 145.2100, 222.0918
79 295 9.840000 152.0120, 207.9164, 187.2418, 209.6985, 186.4480, 225.3917, 151.2182, 223.6096
79 296 9.870000 156.3524, 209.6439, 191.1721, 211.0432, 190.5488, 226.5545, 155.7291, 225.1553
79 297 9.900000 160.7824, 211.3241, 195.2058, 212.9872, 194.4721, 228.1738, 160.0487, 226.5107
79 298 9.940000 166.5190, 214.0740, 200.4216, 215.6769, 199.7206, 230.5048, 165.8180, 228.9019
79 299 9.970000 170.6978, 216.5051, 204.2182, 217.7701, 203.6675, 232.3630, 170.1471, 231.0980
79 300 10.000000 174.9566, 218.8330, 208.1022, 220.3509, 207.4499, 234.5945, 174.3043, 233.0766
79 301 10.040000 180.5164, 222.0885, 213.1595, 223.6788, 212.4892, 237.4364, 179.8461, 235.8460
79 302 10.070000 184.5491, 224.5908, 216.8399, 225.8295, 216.3228, 239.3105, 184.0319, 238.0718
79 303 10.100000 188.8042, 226.5101, 220.7076, 228.5301, 219.8712, 241.7399, 187.9678, 239.7199
79 304 10.140000 194.2284, 229.2725, 225.6865, 231.4764, 224.7668, 244.6041, 193.3087, 242.4003
79 305 10.170000 198.1737, 231.2486, 229.3495, 233.1365, 228.5441, 246.4354, 197.3683, 244.5475
79 306 10.200000 202.3234, 232.6973, 233.1523, 235.1241, 232.0851, 248.6823, 201.2562, 246.2555
79 307 10.240000 207.6545, 234.9685, 238.0945, 237.4042, 236.9848, 251.2723, 206.5448, 248.8366
79 308 10.270000 211.5430, 236.8669, 241.7329, 238.9759, 240.7524, 253.0109, 210.5626, 250.9020
79 309 10.300000 215.5805, 238.4622, 245.4669, 240.8016, 244.3500, 255.0701, 214.4636, 252.7306
79 310 10.340000 220.8578, 240.8285, 250.3733, 243.1647, 249.2231, 257.6968, 219.7076, 255.3606
79 311 10.370000 224.6201, 242.9590, 253.9497, 244.7486, 253.0516, 259.4683, 223.7220, 257.6788
79 312 10.400000 228.6209, 244.7504, 257.6517, 246.7853, 256.6036, 261.7382, 227.5728, 259.7033
79 313 10.440000 233.7200, 247.6465, 262.4551, 249.4038, 261.5252, 264.6100, 232.7901, 262.8527
79 314 10.470000 237.4200, 250.1004, 265.9792, 251.3718, 265.2946, 266.7485, 236.7355, 265.4770
79 315 10.500000 241.2331, 252.3971, 269.5627, 253.6032, 268.9000, 269.1704, 240.5703, 267.9643
79 316 10.540000 246.1748, 255.5157, 274.2503, 256.3751, 273.7661, 272.1942, 245.6906, 271.3349
79 317 10.570000 249.7985, 257.7781, 277.7058, 258.2742, 277.4221, 274.2371, 249.5148, 273.7411
79 318 10.600000 253.6749, 259.4815, 281.2949, 260.4077, 280.7542, 276.5331, 253.1342, 275.6069
79 319 10.640000 258.5757, 261.8810, 285.9218, 262.7818, 285.3854, 279.0657, 258.0393, 278.1649
79 320 10.670000 262.0263, 263.8276, 289.2656, 264.2208, 289.0298, 280.5579, 261.7905, 280.1647
79 321 10.700000 265.7556, 265.2616, 292.7492, 265.9411, 292.3362, 282.3459, 265.3427, 281.6664
79 322 10.740000 270.4200, 267.4266, 297.2171, 267.8180, 296.9773, 284.2321, 270.1802, 283.8408
79 323 10.770000 273.7406, 269.1597, 300.4603, 268.9868, 300.5665, 285.3858, 273.8467, 285.5587
79 324 10.800000 277.2721, 270.5122, 303.8072, 270.4201, 303.8641, 286.7989, 277.3290, 286.8911
79 325 10.840000 281.7488, 272.4830, 308.1234, 272.0956, 308.3630, 288.4079, 281.9884, 288.7953
79 326 10.870000 284.8777, 274.1961, 311.1985, 273.1266, 311.8574, 289.3406, 285.5365, 290.4101
79 327 10.900000 288.2175, 275.5120, 314.3995, 274.5078, 315.0188, 290.6543, 288.8368, 291.6585
79 328 10.940000 292.4037, 277.5268, 318.4693, 276.1569, 319.3118, 292.1877, 293.2462, 293.5576
79 329 10.970000 295.3317, 279.2713, 321.3554, 277.2594, 322.5858, 293.1747, 296.5622, 295.1867
79 330 11.000000 298.3883, 280.7254, 324.4464, 278.6844, 325.6869, 294.5226, 299.6288, 296.5636
79 331 11.040000 302.2239, 282.9066, 328.3126, 280.5714, 329.7151, 296.2403, 303.6264, 298.5755
79 332 11.070000 304.9243, 284.7350, 331.0165, 281.9580, 332.6679, 297.4747, 306.5758, 300.2517
79 333 11.100000 307.7131, 286.2925, 333.8750, 283.6996, 335.4021, 299.1084, 309.2403, 301.7013
79 334 11.140000 311.1924, 288.6630, 337.4249, 286.0442, 338.9447, 301.2683, 312.7122, 303.8871
79 335 11.170000 313.5954, 290.7232, 339.8555, 287.7869, 341.5395, 302.8474, 315.2794, 305.7837
79 336 11.200000 316.0835, 292.5617, 342.4432, 289.9561, 343.9187, 304.8831, 317.5590, 307.4886
79 337 11.240000 319.1479, 295.4343, 345.6030, 292.9024, 347.0117, 307.6214, 320.5566, 310.1532
79 338 11.270000 321.2807, 297.8945, 347.7919, 295.1964, 349.2734, 309.7541, 322.7623, 312.4522
79 339 11.300000 323.4788, 300.2546, 350.1032, 297.9590, 351.3473, 312.3876, 324.7228, 314.6832
79 340 11.340000 326.1967, 303.9281, 352.9408, 301.8321, 354.0589, 316.0985, 327.3148, 318.1945
79 341 11.370000 328.0514, 307.1129, 354.9120, 304.9419, 356.0562, 319.0995, 329.1957, 321.2704
79 342 11.400000 329.9189, 310.3818, 356.9722, 308.5972, 357.9011, 322.6779, 330.8478, 324.4626
79 343 11.440000 332.2545, 315.4448, 359.5228, 313.8577, 360.3383, 327.8692, 333.0701, 329.4564
79 344 11.470000 333.9144, 319.7161, 361.3229, 318.1263, 362.1352, 332.1309, 334.7268, 333.7208
79 345 11.500000 335.5871, 324.0404, 363.1744, 322.8048, 363.8039, 336.8602, 336.2167, 338.0959
79 346 11.540000 337.6849, 329.8489, 365.4818, 328.9169, 365.9553, 343.0385, 338.1584, 343.9705
79 347 11.570000 339.0887, 334.2101, 367.0106, 333.0801, 367.5796, 347.1381, 339.6577, 348.2681
79 348 11.600000 340.6342, 337.8421, 368.7423, 337.4830, 368.9209, 351.4640, 340.8128, 351.8230
79 349 11.640000 342.3985, 342.7133, 370.6774, 342.3798, 370.8429, 356.4160, 342.5640, 356.7495
79 350 11.670000 343.5211, 346.4203, 371.8628, 345.4116, 372.3664, 359.5587, 344.0246, 360.5674
79 351 11.700000 344.8025, 349.4408, 373.2833, 348.8049, 373.6013, 363.0469, 345.1206, 363.6829
79 352 11.740000 346.3381, 353.3812, 374.9653, 352.8602, 375.2280, 367.2962, 346.6009, 367.8172
79 353 11.770000 347.3320, 356.3883, 376.0161, 355.4997, 376.4691, 370.1238, 347.7850, 371.0123
79 354 11.800000 348.4751, 358.8209, 377.3027, 358.5542, 377.4396, 373.3510, 348.6120, 373.6177
79 355 11.840000 349.8082, 362.2321, 378.7596, 362.2035, 378.7745, 377.2558, 349.8230, 377.2844
79 356 11.870000 350.6804, 364.9140, 379.6860, 364.6858, 379.8063, 379.9671, 350.8006, 380.1952
79 357 11.900000 351.6990, 367.2076, 380.8239, 367.6060, 380.6121, 383.0827, 351.4872, 382.6843
79 358 11.940000 352.9056, 370.5456, 382.1351, 371.2508, 381.7545, 387.0272, 352.5250, 386.3220
79 359 11.970000 353.7240, 373.2260, 382.9974, 373.8563, 382.6524, 389.8770, 353.3791, 389.2467
79 360 12.000000 354.6946, 375.5646, 384.0693, 376.8357, 383.3680, 393.0434, 353.9933, 391.7724
79 361 12.040000 355.9174, 378.5955, 385.3825, 380.3443, 384.4053, 396.8085, 354.9403, 395.0597
79 362 12.070000 356.7410, 380.7820, 386.2308, 382.3852, 385.3239, 399.0675, 355.8341, 397.4643
79 363 12.100000 357.8849, 382.1760, 387.4709, 384.8159, 385.9764, 401.5660, 356.3904, 398.9261
79 364 12.140000 359.2831, 384.0221, 388.9251, 387.1447, 387.1457, 404.0352, 357.5037, 400.9126
79 365 12.170000 360.2445, 385.4091, 389.8931, 388.2289, 388.2720, 405.2731, 358.6235, 402.4533
79 366 12.200000 361.5201, 386.1665, 391.2158, 389.6421, 389.2216, 406.6814, 359.5258, 403.2058
79 367 12.240000 363.1259, 387.2051, 392.8458, 390.6976, 390.8361, 407.7995, 361.1162, 404.3070
79 368 12.270000 364.2570, 388.0166, 393.9637, 390.8751, 392.3089, 408.0731, 362.6022, 405.2147
79 369 12.300000 365.7021, 388.2043, 395.4400, 391.3937, 393.5997, 408.5526, 363.8618, 405.3632
79 370 12.340000 367.5329, 388.4596, 397.2672, 391.3010, 395.6257, 408.4790, 365.8914, 405.6376
79 371 12.370000 368.8428, 388.6273, 398.5247, 390.6691, 397.3392, 407.9017, 367.6573, 405.8599
79 372 12.400000 370.4354, 388.1264, 400.1358, 390.3679, 398.8399, 407.5391, 369.1394, 405.2977
79 373 12.440000 372.4523, 387.3766, 402.1117, 389.2298, 401.0407, 406.3717, 371.3812, 404.5185
79 374 12.470000 373.8844, 386.7649, 403.4507, 387.8706, 402.8091, 405.0249, 373.2429, 403.9192
79 375 12.500000 375.5898, 385.5077, 405.1805, 387.0447, 404.2946, 404.0999, 374.7039, 402.5628
79 376 12.540000 377.5889, 384.4843, 407.0665, 385.4062, 406.5333, 402.4514, 377.0558, 401.5295
79 377 12.570000 378.9794, 384.1548, 408.2911, 384.1855, 408.2731, 401.2996, 378.9614, 401.2689
79 378 12.600000 380.4579, 383.8078, 409.6711, 383.5103, 409.8461, 400.7024, 380.6330, 400.9999
79 379 12.640000 382.3015, 383.8459, 411.3096, 382.8315, 411.9170, 400.2021, 382.9089, 401.2165
79 380 12.670000 383.5851, 384.2231, 412.3801, 382.5121, 413.4226, 400.0563, 384.6276, 401.7674
79 381 12.700000 384.9048, 384.5506, 413.5985, 382.7094, 414.7376, 400.4632, 386.0440, 402.3043
79 382 12.740000 386.4914, 385.4560, 414.9753, 383.2042, 416.4056, 401.2965, 387.9217, 403.5483
79 383 12.770000 387.5423, 386.5173, 415.7860, 383.7506, 417.5863, 402.1280, 389.3425, 404.8947
79 384 12.800000 388.5976, 387.5497, 416.7605, 384.8302, 418.5676, 403.5450, 390.4047, 406.2645
79 385 12.840000 389.8062, 389.5160, 417.7534, 386.5703, 419.7767, 405.7657, 391.8295, 408.7114
79 386 12.870000 390.5745, 391.4521, 418.2854, 388.1750, 420.6002, 407.7495, 392.8893, 411.0266
79 387 12.900000 391.3243, 393.5331, 418.9485, 390.3518, 421.2527, 410.3590, 393.6284, 413.5404
79 388 12.940000 392.0484, 397.0685, 419.5516, 393.7691, 422.0238, 414.3765, 394.5205, 417.6759
79 389 12.970000 392.3455, 400.2597, 419.8158, 396.7437, 422.5114, 417.8044, 395.0411, 421.3204
79 390 13.000000 392.6567, 403.5500, 420.1449, 400.1311, 422.8211, 421.6482, 395.3330, 425.0671
79 391 13.040000 392.7573, 407.8423, 420.2579, 404.4435, 422.9899, 426.5482, 395.4892, 429.9470
79 392 13.070000 392.5227, 410.7200, 420.0199, 407.2127, 422.8935, 429.7415, 395.3963, 433.2489
79 393 13.100000 392.3683, 412.8424, 419.9353, 409.7927, 422.4850, 432.8405, 394.9180, 435.8902
79 394 13.140000 391.5647, 415.4956, 419.1631, 412.5139, 421.6940, 435.9400, 394.0956, 438.9217
79 395 13.170000 390.3907, 417.5156, 417.9547, 414.0059, 420.9341, 437.4053, 393.3701, 440.9149
79 396 13.200000 389.5254, 418.6113, 417.1688, 415.5147, 419.8036, 439.0352, 392.1601, 442.1318
79 397 13.240000 387.6991, 419.9007, 415.3945, 416.7959, 418.0365, 440.3628, 390.3410, 443.4676
79 398 13.270000 385.7622, 420.8632, 413.7143, 417.1616, 416.8158, 440.5828, 388.8638, 444.2843
79 399 13.300000 384.3401, 420.7293, 412.2227, 417.8477, 414.6345, 441.1844, 386.7520, 444.0661
79 400 13.340000 381.6186, 420.5604, 409.6460, 417.8551, 411.8696, 440.8915, 383.8421, 443.5968
79 401 13.370000 379.2274, 420.1200, 407.4150, 417.3639, 409.6397, 440.1170, 381.4521, 442.8730
79 402 13.400000 377.0276, 418.8815, 405.1604, 416.8298, 406.8013, 439.3300, 378.6685, 441.3817
79 403 13.440000 373.7326, 416.7001, 401.9512, 415.4828, 402.9023, 437.5301, 374.6837, 438.7474
79 404 13.470000 370.4481, 415.3326, 398.8112, 413.4419, 400.2507, 435.0377, 371.8877, 436.9284
79 405 13.500000 367.7343, 412.9165, 396.0811, 411.8588, 396.8710, 433.0283, 368.5243, 434.0860
79 406 13.540000 363.3258, 410.3299, 391.7870, 409.0642, 392.7096, 429.8119, 364.2484, 431.0776
79 407 13.570000 360.0824, 408.4045, 388.6206, 407.4260, 389.3215, 427.8690, 360.7833, 428.8475
79 408 13.600000 356.9123, 406.5256, 385.5160, 406.1855, 385.7559, 426.3601, 357.1522, 426.7002
79 409 13.640000 352.4689, 404.4479, 381.1893, 404.7832, 380.9578, 424.6175, 352.2374, 424.2822
79 410 13.670000 348.9177, 403.2488, 377.7145, 403.7755, 377.3556, 423.4006, 348.5588, 422.8739
79 411 13.700000 345.5443, 401.9695, 374.4171, 403.2370, 373.5677, 422.5839, 344.6949, 421.3164
79 412 13.740000 340.7077, 400.7756, 369.6746, 402.3959, 368.6101, 421.4263, 339.6431, 419.8060
79 413 13.770000 336.9634, 400.0889, 366.0043, 401.7954, 364.8969, 420.6408, 335.8560, 418.9342
79 414 13.800000 333.3904, 399.2972, 362.4898, 401.5338, 361.0563, 420.1842, 331.9569, 417.9476
79 415 13.840000 328.5146, 398.4880, 357.6909, 401.2222, 355.9640, 419.6489, 326.7878, 416.9146
79 416 13.870000 324.6378, 398.2353, 353.8994, 400.7858, 352.3016, 419.1171, 323.0400, 416.5666
79 417 13.900000 321.1260, 397.6604, 350.4193, 400.8992, 348.4082, 419.0882, 319.1149, 415.8493
79 418 13.940000 316.2408, 397.2672, 345.6088, 400.8117, 343.4204, 418.9444, 314.0523, 415.3999
79 419 13.970000 312.5071, 397.1723, 341.9520, 400.6786, 339.7916, 418.8213, 310.3467, 415.3150
79 420 14.000000 309.1098, 396.8278, 338.5647, 400.9877, 336.0083, 419.0885, 306.5534, 414.9286
79 421 14.040000 304.4217, 396.7239, 333.9420, 401.1393, 331.2347, 419.2394, 301.7145, 414.8240
79 422 14.070000 300.8492, 396.8154, 330.4526, 401.1079, 327.8220, 419.2499, 298.2186, 414.9574
79 423 14.100000 297.6337, 396.6436, 327.2409, 401.4602, 324.2960, 419.5620, 294.6888, 414.7454
79 424 14.140000 293.3137, 396.5937, 322.9676, 401.7091, 319.8434, 419.8201, 290.1896, 414.7048
79 425 14.170000 290.0438, 396.7113, 319.7771, 401.7053, 316.7277, 419.8610, 286.9944, 414.8671
79 426 14.200000 287.2673, 396.4425, 316.9486, 402.1928, 313.4422, 420.2917, 283.7609, 414.5414
79 427 14.240000 283.5524, 396.3095, 313.2245, 402.5642, 309.4152, 420.6356, 279.7431, 414.3809
79 428 14.270000 280.6818, 396.4394, 310.4413, 402.5088, 306.7390, 420.6618, 276.9795, 414.5924
79 429 14.300000 278.3668, 396.2002, 308.0510, 402.9630, 303.9239, 421.0781, 274.2397, 414.3152
79 430 14.340000 275.1640, 396.2375, 304.8934, 403.1126, 300.6880, 421.2973, 270.9587, 414.4222
79 431 14.370000 272.8168, 396.4079, 302.6487, 403.0771, 298.5654, 421.3419, 268.7335, 414.6726
79 432 14.400000 270.9266, 396.3569, 300.7246, 403.4065, 296.4025, 421.6756, 266.6045, 414.6259
79 433 14.440000 268.4698, 396.5100, 298.3592, 403.6353, 293.9821, 421.9965, 264.0927, 414.8712
79 434 14.470000 266.6040, 396.8681, 296.7362, 403.6099, 292.6040, 422.0785, 262.4718, 415.3367
79 435 14.500000 265.2802, 396.9419, 295.3913, 403.9994, 291.0601, 422.4786, 260.9490, 415.4210
79 436 14.540000 263.5836, 397.2395, 293.8108, 404.2757, 289.4927, 422.8260, 259.2656, 415.7898
79 437 14.570000 262.2940, 397.6517, 292.7697, 404.1982, 288.7574, 422.8765, 258.2817, 416.3301
79 438 14.600000 261.6318, 397.6656, 292.0310, 404.5644, 287.7847, 423.2754, 257.3854, 416.3766
79 439 14.640000 260.7226, 397.9428, 291.2303, 404.6925, 287.0654, 423.5177, 256.5576, 416.7679
79 440 14.670000 260.0540, 398.3204, 290.7699, 404.5645, 286.9190, 423.5076, 256.2031, 417.2635
79 441 14.700000 259.9722, 398.3221, 290.5988, 404.8494, 286.5536, 423.8298, 255.9270, 417.3025
79 442 14.740000 259.8670, 398.5499, 290.5458, 404.9290, 286.5794, 424.0044, 255.9006, 417.6254
79 443 14.770000 259.7761, 398.9021, 290.6274, 404.7559, 286.9891, 423.9310, 256.1378, 418.0771
79 444 14.800000 260.2826, 398.8538, 290.9976, 405.0210, 287.1449, 424.2091, 256.4298, 418.0419
79 445 14.840000 260.9419, 399.0203, 291.6454, 405.0774, 287.8504, 424.3139, 257.1470, 418.2568
79 446 14.870000 261.4186, 399.3207, 292.2415, 404.8949, 288.7520, 424.1901, 257.9291, 418.6159
79 447 14.900000 262.4849, 399.2148, 293.1211, 405.1494, 289.3877, 424.4217, 258.7516, 418.4870
79 448 14.940000 263.8719, 399.3111, 294.4326, 405.1875, 290.7270, 424.4585, 260.1664, 418.5820
79 449 14.970000 264.8897, 399.5577, 295.5186, 404.9977, 292.0922, 424.2892, 261.4633, 418.8492
