65 0 0.010000 477.0914, 381.2828, 503.7766, 382.1432, 503.3395, 395.6988, 476.6544, 394.8384
65 1 0.040000 477.0802, 381.8304, 503.7668, 382.6904, 503.3293, 396.2658, 476.6427, 395.4058
65 2 0.070000 477.0552, 383.0485, 503.7449, 383.9077, 503.3065, 397.5275, 476.6167, 396.6683
65 3 0.110000 476.5638, 386.6854, 502.8235, 385.0443, 503.7060, 399.1659, 477.4463, 400.8069
65 4 0.140000 475.7828, 390.6733, 500.1924, 384.0172, 504.1396, 398.4924, 479.7299, 405.1485
65 5 0.170000 474.9160, 392.5269, 497.6993, 383.1650, 503.5338, 397.3640, 480.7505, 406.7259
65 6 0.200000 473.3787, 392.5265, 495.0870, 381.7135, 501.9828, 395.5577, 480.2745, 406.3706
65 7 0.240000 470.2532, 390.5215, 491.4666, 379.1394, 498.7406, 392.6963, 477.5271, 404.0784
65 8 0.270000 467.3090, 388.2865, 488.6514, 377.1340, 495.6937, 390.6107, 474.3514, 401.7632
65 9 0.310000 462.9005, 385.4477, 484.3930, 374.6158, 491.1909, 388.1041, 469.6985, 398.9360
65 10 0.340000 459.4185, 383.7866, 481.0422, 373.2170, 487.6176, 386.6694, 465.9939, 397.2389
65 11 0.370000 455.8651, 382.4620, 477.8243, 372.4854, 483.9629, 385.9968, 462.0037, 395.9734
65 12 0.400000 452.2850, 381.7777, 474.5319, 372.3773, 480.2519, 385.9145, 458.0050, 395.3148
65 13 0.440000 447.4784, 381.8001, 470.1065, 373.2538, 475.2318, 386.8243, 452.6038, 395.3706
65 14 0.470000 443.8280, 382.4551, 466.7424, 374.6082, 471.3988, 388.2061, 448.4845, 396.0530
65 15 0.500000 440.0944, 383.5235, 463.2775, 376.4137, 467.4568, 390.0412, 444.2737, 397.1510
65 16 0.540000 434.8924, 385.1666, 458.4309, 379.1644, 461.9210, 392.8512, 438.3825, 398.8534
65 17 0.570000 430.7876, 386.3315, 454.5783, 381.2490, 457.5136, 394.9886, 433.7228, 400.0711
65 18 0.610000 425.0594, 387.6649, 449.1295, 383.8543, 451.3158, 397.6641, 427.2457, 401.4747
65 19 0.640000 420.6035, 388.4567, 444.8290, 385.5991, 446.4639, 399.4590, 422.2384, 402.3166
65 20 0.670000 416.0583, 389.0044, 440.4133, 387.1707, 441.4586, 401.0541, 417.1036, 402.8879
65 21 0.700000 411.4301, 389.3497, 435.8481, 388.4425, 436.3648, 402.3536, 411.9468, 403.2607
65 22 0.740000 405.2086, 389.3887, 429.6503, 389.6989, 429.4738, 403.6055, 405.0321, 403.2953
65 23 0.770000 400.5632, 389.0644, 424.9852, 390.3147, 424.2765, 404.1559, 399.8545, 402.9055
65 24 0.800000 395.9104, 388.4899, 420.2584, 390.4284, 419.1575, 404.2562, 394.8095, 402.3177
65 25 0.840000 389.8420, 387.1815, 414.0702, 390.0417, 412.4506, 403.7618, 388.2223, 400.9017
65 26 0.870000 385.4369, 385.7482, 409.5463, 389.3001, 407.5407, 402.9136, 383.4313, 399.3617
65 27 0.900000 381.0573, 384.0358, 405.0528, 387.7956, 402.9016, 401.5251, 378.9061, 397.7653
65 28 0.940000 375.6112, 381.1534, 399.3857, 385.6784, 396.8410, 399.0482, 373.0665, 394.5232
65 29 0.970000 371.8249, 378.5926, 395.3766, 383.9933, 392.4400, 396.7994, 368.8883, 391.3987
65 30 1.000000 367.9977, 376.0017, 391.4056, 381.4661, 388.4469, 394.1401, 365.0390, 388.6757
65 31 1.040000 363.2416, 372.4588, 386.4294, 378.5642, 383.2477, 390.6479, 360.0599, 384.5425
65 32 1.070000 359.7915, 369.9779, 382.8178, 376.4577, 379.5061, 388.2260, 356.4798, 381.7463
65 33 1.110000 355.2700, 367.0973, 378.1202, 373.7244, 374.7790, 385.2446, 351.9288, 378.6176
65 34 1.140000 351.9245, 365.3030, 374.6861, 371.7886, 371.4426, 383.1717, 348.6811, 376.6862
65 35 1.170000 348.8113, 363.5869, 371.4146, 370.3257, 368.0918, 381.4710, 345.4885, 374.7322
65 36 1.210000 344.7253, 361.7637, 367.1824, 368.4821, 363.9173, 379.3963, 341.4601, 372.6779
65 37 1.240000 341.7202, 360.7141, 364.1182, 367.1588, 360.9996, 377.9975, 338.6015, 371.5528
65 38 1.270000 338.9410, 359.7383, 361.2098, 366.2620, 358.0849, 376.9290, 335.8161, 370.4053
65 39 1.310000 335.3422, 358.8195, 357.4825, 365.1872, 354.4493, 375.7335, 332.3090, 369.3658
65 40 1.340000 332.6629, 358.4957, 354.7776, 364.4046, 351.9659, 374.9278, 329.8511, 369.0189
65 41 1.370000 330.2567, 358.1744, 352.2345, 364.1354, 349.4171, 374.5228, 327.4393, 368.5618
65 42 1.410000 327.0536, 358.2350, 348.9460, 363.7648, 346.3351, 374.1011, 324.4427, 368.5713
65 43 1.440000 324.7421, 358.5350, 346.5731, 363.6281, 344.1594, 373.9743, 322.3284, 368.8812
65 44 1.470000 322.5976, 358.9167, 344.3238, 363.8069, 342.0032, 374.1170, 320.2770, 369.2268
65 45 1.510000 319.8287, 359.7167, 341.4312, 364.1117, 339.3319, 374.4300, 317.7294, 370.0350
65 46 1.540000 317.8123, 360.4728, 339.3449, 364.3211, 337.4944, 374.6756, 315.9617, 370.8274
65 47 1.570000 316.0837, 360.9786, 337.4614, 364.9328, 335.5546, 375.2416, 314.1769, 371.2874
65 48 1.610000 313.8224, 361.8050, 335.0447, 365.5579, 333.2184, 375.8857, 311.9961, 372.1329
65 49 1.640000 312.1662, 362.5308, 333.2987, 365.9123, 331.6386, 376.2869, 310.5062, 372.9053
65 50 1.670000 310.7675, 363.0051, 331.7486, 366.6003, 329.9704, 376.9777, 308.9893, 373.3825
65 51 1.710000 308.9226, 363.8183, 329.7529, 367.3271, 327.9917, 377.7826, 307.1614, 374.2738
65 52 1.740000 307.5342, 364.5815, 328.2922, 367.7089, 326.6971, 378.2961, 305.9392, 375.1687
65 53 1.770000 306.3890, 365.1346, 327.0197, 368.4254, 325.3164, 379.1036, 304.6858, 375.8129
65 54 1.810000 304.8495, 366.1050, 325.3577, 369.2209, 323.7045, 380.1015, 303.1963, 376.9855
65 55 1.840000 303.7009, 367.0076, 324.1398, 369.7652, 322.6443, 380.8499, 302.2054, 378.0923
65 56 1.870000 302.7561, 367.7839, 323.0948, 370.6534, 321.5061, 381.9142, 301.1674, 379.0447
65 57 1.910000 301.4979, 369.0891, 321.7345, 371.8422, 320.1624, 383.3976, 299.9258, 380.6444
65 58 1.940000 300.5559, 370.2576, 320.7368, 372.7413, 319.2823, 384.5595, 299.1014, 382.0758
65 59 1.970000 299.8009, 371.3024, 319.9145, 373.9655, 318.3189, 386.0169, 298.2053, 383.3538
65 60 2.010000 298.8152, 372.8085, 318.8590, 375.4710, 317.2132, 387.8610, 297.1694, 385.1985
65 61 2.040000 298.0922, 373.9058, 318.0775, 376.2998, 316.5587, 388.9795, 296.5733, 386.5856
65 62 2.070000 297.6344, 374.5241, 317.5746, 377.2374, 315.8179, 390.1475, 295.8777, 387.4342
65 63 2.110000 297.0782, 375.1449, 316.9524, 377.9614, 315.0857, 391.1331, 295.2115, 388.3167
65 64 2.140000 296.6829, 375.4808, 316.4933, 378.0586, 314.7560, 391.4096, 294.9456, 388.8317
65 65 2.170000 296.6648, 375.1958, 316.4542, 378.4506, 314.2550, 391.8222, 294.4655, 388.5674
65 66 2.210000 296.6165, 374.7646, 316.3393, 378.2091, 313.9906, 391.6579, 294.2677, 388.2135
65 67 2.240000 296.6159, 374.3352, 316.2767, 377.5665, 314.0573, 391.0705, 294.3966, 387.8393
65 68 2.270000 296.9364, 373.4143, 316.5571, 377.0524, 314.0655, 390.4902, 294.4447, 386.8521
65 69 2.310000 297.4253, 372.0135, 316.9821, 375.7107, 314.4529, 389.0893, 294.8961, 385.3921
65 70 2.340000 297.7959, 370.8807, 317.2836, 374.0876, 315.0782, 387.4896, 295.5904, 384.2827
65 71 2.370000 298.5413, 369.1465, 317.9990, 372.6614, 315.6008, 385.9371, 296.1432, 382.4222
65 72 2.410000 299.5610, 366.6492, 318.9559, 369.9621, 316.7046, 383.1417, 297.3097, 379.8287
65 73 2.440000 300.3430, 364.6455, 319.6679, 367.3672, 317.8165, 380.5132, 298.4916, 377.7915
65 74 2.470000 301.4945, 362.0312, 320.8000, 365.0490, 318.7698, 378.0363, 299.4643, 375.0184
65 75 2.510000 303.0068, 358.6168, 322.2549, 361.4981, 320.3353, 374.3220, 301.0872, 371.4408
65 76 2.540000 304.0378, 356.4130, 323.2123, 358.6271, 321.7366, 371.4074, 302.5621, 369.1933
65 77 2.570000 305.1963, 354.2783, 324.3187, 356.1797, 323.0540, 368.8981, 303.9316, 366.9967
65 78 2.610000 306.6886, 351.9472, 325.7122, 353.1729, 324.8946, 365.8636, 305.8709, 364.6379
65 79 2.640000 307.7356, 350.5289, 326.7205, 351.1731, 326.2900, 363.8616, 307.3050, 363.2174
65 80 2.670000 308.8807, 349.1874, 327.8477, 349.5728, 327.5896, 362.2715, 308.6226, 361.8861
65 81 2.710000 310.3475, 347.7707, 329.2873, 347.7275, 329.3164, 360.4670, 310.3766, 360.5103
65 82 2.740000 311.3738, 346.9948, 330.2858, 346.5199, 330.6068, 359.3049, 311.6949, 359.7798
65 83 2.770000 312.5250, 346.2167, 331.4156, 345.6789, 331.7815, 358.5299, 312.8909, 359.0678
65 84 2.800000 313.5165, 345.7674, 332.3745, 344.8761, 332.9853, 357.7970, 314.1272, 358.6884
65 85 2.840000 314.8892, 345.2979, 333.7153, 344.2128, 334.4668, 357.2521, 315.6407, 358.3371
65 86 2.870000 315.9506, 345.0420, 334.7675, 344.0148, 335.4853, 357.1629, 316.6684, 358.1902
65 87 2.900000 316.8324, 345.1220, 335.6210, 343.8445, 336.5220, 357.0965, 317.7334, 358.3739
65 88 2.940000 318.0250, 345.3727, 336.7941, 343.9897, 337.7823, 357.4012, 319.0133, 358.7842
65 89 2.970000 318.9237, 345.6626, 337.6939, 344.3536, 338.6386, 357.8995, 319.8683, 359.2085
65 90 3.000000 319.6390, 346.2332, 338.3876, 344.7126, 339.4959, 358.3779, 320.7473, 359.8985
65 91 3.040000 320.5995, 347.0025, 339.3441, 345.4401, 340.4935, 359.2295, 321.7489, 360.7919
65 92 3.070000 321.3412, 347.5196, 340.1074, 346.1411, 341.1252, 359.9971, 322.3589, 361.3755
65 93 3.100000 321.8448, 348.2696, 340.5985, 346.7034, 341.7565, 360.5699, 323.0028, 362.1360
65 94 3.140000 322.5564, 349.1543, 341.3286, 347.6502, 342.4381, 361.4967, 323.6658, 363.0008
65 95 3.170000 323.1738, 349.6794, 341.9920, 348.5707, 342.8056, 362.3804, 323.9875, 363.4891
65 96 3.200000 323.5044, 350.5070, 342.3286, 349.2933, 343.2139, 363.0241, 324.3897, 364.2377
65 97 3.240000 324.0189, 351.4838, 342.9017, 350.5156, 343.6000, 364.1352, 324.7172, 365.1034
65 98 3.270000 324.3690, 352.1731, 343.4028, 351.6360, 343.7838, 365.1406, 324.7500, 365.6777
65 99 3.300000 324.5819, 353.1776, 343.6193, 352.5875, 344.0338, 365.9578, 324.9964, 366.5479
65 100 3.340000 324.8939, 354.4838, 344.0383, 354.1931, 344.2381, 367.3521, 325.0937, 367.6428
65 101 3.370000 325.1411, 355.4961, 344.4032, 355.6217, 344.3185, 368.6130, 325.0565, 368.4874
65 102 3.400000 325.2842, 356.8185, 344.5772, 356.9810, 344.4692, 369.8037, 325.1763, 369.6412
65 103 3.440000 325.5094, 358.6690, 344.8939, 359.1296, 344.5948, 371.7162, 325.2103, 371.2555
65 104 3.470000 325.7202, 360.1019, 345.1961, 360.9896, 344.6314, 373.3789, 325.1555, 372.4913
65 105 3.500000 325.8331, 361.7689, 345.3455, 362.6771, 344.7763, 374.9065, 325.2638, 373.9983
65 106 3.540000 326.0569, 363.7805, 345.6556, 364.9232, 344.9573, 376.9006, 325.3586, 375.7579
65 107 3.570000 326.3208, 364.9800, 345.9986, 366.5330, 345.0714, 378.2802, 325.3936, 376.7271
65 108 3.600000 326.4931, 366.1459, 346.2172, 367.6109, 345.3541, 379.2320, 325.6299, 377.7669
65 109 3.640000 326.9437, 367.0570, 346.7629, 368.9528, 345.6672, 380.4076, 325.8480, 378.5117
65 110 3.670000 327.4422, 367.3084, 347.3270, 369.8219, 345.8939, 381.1598, 326.0091, 378.6463
65 111 3.700000 327.8085, 367.6462, 347.7451, 369.9801, 346.4168, 381.3265, 326.4803, 378.9926
65 112 3.740000 328.5357, 367.5353, 348.5401, 369.9965, 347.1436, 381.3475, 327.1392, 378.8864
65 113 3.770000 329.2700, 367.0265, 349.3171, 369.8617, 347.7133, 381.2024, 327.6661, 378.3672
65 114 3.800000 329.8592, 366.6225, 349.9503, 368.9461, 348.6241, 380.4136, 328.5330, 378.0900
65 115 3.840000 330.9079, 365.4672, 351.0471, 367.5483, 349.8510, 379.1233, 329.7118, 377.0422
65 116 3.870000 331.8869, 364.1082, 352.0673, 366.3656, 350.7691, 377.9718, 330.5886, 375.7144
65 117 3.900000 332.7182, 362.8143, 352.9117, 364.4016, 351.9895, 376.1334, 331.7960, 374.5461
65 118 3.940000 334.0715, 360.3829, 354.2948, 361.6487, 353.5562, 373.4490, 333.3329, 372.1832
65 119 3.970000 335.2615, 358.0392, 355.5393, 359.5503, 354.6619, 371.3229, 334.3842, 369.8118
65 120 4.000000 336.2903, 355.8731, 356.5723, 356.8578, 356.0001, 368.6418, 335.7182, 367.6571
65 121 4.040000 337.7806, 352.8166, 358.0851, 353.4571, 357.7139, 365.2252, 337.4093, 364.5846
65 122 4.070000 338.8993, 350.6621, 359.2237, 351.0471, 359.0010, 362.8023, 338.6766, 362.4172
65 123 4.100000 339.9073, 348.8509, 360.2069, 348.5654, 360.3723, 360.3278, 340.0727, 360.6133
65 124 4.140000 341.2933, 346.5057, 361.5859, 345.6463, 362.0832, 357.3901, 341.7907, 358.2495
65 125 4.170000 342.3468, 344.7524, 362.6722, 343.7210, 363.2673, 355.4491, 342.9419, 356.4804
65 126 4.200000 343.2613, 343.3064, 363.5388, 341.6568, 364.4916, 353.3679, 344.2140, 355.0175
65 127 4.240000 344.4568, 341.3258, 364.7180, 339.1751, 365.9573, 350.8500, 345.6961, 353.0007
65 128 4.270000 345.3227, 339.7435, 365.6381, 337.5256, 366.9071, 349.1499, 346.5917, 351.3678
65 129 4.300000 346.0348, 338.3779, 366.3128, 335.7059, 367.8361, 347.2661, 347.5581, 349.9381
65 130 4.340000 346.9158, 336.3360, 367.2457, 333.5179, 368.8329, 344.9681, 348.5030, 347.7862
65 131 4.370000 347.5157, 334.5974, 367.9695, 332.0336, 369.3936, 343.3941, 348.9397, 345.9580
65 132 4.400000 347.9317, 333.0589, 368.3966, 330.2783, 369.9268, 341.5403, 349.4618, 344.3209
65 133 4.440000 348.3928, 330.7224, 368.9686, 328.0758, 370.3999, 339.2040, 349.8242, 341.8505
65 134 4.470000 348.6946, 328.7402, 369.4254, 326.5881, 370.5684, 337.5985, 349.8376, 339.7506
65 135 4.500000 348.7739, 327.0896, 369.5215, 324.7240, 370.7665, 335.6428, 350.0189, 338.0084
65 136 4.540000 348.8864, 324.6822, 369.7784, 322.7413, 370.7813, 333.5360, 349.8892, 335.4769
65 137 4.570000 348.9396, 322.9470, 369.9643, 321.5627, 370.6676, 332.2440, 349.6429, 333.6283
65 138 4.600000 348.8624, 321.5749, 369.9555, 320.3356, 370.5778, 330.9265, 349.4846, 332.1658
65 139 4.640000 348.7422, 319.8659, 369.9508, 319.1007, 370.3279, 329.5523, 349.1193, 330.3175
65 140 4.670000 348.6486, 318.6628, 369.9459, 318.4436, 370.0524, 328.7892, 348.7550, 329.0084
65 141 4.700000 348.4426, 317.7703, 369.7922, 317.6901, 369.8309, 327.9772, 348.4812, 328.0575
65 142 4.740000 348.2047, 316.6194, 369.6315, 317.0415, 369.4305, 327.2435, 348.0037, 326.8214
65 143 4.770000 348.0497, 315.8211, 369.5241, 316.7648, 369.0788, 326.8988, 347.6044, 325.9551
65 144 4.800000 347.7729, 315.3511, 369.2875, 316.2867, 368.8461, 326.4366, 347.3315, 325.5009
65 145 4.840000 347.4582, 314.7904, 369.0224, 315.9195, 368.4900, 326.0875, 346.9258, 324.9584
65 146 4.870000 347.2741, 314.4067, 368.8697, 315.8547, 368.1871, 326.0347, 346.5915, 324.5868
65 147 4.900000 346.9737, 314.3454, 368.6077, 315.5713, 368.0248, 325.8573, 346.3908, 324.6314
65 148 4.940000 346.6447, 314.3039, 368.3239, 315.4581, 367.7684, 325.8910, 346.0893, 324.7368
65 149 4.970000 346.4417, 314.3076, 368.1520, 315.5359, 367.5550, 326.0864, 345.8448, 324.8580
65 150 5.000000 346.1229, 314.5813, 367.8653, 315.3665, 367.4764, 326.1361, 345.7340, 325.3510
65 151 5.040000 345.7666, 314.8287, 367.5423, 315.3004, 367.3035, 326.3241, 345.5278, 325.8525
65 152 5.070000 345.6005, 314.7888, 367.4232, 315.4757, 367.0724, 326.6190, 345.2498, 325.9321
65 153 5.100000 345.2749, 315.0052, 367.1186, 315.2216, 367.0063, 326.5611, 345.1626, 326.3448
65 154 5.140000 344.9373, 315.0353, 366.8290, 315.1062, 366.7917, 326.6104, 344.9000, 326.5395
65 155 5.170000 344.7317, 314.8982, 366.6738, 315.1256, 366.5537, 326.7126, 344.6116, 326.4852
65 156 5.200000 344.3520, 315.0371, 366.2898, 314.7116, 366.4640, 326.4503, 344.5262, 326.7758
65 157 5.240000 343.9108, 314.9673, 365.8730, 314.3609, 366.2010, 326.2420, 344.2389, 326.8485
65 158 5.270000 343.6055, 314.7463, 365.6211, 314.2261, 365.9032, 326.1679, 343.8877, 326.6881
65 159 5.300000 343.1244, 314.7941, 365.1024, 313.6842, 365.7109, 325.7336, 343.7329, 326.8434
65 160 5.340000 342.4717, 314.6734, 364.4250, 313.0677, 365.3125, 325.2024, 343.3592, 326.8081
65 161 5.370000 341.9872, 314.3571, 363.9828, 312.7642, 364.8628, 324.9170, 342.8673, 326.5099
65 162 5.400000 341.3297, 314.2453, 363.2614, 312.1137, 364.4464, 324.3055, 342.5147, 326.4371
65 163 5.440000 340.4282, 313.7678, 362.3705, 311.4482, 363.6593, 323.6392, 341.7170, 325.9588
65 164 5.470000 339.7259, 313.1760, 361.7544, 311.1130, 362.8914, 323.2534, 340.8628, 325.3164
65 165 5.500000 338.8199, 312.8849, 360.7961, 310.4076, 362.1602, 322.5093, 340.1841, 324.9865
65 166 5.540000 337.6047, 312.2310, 359.6468, 309.8825, 360.9301, 321.9275, 338.8881, 324.2760
65 167 5.570000 336.6569, 311.6979, 358.7995, 309.7390, 359.8623, 321.7536, 337.7198, 323.7125
65 168 5.600000 335.5541, 311.4781, 357.7041, 309.4430, 358.8096, 321.4754, 336.6597, 323.5106
65 169 5.640000 334.0399, 311.1921, 356.2527, 309.3820, 357.2355, 321.4422, 335.0227, 323.2523
65 170 5.670000 332.8790, 310.9837, 355.1715, 309.5860, 355.9287, 321.6644, 333.6362, 323.0620
65 171 5.700000 331.5679, 311.0978, 353.8579, 309.6302, 354.6571, 321.7671, 332.3670, 323.2347
65 172 5.740000 329.7988, 311.2603, 352.1284, 310.0187, 352.8070, 322.2235, 330.4774, 323.4651
65 173 5.770000 328.4656, 311.3906, 350.8528, 310.5653, 351.3042, 322.8088, 328.9170, 323.6342
65 174 5.800000 326.9887, 311.8544, 349.3613, 310.9552, 349.8564, 323.2743, 327.4838, 324.1734
65 175 5.840000 325.0251, 312.5016, 347.4159, 311.8342, 347.7854, 324.2341, 325.3946, 324.9015
65 176 5.870000 323.5636, 313.0195, 345.9914, 312.7699, 346.1299, 325.2176, 323.7021, 325.4672
65 177 5.900000 321.9722, 313.8806, 344.3778, 313.5871, 344.5420, 326.1205, 322.1363, 326.4140
65 178 5.940000 319.8805, 315.0940, 342.2882, 315.0710, 342.3011, 327.7036, 319.8934, 327.7266
65 179 5.970000 318.3408, 316.0559, 340.7673, 316.4702, 340.5328, 329.1668, 318.1062, 328.7524
65 180 6.000000 316.6954, 317.3127, 339.0979, 317.7677, 338.8381, 330.5605, 316.4357, 330.1056
65 181 6.040000 314.5197, 319.0367, 336.9108, 319.7021, 336.5287, 332.5614, 314.1376, 331.8961
65 182 6.070000 312.9447, 320.2533, 335.3528, 321.3371, 334.7307, 334.1997, 312.3226, 333.1159
65 183 6.100000 311.2392, 321.7475, 333.6266, 322.7110, 333.0721, 335.5951, 310.6847, 334.6316
65 184 6.140000 309.0483, 323.6459, 331.4453, 324.7855, 330.7906, 337.6542, 308.3935, 336.5146
65 185 6.170000 307.5036, 324.9812, 329.9265, 326.6106, 328.9971, 339.4008, 306.5742, 337.7715
65 186 6.200000 305.8075, 326.6638, 328.2391, 328.1595, 327.3884, 340.9171, 304.9569, 339.4215
65 187 6.240000 303.6868, 328.8365, 326.1516, 330.6166, 325.1493, 343.2658, 302.6845, 341.4857
65 188 6.270000 302.1696, 330.4950, 324.6689, 332.6962, 323.4423, 345.2343, 300.9429, 343.0331
65 189 6.300000 300.5445, 332.4914, 323.0802, 334.6319, 321.8957, 347.1038, 299.3599, 344.9633
65 190 6.340000 298.4842, 335.2677, 321.0828, 337.6104, 319.8033, 349.9524, 297.2047, 347.6097
65 191 6.370000 297.0250, 337.4716, 319.6667, 340.1768, 318.2072, 352.3918, 295.5655, 349.6866
65 192 6.400000 295.4507, 340.0962, 318.1660, 342.6797, 316.7842, 354.8290, 294.0689, 352.2455
65 193 6.440000 293.4621, 343.8418, 316.2723, 346.5297, 314.8543, 358.5628, 292.0441, 355.8749
65 194 6.470000 292.0333, 346.8619, 314.9157, 349.7489, 313.4108, 361.6768, 290.5284, 358.7898
65 195 6.500000 290.5339, 350.1839, 313.5202, 352.8855, 312.1235, 364.7697, 289.1372, 362.0681
65 196 6.540000 288.7067, 354.4376, 311.8101, 357.1316, 310.4363, 368.9133, 287.3329, 366.2194
65 197 6.570000 287.5122, 357.3232, 310.6691, 360.2794, 309.1870, 371.8896, 286.0301, 368.9335
65 198 6.600000 286.2039, 360.2883, 309.4785, 362.7938, 308.2361, 374.3347, 284.9615, 371.8292
65 199 6.640000 284.7638, 363.6100, 308.1356, 366.0806, 306.9209, 377.5713, 283.5491, 375.1007
65 200 6.670000 283.9290, 365.6512, 307.3082, 368.5930, 305.8723, 380.0041, 282.4931, 377.0623
65 201 6.700000 282.9633, 367.8227, 306.4316, 370.5004, 305.1243, 381.9581, 281.6560, 379.2804
65 202 6.740000 281.9500, 370.2751, 305.4703, 373.0673, 304.1077, 384.5450, 280.5875, 381.7528
65 203 6.770000 281.3857, 371.8184, 304.8976, 374.9966, 303.3456, 386.4780, 279.8337, 383.2998
65 204 6.800000 280.6688, 373.5821, 304.2690, 376.3367, 302.9131, 387.9539, 279.3129, 385.1994
65 205 6.840000 279.9807, 375.5698, 303.6298, 378.2114, 302.3148, 389.9848, 278.6656, 387.3433
65 206 6.870000 279.6328, 376.8490, 303.2811, 379.6571, 301.8713, 391.5292, 278.2231, 388.7210
65 207 6.900000 279.1634, 378.3380, 302.8737, 380.6586, 301.6933, 392.7191, 277.9830, 390.3986
65 208 6.940000 278.7343, 380.0832, 302.4717, 382.0573, 301.4483, 394.3627, 277.7109, 392.3885
65 209 6.970000 278.5892, 381.1315, 302.3165, 383.2361, 301.2100, 395.7112, 277.4827, 393.6065
65 210 7.000000 278.2671, 382.4377, 302.0121, 383.8441, 301.2565, 396.6028, 277.5114, 395.1965
65 211 7.040000 278.0472, 383.6980, 301.7722, 384.6690, 301.2365, 397.7581, 277.5115, 396.7871
65 212 7.070000 278.0814, 384.1272, 301.7804, 385.3438, 301.0978, 398.6403, 277.3988, 397.4237
65 213 7.100000 277.9294, 384.7018, 301.5856, 385.3548, 301.2114, 398.9107, 277.5551, 398.2576
65 214 7.140000 277.9346, 384.8326, 301.5268, 385.3556, 301.2195, 399.2184, 277.6273, 398.6954
65 215 7.170000 278.0648, 384.4954, 301.6299, 385.3197, 301.1379, 399.3854, 277.5727, 398.5611
65 216 7.200000 278.0011, 384.3343, 301.4741, 384.6403, 301.2875, 398.9461, 277.8146, 398.6400
65 217 7.240000 278.0757, 383.5435, 301.4562, 383.7130, 301.3505, 398.3043, 277.9699, 398.1348
65 218 7.270000 278.2519, 382.5026, 301.6078, 383.0132, 301.2846, 397.8005, 277.9287, 397.2899
65 219 7.300000 278.2328, 381.6370, 301.4660, 381.6944, 301.4289, 396.6973, 278.1957, 396.6398
65 220 7.340000 278.3578, 379.8775, 301.4895, 379.9115, 301.4670, 395.1798, 278.3354, 395.1458
65 221 7.370000 278.5620, 378.0897, 301.6887, 378.5505, 301.3808, 394.0008, 278.2541, 393.5400
65 222 7.400000 278.5689, 376.4725, 301.5506, 376.5403, 301.5045, 392.1779, 278.5228, 392.1101
65 223 7.440000 278.7309, 373.6788, 301.6191, 373.8281, 301.5157, 389.6776, 278.6275, 389.5282
65 224 7.470000 278.9990, 371.0792, 301.9263, 371.8630, 301.3800, 387.8428, 278.4527, 387.0590
65 225 7.500000 279.0832, 368.7600, 301.8960, 369.3863, 301.4538, 385.4935, 278.6410, 384.8672
65 226 7.540000 279.3312, 365.5727, 302.0936, 366.5027, 301.4314, 382.7114, 278.6690, 381.7815
65 227 7.570000 279.5014, 363.4564, 302.2205, 364.5434, 301.4417, 380.8206, 278.7226, 379.7336
65 228 7.600000 279.5559, 361.7833, 302.1493, 362.5730, 301.5779, 378.9198, 278.9845, 378.1301
65 229 7.640000 279.6500, 359.7565, 302.1701, 360.3957, 301.7043, 376.8057, 279.1842, 376.1665
65 230 7.670000 279.7917, 358.3304, 302.3044, 359.1014, 301.7417, 375.5300, 279.2290, 374.7590
65 231 7.700000 279.7006, 357.2840, 302.2211, 357.7294, 301.8963, 374.1535, 279.3758, 373.7081
65 232 7.740000 279.7430, 355.9355, 302.2701, 356.2863, 302.0151, 372.6602, 279.4880, 372.3094
65 233 7.770000 279.8864, 354.9434, 302.4193, 355.4639, 302.0426, 371.7693, 279.5097, 371.2487
65 234 7.800000 279.7827, 354.2941, 302.3313, 354.5038, 302.1806, 370.7130, 279.6320, 370.5033
65 235 7.840000 279.7884, 353.4183, 302.3592, 353.5382, 302.2740, 369.5756, 279.7031, 369.4557
65 236 7.870000 279.9022, 352.7318, 302.4916, 353.0520, 302.2665, 368.9322, 279.6771, 368.6120
65 237 7.900000 279.7472, 352.4015, 302.3623, 352.3827, 302.3754, 368.0776, 279.7602, 368.0964
65 238 7.940000 279.6793, 351.9102, 302.3307, 351.7973, 302.4076, 367.2146, 279.7562, 367.3275
65 239 7.970000 279.7429, 351.4709, 302.4233, 351.6062, 302.3327, 366.7976, 279.6523, 366.6623
65 240 8.000000 279.5859, 351.3303, 302.3004, 351.2603, 302.3464, 366.1976, 279.6319, 366.2676
65 241 8.040000 279.4932, 351.0204, 302.2543, 351.0138, 302.2585, 365.6128, 279.4974, 365.6193
65 242 8.070000 279.5090, 350.6448, 302.3002, 350.9634, 302.0994, 365.3326, 279.3081, 365.0140
65 243 8.100000 279.2680, 350.5541, 302.1018, 350.6060, 302.0697, 364.7570, 279.2358, 364.7051
65 244 8.140000 279.0743, 350.1917, 301.9577, 350.2792, 301.9045, 364.1825, 279.0211, 364.0950
65 245 8.170000 279.0375, 349.7117, 301.9482, 350.1730, 301.6717, 363.9026, 278.7610, 363.4413
65 246 8.200000 278.7381, 349.5271, 301.6953, 349.6966, 301.5951, 363.2696, 278.6379, 363.1001
65 247 8.240000 278.5171, 348.9363, 301.5194, 349.2612, 301.3304, 362.6435, 278.3281, 362.3186
65 248 8.270000 278.4374, 348.2801, 301.4608, 348.9880, 301.0523, 362.2730, 278.0289, 361.5650
65 249 8.300000 278.1593, 347.8352, 301.2247, 348.3934, 300.9055, 361.5843, 277.8400, 361.0261
65 250 8.340000 277.9424, 346.9080, 301.0690, 347.6940, 300.6240, 360.7864, 277.4974, 360.0004
65 251 8.370000 277.9352, 345.9013, 301.0756, 347.2642, 300.3073, 360.3088, 277.1669, 358.9459
65 252 8.400000 277.7287, 345.1092, 300.9808, 346.4431, 300.2347, 359.4473, 276.9826, 358.1134
65 253 8.440000 277.6745, 343.6403, 300.9988, 345.4106, 300.0134, 358.3949, 276.6890, 356.6246
65 254 8.470000 277.8237, 342.2315, 301.1304, 344.6917, 299.7584, 357.6894, 276.4517, 355.2292
65 255 8.500000 277.7106, 341.1886, 301.1643, 343.5102, 299.8753, 356.5318, 276.4217, 354.2103
65 256 8.540000 277.8927, 339.5505, 301.3987, 342.3524, 299.8475, 355.3656, 276.3415, 352.5636
65 257 8.570000 278.2438, 338.2757, 301.6806, 341.7907, 299.7305, 354.7927, 276.2937, 351.2778
65 258 8.600000 278.4253, 337.4265, 301.9272, 341.0729, 299.9127, 354.0570, 276.4108, 350.4106
65 259 8.640000 278.9496, 336.2930, 302.4250, 340.4769, 300.1149, 353.4386, 276.6395, 349.2547
65 260 8.670000 279.5854, 335.4316, 302.9375, 340.3196, 300.2352, 353.2299, 276.8830, 348.3419
65 261 8.700000 280.0656, 334.9716, 303.4548, 339.9452, 300.7161, 352.8246, 277.3268, 347.8511
65 262 8.740000 281.0503, 334.3294, 304.3691, 339.7535, 301.3839, 352.5870, 278.0651, 347.1628
65 263 8.770000 282.0205, 333.8762, 305.2138, 339.7942, 301.9496, 352.5870, 278.7563, 346.6690
65 264 8.800000 282.8530, 333.7950, 306.1181, 339.5793, 302.9355, 352.3800, 279.6704, 346.5958
65 265 8.840000 284.3032, 333.6990, 307.5700, 339.5348, 304.3579, 352.3412, 281.0911, 346.5053
65 266 8.870000 285.6302, 333.6574, 308.8407, 339.6692, 305.5253, 352.4697, 282.3148, 346.4580
65 267 8.900000 286.8437, 333.9728, 310.1773, 339.5642, 307.0966, 352.4205, 283.7630, 346.8291
65 268 8.940000 288.7782, 334.4299, 312.1882, 339.6562, 309.3030, 352.5799, 285.8930, 347.3536
65 269 8.970000 290.4770, 334.7747, 313.8660, 339.9244, 311.0130, 352.8824, 287.6239, 347.7327
65 270 9.000000 292.0307, 335.4841, 315.5687, 339.9003, 313.1191, 352.9560, 289.5812, 348.5398
65 271 9.040000 294.4652, 336.2712, 318.0598, 340.0980, 315.9253, 353.2591, 292.3306, 349.4323
65 272 9.070000 296.5559, 336.6660, 320.1071, 340.3881, 318.0127, 353.6405, 294.4615, 349.9185
65 273 9.100000 298.4795, 337.3333, 322.1336, 340.2813, 320.4597, 353.7128, 296.8055, 350.7648
65 274 9.140000 301.3765, 337.9219, 325.0361, 340.3589, 323.6285, 354.0241, 299.9689, 351.5870
65 275 9.170000 303.6973, 338.2379, 327.3437, 340.4939, 326.0237, 354.3300, 302.3772, 352.0740
65 276 9.200000 305.8893, 338.7654, 329.6064, 340.3757, 328.6547, 354.3939, 304.9375, 352.7837
65 277 9.240000 308.9092, 339.3638, 332.6904, 340.2566, 332.1546, 354.5302, 308.3734, 353.6375
65 278 9.270000 311.4118, 339.5079, 335.2154, 340.4398, 334.6494, 354.9001, 310.8457, 353.9682
65 279 9.300000 313.5574, 340.0943, 337.3976, 340.1381, 337.3707, 354.8131, 313.5305, 354.7693
65 280 9.340000 316.6769, 340.5152, 340.5436, 340.1216, 340.7893, 355.0258, 316.9227, 355.4194
65 281 9.370000 319.0021, 340.7844, 342.8879, 340.1474, 343.2899, 355.2198, 319.4041, 355.8568
65 282 9.400000 321.1262, 341.2650, 345.0082, 339.9597, 345.8414, 355.2035, 321.9594, 356.5089
65 283 9.440000 323.9872, 341.7384, 347.8693, 339.8959, 349.0622, 355.3576, 325.1801, 357.2001
65 284 9.470000 326.1641, 341.9491, 350.0690, 340.0296, 351.3230, 355.6463, 327.4181, 357.5658
65 285 9.500000 328.0483, 342.5108, 351.9238, 339.9519, 353.6085, 355.6705, 329.7330, 358.2294
65 286 9.540000 330.5384, 343.2128, 354.3993, 340.1485, 356.4347, 355.9983, 332.5739, 359.0626
65 287 9.570000 332.4023, 343.6891, 356.2921, 340.5722, 358.3751, 356.5375, 334.4853, 359.6545
65 288 9.600000 333.9625, 344.5747, 357.8101, 340.8830, 360.2906, 356.9066, 336.4430, 360.5983
65 289 9.640000 335.9752, 345.7464, 359.8114, 341.6380, 362.5877, 357.7460, 338.7515, 361.8544
65 290 9.670000 337.3857, 346.6684, 361.2425, 342.4173, 364.1240, 358.5878, 340.2672, 362.8390
65 291 9.700000 338.4710, 348.0137, 362.2521, 343.1054, 365.5861, 359.2591, 341.8051, 364.1674
65 292 9.740000 339.8810, 349.6620, 363.6777, 344.4928, 367.1906, 360.6645, 343.3939, 365.8337
65 293 9.770000 340.8495, 350.8736, 364.7267, 345.8193, 368.1618, 362.0473, 344.2845, 367.1015
65 294 9.800000 341.5353, 352.4509, 365.4241, 347.1714, 369.0082, 363.3885, 345.1193, 368.6680
65 295 9.840000 342.3193, 354.6233, 366.3052, 349.4033, 369.8387, 365.6398, 345.8528, 370.8598
65 296 9.870000 342.8618, 356.2545, 367.0108, 351.4972, 370.2210, 367.7929, 346.0720, 372.5502
65 297 9.900000 343.1068, 358.4001, 367.3248, 353.6419, 370.5252, 369.9311, 346.3072, 374.6893
65 298 9.940000 343.3974, 361.3601, 367.8109, 357.1277, 370.6493, 373.5002, 346.2358, 377.7326
65 299 9.970000 343.5660, 363.7495, 368.1623, 360.1736, 370.5528, 376.6165, 345.9565, 380.1924
65 300 10.000000 343.4910, 366.4803, 368.2119, 363.2334, 370.3803, 379.7428, 345.6594, 382.9897
65 301 10.040000 343.2575, 369.9556, 368.1629, 367.3476, 369.8905, 383.8460, 344.9851, 386.4540
65 302 10.070000 343.0405, 372.1488, 368.1066, 370.3528, 369.2824, 386.7624, 344.2163, 388.5584
65 303 10.100000 342.4460, 374.4378, 367.6022, 372.7652, 368.6816, 388.9990, 343.5253, 390.6716
65 304 10.140000 341.5131, 376.9890, 366.7919, 375.5451, 367.7076, 391.5779, 342.4288, 393.0217
65 305 10.170000 340.9107, 378.2939, 366.3136, 377.6028, 366.7453, 393.4741, 341.3425, 394.1652
65 306 10.200000 339.8631, 379.8133, 365.3268, 378.8647, 365.9134, 394.6112, 340.4498, 395.5598
65 307 10.240000 338.5756, 381.1162, 364.1501, 380.4490, 364.5567, 396.0356, 338.9822, 396.7028
65 308 10.270000 337.6789, 381.5697, 363.3465, 381.5305, 363.3701, 397.0180, 337.7025, 397.0571
65 309 10.300000 336.4372, 382.1841, 362.1616, 381.9188, 362.3203, 397.3017, 336.5959, 397.5670
65 310 10.340000 334.9093, 382.2893, 360.7220, 382.2914, 360.7207, 397.5459, 334.9081, 397.5438
65 311 10.370000 333.9097, 381.7594, 359.7880, 382.5140, 359.3460, 397.6711, 333.4677, 396.9165
65 312 10.400000 332.6180, 381.3337, 358.5461, 382.0303, 358.1416, 397.0865, 332.2135, 396.3899
65 313 10.440000 331.1567, 379.9148, 357.1369, 381.3007, 356.3423, 396.1955, 330.3621, 394.8096
65 314 10.470000 330.2188, 378.3329, 356.2027, 380.6027, 354.9134, 395.3627, 328.9294, 393.0929
65 315 10.500000 328.9802, 377.0125, 355.0026, 379.1961, 353.7729, 393.8509, 327.7505, 391.6673
65 316 10.540000 327.5047, 375.0810, 353.5551, 377.4729, 352.2232, 391.9795, 326.1727, 389.5876
65 317 10.570000 326.4282, 373.7726, 352.4988, 376.2826, 351.1079, 390.7291, 325.0373, 388.2191
65 318 10.600000 325.1729, 372.9060, 351.3674, 374.9299, 350.2528, 389.3562, 324.0582, 387.3323
65 319 10.640000 323.6809, 371.7475, 350.0295, 373.5328, 349.0510, 387.9746, 322.7024, 386.1893
65 320 10.670000 322.6605, 370.9028, 349.0894, 372.7368, 348.0852, 387.2074, 321.6563, 385.3733
65 321 10.700000 321.4732, 370.4482, 348.0321, 371.7646, 347.3124, 386.2850, 320.7535, 384.9687
65 322 10.740000 320.0251, 369.8021, 346.7016, 370.7986, 346.1559, 385.4077, 319.4794, 384.4111
65 323 10.770000 319.0225, 369.2775, 345.7560, 370.2949, 345.1960, 385.0089, 318.4625, 383.9915
65 324 10.800000 317.8121, 369.1761, 344.6422, 369.5622, 344.4289, 384.3825, 317.5988, 383.9964
65 325 10.840000 316.3210, 368.9213, 343.2275, 368.9423, 343.2158, 383.9507, 316.3093, 383.9297
65 326 10.870000 315.2980, 368.6261, 342.2231, 368.7726, 342.1405, 383.9536, 315.2154, 383.8071
65 327 10.900000 314.0616, 368.7376, 341.0383, 368.4242, 341.2166, 383.7697, 314.2399, 384.0831
65 328 10.940000 312.5248, 368.7644, 339.5235, 368.3770, 339.7473, 383.9727, 312.7486, 384.3601
65 329 10.970000 311.4631, 368.6560, 338.4370, 368.6257, 338.4547, 384.4592, 311.4809, 384.4894
65 330 11.000000 310.1816, 368.8625, 337.1742, 368.6361, 337.3088, 384.6822, 310.3162, 384.9086
65 331 11.040000 308.5439, 368.6903, 335.5311, 368.5944, 335.5893, 384.9937, 308.6022, 385.0896
65 332 11.070000 307.4354, 368.0520, 334.3611, 368.4767, 334.0982, 385.1434, 307.1725, 384.7187
65 333 11.100000 305.9006, 367.7196, 332.9083, 367.5933, 332.9871, 384.4358, 305.9793, 384.5621
65 334 11.140000 304.0446, 366.5378, 331.0766, 366.3281, 331.2083, 383.3115, 304.1763, 383.5212
65 335 11.170000 302.8737, 364.9545, 329.8175, 365.3529, 329.5645, 382.4660, 302.6207, 382.0676
65 336 11.200000 301.2148, 363.6974, 328.2647, 363.5450, 328.3614, 380.7146, 301.3115, 380.8670
65 337 11.240000 299.3827, 360.9816, 326.3945, 361.1714, 326.2733, 378.4297, 299.2614, 378.2399
65 338 11.270000 298.1188, 358.4209, 325.0483, 359.2011, 324.5481, 376.4669, 297.6186, 375.6867
65 339 11.300000 296.4881, 355.9748, 323.4937, 356.4732, 323.1757, 373.7029, 296.1701, 373.2045
65 340 11.340000 294.5865, 351.7732, 321.5784, 352.5851, 321.0621, 369.7469, 294.0702, 368.9349
65 341 11.370000 293.4060, 347.8552, 320.2703, 349.4505, 319.2558, 366.5353, 292.3915, 364.9401
65 342 11.400000 291.8083, 344.0087, 318.7769, 345.3449, 317.9361, 362.3140, 290.9675, 360.9778
65 343 11.440000 290.0470, 337.7218, 317.0075, 339.4269, 315.9463, 356.2059, 288.9858, 354.5008
65 344 11.470000 289.0063, 332.1749, 315.8492, 334.6579, 314.3138, 351.2558, 287.4710, 348.7728
65 345 11.500000 287.2871, 327.1609, 314.4136, 328.6828, 313.4914, 345.1195, 286.3650, 343.5976
65 346 11.540000 285.7637, 319.6849, 312.8834, 321.7214, 311.6644, 337.9541, 284.5447, 335.9176
65 347 11.570000 284.8217, 314.2568, 311.8325, 317.1817, 310.0930, 333.2461, 283.0822, 330.3212
65 348 11.600000 283.7447, 309.4158, 310.7204, 312.8762, 308.6813, 328.7725, 281.7056, 325.3121
65 349 11.640000 282.4203, 303.4569, 309.3050, 307.8044, 306.7763, 323.4417, 279.8916, 319.0942
65 350 11.670000 281.5207, 299.3159, 308.3032, 304.4025, 305.3720, 319.8364, 278.5894, 314.7497
65 351 11.700000 280.4757, 295.6683, 307.3029, 301.0190, 304.2614, 316.2683, 277.4342, 310.9175
65 352 11.740000 279.3150, 291.0538, 306.1334, 296.9600, 302.8352, 311.9358, 276.0169, 306.0295
65 353 11.770000 278.6699, 287.7128, 305.4058, 294.2555, 301.8010, 308.9858, 275.0651, 302.4431
65 354 11.800000 277.8827, 284.8099, 304.7337, 291.3928, 301.1747, 305.9094, 274.3237, 299.3265
65 355 11.840000 277.2053, 280.9862, 304.0970, 287.9487, 300.4276, 302.1211, 273.5359, 295.1587
65 356 11.870000 276.9841, 278.1250, 303.8273, 285.5917, 299.9657, 299.4742, 273.1225, 292.0075
65 357 11.900000 276.6355, 275.6508, 303.6660, 282.9464, 299.9888, 296.5706, 272.9583, 289.2750
65 358 11.940000 276.6114, 272.2657, 303.7751, 279.6559, 300.1772, 292.8802, 273.0135, 285.4900
65 359 11.970000 276.9842, 269.5696, 304.1260, 277.4160, 300.4019, 290.2981, 273.2601, 282.4517
65 360 12.000000 277.2565, 267.2473, 304.6152, 274.7790, 301.1447, 287.3853, 273.7860, 279.8537
65 361 12.040000 278.1992, 263.6977, 305.7021, 271.2563, 302.2297, 283.8909, 274.7269, 276.3323
65 362 12.070000 279.1268, 261.2092, 306.7073, 268.8190, 303.1707, 281.6369, 275.5902, 274.0271
65 363 12.100000 280.0385, 259.0716, 307.8255, 266.2171, 304.4449, 279.3631, 276.6580, 272.2175
65 364 12.140000 281.6342, 256.2907, 309.5864, 263.0789, 306.3105, 276.5686, 278.3582, 269.7804
65 365 12.170000 283.2058, 254.1092, 311.1642, 261.1223, 307.7490, 274.7372, 279.7907, 267.7240
65 366 12.200000 284.6735, 252.3332, 312.7909, 258.7389, 309.6275, 272.6246, 281.5100, 266.2189
65 367 12.240000 287.0834, 249.8288, 315.2820, 255.9473, 312.2241, 270.0403, 284.0255, 263.9217
65 368 12.270000 289.2047, 247.8395, 317.3909, 254.0686, 314.2590, 268.2402, 286.0727, 262.0110
65 369 12.300000 291.2445, 246.1710, 319.5296, 251.7438, 316.6965, 266.1231, 288.4114, 260.5503
65 370 12.340000 294.3795, 243.7229, 322.6927, 248.8809, 320.0417, 263.4329, 291.7285, 258.2749
65 371 12.370000 297.0387, 241.6721, 325.3105, 246.8936, 322.6115, 261.5076, 294.3397, 256.2861
65 372 12.400000 299.5900, 239.9115, 327.8999, 244.3603, 325.5739, 259.1618, 297.2639, 254.7130
65 373 12.440000 303.3562, 237.2316, 331.6382, 241.0916, 329.5953, 256.0601, 301.3132, 252.2000
65 374 12.470000 306.4916, 234.8592, 334.6986, 238.8027, 332.5965, 253.8385, 304.3895, 249.8950
65 375 12.500000 309.4751, 232.8118, 337.6454, 235.9550, 335.9499, 251.1507, 307.7796, 248.0075
65 376 12.540000 313.7549, 229.8511, 341.8139, 232.4654, 340.3843, 247.8093, 312.3252, 245.1950
65 377 12.570000 317.0747, 227.6473, 345.0364, 229.9816, 343.7477, 245.4185, 315.7860, 243.0842
65 378 12.600000 320.2965, 225.7668, 348.1873, 227.2697, 347.3491, 242.8248, 319.4583, 241.3219
65 379 12.640000 324.7610, 223.1229, 352.7291, 223.9529, 352.2653, 239.5804, 324.2972, 238.7504
65 380 12.670000 328.2653, 220.8812, 356.2684, 221.7135, 355.8029, 237.3746, 327.7999, 236.5423
65 381 12.700000 331.5789, 219.0065, 359.6291, 219.0553, 359.6018, 234.7358, 331.5516, 234.6870
65 382 12.740000 336.1395, 216.0910, 364.2314, 215.7259, 364.4357, 231.4475, 336.3438, 231.8126
65 383 12.770000 339.6235, 213.6074, 367.7482, 213.3331, 367.9019, 229.0918, 339.7772, 229.3661
65 384 12.800000 342.6763, 211.4465, 371.0243, 210.4346, 371.5864, 226.1806, 343.2384, 227.1926
65 385 12.840000 346.8404, 207.9949, 375.4900, 206.7139, 376.1938, 222.4560, 347.5443, 223.7370
65 386 12.870000 349.9813, 205.0346, 378.8413, 203.8544, 379.4867, 219.6378, 350.6267, 220.8179
65 387 12.900000 352.8142, 202.2734, 381.9241, 200.4239, 382.9253, 216.1819, 353.8154, 218.0314
65 388 12.940000 356.6454, 197.8731, 386.0541, 195.7568, 387.1900, 211.5424, 357.7813, 213.6586
65 389 12.970000 359.6110, 193.8787, 389.2277, 192.2842, 390.0832, 208.1742, 360.4665, 209.7688
65 390 13.000000 362.2360, 190.1710, 392.0840, 188.2157, 393.1254, 204.1131, 363.2774, 206.0684
65 391 13.040000 365.8210, 184.7998, 395.9594, 183.0775, 396.8764, 199.1236, 366.7379, 200.8458
65 392 13.070000 368.4009, 180.9533, 398.7542, 179.2734, 399.6507, 195.4694, 369.2973, 197.1494
65 393 13.100000 370.7290, 177.5715, 401.3259, 175.3014, 402.5342, 191.5873, 371.9373, 193.8574
65 394 13.140000 373.8456, 172.9306, 404.7414, 170.3297, 406.1314, 186.8416, 375.2356, 189.4425
65 395 13.170000 376.1957, 169.2630, 407.3102, 166.8350, 408.6191, 183.6078, 377.5045, 186.0358
65 396 13.200000 378.2421, 166.0369, 409.5837, 163.0260, 411.2103, 179.9587, 379.8687, 182.9695
65 397 13.240000 380.9592, 161.3869, 412.5951, 158.1579, 414.3564, 175.4144, 382.7206, 178.6435
65 398 13.270000 383.0082, 157.5367, 414.8463, 154.6472, 416.4461, 172.2752, 384.6080, 175.1647
65 399 13.300000 384.6656, 154.1393, 416.7341, 150.6548, 418.6741, 168.5087, 386.6055, 171.9932
65 400 13.340000 386.8640, 149.0212, 419.2143, 145.4133, 421.2566, 163.7259, 388.9064, 167.3338
65 401 13.370000 388.4882, 144.7199, 421.0231, 141.4744, 422.8946, 160.2349, 390.3597, 163.4805
65 402 13.400000 389.6473, 140.8049, 422.4113, 136.8977, 424.6794, 155.9168, 391.9154, 159.8239
65 403 13.440000 391.1607, 134.7459, 424.1873, 130.6928, 426.5845, 150.2265, 393.5579, 154.2796
65 404 13.470000 392.4105, 129.3471, 425.5510, 126.1185, 427.5120, 146.2476, 394.3715, 149.4763
65 405 13.500000 393.1645, 124.4598, 426.4961, 121.0045, 428.6211, 141.5029, 395.2894, 144.9582
65 406 13.540000 394.2759, 117.9622, 427.7741, 114.9058, 429.6943, 135.9509, 396.1961, 139.0073
65 407 13.570000 394.8598, 113.9700, 428.5337, 110.7339, 430.5821, 132.0494, 396.9083, 135.2855
65 408 13.600000 395.2500, 110.7374, 429.1328, 106.9700, 431.5210, 128.4491, 397.6383, 132.2166
65 409 13.640000 395.7323, 107.1235, 429.8522, 102.8492, 432.5694, 124.5397, 398.4496, 128.8140
65 410 13.670000 396.0809, 104.8443, 430.3402, 100.4215, 433.1641, 122.2954, 398.9047, 126.7181
65 411 13.700000 396.1992, 103.2699, 430.6263, 98.3119, 433.7851, 120.2457, 399.3579, 125.2037
65 412 13.740000 396.3039, 101.6980, 430.9045, 96.3154, 434.3331, 118.3556, 399.7325, 123.7381
65 413 13.770000 396.3395, 100.8874, 431.0349, 95.4290, 434.5198, 117.5797, 399.8244, 123.0381
65 414 13.800000 396.1117, 100.7930, 430.9228, 94.8191, 434.7186, 116.9379, 399.9075, 122.9117
65 415 13.840000 395.7360, 101.1587, 430.6528, 94.8272, 434.6636, 116.9459, 399.7468, 123.2774
65 416 13.870000 395.3926, 101.8104, 430.3581, 95.4597, 434.3819, 117.6135, 399.4164, 123.9642
65 417 13.900000 394.7904, 103.1972, 429.8118, 96.4062, 434.0868, 118.4524, 399.0654, 125.2434
65 418 13.940000 393.9070, 105.5798, 428.9622, 98.5550, 433.3624, 120.5129, 398.3072, 127.5377
65 419 13.970000 393.1719, 107.7843, 428.2283, 100.8317, 432.5775, 122.7613, 397.5211, 129.7139
65 420 14.000000 392.1926, 110.6802, 427.2461, 103.4448, 431.7408, 125.2203, 396.6873, 132.4557
65 421 14.040000 390.7432, 114.9321, 425.7547, 107.6486, 430.2528, 129.2703, 395.2413, 136.5539
65 422 14.070000 389.5704, 118.2702, 424.5262, 111.3364, 428.8079, 132.9215, 393.8520, 139.8553
65 423 14.100000 388.0786, 122.2700, 422.9734, 115.1796, 427.3195, 136.5685, 392.4247, 143.6589
65 424 14.140000 386.0135, 127.8250, 420.7966, 121.1068, 424.9014, 142.3590, 390.1183, 149.0773
65 425 14.170000 384.4094, 132.2544, 419.0827, 126.1883, 422.7939, 147.4012, 388.1206, 153.4674
65 426 14.200000 382.5517, 137.4260, 417.1127, 131.5887, 420.6646, 152.6187, 386.1036, 158.4560
65 427 14.240000 380.0480, 144.9069, 414.4225, 139.8192, 417.5061, 160.6533, 383.1316, 165.7410
65 428 14.270000 378.1387, 151.1528, 412.3454, 146.8252, 414.9611, 167.5006, 380.7544, 171.8282
65 429 14.300000 376.0858, 158.3270, 410.1303, 154.4978, 412.4257, 174.9058, 378.3812, 178.7350
65 430 14.340000 373.3498, 169.2210, 407.1555, 166.2415, 408.9186, 186.2456, 375.1129, 189.2251
65 431 14.370000 371.2422, 178.5780, 404.8707, 176.1871, 406.2660, 195.8129, 372.6375, 198.2038
65 432 14.400000 369.0942, 188.9405, 402.5483, 187.1304, 403.5866, 206.3208, 370.1325, 208.1308
65 433 14.440000 366.1614, 204.3322, 399.3923, 203.2858, 399.9755, 221.8057, 366.7446, 222.8521
65 434 14.470000 363.9056, 217.0662, 396.9798, 216.5855, 397.2407, 234.5348, 364.1665, 235.0155
65 435 14.500000 361.5029, 230.9683, 394.4561, 230.7419, 394.5748, 248.0113, 361.6215, 248.2377
65 436 14.540000 358.0674, 249.7425, 390.8860, 249.3779, 391.0667, 265.6417, 358.2481, 266.0063
65 437 14.570000 355.4476, 262.5007, 388.1456, 262.1811, 388.2978, 277.7577, 355.5999, 278.0773
65 438 14.600000 352.7776, 273.9202, 385.3466, 273.7399, 385.4294, 288.6971, 352.8604, 288.8773
65 439 14.640000 349.1427, 287.1981, 381.5346, 287.2882, 381.4939, 301.9304, 349.1019, 301.8403
65 440 14.670000 346.3747, 295.6197, 378.6325, 295.9400, 378.4846, 310.8285, 346.2269, 310.5083
65 441 14.700000 343.5899, 302.8168, 375.7131, 303.3696, 375.4491, 318.7098, 343.3259, 318.1570
65 442 14.740000 339.8687, 311.0597, 371.8119, 311.8999, 371.3950, 327.7495, 339.4518, 326.9093
65 443 14.770000 337.0852, 316.3031, 368.8947, 317.3344, 368.3705, 333.5021, 336.5611, 332.4709
65 444 14.800000 334.3185, 320.7929, 365.9982, 321.9961, 365.3741, 338.4308, 333.6944, 337.2276
65 445 14.840000 330.6514, 325.6680, 362.1532, 327.0067, 361.4426, 343.7274, 329.9408, 342.3886
65 446 14.870000 327.9454, 328.5230, 359.3117, 329.9392, 358.5495, 346.8221, 327.1831, 345.4059
65 447 14.900000 325.2779, 330.7052, 356.5067, 332.1699, 355.7092, 349.1731, 324.4804, 347.7084
65 448 14.940000 321.7876, 332.5830, 352.8297, 334.0731, 352.0088, 351.1746, 320.9667, 349.6845
65 449 14.970000 319.2223, 333.2545, 350.1225, 334.7435, 349.2970, 351.8758, 318.3968, 350.3868
