75 0 0.010000 549.1070, 131.8735, 594.7445, 132.9978, 594.1778, 156.0017, 548.5402, 154.8774
75 1 0.040000 547.8038, 133.2159, 594.2076, 130.8831, 595.4238, 155.0739, 549.0200, 157.4068
75 2 0.070000 546.6549, 134.0534, 593.4090, 128.9631, 596.1240, 153.9005, 549.3699, 158.9908
75 3 0.110000 545.0110, 133.7165, 591.8165, 126.1182, 595.9572, 151.6251, 549.1517, 159.2234
75 4 0.140000 543.5056, 132.4552, 590.1748, 123.7493, 594.9810, 149.5134, 548.3118, 158.2194
75 5 0.170000 541.7202, 130.6241, 588.1654, 121.3510, 593.3343, 147.2398, 546.8890, 156.5129
75 6 0.200000 539.6443, 128.4581, 585.8188, 119.0175, 591.1376, 145.0322, 544.9630, 154.4727
75 7 0.240000 536.5090, 125.5116, 582.2567, 116.3193, 587.4986, 142.4065, 541.7509, 151.5989
75 8 0.270000 533.9344, 123.5117, 579.3145, 114.7515, 584.3430, 140.8007, 538.9629, 149.5609
75 9 0.310000 530.2604, 121.2777, 575.0992, 113.3500, 579.6973, 139.3567, 534.8585, 147.2844
75 10 0.340000 527.3422, 120.0841, 571.7347, 112.8525, 575.9585, 138.7806, 531.5659, 146.0122
75 11 0.370000 524.3377, 119.3797, 568.2379, 112.9370, 572.0075, 138.6230, 528.1074, 145.0658
75 12 0.400000 521.2568, 118.9522, 564.6475, 113.4754, 567.8825, 139.1058, 524.4919, 144.5826
75 13 0.440000 517.0299, 119.1677, 559.6772, 114.9843, 562.1640, 140.3359, 519.5167, 144.5193
75 14 0.470000 513.8148, 119.8146, 555.8517, 116.6961, 557.7080, 141.7185, 515.6710, 144.8369
75 15 0.500000 510.5357, 120.7342, 551.9505, 118.7002, 553.1691, 143.5112, 511.7542, 145.5452
75 16 0.540000 506.0877, 122.4560, 546.6290, 121.8155, 547.0140, 146.1841, 506.4727, 146.8245
75 17 0.570000 502.6979, 124.1266, 542.5445, 124.4219, 542.3683, 148.1987, 502.5217, 147.9034
75 18 0.610000 498.1112, 126.4761, 537.0774, 127.8948, 536.2334, 151.0767, 497.2672, 149.6580
75 19 0.640000 494.6659, 128.3144, 532.9898, 130.4867, 531.6967, 153.3012, 493.3728, 151.1289
75 20 0.670000 491.2354, 130.3792, 528.9137, 133.2201, 527.2438, 155.3675, 489.5655, 152.5266
75 21 0.700000 487.8334, 132.3599, 524.9225, 135.7783, 522.9156, 157.5524, 485.8265, 154.1340
75 22 0.740000 483.3613, 135.1695, 519.7192, 139.2055, 517.3739, 160.3338, 481.0159, 156.2978
75 23 0.770000 480.1473, 137.3463, 515.9326, 141.8735, 513.3372, 162.3893, 477.5518, 157.8621
75 24 0.800000 477.0065, 139.3468, 512.3260, 144.2587, 509.4875, 164.6689, 474.1680, 159.7570
75 25 0.840000 472.9494, 142.4057, 507.6495, 147.7015, 504.6348, 167.4548, 469.9347, 162.1590
75 26 0.870000 470.0011, 144.9596, 504.2766, 150.5016, 501.2209, 169.4001, 466.9454, 163.8582
75 27 0.900000 467.1738, 147.3890, 501.1129, 153.0821, 498.0024, 171.6247, 464.0634, 165.9315
75 28 0.940000 463.5392, 150.9775, 497.1164, 156.7863, 494.0623, 174.4402, 460.4851, 168.6313
75 29 0.970000 460.9214, 153.9304, 494.2951, 159.7864, 491.3857, 176.3678, 458.0119, 170.5118
75 30 1.000000 458.5396, 156.5532, 491.6721, 162.4002, 488.8270, 178.5224, 455.6945, 172.6754
75 31 1.040000 455.5923, 159.9990, 488.4900, 165.7680, 485.8354, 180.9061, 452.9377, 175.1371
75 32 1.070000 453.5685, 162.4655, 486.3466, 168.0669, 483.9354, 182.1764, 451.1574, 176.5750
75 33 1.110000 451.2563, 164.9366, 483.8960, 170.2026, 481.7152, 183.7193, 449.0756, 178.4534
75 34 1.140000 449.7934, 166.2133, 482.3308, 171.1137, 480.2854, 184.6948, 447.7479, 179.7943
75 35 1.170000 448.4515, 167.4847, 480.9630, 171.9995, 479.0703, 185.6290, 446.5588, 181.1142
75 36 1.210000 447.0024, 168.1075, 479.4899, 171.9563, 477.8014, 186.2085, 445.3139, 182.3597
75 37 1.240000 446.0662, 168.3932, 478.5503, 171.6898, 477.0900, 186.0800, 444.6059, 182.7835
75 38 1.270000 445.3028, 167.9922, 477.7993, 170.7309, 476.5132, 185.9912, 444.0167, 183.2525
75 39 1.310000 444.4450, 167.2368, 476.9637, 169.2507, 475.9876, 185.0130, 443.4688, 182.9991
75 40 1.340000 443.9146, 166.5862, 476.4248, 168.0378, 475.7342, 183.5052, 443.2239, 182.0536
75 41 1.370000 443.4700, 165.1028, 476.0274, 166.0112, 475.5793, 182.0728, 443.0218, 181.1644
75 42 1.410000 442.9526, 162.8531, 475.5798, 163.0201, 475.4969, 179.2173, 442.8697, 179.0503
75 43 1.440000 442.6264, 161.0567, 475.2964, 160.7027, 475.4657, 176.3195, 442.7956, 176.6734
75 44 1.470000 442.3119, 158.4297, 475.0952, 157.6665, 475.4676, 173.6622, 442.6843, 174.4254
75 45 1.510000 441.9020, 155.0561, 474.8436, 153.7867, 475.4508, 169.5438, 442.5092, 170.8132
75 46 1.540000 441.6176, 152.8633, 474.6646, 151.3089, 475.3722, 166.3532, 442.3252, 167.9075
75 47 1.570000 441.3067, 150.7597, 474.4897, 148.9864, 475.2723, 163.6308, 442.0893, 165.4041
75 48 1.610000 440.8776, 148.5738, 474.2314, 146.5956, 475.0534, 160.4548, 441.6996, 162.4330
75 49 1.640000 440.4872, 146.8498, 473.9671, 144.7320, 474.8341, 158.4373, 441.3542, 160.5552
75 50 1.670000 440.0653, 145.4348, 473.6920, 143.2697, 474.6046, 157.4440, 440.9779, 159.6092
75 51 1.710000 439.4532, 144.0027, 473.2550, 141.8535, 474.2080, 156.8425, 440.4062, 158.9917
75 52 1.740000 438.9504, 143.3090, 472.8711, 141.2099, 473.8445, 156.9400, 439.9238, 159.0390
75 53 1.770000 438.4138, 143.2002, 472.4835, 141.2053, 473.4251, 157.2865, 439.3555, 159.2815
75 54 1.810000 437.6458, 143.6190, 471.8876, 141.8193, 472.7670, 158.5512, 438.5252, 160.3509
75 55 1.840000 437.0337, 144.4083, 471.3839, 142.7949, 472.1977, 160.1224, 437.8476, 161.7358
75 56 1.870000 436.3787, 145.8482, 470.8788, 144.4557, 471.5890, 162.0515, 437.0889, 163.4440
75 57 1.910000 435.4159, 148.4683, 470.1861, 147.4120, 470.7362, 165.5185, 435.9659, 166.5748
75 58 1.940000 434.6463, 150.9433, 469.6258, 150.1598, 470.0426, 168.7692, 435.0631, 169.5528
75 59 1.970000 433.8641, 153.9683, 469.0166, 153.5017, 469.2663, 172.3142, 434.1139, 172.7808
75 60 2.010000 432.7620, 158.2665, 468.1436, 158.2627, 468.1457, 177.4721, 432.7641, 177.4759
75 61 2.040000 431.8238, 161.3254, 467.4295, 161.5438, 467.3083, 181.3070, 431.7027, 181.0887
75 62 2.070000 430.9024, 164.2598, 466.6616, 164.8100, 466.3561, 184.6619, 430.5969, 184.1117
75 63 2.110000 429.5578, 167.4502, 465.5721, 168.3301, 465.0759, 188.6421, 429.0616, 187.7622
75 64 2.140000 428.5015, 169.2016, 464.7270, 170.3141, 464.0820, 191.3167, 427.8564, 190.2042
75 65 2.170000 427.5317, 171.1448, 463.7877, 172.6843, 462.9242, 193.0212, 426.6682, 191.4818
75 66 2.210000 426.1893, 172.5204, 462.6110, 174.6367, 461.4108, 195.2915, 424.9891, 193.1751
75 67 2.240000 425.2121, 172.9968, 461.7357, 175.5449, 460.2615, 196.6749, 423.7380, 194.1268
75 68 2.270000 424.2757, 173.3382, 460.8756, 176.4035, 459.1112, 197.4700, 422.5113, 194.4047
75 69 2.310000 423.0629, 173.1576, 459.7688, 176.7852, 457.6679, 198.0432, 420.9620, 194.4156
75 70 2.340000 422.2005, 172.2230, 459.0882, 176.2177, 456.6826, 198.4307, 419.7950, 194.4360
75 71 2.370000 421.4811, 171.3501, 458.4026, 175.8730, 455.6840, 198.0651, 418.7626, 193.5422
75 72 2.410000 420.7195, 169.3565, 457.6798, 174.6473, 454.4319, 197.3357, 417.4716, 192.0449
75 73 2.440000 420.2369, 167.2658, 457.3075, 173.0184, 453.6437, 196.6285, 416.5731, 190.8759
75 74 2.470000 419.8579, 165.5051, 456.8925, 171.7734, 452.9508, 195.0617, 415.9162, 188.7934
75 75 2.510000 419.5456, 162.2705, 456.6817, 169.1555, 452.2006, 193.3256, 415.0645, 186.4406
75 76 2.540000 419.4730, 159.7601, 456.6413, 167.0771, 451.7195, 192.0782, 414.5512, 184.7611
75 77 2.570000 419.4403, 157.7165, 456.6089, 165.4524, 451.3850, 190.5514, 414.2164, 182.8155
75 78 2.610000 419.5738, 155.0508, 456.7308, 163.2616, 451.0753, 188.8549, 413.9182, 180.6441
75 79 2.640000 419.7305, 153.1840, 456.9537, 161.6253, 451.0271, 187.7596, 413.8039, 179.3183
75 80 2.670000 419.9336, 151.7316, 457.1892, 160.3470, 451.1404, 186.5034, 413.8849, 177.8879
75 81 2.710000 420.3000, 149.9701, 457.6777, 158.6931, 451.5368, 185.0066, 414.1591, 176.2837
75 82 2.740000 420.7285, 148.6107, 458.2032, 157.3669, 451.9431, 184.1591, 414.4683, 175.4029
75 83 2.770000 421.1904, 147.7524, 458.7253, 156.5506, 452.5284, 182.9881, 414.9934, 174.1899
75 84 2.800000 421.7717, 146.6493, 459.4302, 155.3587, 453.2193, 182.2142, 415.5608, 173.5048
75 85 2.840000 422.5753, 145.7376, 460.4125, 154.2623, 454.4276, 180.8269, 416.5903, 172.3022
75 86 2.870000 423.2219, 145.2181, 461.2135, 153.4384, 455.5217, 179.7440, 417.5301, 171.5237
75 87 2.900000 423.9649, 144.6443, 462.1437, 152.5590, 456.7031, 178.8033, 418.5243, 170.8886
75 88 2.940000 425.0340, 144.1006, 463.4379, 151.4769, 458.4539, 177.4253, 420.0500, 170.0490
75 89 2.970000 425.8563, 144.0356, 464.4048, 150.9302, 459.9034, 176.0982, 421.3548, 169.2035
75 90 3.000000 426.7015, 143.7148, 465.4849, 149.9490, 461.4523, 175.0363, 422.6689, 168.8020
75 91 3.040000 427.8189, 143.6306, 466.8907, 148.8213, 463.6436, 173.2633, 424.5717, 168.0726
75 92 3.070000 428.7811, 143.6699, 467.9374, 148.1888, 465.2138, 171.7885, 426.0575, 167.2696
75 93 3.100000 429.7963, 143.2360, 469.0769, 147.0863, 466.7628, 170.6948, 427.4822, 166.8445
75 94 3.140000 431.2455, 142.8730, 470.5319, 146.0247, 468.7016, 168.8394, 429.4152, 165.6877
75 95 3.170000 432.2780, 142.6387, 471.5449, 145.0926, 470.1627, 167.2093, 430.8959, 164.7554
75 96 3.200000 433.3128, 142.0143, 472.5929, 143.8656, 471.5615, 165.7518, 432.2813, 163.9005
75 97 3.240000 434.6439, 141.0376, 473.8714, 142.0272, 473.3286, 163.5438, 434.1011, 162.5542
75 98 3.270000 435.6776, 140.4799, 474.7207, 140.9803, 474.4595, 161.3627, 435.4163, 160.8623
75 99 3.300000 436.5763, 139.1142, 475.5731, 139.0549, 475.6043, 159.5900, 436.6075, 159.6493
75 100 3.340000 437.7046, 137.3518, 476.5234, 136.5878, 476.9152, 156.4975, 438.0965, 157.2615
75 101 3.370000 438.4855, 135.8517, 477.0855, 134.5595, 477.7289, 153.7805, 439.1289, 155.0726
75 102 3.400000 439.0938, 133.6705, 477.6061, 131.8828, 478.5025, 151.1946, 439.9902, 152.9823
75 103 3.440000 439.7789, 130.5458, 478.0657, 128.1283, 479.2672, 147.1573, 440.9804, 149.5748
75 104 3.470000 440.2056, 128.1065, 478.2515, 125.2921, 479.6172, 143.7531, 441.5713, 146.5675
75 105 3.500000 440.4051, 125.0520, 478.3742, 121.8767, 479.9588, 140.8252, 441.9897, 144.0005
75 106 3.540000 440.6470, 121.7912, 478.3280, 118.2138, 480.0884, 136.7562, 442.4074, 140.3336
75 107 3.570000 440.7921, 119.9502, 478.1838, 116.1261, 480.0119, 134.0017, 442.6202, 137.8257
75 108 3.600000 440.8356, 118.3492, 477.9895, 114.3364, 479.8839, 131.8761, 442.7300, 135.8889
75 109 3.640000 440.8130, 116.9154, 477.6198, 112.7274, 479.5500, 129.6905, 442.7431, 133.8785
75 110 3.670000 440.7347, 116.3466, 477.2739, 112.0789, 479.1924, 128.5051, 442.6532, 132.7727
75 111 3.700000 440.5361, 115.9280, 476.8867, 111.6397, 478.8096, 127.9391, 442.4589, 132.2274
75 112 3.740000 440.1562, 115.9940, 476.2892, 111.7423, 478.1702, 127.7290, 442.0373, 131.9806
75 113 3.770000 439.7838, 116.5109, 475.7830, 112.3337, 477.5971, 127.9674, 441.5979, 132.1446
75 114 3.800000 439.3625, 117.1474, 475.1563, 113.1192, 476.9235, 128.8224, 441.1298, 132.8507
75 115 3.840000 438.7073, 118.6454, 474.2560, 114.8744, 475.9141, 130.5052, 440.3654, 134.2761
75 116 3.870000 438.1510, 120.2606, 473.5325, 116.7253, 475.0786, 132.1980, 439.6971, 135.7333
75 117 3.900000 437.5597, 122.0595, 472.7113, 118.8211, 474.1559, 134.5014, 439.0043, 137.7399
75 118 3.940000 436.6954, 125.0966, 471.5571, 122.2958, 472.8288, 138.1240, 437.9671, 140.9248
75 119 3.970000 435.9807, 127.7532, 470.6467, 125.3311, 471.7550, 141.1942, 437.0891, 143.6163
75 120 4.000000 435.1730, 130.3449, 469.6947, 128.3327, 470.6443, 144.6237, 436.1226, 146.6359
75 121 4.040000 433.9973, 133.7210, 468.3223, 132.2155, 469.0527, 148.8679, 434.7277, 150.3734
75 122 4.070000 433.0010, 136.2034, 467.1157, 134.8383, 467.7750, 151.3139, 433.6603, 152.6791
75 123 4.100000 431.9647, 137.7147, 465.9307, 136.7868, 466.3983, 153.9012, 432.4323, 154.8291
75 124 4.140000 430.4663, 139.3995, 464.1804, 138.8745, 464.4532, 156.3904, 430.7391, 156.9154
75 125 4.170000 429.2658, 140.5785, 462.7699, 140.2945, 462.9150, 157.4114, 429.4109, 157.6955
75 126 4.200000 427.9761, 140.8961, 461.3255, 140.7970, 461.3781, 158.5067, 428.0288, 158.6058
75 127 4.240000 426.1334, 140.9433, 459.3278, 141.0057, 459.2936, 159.1837, 426.0992, 159.1213
75 128 4.270000 424.7034, 140.9041, 457.6804, 140.9478, 457.6566, 158.9170, 424.6796, 158.8733
75 129 4.300000 423.1368, 140.0955, 456.0574, 140.0790, 456.0668, 158.6727, 423.1461, 158.6893
75 130 4.340000 420.9359, 138.8501, 453.6910, 138.5268, 453.8768, 157.3536, 421.1217, 157.6769
75 131 4.370000 419.2400, 137.7714, 451.8272, 137.2483, 452.1221, 155.6175, 419.5348, 156.1406
75 132 4.400000 417.3867, 135.7899, 449.9083, 134.9630, 450.3918, 153.9814, 417.8703, 154.8083
75 133 4.440000 414.7892, 132.9148, 447.1805, 131.6565, 447.9261, 150.8476, 415.5347, 152.1060
75 134 4.470000 412.6964, 130.6285, 444.9557, 128.8908, 445.9771, 147.8528, 413.7178, 149.5905
75 135 4.500000 410.4165, 127.7342, 442.6441, 125.4932, 444.0041, 145.0505, 411.7764, 147.2915
75 136 4.540000 407.2999, 124.4019, 439.3548, 121.4901, 441.1176, 140.8955, 409.0627, 143.8074
75 137 4.570000 404.9209, 122.2788, 436.7788, 118.9297, 438.7686, 137.8577, 406.9107, 141.2068
75 138 4.600000 402.4510, 120.2246, 434.1133, 116.4917, 436.3214, 135.2202, 404.6590, 138.9531
75 139 4.640000 399.0570, 117.8760, 430.4054, 113.7111, 432.8368, 132.0115, 401.4884, 136.1764
75 140 4.670000 396.4288, 116.4050, 427.4992, 111.9657, 430.0430, 129.7696, 398.9726, 134.2089
75 141 4.700000 393.6595, 114.7971, 424.4842, 110.1731, 427.1551, 127.9779, 396.3304, 132.6019
75 142 4.740000 389.8367, 112.9555, 420.2777, 108.1709, 423.0303, 125.6839, 392.5893, 130.4684
75 143 4.770000 386.8686, 111.7571, 416.9844, 106.9323, 419.7196, 124.0053, 389.6039, 128.8301
75 144 4.800000 383.7376, 110.2892, 413.5657, 105.5400, 416.3012, 122.7204, 386.4731, 127.4697
75 145 4.840000 379.4229, 108.4796, 408.8205, 103.9525, 411.4440, 120.9888, 382.0464, 125.5159
75 146 4.870000 376.0885, 107.2522, 405.1211, 102.9705, 407.5747, 119.6077, 378.5421, 123.8894
75 147 4.900000 372.6045, 105.6166, 401.3094, 101.7249, 403.6016, 118.6318, 374.8966, 122.5236
75 148 4.940000 367.8719, 103.5760, 396.0683, 100.3236, 398.0145, 117.1970, 369.8181, 120.4493
75 149 4.970000 364.2625, 102.1283, 392.0366, 99.4465, 393.6426, 116.0791, 365.8684, 118.7609
75 150 5.000000 360.6055, 100.3657, 387.9396, 98.3933, 389.1666, 115.3977, 361.8325, 117.3701
75 151 5.040000 355.6630, 98.5794, 382.3924, 97.4818, 383.0872, 114.4010, 356.3578, 115.4986
75 152 5.070000 351.9239, 97.5693, 378.2098, 97.1274, 378.4903, 113.8149, 352.2044, 114.2567
75 153 5.100000 348.1576, 96.5770, 373.9982, 96.7657, 373.8749, 113.6436, 348.0344, 113.4548
75 154 5.140000 343.1062, 95.8243, 368.3615, 96.7568, 367.7427, 113.5158, 342.4875, 112.5833
75 155 5.170000 339.2810, 95.6009, 364.1380, 97.0349, 363.1848, 113.5574, 338.3278, 112.1233
75 156 5.200000 335.1488, 95.3974, 359.9324, 97.3195, 358.6431, 113.9436, 333.8595, 112.0215
75 157 5.240000 329.6959, 95.5737, 354.3727, 98.0898, 352.6879, 114.6140, 328.0111, 112.0979
75 158 5.270000 325.6420, 96.0889, 350.3725, 99.0218, 348.4516, 115.2193, 323.7211, 112.2864
75 159 5.300000 321.6656, 96.6167, 346.5853, 99.9651, 344.3968, 116.2530, 319.4770, 112.9047
75 160 5.340000 316.4348, 97.8577, 341.5752, 101.7185, 339.1019, 117.8235, 313.9615, 113.9627
75 161 5.370000 312.5799, 99.1675, 337.8499, 103.3848, 335.2081, 119.2145, 309.9381, 114.9972
75 162 5.400000 308.8015, 100.6079, 334.2011, 105.1495, 331.3651, 121.0106, 305.9654, 116.4690
75 163 5.440000 303.8594, 103.0696, 329.3930, 107.9870, 326.3632, 123.7195, 300.8295, 118.8021
75 164 5.470000 300.2279, 105.3034, 325.8401, 110.4598, 322.7238, 125.9384, 297.1117, 120.7820
75 165 5.500000 296.7186, 107.5286, 322.4123, 112.8862, 319.1641, 128.4636, 293.4705, 123.1060
75 166 5.540000 292.2252, 110.5850, 318.0082, 116.0939, 314.6847, 131.6491, 288.9016, 126.1402
75 167 5.570000 289.0556, 112.8251, 314.8820, 118.4931, 311.5391, 133.7249, 285.7127, 128.0569
75 168 5.600000 286.1094, 114.5720, 312.0167, 120.3747, 308.5398, 135.8978, 282.6325, 130.0951
75 169 5.640000 282.4396, 116.8965, 308.4112, 122.8659, 304.8800, 138.2294, 278.9084, 132.2599
75 170 5.670000 279.8678, 118.6577, 305.8658, 124.7244, 302.4003, 139.5755, 276.4023, 133.5088
75 171 5.700000 277.5363, 119.9375, 303.5894, 126.0819, 300.0482, 141.0969, 273.9951, 134.9525
75 172 5.740000 274.6502, 121.7421, 300.7517, 127.9256, 297.2675, 142.6327, 271.1660, 136.4492
75 173 5.770000 272.6266, 123.1709, 298.7833, 129.3731, 295.4451, 143.4512, 269.2885, 137.2491
75 174 5.800000 270.8707, 124.1559, 297.0701, 130.3527, 293.7260, 144.4910, 267.5267, 138.2942
75 175 5.840000 268.7316, 125.5319, 295.0099, 131.7126, 291.7608, 145.5266, 265.4825, 139.3459
75 176 5.870000 267.2866, 126.5465, 293.6385, 132.6626, 290.5146, 146.1224, 264.1627, 140.0062
75 177 5.900000 266.0776, 127.2130, 292.4720, 133.2033, 289.3628, 146.9031, 262.9684, 140.9129
75 178 5.940000 264.6355, 128.1806, 291.1177, 133.9489, 288.1331, 147.6509, 261.6509, 141.8826
75 179 5.970000 263.6669, 129.0288, 290.2336, 134.5977, 287.4344, 147.9515, 260.8677, 142.3826
75 180 6.000000 262.9316, 129.4452, 289.5467, 134.7669, 286.7852, 148.5782, 260.1700, 143.2565
75 181 6.040000 262.0668, 130.2249, 288.7751, 135.2041, 286.1827, 149.1092, 259.4745, 144.1300
75 182 6.070000 261.5270, 130.8339, 288.3177, 135.5114, 285.8823, 149.4601, 259.0916, 144.7825
75 183 6.100000 261.1329, 131.2691, 287.9645, 135.6002, 285.6430, 149.9825, 258.8114, 145.6514
75 184 6.140000 260.7161, 131.9249, 287.6262, 135.7918, 285.4935, 150.6340, 258.5833, 146.7671
75 185 6.170000 260.4464, 132.7050, 287.4206, 136.2072, 285.5138, 150.8933, 258.5396, 147.3911
75 186 6.200000 260.3077, 133.0799, 287.3446, 136.2425, 285.5486, 151.5964, 258.5117, 148.4338
75 187 6.240000 260.1319, 134.0359, 287.2262, 136.6136, 285.7407, 152.2276, 258.6464, 149.6498
75 188 6.270000 260.0381, 134.8566, 287.1862, 136.9998, 285.9444, 152.7307, 258.7963, 150.5875
75 189 6.300000 259.9878, 135.5248, 287.1806, 137.2342, 286.1563, 153.5297, 258.9635, 151.8203
75 190 6.340000 259.9500, 136.7310, 287.1928, 137.9255, 286.4625, 154.5813, 259.2197, 153.3868
75 191 6.370000 259.9166, 137.8900, 287.1659, 138.6408, 286.7042, 155.3967, 259.4550, 154.6459
75 192 6.400000 259.8625, 139.0398, 287.1200, 139.3211, 286.9426, 156.5023, 259.6851, 156.2209
75 193 6.440000 259.7520, 140.9007, 287.0022, 140.5461, 287.2312, 158.1417, 259.9810, 158.4964
75 194 6.470000 259.6486, 142.6057, 286.8792, 141.8115, 287.3928, 159.4225, 260.1622, 160.2167
75 195 6.500000 259.4810, 144.1446, 286.7143, 142.9353, 287.5198, 161.0759, 260.2866, 162.2852
75 196 6.540000 259.1964, 146.3183, 286.4334, 144.6574, 287.5606, 163.1437, 260.3237, 164.8046
75 197 6.570000 258.9221, 148.1327, 286.1253, 146.1179, 287.4728, 164.3115, 260.2696, 166.3263
75 198 6.600000 258.5240, 149.5373, 285.7101, 147.1796, 287.3124, 165.6555, 260.1263, 168.0132
75 199 6.640000 257.8587, 151.3845, 285.0168, 148.6219, 286.8980, 167.1153, 259.7399, 169.8779
75 200 6.670000 257.2574, 152.8005, 284.4097, 149.8001, 286.4129, 167.9280, 259.2606, 170.9285
75 201 6.700000 256.4912, 153.7359, 283.6591, 150.5490, 285.8254, 169.0162, 258.6574, 172.2031
75 202 6.740000 255.2853, 154.9064, 282.5088, 151.5647, 284.8048, 170.2687, 257.5812, 173.6105
75 203 6.770000 254.2541, 155.7628, 281.5294, 152.3831, 283.8428, 171.0535, 256.5675, 174.4332
75 204 6.800000 253.0384, 156.2294, 280.4130, 152.8618, 282.7799, 172.1014, 255.4052, 175.4690
75 205 6.840000 251.2661, 156.9769, 278.7899, 153.7240, 281.0959, 173.2352, 253.5720, 176.4881
75 206 6.870000 249.8305, 157.6737, 277.4937, 154.5954, 279.6399, 173.8826, 251.9767, 176.9609
75 207 6.900000 248.2445, 158.0553, 276.0783, 155.2065, 278.0850, 174.8126, 250.2512, 177.6615
75 208 6.940000 246.0232, 158.7380, 274.1162, 156.3477, 275.7776, 175.8738, 247.6846, 178.2641
75 209 6.970000 244.2798, 159.3963, 272.5567, 157.4144, 273.8969, 176.5349, 245.6200, 178.5169
75 210 7.000000 242.4310, 159.7442, 270.9120, 158.2184, 271.9446, 177.4939, 243.4636, 179.0196
75 211 7.040000 239.8850, 160.4541, 268.5800, 159.5032, 269.2070, 178.4256, 240.5120, 179.3765
75 212 7.070000 237.9450, 160.9500, 266.7987, 160.5445, 267.0584, 179.0186, 238.2046, 179.4241
75 213 7.100000 235.9359, 161.1605, 264.9565, 161.2504, 264.8992, 179.7496, 235.8786, 179.6597
75 214 7.140000 233.2632, 161.4270, 262.4586, 162.2282, 261.9572, 180.5010, 232.7617, 179.6998
75 215 7.170000 231.2462, 161.8674, 260.5234, 163.1343, 259.7655, 180.6482, 230.4883, 179.3813
75 216 7.200000 229.2418, 161.7857, 258.6192, 163.5168, 257.5805, 181.1443, 228.2031, 179.4132
75 217 7.240000 226.6157, 161.8295, 256.0801, 164.1502, 254.7215, 181.3986, 225.2571, 179.0778
75 218 7.270000 224.6941, 161.9416, 254.1783, 164.6704, 252.6381, 181.3121, 223.1539, 178.5832
75 219 7.300000 222.8237, 161.6545, 252.3598, 164.7462, 250.6130, 181.4339, 221.0769, 178.3422
75 220 7.340000 220.4260, 161.3859, 249.9781, 164.9004, 248.0415, 181.1842, 218.4894, 177.6696
75 221 7.370000 218.7053, 161.2715, 248.2293, 165.0544, 246.2287, 180.6685, 216.7047, 176.8856
75 222 7.400000 217.0749, 160.7077, 246.6161, 164.7069, 244.4963, 180.3654, 214.9551, 176.3662
75 223 7.440000 215.0273, 160.0697, 244.5389, 164.2935, 242.3622, 179.5023, 212.8506, 175.2785
75 224 7.470000 213.5400, 159.6597, 243.0748, 163.9932, 240.9379, 178.5575, 211.4031, 174.2240
75 225 7.500000 212.1992, 158.8392, 241.7307, 163.2258, 239.5425, 177.9569, 210.0111, 173.5704
75 226 7.540000 210.4325, 158.2454, 240.0184, 162.7064, 237.8704, 176.9521, 208.2846, 172.4911
75 227 7.570000 209.1330, 158.1663, 238.7838, 162.6696, 236.7193, 176.2625, 207.0685, 171.7592
75 228 7.600000 207.9335, 158.0679, 237.6228, 162.5959, 235.5770, 176.0101, 205.8876, 171.4822
75 229 7.640000 206.3659, 158.4406, 236.1353, 162.9945, 234.1684, 175.8524, 204.3990, 171.2984
75 230 7.670000 205.2147, 159.0935, 235.0635, 163.6672, 233.1263, 176.3100, 203.2775, 171.7363
75 231 7.700000 204.1719, 159.6570, 234.0739, 164.2477, 232.1264, 176.9328, 202.2244, 172.3421
75 232 7.740000 202.8658, 160.5582, 232.8604, 165.1729, 230.8534, 178.2183, 200.8587, 173.6035
75 233 7.770000 201.9345, 161.4430, 232.0138, 166.0773, 229.9399, 179.5384, 199.8605, 174.9041
75 234 7.800000 201.0144, 162.8421, 231.1573, 167.4984, 229.0929, 180.8626, 198.9499, 176.2063
75 235 7.840000 199.8424, 165.0563, 230.0908, 169.7490, 228.0065, 183.1839, 197.7581, 178.4913
75 236 7.870000 198.9985, 167.0365, 229.3393, 171.7622, 227.2211, 185.3619, 196.8803, 180.6361
75 237 7.900000 198.1629, 169.5738, 228.5759, 174.3447, 226.4821, 187.6924, 196.0690, 182.9216
75 238 7.940000 197.0937, 173.4403, 227.6195, 178.2859, 225.5240, 191.4870, 194.9982, 186.6415
75 239 7.970000 196.3292, 176.6972, 226.9503, 181.6055, 224.8363, 194.7936, 194.2152, 189.8852
75 240 8.000000 195.6043, 180.3258, 226.3006, 185.2960, 224.2213, 198.1379, 193.5250, 193.1677
75 241 8.040000 194.8478, 184.6664, 225.6592, 189.7355, 223.5398, 202.6175, 192.7284, 197.5484
75 242 8.070000 194.4233, 187.7041, 225.3361, 192.9202, 223.1578, 205.8300, 192.2449, 200.6139
75 243 8.100000 194.2021, 190.2308, 225.1850, 195.5604, 222.8677, 209.0315, 191.8848, 203.7018
75 244 8.140000 193.9557, 193.8017, 225.1127, 199.0596, 222.8753, 212.3175, 191.7184, 207.0597
75 245 8.170000 193.9385, 196.1313, 225.2519, 201.3166, 223.0575, 214.5681, 191.7441, 209.3827
75 246 8.200000 194.1293, 197.8909, 225.5739, 202.9711, 223.3130, 216.9654, 191.8684, 211.8853
75 247 8.240000 194.5371, 200.1561, 226.2153, 205.1471, 223.9277, 219.6666, 192.2495, 214.6756
75 248 8.270000 194.9603, 202.0172, 226.7444, 206.7927, 224.5839, 221.1723, 192.7998, 216.3968
75 249 8.300000 195.5035, 203.3371, 227.4835, 207.8434, 225.3575, 222.9314, 193.3775, 218.4251
75 250 8.340000 196.3782, 205.0612, 228.5709, 209.0649, 226.5950, 224.9531, 194.4022, 220.9494
75 251 8.370000 197.1402, 206.5500, 229.4439, 210.1592, 227.6682, 226.0526, 195.3644, 222.4433
75 252 8.400000 198.0080, 207.5932, 230.4461, 210.7797, 228.8107, 227.4273, 196.3726, 224.2408
75 253 8.440000 199.2848, 209.2050, 231.8415, 211.8400, 230.4642, 228.8573, 197.9075, 226.2222
75 254 8.470000 200.3038, 210.4906, 232.9114, 212.6282, 231.7882, 229.7618, 199.1806, 227.6242
75 255 8.500000 201.3653, 211.4820, 234.0380, 213.1022, 233.1543, 230.9222, 200.4816, 229.3019
75 256 8.540000 202.8301, 213.1484, 235.5110, 214.0322, 235.0203, 232.1759, 202.3395, 231.2922
75 257 8.570000 203.9621, 214.5676, 236.6386, 214.9664, 236.4182, 233.0259, 203.7417, 232.6271
75 258 8.600000 205.1024, 215.6577, 237.7743, 215.6222, 237.7945, 234.2808, 205.1226, 234.3163
75 259 8.640000 206.6232, 217.3539, 239.2937, 216.8515, 239.5860, 235.8636, 206.9156, 236.3660
75 260 8.670000 207.7714, 218.8312, 240.3936, 218.0237, 240.8628, 236.9785, 208.2406, 237.7859
75 261 8.700000 208.8638, 220.1063, 241.4917, 219.0521, 242.1176, 238.4215, 209.4896, 239.4757
75 262 8.740000 210.3067, 222.1013, 242.9062, 220.8223, 243.6704, 240.2984, 211.0709, 241.5774
75 263 8.770000 211.3506, 223.8900, 243.9337, 222.4857, 244.7592, 241.6402, 212.1762, 243.0445
75 264 8.800000 212.3324, 225.4350, 244.9224, 223.9761, 245.7944, 243.4555, 213.2044, 244.9143
75 265 8.840000 213.5986, 227.9494, 246.2083, 226.5317, 247.0494, 245.8797, 214.4398, 247.2975
75 266 8.870000 214.5181, 230.1630, 247.1361, 228.8558, 247.8949, 247.7892, 215.2769, 249.0964
75 267 8.900000 215.3724, 232.3430, 248.0315, 231.2001, 248.6947, 250.1499, 216.0356, 251.2929
75 268 8.940000 216.4780, 235.7878, 249.1748, 234.9580, 249.6447, 253.4784, 216.9480, 254.3081
75 269 8.970000 217.2823, 238.7707, 249.9906, 238.2382, 250.2809, 256.0655, 217.5725, 256.5980
75 270 9.000000 218.0500, 241.6038, 250.7873, 241.4459, 250.8719, 258.9850, 218.1346, 259.1429
75 271 9.040000 219.0297, 245.2490, 251.7555, 245.5088, 251.6206, 262.5006, 218.8948, 262.2408
75 272 9.070000 219.7737, 247.7262, 252.4534, 248.3382, 252.1492, 264.5787, 219.4695, 263.9667
75 273 9.100000 220.4839, 249.1637, 253.1808, 250.0919, 252.7043, 266.8761, 220.0074, 265.9479
75 274 9.140000 221.5110, 251.1122, 254.1171, 252.4846, 253.4350, 268.6879, 220.8289, 267.3155
75 275 9.170000 222.2690, 252.3126, 254.8049, 253.8653, 254.0628, 269.4176, 221.5268, 267.8649
75 276 9.200000 223.0660, 252.8402, 255.5132, 254.5036, 254.7152, 270.0692, 222.2680, 268.4058
75 277 9.240000 224.1324, 253.2242, 256.4894, 254.8871, 255.7060, 270.1303, 223.3490, 268.4674
75 278 9.270000 224.9997, 253.5791, 257.2067, 255.2385, 256.4620, 269.6911, 224.2550, 268.0316
75 279 9.300000 225.8427, 252.9339, 258.0033, 254.4428, 257.3249, 268.9014, 225.1643, 267.3926
75 280 9.340000 226.9944, 251.8331, 259.0286, 252.9821, 258.5097, 267.4517, 226.4754, 266.3028
75 281 9.370000 227.8474, 250.3042, 259.8139, 251.0761, 259.4521, 266.0592, 227.4856, 265.2872
75 282 9.400000 228.6569, 248.8294, 260.5460, 249.1069, 260.4197, 263.6218, 228.5306, 263.3443
75 283 9.440000 229.6669, 245.9629, 261.4737, 245.4665, 261.6999, 259.9588, 229.8931, 260.4552
75 284 9.470000 230.3363, 243.1333, 262.0444, 241.9383, 262.6103, 256.9535, 230.9021, 258.1484
75 285 9.500000 230.9249, 240.5509, 262.5439, 238.5913, 263.4416, 253.0770, 231.8227, 255.0366
75 286 9.540000 231.5693, 236.8402, 263.0389, 233.9392, 264.3729, 248.4096, 232.9033, 251.3107
75 287 9.570000 231.9181, 234.2550, 263.2968, 230.6623, 264.9517, 245.1163, 233.5730, 248.7090
75 288 9.600000 232.1433, 231.5512, 263.3736, 227.3287, 265.3347, 241.8339, 234.1044, 246.0564
75 289 9.640000 232.2293, 228.4600, 263.3013, 223.4688, 265.6931, 238.3589, 234.6211, 243.3501
75 290 9.670000 232.1319, 226.3800, 263.1173, 220.9549, 265.7363, 235.9128, 234.7508, 241.3379
75 291 9.700000 231.8256, 224.1450, 262.7315, 218.3799, 265.6235, 233.8829, 234.7175, 239.6481
75 292 9.740000 231.1303, 221.3658, 261.9940, 215.3150, 265.1310, 231.3164, 234.2673, 237.3671
75 293 9.770000 230.3967, 219.5910, 261.2829, 213.4016, 264.4670, 229.2908, 233.5808, 235.4802
75 294 9.800000 229.3736, 217.4008, 260.2887, 211.1544, 263.6508, 227.7945, 232.7358, 234.0409
75 295 9.840000 227.7073, 214.8357, 258.7683, 208.6584, 262.1395, 225.6096, 231.0785, 231.7869
75 296 9.870000 226.2143, 212.9437, 257.4295, 206.9521, 260.7026, 224.0040, 229.4874, 229.9956
75 297 9.900000 224.4577, 210.7723, 255.9315, 205.1383, 259.0846, 222.7528, 227.6108, 228.3868
75 298 9.940000 221.7941, 207.8508, 253.6325, 202.8103, 256.5301, 221.1131, 224.6916, 226.1536
75 299 9.970000 219.6248, 205.9848, 251.8009, 201.4983, 254.3292, 219.6306, 222.1531, 224.1171
75 300 10.000000 217.2236, 203.6941, 249.7605, 199.8746, 251.9752, 218.7409, 219.4383, 222.5604
75 301 10.040000 213.8806, 201.2724, 246.9679, 198.4729, 248.5836, 217.5686, 215.4964, 220.3682
75 302 10.070000 211.2612, 199.7791, 244.7306, 197.7600, 245.8935, 217.0352, 212.4241, 219.0543
75 303 10.100000 208.5095, 198.4700, 242.3985, 197.1829, 243.1481, 216.9196, 209.2590, 218.2067
75 304 10.140000 204.7532, 197.3188, 239.1511, 196.9822, 239.3480, 217.0956, 204.9500, 217.4323
75 305 10.170000 201.8716, 197.0106, 236.6265, 197.3414, 236.4361, 217.3495, 201.6811, 217.0187
75 306 10.200000 198.9407, 196.7467, 234.0612, 197.7306, 233.4899, 218.1219, 198.3694, 217.1379
75 307 10.240000 194.9970, 197.0716, 230.5668, 198.8653, 229.5327, 219.3719, 193.9629, 217.5782
75 308 10.270000 192.0299, 197.8090, 227.8944, 200.1614, 226.5597, 220.5108, 190.6951, 218.1584
75 309 10.300000 189.0539, 198.6595, 225.2346, 201.5232, 223.6012, 222.1606, 187.4204, 219.2968
75 310 10.340000 185.1050, 200.5214, 221.6589, 203.9995, 219.6895, 224.6985, 183.1355, 221.2205
75 311 10.370000 182.1547, 202.4947, 218.9597, 206.3654, 216.7993, 226.9071, 179.9943, 223.0364
75 312 10.400000 179.2301, 204.7058, 216.3010, 208.9293, 213.9340, 229.7044, 176.8632, 225.4809
75 313 10.440000 175.3613, 208.5271, 212.7493, 213.1354, 210.1856, 233.9344, 172.7976, 229.3261
75 314 10.470000 172.4949, 211.9942, 210.0956, 216.8257, 207.4422, 237.4755, 169.8415, 232.6440
75 315 10.500000 169.6994, 215.5897, 207.5212, 220.5703, 204.7766, 241.4128, 166.9547, 236.4323
75 316 10.540000 166.1983, 220.3965, 204.2624, 225.5235, 201.4529, 246.3816, 163.3889, 241.2547
75 317 10.570000 163.7400, 223.9436, 201.9349, 228.9429, 199.2566, 249.4053, 161.0617, 244.4060
75 318 10.600000 161.5935, 226.5519, 199.9709, 231.6949, 197.1734, 252.5696, 158.7961, 247.4266
75 319 10.640000 159.0856, 229.8152, 197.5527, 235.0607, 194.7204, 255.8304, 156.2534, 250.5849
75 320 10.670000 157.4350, 231.9711, 195.9451, 237.2079, 193.1520, 257.7474, 154.6419, 252.5105
75 321 10.700000 156.0594, 233.2988, 194.6211, 238.5334, 191.7289, 259.8386, 153.1673, 254.6040
75 322 10.740000 154.5207, 235.1283, 193.0537, 240.2415, 190.2128, 261.6501, 151.6798, 256.5369
75 323 10.770000 153.6247, 236.4641, 192.0721, 241.5318, 189.3230, 262.3884, 150.8756, 257.3207
75 324 10.800000 152.9929, 237.0545, 191.3685, 242.0857, 188.5848, 263.3176, 150.2093, 258.2863
75 325 10.840000 152.4776, 237.8361, 190.6688, 242.8453, 187.9297, 263.7290, 149.7385, 258.7198
75 326 10.870000 152.3356, 238.3510, 190.3186, 243.3332, 187.6754, 263.4838, 149.6924, 258.5016
75 327 10.900000 152.4298, 238.2010, 190.2326, 243.1720, 187.5786, 263.3541, 149.7759, 258.3830
75 328 10.940000 152.8677, 237.8627, 190.3479, 242.8293, 187.7419, 262.4954, 150.2617, 257.5288
75 329 10.970000 153.4231, 237.5446, 190.6003, 242.5517, 188.0669, 261.3622, 150.8897, 256.3550
75 330 11.000000 154.1859, 236.5556, 191.1089, 241.6452, 188.5000, 260.5710, 151.5771, 255.4813
75 331 11.040000 155.3906, 235.7398, 191.8729, 240.9262, 189.2993, 259.0291, 152.8170, 253.8427
75 332 11.070000 156.4040, 235.4902, 192.5048, 240.7161, 190.0371, 257.7636, 153.9362, 252.5377
75 333 11.100000 157.5270, 235.0238, 193.2979, 240.2773, 190.8490, 256.9521, 155.0780, 251.6987
75 334 11.140000 159.1511, 234.8098, 194.4361, 240.0528, 192.0946, 255.8111, 156.8096, 250.5682
75 335 11.170000 160.4678, 234.8758, 195.3649, 240.1059, 193.1406, 254.9472, 158.2435, 249.7171
75 336 11.200000 161.8773, 234.6688, 196.4537, 239.8580, 194.2567, 254.4969, 159.6803, 249.3077
75 337 11.240000 163.8810, 234.6916, 197.9867, 239.8335, 195.8806, 253.8028, 161.7749, 248.6609
75 338 11.270000 165.4541, 234.9153, 199.1950, 239.9671, 197.1678, 253.5069, 163.4268, 248.4552
75 339 11.300000 167.1102, 234.8874, 200.5420, 239.8370, 198.5503, 253.2899, 165.1185, 248.3403
75 340 11.340000 169.3974, 235.0245, 202.4280, 239.7760, 200.5067, 253.1327, 167.4760, 248.3812
75 341 11.370000 171.2891, 234.7016, 203.9635, 239.3301, 201.9774, 253.3514, 169.3029, 248.7229
75 342 11.400000 173.1131, 234.8860, 205.5233, 239.3542, 203.6270, 253.1094, 171.2168, 248.6412
75 343 11.440000 175.6485, 234.9217, 207.7162, 239.1426, 205.8802, 253.0915, 173.8124, 248.8706
75 344 11.470000 177.5727, 234.9240, 209.4389, 238.9217, 207.6517, 253.1668, 175.7856, 249.1690
75 345 11.500000 179.5272, 235.2408, 211.1321, 238.9691, 209.4794, 252.9787, 177.8746, 249.2504
75 346 11.540000 182.1756, 235.4692, 213.5003, 238.8737, 211.9599, 253.0470, 180.6352, 249.6425
75 347 11.570000 184.1790, 235.6252, 215.3100, 238.7685, 213.8510, 253.2185, 182.7200, 250.0752
75 348 11.600000 186.1902, 236.1361, 217.0890, 239.0244, 215.7717, 253.1167, 184.8729, 250.2284
75 349 11.640000 188.8836, 236.6961, 219.5055, 239.2475, 218.3393, 253.2454, 187.7173, 250.6941
75 350 11.670000 190.8903, 237.0181, 221.3500, 239.3134, 220.2773, 253.5489, 189.8175, 251.2536
75 351 11.700000 192.9003, 237.7024, 223.1417, 239.7377, 222.2105, 253.5745, 191.9691, 251.5392
75 352 11.740000 195.5400, 238.5302, 225.5457, 240.1927, 224.7889, 253.8517, 194.7832, 252.1892
75 353 11.770000 197.4956, 239.0196, 227.3574, 240.4290, 226.7018, 254.3195, 196.8400, 252.9102
75 354 11.800000 199.4402, 239.8738, 229.1156, 241.0364, 228.5868, 254.5315, 198.9115, 253.3688
75 355 11.840000 201.9805, 240.9039, 231.4492, 241.7700, 231.0565, 255.1311, 201.5878, 254.2651
75 356 11.870000 203.8265, 241.6349, 233.1715, 242.2586, 232.8837, 255.7982, 203.5387, 255.1744
75 357 11.900000 205.6546, 242.6813, 234.8438, 243.0985, 234.6550, 256.3063, 205.4658, 255.8891
75 358 11.940000 208.0055, 244.0105, 237.0295, 244.1642, 236.9598, 257.3344, 207.9357, 257.1806
75 359 11.970000 209.6979, 244.9421, 238.6356, 244.9290, 238.6417, 258.3905, 209.7039, 258.4035
75 360 12.000000 211.3693, 246.1676, 240.1882, 246.0428, 240.2457, 259.3111, 211.4268, 259.4359
75 361 12.040000 213.4827, 247.6902, 242.1797, 247.3866, 242.3220, 260.8300, 213.6249, 261.1336
75 362 12.070000 214.9855, 248.6929, 243.6178, 248.2767, 243.8203, 262.2047, 215.1879, 262.6210
75 363 12.100000 216.4554, 249.9851, 244.9835, 249.4721, 245.2334, 263.3651, 216.7052, 263.8782
75 364 12.140000 218.3034, 251.5882, 246.7202, 250.9819, 247.0234, 265.1928, 218.6066, 265.7991
75 365 12.170000 219.6052, 252.7862, 247.9469, 252.1160, 248.2921, 266.7129, 219.9504, 267.3831
75 366 12.200000 220.8662, 254.3118, 249.1013, 253.5900, 249.4708, 268.0453, 221.2357, 268.7670
75 367 12.240000 222.4420, 256.3290, 250.5477, 255.5853, 250.9320, 270.1087, 222.8263, 270.8524
75 368 12.270000 223.5429, 257.8408, 251.5643, 257.1106, 251.9495, 271.8946, 223.9282, 272.6249
75 369 12.300000 224.6101, 259.7339, 252.5110, 259.0324, 252.8756, 273.5297, 224.9747, 274.2313
75 370 12.340000 225.9341, 262.3172, 253.6898, 261.6947, 254.0127, 276.0899, 226.2569, 276.7125
75 371 12.370000 226.8603, 264.3440, 254.5149, 263.8115, 254.7941, 278.3109, 227.1395, 278.8434
75 372 12.400000 227.7557, 266.7952, 255.2797, 266.3589, 255.5038, 280.4928, 227.9797, 280.9291
75 373 12.440000 228.8723, 270.2700, 256.2317, 269.9942, 256.3717, 283.8799, 229.0123, 284.1557
75 374 12.470000 229.6595, 273.0616, 256.8991, 272.9273, 256.9672, 286.7471, 229.7277, 286.8814
75 375 12.500000 230.4239, 276.1873, 257.5200, 276.2091, 257.5093, 289.5822, 230.4131, 289.5604
75 376 12.540000 231.3321, 280.2685, 258.2971, 280.4152, 258.2264, 293.3904, 231.2615, 293.2436
75 377 12.570000 232.0190, 282.8629, 258.8620, 283.2007, 258.6958, 296.4082, 231.8528, 296.0704
75 378 12.600000 232.6411, 285.5589, 259.4251, 286.0552, 259.1848, 299.0277, 232.4007, 298.5314
75 379 12.640000 233.4768, 288.8299, 260.1386, 289.5490, 259.7900, 302.4737, 233.1282, 301.7546
75 380 12.670000 234.0958, 291.0499, 260.6696, 291.9245, 260.2364, 305.0845, 233.6627, 304.2099
75 381 12.700000 234.6823, 293.5071, 261.1901, 294.5103, 260.7051, 307.3252, 234.1973, 306.3220
75 382 12.740000 235.4694, 296.4911, 261.8856, 297.6143, 261.3377, 310.5002, 234.9215, 309.3770
75 383 12.770000 236.0864, 298.5552, 262.4123, 299.7676, 261.8015, 313.0326, 235.4756, 311.8202
75 384 12.800000 236.6641, 300.9486, 262.9444, 302.2202, 262.3138, 315.2519, 236.0335, 313.9803
75 385 12.840000 237.4779, 304.0097, 263.6693, 305.3840, 262.9828, 318.4685, 236.7914, 317.0942
75 386 12.870000 238.0821, 306.3092, 264.2124, 307.6775, 263.5126, 321.0417, 237.3823, 319.6734
75 387 12.900000 238.6572, 308.9701, 264.7497, 310.2986, 264.0804, 323.4438, 237.9879, 322.1153
75 388 12.940000 239.4105, 312.5772, 265.4570, 313.7327, 264.8692, 326.9848, 238.8226, 325.8294
75 389 12.970000 239.9887, 315.2993, 266.0003, 316.3435, 265.4547, 329.9344, 239.4431, 328.8902
75 390 13.000000 240.5474, 318.3058, 266.5334, 319.2157, 266.0590, 332.7636, 240.0731, 331.8537
75 391 13.040000 241.2925, 322.1431, 267.2403, 322.8326, 266.8758, 336.5490, 240.9280, 335.8595
75 392 13.070000 241.8662, 324.7367, 267.7812, 325.2976, 267.4772, 339.3445, 241.5622, 338.7836
75 393 13.100000 242.4172, 327.5460, 268.3163, 327.9830, 268.0863, 341.6159, 242.1872, 341.1789
75 394 13.140000 243.1751, 330.7548, 269.0307, 331.0873, 268.8544, 344.7971, 242.9988, 344.4646
75 395 13.170000 243.7498, 332.8426, 269.5558, 333.1290, 269.3988, 347.2749, 243.5928, 346.9885
75 396 13.200000 244.2981, 335.1327, 270.0728, 335.3875, 269.9344, 349.3935, 244.1596, 349.1387
75 397 13.240000 245.0264, 337.8523, 270.7418, 338.0998, 270.6041, 352.4039, 244.8887, 352.1564
75 398 13.270000 245.5752, 339.6648, 271.2328, 339.9505, 271.0671, 354.8314, 245.4095, 354.5457
75 399 13.300000 246.1016, 341.7370, 271.7136, 342.0807, 271.5135, 356.9864, 245.9015, 356.6426
75 400 13.340000 246.8139, 344.3213, 272.3427, 344.8032, 272.0536, 360.1214, 246.5247, 359.6395
75 401 13.370000 247.3517, 346.1676, 272.8056, 346.7727, 272.4270, 362.6995, 246.9731, 362.0944
75 402 13.400000 247.8728, 348.3511, 273.2601, 349.0967, 272.7897, 365.1120, 247.4024, 364.3663
75 403 13.440000 248.5842, 351.2362, 273.8640, 352.1937, 273.2380, 368.7217, 247.9582, 367.7642
75 404 13.470000 249.1439, 353.4158, 274.3257, 354.5645, 273.5449, 371.6823, 248.3631, 370.5337
75 405 13.500000 249.7111, 355.8008, 274.7957, 357.1611, 273.8554, 374.5009, 248.7708, 373.1406
75 406 13.540000 250.4691, 358.7221, 275.4465, 360.2574, 274.3583, 377.9620, 249.3808, 376.4267
75 407 13.570000 251.1483, 360.2365, 276.0189, 361.9517, 274.7408, 380.4847, 249.8702, 378.7695
75 408 13.600000 251.8346, 361.8002, 276.6391, 363.6911, 275.2241, 382.2525, 250.4196, 380.3616
75 409 13.640000 252.9215, 363.0988, 277.5960, 365.2743, 275.9130, 384.3631, 251.2385, 382.1876
75 410 13.670000 253.7668, 363.7314, 278.3929, 366.0218, 276.5762, 385.5549, 251.9500, 383.2644
75 411 13.700000 254.6202, 364.3888, 279.2866, 366.7411, 277.4390, 386.1152, 252.7726, 383.7629
75 412 13.740000 255.8257, 364.7425, 280.5765, 367.0646, 278.7573, 386.4546, 254.0065, 384.1325
75 413 13.770000 256.8480, 364.4349, 281.6666, 366.7199, 279.8378, 386.5825, 255.0193, 384.2974
75 414 13.800000 257.8806, 364.3909, 282.7846, 366.6336, 281.0571, 385.8166, 256.1531, 383.5739
75 415 13.840000 259.3942, 363.4009, 284.4263, 365.4721, 282.8349, 384.7047, 257.8028, 382.6335
75 416 13.870000 260.5452, 362.3459, 285.6799, 364.1936, 284.2723, 383.3414, 259.1376, 381.4937
75 417 13.900000 261.7307, 361.1219, 286.9951, 362.6346, 285.8739, 381.3596, 260.6096, 379.8469
75 418 13.940000 263.3482, 358.9539, 288.8959, 359.9732, 288.1788, 377.9455, 262.6311, 376.9262
75 419 13.970000 264.6252, 356.3595, 290.3688, 356.9134, 289.9705, 375.4262, 264.2269, 374.8723
75 420 14.000000 265.8790, 354.0951, 291.8551, 354.1771, 291.7986, 372.0651, 265.8225, 371.9831
75 421 14.040000 267.5309, 350.9741, 293.7882, 350.3202, 294.2309, 368.1007, 267.9737, 368.7546
75 422 14.070000 268.7705, 349.2420, 295.2254, 348.0700, 295.9938, 365.4135, 269.5389, 366.5855
75 423 14.100000 270.0195, 348.0198, 296.6384, 346.3604, 297.6806, 363.0773, 271.0616, 364.7367
75 424 14.140000 271.6714, 346.8960, 298.4820, 344.6692, 299.8159, 360.7293, 273.0053, 362.9561
75 425 14.170000 272.8744, 346.3564, 299.8114, 343.7569, 301.3356, 359.5512, 274.3987, 362.1508
75 426 14.200000 274.0507, 346.2796, 301.1083, 343.3584, 302.7558, 358.6175, 275.6981, 361.5388
75 427 14.240000 275.5294, 346.5287, 302.7417, 343.2595, 304.5238, 358.0933, 277.3115, 361.3625
75 428 14.270000 276.5550, 346.9625, 303.8827, 343.4942, 305.7555, 358.2499, 278.4277, 361.7182
75 429 14.300000 277.5296, 347.8781, 304.9805, 344.2644, 306.8690, 358.6094, 279.4180, 362.2232
75 430 14.340000 278.6963, 349.4676, 306.3191, 345.7385, 308.2238, 359.8472, 280.6010, 363.5762
75 431 14.370000 279.4688, 350.9680, 307.2284, 347.2125, 309.1440, 361.3725, 281.3845, 365.1280
75 432 14.400000 280.1833, 353.0244, 308.0920, 349.2905, 309.9499, 363.1770, 282.0412, 366.9109
75 433 14.440000 281.0027, 356.2857, 309.1217, 352.6565, 310.9055, 366.4768, 282.7865, 370.1060
75 434 14.470000 281.5197, 359.1307, 309.8044, 355.6400, 311.5277, 369.6036, 283.2430, 373.0944
75 435 14.500000 281.9630, 362.4321, 310.4219, 359.1192, 312.0299, 372.9324, 283.5710, 376.2453
75 436 14.540000 282.3486, 366.7118, 311.0377, 363.6559, 312.5149, 377.5247, 283.8259, 380.5806
75 437 14.570000 282.4607, 369.5273, 311.3178, 366.6646, 312.7259, 380.8590, 283.8688, 383.7217
75 438 14.600000 282.4533, 372.3046, 311.4766, 369.6278, 312.7704, 383.6564, 283.7471, 386.3332
75 439 14.640000 282.2271, 375.4565, 311.4630, 373.0154, 312.6442, 387.1619, 283.4083, 389.6031
75 440 14.670000 281.9033, 377.3722, 311.2910, 375.0953, 312.4226, 389.7019, 283.0349, 391.9788
75 441 14.700000 281.4836, 379.4352, 311.0202, 377.2903, 312.0602, 391.6119, 282.5236, 393.7568
75 442 14.740000 280.7340, 381.6104, 310.4633, 379.6150, 311.4353, 394.0965, 281.7060, 396.0919
75 443 14.770000 280.0469, 382.8086, 309.9131, 380.9351, 310.8544, 395.9412, 280.9882, 397.8147
75 444 14.800000 279.2817, 384.2876, 309.2863, 382.5137, 310.1491, 397.1083, 280.1445, 398.8822
75 445 14.840000 278.0977, 385.6821, 308.2762, 384.0121, 309.0885, 398.6910, 278.9100, 400.3609
75 446 14.870000 277.0931, 386.3052, 307.3934, 384.6872, 308.2056, 399.8976, 277.9053, 401.5156
75 447 14.900000 276.0180, 387.2103, 306.4440, 385.6298, 307.2140, 400.4512, 276.7879, 402.0318
75 448 14.940000 274.4405, 387.8725, 305.0230, 386.3187, 305.7794, 401.2080, 275.1970, 402.7618
75 449 14.970000 273.1536, 387.9743, 303.8447, 386.4267, 304.6197, 401.7962, 273.9286, 403.3438
