4 0 0.010000 332.0230, 171.3559, 350.4840, 172.0567, 350.0527, 183.4196, 331.5917, 182.7188
4 1 0.040000 332.0064, 171.8321, 350.4682, 172.5327, 350.0375, 183.8830, 331.5757, 183.1824
4 2 0.070000 331.9693, 172.8915, 350.4330, 173.5916, 350.0036, 184.9139, 331.5400, 184.2138
4 3 0.110000 331.8882, 175.2120, 350.3558, 175.9111, 349.9295, 187.1720, 331.4619, 186.4729
4 4 0.140000 331.8035, 177.6340, 350.2753, 178.3321, 349.8521, 189.5289, 331.3803, 188.8309
4 5 0.170000 331.7944, 180.6242, 350.2280, 181.5859, 349.6602, 192.4697, 331.2267, 191.5081
4 6 0.200000 331.8075, 184.3133, 350.2525, 185.9140, 349.4375, 195.3047, 330.9926, 193.7041
4 7 0.240000 331.8254, 188.1066, 350.4058, 190.2965, 349.3204, 199.5056, 330.7400, 197.3157
4 8 0.270000 331.9447, 189.9264, 350.6620, 192.3179, 349.3910, 202.2663, 330.6736, 199.8749
4 9 0.310000 332.2506, 191.8289, 351.1528, 194.3758, 349.7315, 204.9239, 330.8293, 202.3769
4 10 0.340000 332.6150, 192.9128, 351.6534, 195.6014, 350.1347, 206.3551, 331.0964, 203.6665
4 11 0.370000 333.0042, 193.8916, 352.1841, 196.4406, 350.7345, 207.3475, 331.5546, 204.7985
4 12 0.400000 333.5932, 194.6798, 352.8835, 197.4957, 351.3249, 208.1724, 332.0346, 205.3565
4 13 0.440000 334.4243, 195.7081, 353.8763, 198.5548, 352.3540, 208.9573, 332.9019, 206.1106
4 14 0.470000 335.1060, 196.5085, 354.6802, 199.2391, 353.2654, 209.3804, 333.6913, 206.6497
4 15 0.500000 335.9225, 197.2136, 355.6086, 200.0532, 354.1964, 209.8440, 334.5102, 207.0044
4 16 0.540000 337.0383, 198.2376, 356.9053, 200.8940, 355.6450, 210.3202, 335.7779, 207.6638
4 17 0.570000 337.8695, 199.1220, 357.9108, 201.3196, 356.9018, 210.5213, 336.8605, 208.3237
4 18 0.610000 339.2191, 199.9685, 359.4313, 201.9949, 358.5358, 210.9268, 338.3236, 208.9004
4 19 0.640000 340.3071, 200.3254, 360.6699, 202.2207, 359.8135, 211.4221, 339.4507, 209.5267
4 20 0.670000 341.3739, 200.7795, 361.9075, 202.3238, 361.1874, 211.8983, 340.6538, 210.3540
4 21 0.700000 342.5950, 200.9933, 363.2721, 202.5968, 362.4998, 212.5559, 341.8227, 210.9524
4 22 0.740000 344.1866, 201.3682, 365.0825, 202.7542, 364.3879, 213.2268, 343.4920, 211.8408
4 23 0.770000 345.3613, 201.7366, 366.4313, 202.8144, 365.8820, 213.5529, 344.8121, 212.4751
4 24 0.800000 346.6361, 201.9387, 367.8517, 202.9602, 367.3215, 213.9721, 346.1059, 212.9506
4 25 0.840000 348.3130, 202.2687, 369.7198, 203.0684, 369.2983, 214.3517, 347.8915, 213.5520
4 26 0.870000 349.5233, 202.5650, 371.0910, 203.0415, 370.8379, 214.5003, 349.2701, 214.0238
4 27 0.900000 350.9677, 202.4697, 372.6042, 203.3073, 372.1524, 214.9794, 350.5159, 214.1418
4 28 0.940000 352.7080, 202.5941, 374.5067, 203.3495, 374.0945, 215.2442, 352.2958, 214.4887
4 29 0.970000 353.9056, 202.8287, 375.8637, 203.2073, 375.6570, 215.1954, 353.6989, 214.8168
4 30 1.000000 355.3170, 202.6825, 377.3442, 203.3001, 377.0045, 215.4178, 354.9773, 214.8002
4 31 1.040000 357.0521, 202.5981, 379.2250, 203.1395, 378.9274, 215.3266, 356.7545, 214.7852
4 32 1.070000 358.2302, 202.5996, 380.5524, 202.7488, 380.4710, 214.9340, 358.1488, 214.7848
4 33 1.110000 359.9463, 202.1765, 382.4105, 202.2789, 382.3549, 214.4730, 359.8907, 214.3706
4 34 1.140000 361.3525, 201.5199, 383.8689, 201.9708, 383.6243, 214.1867, 361.1079, 213.7358
4 35 1.170000 362.5010, 201.1348, 385.1664, 201.2165, 385.1226, 213.3681, 362.4572, 213.2863
4 36 1.210000 364.1872, 200.1514, 386.9822, 200.2438, 386.9331, 212.3523, 364.1381, 212.2598
4 37 1.240000 365.5692, 199.0437, 388.4199, 199.5509, 388.1514, 211.6503, 365.3007, 211.1431
4 38 1.270000 366.6956, 198.2048, 389.6854, 198.3632, 389.6026, 210.3779, 366.6128, 210.2195
4 39 1.310000 368.3664, 196.5355, 391.4848, 196.7924, 391.3519, 208.7491, 368.2335, 208.4922
4 40 1.340000 369.7464, 194.8498, 392.9148, 195.5895, 392.5325, 207.5624, 369.3641, 206.8226
4 41 1.370000 370.8760, 193.3975, 394.1860, 193.8355, 393.9621, 205.7518, 370.6521, 205.3139
4 42 1.410000 372.5658, 190.8377, 396.0041, 191.4178, 395.7090, 203.3427, 372.2707, 202.7627
4 43 1.440000 373.9858, 188.4395, 397.4709, 189.5634, 396.8972, 201.5523, 373.4121, 200.4284
4 44 1.470000 375.1573, 186.3078, 398.7895, 187.1497, 398.3624, 199.1371, 374.7302, 198.2951
4 45 1.510000 376.9728, 182.9375, 400.7205, 184.1018, 400.1285, 196.1779, 376.3807, 195.0136
4 46 1.540000 378.4533, 180.3084, 402.2471, 181.9921, 401.3843, 194.1845, 377.5905, 192.5008
4 47 1.570000 379.7388, 178.1659, 403.6754, 179.7283, 402.8750, 191.9904, 378.9385, 190.4281
4 48 1.610000 381.5477, 175.4856, 405.6534, 177.0662, 404.8423, 189.4362, 380.7366, 187.8556
4 49 1.640000 382.9985, 173.5701, 407.2063, 175.3625, 406.2827, 187.8351, 382.0750, 186.0426
4 50 1.670000 384.3109, 172.0656, 408.7003, 173.5996, 407.9115, 186.1397, 383.5221, 184.6057
4 51 1.710000 386.1767, 170.1564, 410.7826, 171.5741, 410.0527, 184.2421, 385.4468, 182.8244
4 52 1.740000 387.6813, 168.7469, 412.4231, 170.3050, 411.6169, 183.1084, 386.8751, 181.5503
4 53 1.770000 389.0183, 167.7490, 413.9862, 168.8918, 413.3957, 181.7947, 388.4277, 180.6520
4 54 1.810000 390.9394, 166.4075, 416.1702, 167.3144, 415.6997, 180.4033, 390.4689, 179.4965
4 55 1.840000 392.4674, 165.3968, 417.8760, 166.3386, 417.3840, 179.6113, 391.9754, 178.6694
4 56 1.870000 393.8245, 164.7802, 419.4858, 165.2115, 419.2604, 178.6196, 393.5991, 178.1883
4 57 1.910000 395.7335, 163.9426, 421.7024, 163.9804, 421.6825, 177.6340, 395.7136, 177.5962
4 58 1.940000 397.2499, 163.2715, 423.4232, 163.2937, 423.4114, 177.1886, 397.2381, 177.1665
4 59 1.970000 398.5591, 163.0488, 425.0028, 162.4494, 425.3215, 176.5116, 398.8778, 177.1110
4 60 2.010000 400.3835, 162.7399, 427.1515, 161.6605, 427.7300, 176.0088, 400.9620, 177.0881
4 61 2.040000 401.8127, 162.4954, 428.7960, 161.3630, 429.4088, 175.9670, 402.4255, 177.0993
4 62 2.070000 403.0107, 162.7596, 430.2578, 160.9535, 431.2352, 175.6983, 403.9881, 177.5044
4 63 2.110000 404.6703, 163.1030, 432.2274, 160.8417, 433.4574, 175.8312, 405.9004, 178.0925
4 64 2.140000 405.9168, 163.4091, 433.6948, 161.0504, 434.9865, 176.2623, 407.2085, 178.6210
4 65 2.170000 406.9437, 164.2054, 434.9594, 161.2188, 436.5927, 176.5404, 408.5770, 179.5269
4 66 2.210000 408.3080, 165.3325, 436.6188, 161.9008, 438.5021, 177.4382, 410.1913, 180.8698
4 67 2.240000 409.3115, 166.2612, 437.8317, 162.7713, 439.7590, 178.5212, 411.2387, 182.0111
4 68 2.270000 410.0853, 167.7453, 438.8177, 163.6801, 441.0578, 179.5131, 412.3254, 183.5782
4 69 2.310000 411.0845, 169.9133, 440.0832, 165.4806, 442.5304, 181.4906, 413.5317, 185.9233
4 70 2.340000 411.7893, 171.7508, 440.9836, 167.2938, 443.4554, 183.4841, 414.2610, 187.9411
4 71 2.370000 412.2905, 174.2051, 441.6689, 169.2989, 444.3828, 185.5501, 415.0045, 190.4563
4 72 2.410000 412.9004, 177.8731, 442.5180, 172.7115, 445.3753, 189.1066, 415.7576, 194.2682
4 73 2.440000 413.2927, 180.9785, 443.0874, 175.8224, 445.9481, 192.3531, 416.1534, 197.5093
4 74 2.470000 413.4986, 184.6553, 443.4520, 179.1952, 446.4722, 195.7632, 416.5187, 201.2233
4 75 2.510000 413.6177, 189.7846, 443.7775, 184.1944, 446.8645, 200.8490, 416.7047, 206.4393
4 76 2.540000 413.5579, 193.4489, 443.8675, 188.0996, 446.8322, 204.8978, 416.5225, 210.2471
4 77 2.570000 413.1147, 197.2892, 443.5454, 191.6235, 446.6861, 208.4924, 416.2554, 214.1581
4 78 2.610000 412.1274, 202.2027, 442.6741, 196.0457, 446.0812, 212.9493, 415.5345, 219.1063
4 79 2.640000 411.2808, 205.2464, 441.9239, 199.5101, 445.1164, 216.5641, 414.4733, 222.3005
4 80 2.670000 409.9455, 208.7367, 440.6207, 202.4795, 444.0810, 219.4430, 413.4058, 225.7003
4 81 2.710000 408.0141, 212.6303, 438.7558, 206.7074, 442.0382, 223.7443, 411.2965, 229.6671
4 82 2.740000 406.4017, 215.1782, 437.1878, 209.9842, 440.0920, 227.1980, 409.3059, 232.3920
4 83 2.770000 404.4186, 218.1090, 435.2061, 213.0211, 438.0456, 230.2037, 407.2581, 235.2915
4 84 2.800000 402.5065, 220.4989, 433.2697, 216.4886, 435.5252, 233.7911, 404.7621, 237.8014
4 85 2.840000 399.5631, 224.0865, 430.2490, 221.0103, 431.9862, 238.3387, 401.3003, 241.4150
4 86 2.870000 397.0837, 227.1308, 427.6970, 224.3891, 429.2411, 241.6292, 398.6278, 244.3709
4 87 2.900000 394.7153, 229.9212, 425.1863, 228.2342, 426.1412, 245.4824, 395.6703, 247.1695
4 88 2.940000 391.3579, 234.0974, 421.5953, 233.5817, 421.8872, 250.6932, 391.6497, 251.2089
4 89 2.970000 388.7045, 237.5353, 418.7540, 237.7238, 418.6478, 254.6480, 388.5983, 254.4594
4 90 3.000000 386.2186, 240.7490, 415.9583, 242.1947, 415.1445, 258.9361, 385.4048, 257.4904
4 91 3.040000 382.7454, 245.0262, 412.0957, 247.7175, 410.5933, 264.1018, 381.2430, 261.4104
4 92 3.070000 379.8740, 248.2066, 409.0961, 251.0367, 407.5342, 267.1651, 378.3120, 264.3351
4 93 3.100000 377.3006, 250.6860, 406.2673, 254.1925, 404.3397, 270.1163, 375.3730, 266.6098
4 94 3.140000 373.8003, 253.5622, 402.5599, 257.4499, 400.4367, 273.1572, 371.6770, 269.2696
4 95 3.170000 371.0082, 255.5720, 399.7814, 258.9962, 397.9241, 274.6029, 369.1509, 271.1787
4 96 3.200000 368.7970, 256.5988, 397.3202, 260.7237, 395.0740, 276.2560, 366.5508, 272.1311
4 97 3.240000 365.8631, 257.5644, 394.1578, 262.1337, 391.6563, 277.6235, 363.3616, 273.0542
4 98 3.270000 363.7096, 257.9617, 391.9159, 262.5625, 389.3886, 278.0567, 361.1823, 273.4559
4 99 3.300000 362.3676, 257.3039, 390.0577, 263.3756, 386.6742, 278.8057, 358.9841, 272.7339
4 100 3.340000 360.4639, 256.3369, 387.7675, 263.2456, 383.8671, 278.6606, 356.5635, 271.7519
4 101 3.370000 358.9296, 255.5340, 386.2632, 262.2051, 382.4823, 277.6966, 355.1487, 271.0255
4 102 3.400000 358.1134, 253.9374, 385.1528, 261.2537, 380.9569, 276.7608, 353.9175, 269.4445
4 103 3.440000 356.9897, 251.6218, 384.0317, 258.8090, 379.8734, 274.4545, 352.8315, 267.2673
4 104 3.470000 356.1410, 249.7405, 383.4520, 256.1646, 379.7268, 272.0018, 352.4158, 265.5778
4 105 3.500000 356.0283, 247.1431, 383.2429, 253.7944, 379.3487, 269.7281, 352.1341, 263.0768
4 106 3.540000 355.6067, 243.9962, 383.1319, 249.7910, 379.7258, 265.9702, 352.2005, 260.1754
4 107 3.570000 355.1613, 241.9662, 383.1077, 246.4653, 380.4818, 262.7763, 352.5354, 258.2772
4 108 3.600000 355.2672, 239.5180, 383.3251, 243.6298, 380.9191, 260.0480, 352.8612, 255.9362
4 109 3.640000 355.3037, 236.5515, 383.6365, 239.5836, 381.8695, 256.0953, 353.5367, 253.0633
4 110 3.670000 355.3173, 234.4208, 383.8780, 236.3989, 382.7304, 252.9685, 354.1697, 250.9903
4 111 3.700000 355.6567, 231.9133, 384.2701, 233.5246, 383.3354, 250.1236, 354.7219, 248.5123
4 112 3.740000 355.9997, 228.6194, 384.7258, 229.4131, 384.2674, 246.0033, 355.5413, 245.2096
4 113 3.770000 356.0447, 226.3443, 384.9015, 225.9445, 385.1299, 242.4280, 356.2731, 242.8278
4 114 3.800000 356.4488, 223.3300, 385.2739, 222.8388, 385.5546, 239.3087, 356.7295, 239.8000
4 115 3.840000 356.6911, 219.3262, 385.5165, 218.1290, 386.1976, 234.5267, 357.3722, 235.7239
4 116 3.870000 356.6135, 216.3575, 385.4478, 214.1072, 386.7162, 230.3608, 357.8820, 232.6111
4 117 3.900000 356.7950, 212.4774, 385.5531, 210.3563, 386.7517, 226.6066, 357.9936, 228.7277
4 118 3.940000 356.6296, 207.2499, 385.2996, 204.6343, 386.7730, 220.7844, 358.1030, 223.4000
4 119 3.970000 356.2256, 203.2476, 384.8239, 199.8727, 386.7177, 215.9203, 358.1194, 219.2952
4 120 4.000000 356.0686, 198.3641, 384.5561, 195.5605, 386.1455, 211.7108, 357.6581, 214.5145
4 121 4.040000 355.4235, 192.5205, 383.7764, 189.5771, 385.4568, 205.7642, 357.1039, 208.7077
4 122 4.070000 354.6940, 188.7484, 382.9462, 185.2140, 384.9626, 201.3321, 356.7105, 204.8665
4 123 4.100000 354.0070, 185.0277, 382.1509, 181.3717, 384.2430, 197.4768, 356.0992, 201.1329
4 124 4.140000 352.8286, 180.7281, 380.8156, 176.5349, 383.2147, 192.5476, 355.2277, 196.7408
4 125 4.170000 351.7790, 177.8541, 379.6410, 173.1474, 382.3287, 189.0576, 354.4667, 193.7643
4 126 4.200000 350.7475, 174.8635, 378.4870, 170.1892, 381.1654, 186.0838, 353.4259, 190.7581
4 127 4.240000 349.0910, 171.2502, 376.6561, 166.3989, 379.4398, 182.2160, 351.8747, 187.0673
4 128 4.270000 347.6011, 168.8225, 375.0149, 163.5709, 378.0270, 179.2945, 350.6132, 184.5461
4 129 4.300000 346.1415, 166.0301, 373.4315, 161.1276, 376.2665, 176.9085, 348.9765, 181.8110
4 130 4.340000 343.8692, 162.5302, 370.9709, 157.8196, 373.7211, 173.6426, 346.6194, 178.3532
4 131 4.370000 341.8902, 160.0930, 368.8321, 155.2216, 371.6918, 171.0380, 344.7499, 175.9094
4 132 4.400000 339.9879, 157.1557, 366.7806, 152.9810, 369.2661, 168.9324, 342.4734, 173.1072
4 133 4.440000 337.0967, 153.4494, 363.6562, 149.7498, 365.8970, 165.8362, 339.3375, 169.5359
4 134 4.470000 334.6596, 150.8378, 361.0398, 147.1413, 363.3043, 163.3015, 336.9240, 166.9980
4 135 4.500000 332.3590, 147.8231, 358.5182, 144.9059, 360.3400, 161.2422, 334.1808, 164.1594
4 136 4.540000 329.0773, 144.1733, 354.9121, 142.0008, 356.3006, 158.5120, 330.4657, 160.6845
4 137 4.570000 326.5061, 141.7214, 352.0856, 139.9909, 353.2099, 156.6087, 327.6304, 158.3393
4 138 4.600000 324.0803, 139.2318, 349.3165, 138.3959, 349.8708, 155.1283, 324.6346, 155.9642
4 139 4.640000 320.4813, 136.3341, 345.4848, 136.4129, 345.4318, 153.2477, 320.4283, 153.1690
4 140 4.670000 317.5767, 134.4857, 342.5112, 134.9294, 342.2104, 151.8304, 317.2759, 151.3867
4 141 4.700000 314.8214, 132.4749, 339.6674, 133.8357, 338.7389, 150.7881, 313.8929, 149.4273
4 142 4.740000 311.0835, 130.1795, 336.0238, 132.3290, 334.5595, 149.3194, 309.6192, 147.1698
4 143 4.770000 308.2456, 128.7071, 333.3195, 131.1225, 331.6779, 148.1634, 306.6040, 145.7480
4 144 4.800000 305.6287, 127.0438, 330.8939, 130.2888, 328.7076, 147.3105, 303.4424, 144.0655
4 145 4.840000 302.1534, 125.1001, 327.5975, 128.9976, 324.9854, 146.0501, 299.5413, 142.1526
4 146 4.870000 299.5837, 123.8076, 325.1317, 127.9012, 322.3889, 145.0193, 296.8408, 140.9257
4 147 4.900000 297.3025, 122.3027, 322.9721, 127.1475, 319.7476, 144.2323, 294.0780, 139.3874
4 148 4.940000 294.3384, 120.5205, 320.1312, 125.9117, 316.5568, 143.0125, 290.7640, 137.6212
4 149 4.970000 292.1290, 119.4256, 317.9873, 124.6914, 314.4799, 141.9151, 288.6215, 136.6492
4 150 5.000000 290.2619, 118.1367, 316.1941, 123.9212, 312.3607, 141.1065, 286.4285, 135.3220
4 151 5.040000 287.8597, 116.7823, 313.8655, 122.8289, 309.8648, 140.0354, 283.8590, 133.9888
4 152 5.070000 286.1546, 116.0374, 312.2008, 122.0756, 308.1988, 139.3380, 282.1526, 133.2997
4 153 5.100000 284.7694, 115.2454, 310.8431, 121.8605, 306.4913, 139.0135, 280.4176, 132.3984
4 154 5.140000 283.0687, 114.5619, 309.1519, 121.6525, 304.5144, 138.7118, 278.4312, 131.6211
4 155 5.170000 281.9208, 114.3090, 307.9981, 121.5594, 303.2657, 138.5803, 277.1884, 131.3300
4 156 5.200000 281.1185, 114.0158, 307.1461, 121.9578, 302.0170, 138.7670, 275.9894, 130.8249
4 157 5.240000 280.1579, 114.0552, 306.1203, 122.3444, 300.7963, 139.0196, 274.8339, 130.7305
4 158 5.270000 279.5317, 114.3886, 305.4625, 122.5385, 300.2194, 139.2205, 274.2887, 131.0707
4 159 5.300000 279.2686, 114.6850, 305.1111, 123.1977, 299.6712, 139.7119, 273.8287, 131.1993
4 160 5.340000 279.0600, 115.4641, 304.8116, 123.9592, 299.3904, 140.3928, 273.6388, 131.8977
4 161 5.370000 278.9924, 116.3543, 304.6984, 124.4098, 299.5287, 140.9069, 273.8227, 132.8515
4 162 5.400000 279.2988, 117.1849, 304.9016, 125.3663, 299.6703, 141.7369, 274.0675, 133.5554
4 163 5.440000 279.8178, 118.6947, 305.3082, 126.5188, 300.2894, 142.8697, 274.7991, 135.0456
4 164 5.470000 280.2914, 120.1236, 305.7035, 127.3156, 301.0513, 143.7539, 275.6391, 136.5619
4 165 5.500000 281.0969, 121.5076, 306.3891, 128.6118, 301.7961, 144.9636, 276.5040, 137.8594
4 166 5.540000 282.2539, 123.7520, 307.3894, 130.2837, 303.1381, 146.6437, 278.0026, 140.1120
4 167 5.570000 283.1846, 125.7319, 308.1871, 131.5345, 304.3737, 147.9655, 279.3713, 142.1629
4 168 5.600000 284.3846, 127.6804, 309.2430, 133.2589, 305.5706, 149.6235, 280.7122, 144.0450
4 169 5.640000 286.0265, 130.6854, 310.6695, 135.5809, 307.4200, 151.9384, 282.7770, 147.0430
4 170 5.670000 287.2832, 133.2504, 311.7298, 137.3697, 308.9672, 153.7647, 284.5205, 149.6453
4 171 5.700000 288.7480, 135.8028, 313.0214, 139.6414, 310.4415, 155.9558, 286.1680, 152.1172
4 172 5.740000 290.6928, 139.6499, 314.6924, 142.7943, 312.5636, 159.0419, 288.5640, 155.8975
4 173 5.770000 292.1383, 142.8878, 315.8874, 145.2976, 314.2431, 161.5025, 290.4940, 159.0927
4 174 5.800000 293.7048, 146.2001, 317.2504, 148.2634, 315.8406, 164.3527, 292.2949, 162.2894
4 175 5.840000 295.7285, 151.1733, 318.9432, 152.4889, 318.0400, 168.4260, 294.8254, 167.1104
4 176 5.870000 297.2075, 155.3271, 320.1340, 155.9556, 319.7008, 171.7573, 296.7743, 171.1288
4 177 5.900000 298.7345, 159.6867, 321.4327, 159.9230, 321.2701, 175.5425, 298.5719, 175.3062
4 178 5.940000 300.6906, 166.1387, 323.0447, 165.7065, 323.3412, 181.0480, 300.9872, 181.4801
4 179 5.970000 302.0979, 171.4175, 324.1675, 170.4056, 324.8601, 185.5090, 302.7904, 186.5210
4 180 6.000000 303.5026, 176.8032, 325.3567, 175.4461, 326.2787, 190.2941, 304.4246, 191.6512
4 181 6.040000 305.2496, 183.9702, 326.8055, 182.1123, 328.0547, 196.6064, 306.4989, 198.4643
4 182 6.070000 306.4195, 189.1723, 327.7165, 186.8285, 329.2826, 201.0593, 307.9856, 203.4031
4 183 6.100000 307.5798, 193.8977, 328.7947, 191.6276, 330.2807, 205.5155, 309.0659, 207.7855
4 184 6.140000 308.8869, 199.9267, 329.9573, 197.5860, 331.4559, 211.0760, 310.3855, 213.4167
4 185 6.170000 309.6599, 204.4281, 330.5737, 201.6828, 332.3034, 214.8591, 311.3896, 217.6045
4 186 6.200000 310.4020, 208.4932, 331.2415, 205.9104, 332.8402, 218.8096, 312.0006, 221.3923
4 187 6.240000 311.1133, 214.0335, 331.7832, 211.1616, 333.5194, 223.6573, 312.8495, 226.5291
4 188 6.270000 311.4764, 218.2021, 331.9932, 214.9678, 333.9134, 227.1488, 313.3967, 230.3831
4 189 6.300000 311.8164, 222.0228, 332.2802, 219.0470, 334.0122, 230.9576, 313.5484, 233.9334
4 190 6.340000 312.0483, 227.2941, 332.4473, 224.4049, 334.0807, 235.9367, 313.6817, 238.8260
4 191 6.370000 312.0769, 231.4087, 332.4000, 228.4522, 334.0336, 239.6822, 313.7105, 242.6387
4 192 6.400000 312.0992, 235.3729, 332.4630, 232.8635, 333.8112, 243.8043, 313.4474, 246.3137
4 193 6.440000 311.9715, 241.0055, 332.3377, 238.9052, 333.4228, 249.4268, 313.0566, 251.5272
4 194 6.470000 311.7845, 245.4284, 332.1393, 243.5953, 333.0583, 253.7991, 312.7035, 255.6322
4 195 6.500000 311.5956, 249.7512, 331.9712, 248.5229, 332.5678, 258.4175, 312.1921, 259.6459
4 196 6.540000 311.2232, 255.4535, 331.5743, 254.8751, 331.8471, 264.4747, 311.4960, 265.0531
4 197 6.570000 310.7953, 259.4013, 331.1078, 258.9459, 331.3280, 268.7696, 311.0156, 269.2250
4 198 6.600000 310.4770, 262.6626, 330.7380, 262.8925, 330.6221, 273.1077, 310.3612, 272.8779
4 199 6.640000 309.8287, 267.1495, 330.0314, 267.4846, 329.8561, 278.0505, 309.6534, 277.7153
4 200 6.670000 309.2777, 270.4046, 329.4430, 270.6413, 329.3163, 281.4280, 309.1511, 281.1913
4 201 6.700000 308.9086, 273.1964, 328.9832, 273.9383, 328.5758, 284.9612, 308.5012, 284.2192
4 202 6.740000 308.2697, 277.0044, 328.2642, 277.9310, 327.7398, 289.2468, 307.7453, 288.3202
4 203 6.770000 307.7438, 279.8667, 327.6989, 280.7814, 327.1717, 292.2825, 307.2166, 291.3677
4 204 6.800000 307.3767, 282.4976, 327.2275, 283.7970, 326.4635, 295.4672, 306.6128, 294.1678
4 205 6.840000 306.8310, 286.1403, 326.5672, 287.7126, 325.6217, 299.5816, 305.8855, 298.0093
4 206 6.870000 306.3328, 289.0502, 326.0442, 290.5607, 325.1228, 302.5840, 305.4114, 301.0734
4 207 6.900000 306.0600, 291.8000, 325.6275, 293.7178, 324.4345, 305.8906, 304.8669, 303.9727
4 208 6.940000 305.5939, 295.7969, 325.0459, 297.9238, 323.6929, 310.2982, 304.2409, 308.1713
4 209 6.970000 305.1895, 299.0215, 324.6074, 301.1186, 323.2560, 313.6313, 303.8381, 311.5341
4 210 7.000000 304.9519, 302.1758, 324.2495, 304.5108, 322.7208, 317.1448, 303.4233, 314.8098
4 211 7.040000 304.6403, 306.3560, 323.8241, 308.8487, 322.1636, 321.6271, 302.9798, 319.1343
4 212 7.070000 304.3584, 309.4352, 323.5406, 311.8147, 321.9454, 324.6748, 302.7631, 322.2953
4 213 7.100000 304.5075, 312.0385, 323.4352, 314.9778, 321.4359, 327.8526, 302.5082, 324.9134
4 214 7.140000 304.5203, 315.5870, 323.3220, 318.6873, 321.1959, 331.5807, 302.3943, 328.4804
4 215 7.170000 304.4301, 318.2905, 323.2806, 321.1676, 321.3095, 334.0819, 302.4590, 331.2048
4 216 7.200000 304.7007, 320.6897, 323.3905, 323.8410, 321.2193, 336.7179, 302.5295, 333.5666
4 217 7.240000 304.9241, 324.0319, 323.5885, 327.1016, 321.4771, 339.9398, 302.8127, 336.8701
4 218 7.270000 305.0179, 326.6496, 323.7755, 329.3796, 321.9096, 342.2001, 303.1520, 339.4701
4 219 7.300000 305.4274, 329.0682, 324.0940, 331.9172, 322.1476, 344.6704, 303.4809, 341.8214
4 220 7.340000 305.8640, 332.5285, 324.5491, 335.1873, 322.7443, 347.8705, 304.0593, 345.2117
4 221 7.370000 306.1307, 335.3240, 324.9071, 337.6246, 323.3587, 350.2619, 304.5822, 347.9613
4 222 7.400000 306.6316, 338.0570, 325.3634, 340.3767, 323.8072, 352.9438, 305.0754, 350.6242
4 223 7.440000 307.2154, 342.0388, 325.9762, 344.1369, 324.5794, 356.6262, 305.8186, 354.5280
4 224 7.470000 307.6065, 345.2480, 326.4378, 347.0212, 325.2660, 359.4662, 306.4346, 357.6930
4 225 7.500000 308.1925, 348.3037, 326.9919, 350.0852, 325.8149, 362.5064, 307.0154, 360.7249
4 226 7.540000 308.9607, 352.1527, 327.7706, 353.7850, 326.7002, 366.1193, 307.8903, 364.4870
4 227 7.570000 309.4660, 354.7802, 328.3518, 356.0126, 327.5568, 368.1955, 308.6710, 366.9631
4 228 7.600000 310.2753, 356.7170, 329.0909, 358.1214, 328.1972, 370.0957, 309.3816, 368.6913
4 229 7.640000 311.4342, 358.5933, 330.1491, 360.2686, 329.0980, 372.0117, 310.3830, 370.3364
4 230 7.670000 312.1373, 359.7636, 330.8891, 361.1073, 330.0556, 372.7373, 311.3039, 371.3935
4 231 7.700000 313.1976, 360.1748, 331.8244, 361.9002, 330.7574, 373.4194, 312.1305, 371.6939
4 232 7.740000 314.4910, 360.3294, 333.0602, 362.0749, 331.9846, 373.5176, 313.4154, 371.7722
4 233 7.770000 315.3008, 360.2699, 333.9337, 361.4750, 333.1971, 372.8639, 314.5642, 371.6588
4 234 7.800000 316.5160, 359.3699, 335.0388, 360.9130, 334.0952, 372.2399, 315.5723, 370.6968
4 235 7.840000 317.9250, 357.8721, 336.4340, 359.1632, 335.6489, 370.4178, 317.1399, 369.1268
4 236 7.870000 318.8265, 356.4869, 337.4046, 357.0651, 337.0553, 368.2870, 318.4772, 367.7087
4 237 7.900000 320.0814, 354.1997, 338.5860, 354.9381, 338.1405, 366.1020, 319.6358, 365.3635
4 238 7.940000 321.5323, 350.7035, 340.0225, 351.0416, 339.8199, 362.1200, 321.3297, 361.7819
4 239 7.970000 322.4446, 347.7985, 340.9561, 347.3571, 341.2179, 358.3369, 322.7064, 358.7783
4 240 8.000000 323.6828, 344.0298, 342.1459, 343.8529, 342.2501, 354.7265, 323.7870, 354.9034
4 241 8.040000 324.9856, 339.3970, 343.4183, 338.6859, 343.8306, 349.3763, 325.3980, 350.0873
4 242 8.070000 325.8947, 336.1421, 344.2876, 334.9286, 344.9842, 345.4867, 326.5912, 346.7002
4 243 8.100000 326.9122, 332.7913, 345.2985, 331.5908, 345.9814, 342.0510, 327.5951, 343.2514
4 244 8.140000 328.1394, 328.6517, 346.5040, 327.3045, 347.2616, 337.6325, 328.8970, 338.9797
4 245 8.170000 328.9470, 325.7646, 347.2797, 324.1439, 348.1843, 334.3770, 329.8517, 335.9977
4 246 8.200000 329.8019, 322.7358, 348.1402, 321.2567, 348.9598, 331.4176, 330.6215, 332.8968
4 247 8.240000 330.7786, 318.8674, 349.1056, 317.3755, 349.9249, 327.4405, 331.5980, 328.9324
4 248 8.270000 331.3807, 316.0686, 349.6823, 314.3910, 350.5983, 324.3833, 332.2966, 326.0610
4 249 8.300000 332.0481, 312.9730, 350.3730, 311.6498, 351.0907, 321.5888, 332.7657, 322.9120
4 250 8.340000 332.7579, 308.8883, 351.0977, 307.8081, 351.6785, 317.6697, 333.3387, 318.7499
4 251 8.370000 333.1162, 305.8434, 351.4889, 304.7233, 352.0865, 314.5245, 333.7137, 315.6446
4 252 8.400000 333.5437, 302.3872, 352.0126, 301.8363, 352.3032, 311.5789, 333.8343, 312.1298
4 253 8.440000 333.9711, 297.7552, 352.5128, 297.6079, 352.5896, 307.2604, 334.0478, 307.4077
4 254 8.470000 334.1643, 294.3298, 352.7302, 294.0908, 352.8536, 303.6787, 334.2877, 303.9176
4 255 8.500000 334.4637, 290.5898, 353.0822, 290.8310, 352.9592, 300.3264, 334.3406, 300.0852
4 256 8.540000 334.7982, 285.9047, 353.4610, 286.6033, 353.1101, 295.9781, 334.4472, 295.2794
4 257 8.570000 335.0623, 282.6436, 353.7431, 283.7671, 353.1845, 293.0556, 334.5037, 291.9321
4 258 8.600000 335.3967, 279.5362, 354.0672, 281.3257, 353.1871, 290.5084, 334.5165, 288.7190
4 259 8.640000 335.8253, 275.8389, 354.4592, 278.3178, 353.2522, 287.3910, 334.6183, 284.9121
4 260 8.670000 336.1153, 273.4037, 354.7334, 276.1492, 353.4024, 285.1748, 334.7844, 282.4294
4 261 8.700000 336.5388, 271.0087, 355.0952, 274.3097, 353.5043, 283.2530, 334.9479, 279.9521
4 262 8.740000 337.1405, 268.1149, 355.6270, 271.9475, 353.7888, 280.8139, 335.3023, 276.9812
4 263 8.770000 337.5998, 266.1816, 356.0758, 270.1603, 354.1709, 279.0061, 335.6949, 275.0274
4 264 8.800000 338.2494, 264.2149, 356.6501, 268.6434, 354.5385, 277.4174, 336.1377, 272.9889
4 265 8.840000 339.1600, 261.8463, 357.5324, 266.5355, 355.3045, 275.2644, 336.9321, 270.5751
4 266 8.870000 339.8546, 260.2717, 358.2884, 264.8041, 356.1329, 273.5706, 337.6992, 269.0382
4 267 8.900000 340.8118, 258.5631, 359.2122, 263.3760, 356.9322, 272.0928, 338.5318, 267.2799
4 268 8.940000 342.1152, 256.5178, 360.5878, 261.2297, 358.3598, 269.9641, 339.8873, 265.2522
4 269 8.970000 343.1409, 255.1132, 361.7370, 259.4774, 359.6731, 268.2720, 341.0769, 263.9077
4 270 9.000000 344.4164, 253.5636, 363.0518, 257.9764, 360.9737, 266.7522, 342.3383, 262.3394
4 271 9.040000 346.1683, 251.6715, 364.9394, 255.7744, 363.0119, 264.5927, 344.2409, 260.4897
4 272 9.070000 347.5143, 250.3849, 366.4396, 253.9611, 364.7578, 262.8613, 345.8324, 259.2850
4 273 9.100000 349.1237, 248.8787, 368.1095, 252.4656, 366.4314, 261.3482, 347.4455, 257.7614
4 274 9.140000 351.2974, 246.9972, 370.4289, 250.2185, 368.9280, 259.1326, 349.7965, 255.9113
4 275 9.170000 352.9606, 245.6397, 372.2337, 248.3531, 370.9712, 257.3198, 351.6982, 254.6064
4 276 9.200000 354.8579, 244.0048, 374.2003, 246.7472, 372.9350, 255.6716, 353.5926, 252.9292
4 277 9.240000 357.4023, 241.8533, 376.8848, 244.2877, 375.7717, 253.1956, 356.2892, 250.7613
4 278 9.270000 359.3093, 240.2581, 378.9261, 242.1613, 378.0605, 251.0830, 358.4437, 249.1798
4 279 9.300000 361.4290, 238.3010, 381.1265, 240.2501, 380.2516, 249.0919, 360.5541, 247.1428
4 280 9.340000 364.2292, 235.5798, 384.0755, 237.1576, 383.3729, 245.9963, 363.5265, 244.4185
4 281 9.370000 366.2901, 233.4808, 386.2686, 234.4163, 385.8535, 243.2830, 365.8750, 242.3476
4 282 9.400000 368.5642, 230.7797, 388.6321, 231.7881, 388.1843, 240.6993, 368.1164, 239.6908
4 283 9.440000 371.5089, 227.0125, 391.7296, 227.6651, 391.4351, 236.7889, 371.2144, 236.1364
4 284 9.470000 373.6453, 224.0655, 393.9947, 224.1340, 393.9635, 233.4043, 373.6141, 233.3358
4 285 9.500000 376.0550, 220.3560, 396.4923, 220.9350, 396.2224, 230.4610, 375.7851, 229.8821
4 286 9.540000 378.9935, 216.0593, 399.5948, 216.2750, 399.4931, 225.9862, 378.8918, 225.7705
4 287 9.570000 381.0796, 213.2602, 401.8220, 212.7969, 402.0410, 222.6010, 381.2986, 223.0644
4 288 9.600000 383.2557, 210.4330, 404.1152, 209.7006, 404.4640, 219.6323, 383.6044, 220.3647
4 289 9.640000 386.0549, 207.0577, 407.0728, 205.7388, 407.7043, 215.8033, 386.6864, 217.1221
4 290 9.670000 388.0906, 204.7539, 409.2135, 202.9014, 410.1016, 213.0287, 388.9787, 214.8812
4 291 9.700000 390.1547, 202.3504, 411.3937, 200.3306, 412.3686, 210.5816, 391.1295, 212.6014
4 292 9.740000 392.7825, 199.3512, 414.1654, 196.9859, 415.3156, 207.3836, 393.9326, 209.7489
4 293 9.770000 394.6016, 197.3572, 416.0751, 194.4272, 417.5013, 204.8796, 396.0278, 207.8095
4 294 9.800000 396.4582, 195.0599, 418.0535, 192.1554, 419.4822, 202.7779, 397.8869, 205.6824
4 295 9.840000 398.7056, 192.2763, 420.4364, 189.0195, 422.0483, 199.7741, 400.3174, 203.0310
4 296 9.870000 400.2203, 190.3333, 422.0284, 186.5785, 423.8899, 197.3898, 402.0818, 201.1447
4 297 9.900000 401.7338, 188.0161, 423.6663, 184.3621, 425.4990, 195.3628, 403.5665, 199.0168
4 298 9.940000 403.4688, 185.1282, 425.5309, 181.1977, 427.5219, 192.3737, 405.4598, 196.3041
4 299 9.970000 404.5794, 183.0730, 426.7112, 178.7387, 428.9100, 189.9663, 406.7782, 194.3006
4 300 10.000000 405.6923, 180.6202, 427.9546, 176.5647, 430.0392, 188.0080, 407.7769, 192.0635
4 301 10.040000 406.8886, 177.9486, 429.2593, 173.6457, 431.4820, 185.2016, 409.1112, 189.5044
4 302 10.070000 407.6085, 176.3812, 430.0268, 171.5726, 432.5066, 183.1333, 410.0882, 187.9420
4 303 10.100000 408.3015, 174.7877, 430.7973, 169.8581, 433.3534, 181.5227, 410.8576, 186.4523
4 304 10.140000 409.0033, 173.1424, 431.5659, 167.7930, 434.3453, 179.5159, 411.7827, 184.8652
4 305 10.170000 409.3629, 172.2319, 431.9415, 166.4111, 434.9590, 178.1157, 412.3803, 183.9365
4 306 10.200000 409.6645, 171.2076, 432.3152, 165.3675, 435.3600, 177.1766, 412.7092, 183.0166
4 307 10.240000 409.8233, 170.1865, 432.5389, 164.1864, 435.6805, 176.0799, 412.9648, 182.0800
4 308 10.270000 409.7389, 169.7283, 432.4681, 163.4227, 435.7656, 175.3087, 413.0363, 181.6144
4 309 10.300000 409.5907, 169.0694, 432.4093, 163.0091, 435.6066, 175.0477, 412.7880, 181.1081
4 310 10.340000 409.1225, 168.5753, 432.0162, 162.6305, 435.1722, 174.7848, 412.2786, 180.7296
4 311 10.370000 408.5683, 168.4963, 431.4892, 162.4811, 434.6842, 174.6557, 411.7633, 180.6709
4 312 10.400000 407.9642, 168.2332, 430.9727, 162.6883, 433.9490, 175.0387, 410.9406, 180.5836
4 313 10.440000 406.9148, 168.2783, 429.9969, 163.1745, 432.7601, 175.6714, 409.6780, 180.7751
4 314 10.470000 405.9537, 168.5864, 429.0700, 163.7073, 431.7198, 176.2614, 408.6035, 181.1406
4 315 10.500000 404.9861, 168.7331, 428.1524, 164.5949, 430.4252, 177.3181, 407.2589, 181.4563
4 316 10.540000 403.4489, 169.2772, 426.6346, 165.8459, 428.5335, 178.6771, 405.3478, 182.1084
4 317 10.570000 402.0537, 170.0196, 425.2358, 166.7115, 427.0608, 179.5004, 403.8787, 182.8085
4 318 10.600000 400.7411, 170.4131, 423.9016, 167.9269, 425.2830, 180.7952, 402.1225, 183.2815
4 319 10.640000 398.7034, 171.3606, 421.8200, 169.4425, 422.8857, 182.2862, 399.7691, 184.2043
4 320 10.670000 397.0382, 172.2428, 420.1245, 170.6183, 421.0239, 183.3995, 397.9375, 185.0240
4 321 10.700000 395.4343, 172.9852, 418.4441, 172.0497, 418.9634, 184.8236, 395.9537, 185.7592
4 322 10.740000 393.1437, 174.2830, 416.0531, 174.0324, 416.1917, 186.7075, 393.2824, 186.9581
4 323 10.770000 391.2849, 175.5546, 414.1427, 175.5335, 414.1543, 188.0737, 391.2965, 188.0948
4 324 10.800000 389.5759, 176.6764, 412.3054, 177.3908, 411.9137, 189.8528, 389.1842, 189.1384
4 325 10.840000 387.1523, 178.6100, 409.7488, 179.9521, 409.0182, 192.2530, 386.4216, 190.9108
4 326 10.870000 385.2492, 180.3931, 407.7804, 181.9926, 406.9182, 194.1385, 384.3870, 192.5391
4 327 10.900000 383.5116, 182.1655, 405.8891, 184.4482, 404.6629, 196.4687, 382.2854, 194.1859
4 328 10.940000 381.1283, 185.0363, 403.3356, 187.9980, 401.7598, 199.8136, 379.5525, 196.8520
4 329 10.970000 379.3239, 187.5234, 401.4270, 190.8813, 399.6556, 202.5417, 377.5524, 199.1839
4 330 11.000000 377.6927, 190.0038, 399.6090, 194.0541, 397.4779, 205.5855, 375.5616, 201.5352
4 331 11.040000 375.5687, 193.3402, 397.2939, 198.0284, 394.8453, 209.3753, 373.1201, 204.6870
4 332 11.070000 373.9569, 195.8432, 395.6584, 200.5608, 393.2444, 211.6660, 371.5428, 206.9484
4 333 11.100000 372.8042, 197.7388, 394.2847, 203.1548, 391.5399, 214.0413, 370.0594, 208.6254
4 334 11.140000 371.4732, 199.9449, 392.7294, 206.0340, 389.6632, 216.7379, 368.4070, 210.6488
4 335 11.170000 370.5103, 201.5517, 391.7666, 207.6721, 388.7160, 218.2669, 367.4597, 212.1465
4 336 11.200000 370.0663, 202.6356, 391.0952, 209.4132, 387.7098, 219.9171, 366.6809, 213.1395
4 337 11.240000 369.5069, 204.1144, 390.5166, 211.0289, 387.0741, 221.4887, 366.0645, 214.5743
4 338 11.270000 369.0857, 205.2764, 390.3275, 211.6787, 387.1567, 222.1988, 365.9149, 215.7964
4 339 11.300000 369.2335, 205.9306, 390.4332, 212.5594, 387.1374, 223.0996, 365.9378, 216.4708
4 340 11.340000 369.4445, 206.8842, 390.8694, 213.0829, 387.7922, 223.7189, 366.3673, 217.5202
4 341 11.370000 369.7046, 207.5731, 391.4070, 213.1059, 388.6685, 223.8478, 366.9661, 218.3150
4 342 11.400000 370.4157, 207.8247, 392.1997, 213.2928, 389.4803, 224.1262, 367.6963, 218.6580
4 343 11.440000 371.4223, 208.1559, 393.4740, 213.0224, 391.0401, 224.0510, 368.9884, 219.1845
4 344 11.470000 372.2059, 208.4547, 394.5437, 212.4895, 392.5273, 223.6527, 370.1896, 219.6179
4 345 11.500000 373.4024, 208.3320, 395.8305, 212.2786, 393.8470, 223.5509, 371.4189, 219.6043
4 346 11.540000 374.9352, 208.5214, 397.5954, 211.8233, 395.9400, 223.1840, 373.2798, 219.8822
4 347 11.570000 375.9962, 209.0052, 398.9229, 211.3624, 397.7443, 222.8256, 374.8176, 220.4684
4 348 11.600000 377.3670, 209.2471, 400.4050, 211.3829, 399.3301, 222.9779, 376.2920, 220.8421
4 349 11.640000 379.0662, 210.0250, 402.3382, 211.3611, 401.6637, 223.1099, 378.3917, 221.7738
4 350 11.670000 380.3579, 210.7777, 403.7859, 211.4770, 403.4324, 223.3216, 380.0043, 222.6224
4 351 11.700000 381.7721, 211.4437, 405.3173, 211.8950, 405.0879, 223.8639, 381.5427, 223.4126
4 352 11.740000 383.6121, 212.5694, 407.3145, 212.5734, 407.3125, 224.7218, 383.6101, 224.7178
4 353 11.770000 384.8922, 213.7089, 408.7297, 213.1164, 409.0340, 225.3597, 385.1965, 225.9522
4 354 11.800000 386.3019, 214.6918, 410.2339, 214.0365, 410.5734, 226.4339, 386.6414, 227.0892
4 355 11.840000 388.0578, 216.3850, 412.1269, 215.4091, 412.6354, 227.9492, 388.5663, 228.9251
4 356 11.870000 389.2568, 217.9859, 413.4361, 216.5229, 414.2001, 229.1503, 390.0208, 230.6133
4 357 11.900000 390.5539, 219.5008, 414.8198, 218.0637, 415.5762, 230.8364, 391.3104, 232.2735
4 358 11.940000 392.1066, 222.0486, 416.4985, 220.3012, 417.4242, 233.2229, 393.0323, 234.9703
4 359 11.970000 393.1608, 224.3140, 417.6440, 222.1658, 418.7834, 235.1526, 394.3002, 237.3008
4 360 12.000000 394.2498, 226.5248, 418.8124, 224.3542, 419.9677, 237.4269, 395.4051, 239.5975
4 361 12.040000 395.5056, 229.4753, 420.1639, 227.1097, 421.4300, 240.3069, 396.7716, 242.6724
4 362 12.070000 396.2322, 231.6031, 420.9582, 228.8289, 422.4517, 242.1401, 397.7257, 244.9143
4 363 12.100000 397.0351, 233.1351, 421.8116, 230.6986, 423.1387, 244.1936, 398.3622, 246.6301
4 364 12.140000 397.7621, 235.2073, 422.5952, 232.6969, 423.9745, 246.3418, 399.1414, 248.8521
4 365 12.170000 398.0432, 236.8324, 422.9147, 233.8613, 424.5455, 247.5133, 399.6740, 250.4844
4 366 12.200000 398.4228, 237.8584, 423.3074, 235.2450, 424.7549, 249.0279, 399.8704, 251.6413
4 367 12.240000 398.5560, 239.4074, 423.4550, 236.6658, 424.9767, 250.4863, 400.0778, 253.2278
4 368 12.270000 398.3856, 240.6954, 423.2790, 237.4296, 425.0856, 251.2004, 400.1922, 254.4663
4 369 12.300000 398.2897, 241.4378, 423.1696, 238.4315, 424.8436, 252.2855, 399.9637, 255.2918
4 370 12.340000 397.8500, 242.5187, 422.6878, 239.4926, 424.3785, 253.3699, 399.5408, 256.3960
4 371 12.370000 397.2555, 243.4450, 422.0541, 240.0424, 423.9525, 253.8780, 399.1539, 257.2806
4 372 12.400000 396.7391, 243.8489, 421.4823, 240.8532, 423.1680, 254.7765, 398.4248, 257.7722
4 373 12.440000 395.7086, 244.5558, 420.3647, 241.6339, 422.0185, 255.5897, 397.3624, 258.5116
4 374 12.470000 394.6705, 245.2476, 419.2534, 241.9913, 421.0960, 255.9016, 396.5131, 259.1579
4 375 12.500000 393.7280, 245.4684, 418.2187, 242.6583, 419.8233, 256.6431, 395.3326, 259.4532
4 376 12.540000 392.1596, 246.0874, 416.5208, 243.4050, 418.0602, 257.3861, 393.6990, 260.0685
4 377 12.570000 390.8422, 246.6620, 415.1116, 244.0316, 416.6244, 257.9895, 392.3550, 260.6199
4 378 12.600000 389.5681, 247.0804, 413.7134, 244.9378, 414.9540, 258.9180, 390.8087, 261.0606
4 379 12.640000 387.7005, 247.8645, 411.6842, 246.2562, 412.6188, 260.1928, 388.6351, 261.8011
4 380 12.670000 386.0763, 248.8056, 409.9620, 247.1705, 410.9083, 260.9943, 387.0226, 262.6294
4 381 12.700000 384.6181, 249.4697, 408.3480, 248.5073, 408.9063, 262.2740, 385.1764, 263.2363
4 382 12.740000 382.4580, 250.7499, 406.0068, 250.2708, 406.2840, 263.8904, 382.7352, 264.3696
4 383 12.770000 380.7216, 251.9563, 404.1608, 251.6490, 404.3373, 265.1107, 380.8981, 265.4179
4 384 12.800000 379.1423, 253.0371, 402.3996, 253.4186, 402.1815, 266.7149, 378.9242, 266.3334
4 385 12.840000 376.8720, 254.9271, 399.9371, 255.8411, 399.4219, 268.8411, 376.3568, 267.9270
4 386 12.870000 375.1173, 256.6117, 398.0625, 257.8122, 397.3956, 270.5575, 374.4505, 269.3570
4 387 12.900000 373.4922, 258.3304, 396.2567, 260.1483, 395.2590, 272.6426, 372.4945, 270.8247
4 388 12.940000 371.3187, 261.0401, 393.8594, 263.6269, 392.4719, 275.7171, 369.9312, 273.1303
4 389 12.970000 369.6499, 263.4607, 392.0561, 266.4509, 390.4885, 278.1974, 368.0823, 275.2072
4 390 13.000000 368.1678, 265.8958, 390.3581, 269.6749, 388.4179, 281.0677, 366.2275, 277.2886
4 391 13.040000 366.1874, 269.3923, 388.1641, 273.8889, 385.9360, 284.7784, 363.9594, 280.2818
4 392 13.070000 364.7200, 272.1090, 386.6117, 276.8337, 384.3501, 287.3124, 362.4584, 282.5877
4 393 13.100000 363.5385, 274.5617, 385.2487, 279.9098, 382.7752, 289.9512, 361.0649, 284.6031
4 394 13.140000 362.0125, 277.9128, 383.6261, 283.5442, 381.0358, 293.4858, 359.4222, 287.8544
4 395 13.170000 361.0078, 280.2140, 382.6425, 285.6943, 380.0380, 295.9763, 358.4033, 290.4960
4 396 13.200000 360.3902, 282.2333, 381.8938, 288.2442, 378.9715, 298.6986, 357.4679, 292.6876
4 397 13.240000 359.6736, 285.1054, 381.1101, 291.3946, 377.9623, 302.1239, 356.5258, 295.8346
4 398 13.270000 359.1997, 287.4285, 380.6762, 293.5673, 377.5328, 304.5643, 356.0563, 298.4254
4 399 13.300000 359.0386, 289.6289, 380.4703, 296.0859, 377.1129, 307.2298, 355.6811, 300.7728
4 400 13.340000 358.8751, 292.8811, 380.3757, 299.2639, 376.9771, 310.7122, 355.4765, 304.3294
4 401 13.370000 358.8041, 295.5783, 380.4213, 301.5973, 377.1526, 313.3366, 355.5355, 307.3175
4 402 13.400000 358.9835, 298.2944, 380.6494, 304.3464, 377.3197, 316.2664, 355.6539, 310.2144
4 403 13.440000 359.2409, 302.3893, 381.0495, 308.0618, 377.8634, 320.3111, 356.0548, 314.6386
4 404 13.470000 359.4532, 305.8178, 381.3986, 310.9154, 378.4813, 323.4746, 356.5359, 318.3770
4 405 13.500000 359.8662, 309.2810, 381.9114, 314.1381, 379.1018, 326.8902, 357.0566, 322.0331
4 406 13.540000 360.5429, 313.8832, 382.7386, 318.1083, 380.2405, 331.2317, 358.0447, 327.0066
4 407 13.570000 361.1243, 317.1916, 383.4118, 320.5308, 381.3738, 334.1337, 359.0862, 330.7946
4 408 13.600000 361.9995, 320.0378, 384.3727, 323.1090, 382.4581, 337.0569, 360.0848, 333.9858
4 409 13.640000 363.2905, 323.5562, 385.7710, 326.1728, 384.0890, 340.6233, 361.6085, 338.0067
4 410 13.670000 364.2324, 326.2221, 386.7100, 328.0034, 385.5299, 342.8939, 363.0524, 341.1126
4 411 13.700000 365.4073, 328.4787, 387.9718, 330.1423, 386.8518, 345.3330, 364.2873, 343.6694
4 412 13.740000 366.9229, 331.5592, 389.5057, 332.5737, 388.8037, 348.2005, 366.2209, 347.1860
4 413 13.770000 368.0146, 333.9457, 390.4832, 334.0981, 390.3748, 350.0988, 367.9061, 349.9465
4 414 13.800000 369.2632, 335.9686, 391.8211, 336.0061, 391.7940, 352.2769, 369.2362, 352.2395
4 415 13.840000 370.7983, 338.8994, 393.2550, 338.1750, 393.7934, 354.8659, 371.3367, 355.5903
4 416 13.870000 371.8959, 341.1867, 394.1954, 339.7536, 395.2860, 356.7255, 372.9866, 358.1586
4 417 13.900000 373.0283, 343.3319, 395.3117, 341.5858, 396.6607, 358.8012, 374.3773, 360.5473
4 418 13.940000 374.4200, 346.3632, 396.6049, 344.0400, 398.4415, 361.5784, 376.2567, 363.9016
4 419 13.970000 375.3451, 348.9107, 397.2058, 345.7936, 399.7369, 363.5439, 377.8761, 366.6610
4 420 14.000000 376.2399, 351.2769, 398.0484, 347.8400, 400.8764, 365.7853, 379.0680, 369.2222
4 421 14.040000 377.2342, 354.4212, 398.9077, 350.4816, 402.2004, 368.5968, 380.5269, 372.5363
4 422 14.070000 377.7765, 356.7978, 399.1260, 352.2097, 403.0250, 370.3522, 381.6755, 374.9404
4 423 14.100000 378.1901, 358.7182, 399.6527, 354.0525, 403.6071, 372.2432, 382.1445, 376.9089
4 424 14.140000 378.3949, 361.2949, 399.6298, 356.0791, 404.0805, 374.1989, 382.8456, 379.4147
4 425 14.170000 378.2685, 363.1135, 399.2472, 357.3941, 404.1544, 375.3938, 383.1758, 381.1132
4 426 14.200000 377.9719, 364.3719, 399.2375, 358.8263, 403.9249, 376.8011, 382.6593, 382.3467
4 427 14.240000 377.1584, 365.9415, 398.6203, 360.4267, 403.2045, 378.2670, 381.7426, 383.7818
4 428 14.270000 376.2080, 367.1276, 397.6001, 361.3363, 402.3760, 378.9779, 380.9839, 384.7692
4 429 14.300000 375.1013, 367.7162, 396.9665, 362.4263, 401.2159, 379.9909, 379.3507, 385.2808
4 430 14.340000 373.1908, 368.5254, 395.4056, 363.5424, 399.3006, 380.9062, 377.0858, 385.8893
4 431 14.370000 371.4461, 369.2026, 393.7302, 364.1537, 397.6103, 381.2795, 375.3262, 386.3283
4 432 14.400000 369.5948, 369.3972, 392.3949, 365.0913, 395.5917, 382.0185, 372.7915, 386.3243
4 433 14.440000 366.7180, 370.0183, 389.8230, 366.0543, 392.6599, 382.5896, 369.5549, 386.5536
4 434 14.470000 364.3447, 370.5486, 387.6654, 366.8329, 390.2526, 383.0702, 366.9319, 386.7860
4 435 14.500000 361.8422, 371.0466, 385.5026, 367.8650, 387.6515, 383.8452, 363.9911, 387.0268
4 436 14.540000 358.2925, 372.0202, 382.3494, 369.5746, 383.9399, 385.2200, 359.8830, 387.6656
4 437 14.570000 355.4265, 373.1137, 379.6955, 370.9911, 381.0416, 386.3819, 356.7726, 388.5045
4 438 14.600000 352.5119, 374.1399, 377.0919, 372.7906, 377.9234, 387.9372, 353.3433, 389.2865
4 439 14.640000 348.3657, 375.8044, 373.2333, 375.1284, 373.6372, 389.9845, 348.7695, 390.6605
4 440 14.670000 345.0547, 377.2172, 370.0643, 376.7232, 370.3544, 391.4084, 345.3448, 391.9024
4 441 14.700000 341.7476, 378.3528, 366.9610, 378.5415, 366.8522, 393.0673, 341.6389, 392.8786
4 442 14.740000 337.1015, 379.9537, 362.4967, 380.5990, 362.1311, 394.9856, 336.7359, 394.3404
4 443 14.770000 333.4312, 381.2172, 358.9139, 381.7990, 358.5863, 396.1497, 333.1035, 395.5680
4 444 14.800000 329.8371, 382.0738, 355.4509, 383.2186, 354.8109, 397.5375, 329.1971, 396.3927
4 445 14.840000 324.6539, 383.2664, 350.5589, 384.6425, 349.7959, 399.0058, 323.8909, 397.6297
4 446 14.870000 320.5598, 384.2287, 346.6896, 385.3496, 346.0692, 399.8104, 319.9394, 398.6894
4 447 14.900000 316.6364, 384.7534, 342.9749, 386.3394, 342.0987, 400.8890, 315.7602, 399.3030
4 448 14.940000 311.1447, 385.5669, 337.7714, 387.2167, 336.8575, 401.9677, 310.2308, 400.3180
4 449 14.970000 306.8182, 386.2814, 333.6929, 387.5860, 332.9685, 402.5083, 306.0938, 401.2037
