25 0 0.010000 276.6708, 214.6959, 294.4283, 215.1490, 294.1783, 224.9451, 276.4209, 224.4920
25 1 0.040000 276.4966, 214.8196, 294.2367, 214.6492, 294.3339, 224.7724, 276.5938, 224.9428
25 2 0.070000 276.3329, 214.8580, 294.0408, 214.1879, 294.4309, 224.4971, 276.7231, 225.1672
25 3 0.110000 276.0729, 214.7234, 293.7311, 213.4903, 294.4583, 223.9051, 276.8002, 225.1382
25 4 0.140000 275.8192, 214.4670, 293.4409, 212.8695, 294.3859, 223.2935, 276.7642, 224.8910
25 5 0.170000 275.5214, 214.0691, 293.1322, 212.2464, 294.1998, 222.5621, 276.5890, 224.3848
25 6 0.200000 275.1316, 213.5505, 292.7303, 211.4891, 293.9280, 221.7145, 276.3294, 223.7759
25 7 0.240000 274.4974, 212.6707, 292.1155, 210.4368, 293.3838, 220.4399, 275.7658, 222.6738
25 8 0.270000 273.9454, 211.8830, 291.6115, 209.6812, 292.8207, 219.3823, 275.1545, 221.5842
25 9 0.310000 273.0430, 210.6704, 290.7736, 208.4962, 291.9198, 217.8434, 274.1892, 220.0175
25 10 0.340000 272.2085, 209.6195, 289.9585, 207.3187, 291.1633, 216.6133, 273.4133, 218.9141
25 11 0.370000 271.3346, 208.4989, 289.1539, 206.3240, 290.2452, 215.2654, 272.4260, 217.4403
25 12 0.400000 270.2994, 207.1899, 288.1609, 204.9545, 289.2831, 213.9209, 271.4216, 216.1563
25 13 0.440000 268.7965, 205.3187, 286.7554, 203.1683, 287.8114, 211.9871, 269.8525, 214.1376
25 14 0.470000 267.5515, 204.0428, 285.6285, 201.9353, 286.5984, 210.2547, 268.5214, 212.3622
25 15 0.500000 266.2140, 202.4159, 284.3919, 200.4403, 285.3006, 208.8016, 267.1228, 210.7773
25 16 0.540000 264.3310, 200.3828, 282.6816, 198.7100, 283.4321, 206.9431, 265.0815, 208.6159
25 17 0.570000 262.8258, 198.7490, 281.2997, 197.3225, 281.9564, 205.8276, 263.4825, 207.2541
25 18 0.610000 260.7236, 196.6441, 279.3693, 195.5672, 279.8782, 204.3784, 261.2324, 205.4552
25 19 0.640000 259.1154, 195.2519, 277.8698, 194.5009, 278.2206, 203.2607, 259.4662, 204.0118
25 20 0.670000 257.4446, 193.7059, 276.3251, 193.2923, 276.5247, 202.4017, 257.6442, 202.8154
25 21 0.700000 255.7633, 192.3633, 274.7502, 192.3482, 274.7574, 201.4001, 255.7705, 201.4152
25 22 0.740000 253.4835, 190.4755, 272.6074, 191.0384, 272.3377, 200.2018, 253.2138, 199.6389
25 23 0.770000 251.7474, 188.9960, 270.9733, 189.9673, 270.4990, 199.3538, 251.2732, 198.3825
25 24 0.800000 250.0110, 187.7177, 269.3111, 189.1239, 268.6458, 198.2562, 249.3457, 196.8499
25 25 0.840000 247.6884, 185.8002, 267.1080, 187.7374, 266.1937, 196.9028, 246.7741, 194.9656
25 26 0.870000 245.9859, 184.2450, 265.4864, 186.6148, 264.3571, 195.9083, 244.8566, 193.5385
25 27 0.900000 244.3219, 182.8174, 263.8722, 185.6878, 262.5496, 194.6963, 242.9992, 191.8259
25 28 0.940000 242.1599, 180.7972, 261.7816, 184.2538, 260.2246, 193.0922, 240.6029, 189.6356
25 29 0.970000 240.6144, 179.1616, 260.2982, 183.0455, 258.5358, 191.9775, 238.8520, 188.0936
25 30 1.000000 239.0987, 177.7986, 258.8103, 182.0965, 256.9491, 190.6328, 237.2375, 186.3349
25 31 1.040000 237.1864, 175.9883, 256.9449, 180.8170, 254.9260, 189.0781, 235.1675, 184.2494
25 32 1.070000 235.8529, 174.6498, 255.6504, 179.8443, 253.4928, 188.0673, 233.6954, 182.8727
25 33 1.110000 234.2328, 172.9482, 254.0721, 178.5782, 251.6677, 187.0510, 231.8283, 181.4209
25 34 1.140000 233.1454, 171.7614, 253.0079, 177.6825, 250.3542, 186.5847, 230.4917, 180.6636
25 35 1.170000 232.0729, 170.8753, 252.0119, 177.0553, 249.2165, 186.0744, 229.2775, 179.8945
25 36 1.210000 230.8199, 169.7777, 250.8962, 176.2621, 247.8566, 185.6728, 227.7804, 179.1884
25 37 1.240000 230.0258, 169.0351, 250.2211, 175.7093, 246.9661, 185.5585, 226.7708, 178.8843
25 38 1.270000 229.3045, 168.5999, 249.5978, 175.4010, 246.2557, 185.3734, 225.9623, 178.5723
25 39 1.310000 228.5552, 168.1397, 248.9948, 175.0630, 245.5008, 185.3783, 225.0612, 178.4550
25 40 1.340000 228.1585, 167.8692, 248.7269, 174.8425, 245.0797, 185.6005, 224.5112, 178.6272
25 41 1.370000 227.8472, 167.9254, 248.5128, 174.8993, 244.8451, 185.7678, 224.1795, 178.7939
25 42 1.410000 227.6552, 168.1351, 248.4659, 175.0525, 244.7309, 186.2890, 223.9202, 179.3715
25 43 1.440000 227.6875, 168.3952, 248.6080, 175.2489, 244.7893, 186.9053, 223.8688, 180.0517
25 44 1.470000 227.8218, 168.9634, 248.8182, 175.7252, 245.0317, 187.4830, 224.0353, 180.7211
25 45 1.510000 228.2707, 169.7831, 249.3661, 176.4242, 245.5587, 188.5183, 224.4634, 181.8772
25 46 1.540000 228.8112, 170.4226, 249.9785, 176.9266, 246.1423, 189.4116, 224.9750, 182.9076
25 47 1.570000 229.4707, 171.2873, 250.6917, 177.5901, 246.9630, 190.1441, 225.7421, 183.8413
25 48 1.610000 230.6184, 172.4554, 251.8964, 178.3767, 248.3338, 191.1789, 227.0558, 185.2577
25 49 1.640000 231.6982, 173.2557, 253.0169, 178.8744, 249.5335, 192.0912, 228.2148, 186.4725
25 50 1.670000 232.8814, 174.3537, 254.2006, 179.6317, 250.9458, 192.7788, 229.6265, 187.5008
25 51 1.710000 234.7131, 175.7449, 256.0267, 180.5417, 253.0184, 193.9085, 231.7048, 189.1117
25 52 1.740000 236.2418, 176.8132, 257.5351, 181.2079, 254.7161, 194.8667, 233.4228, 190.4720
25 53 1.770000 237.8509, 178.1441, 259.0954, 182.1029, 256.5600, 195.7089, 235.3156, 191.7501
25 54 1.810000 240.1640, 179.9962, 261.3151, 183.3452, 259.1492, 197.0241, 237.9981, 193.6751
25 55 1.840000 242.0081, 181.4076, 263.0780, 184.2991, 261.1671, 198.2237, 240.0972, 195.3322
25 56 1.870000 243.9038, 183.1487, 264.8602, 185.5834, 263.2639, 199.3233, 242.3076, 196.8886
25 57 1.910000 246.5258, 185.5317, 267.3232, 187.3557, 266.1179, 201.0980, 245.3205, 199.2739
25 58 1.940000 248.5442, 187.4228, 269.1994, 188.7825, 268.2907, 202.5864, 247.6355, 201.2267
25 59 1.970000 250.5806, 189.5390, 271.0889, 190.4340, 270.4963, 204.0124, 249.9880, 203.1174
25 60 2.010000 253.3414, 192.3206, 273.6278, 192.6176, 273.4323, 205.9700, 253.1460, 205.6730
25 61 2.040000 255.4262, 194.0792, 275.5773, 194.0180, 275.6182, 207.4988, 255.4672, 207.5601
25 62 2.070000 257.5331, 195.9243, 277.5162, 195.5598, 277.7530, 208.5445, 257.7699, 208.9090
25 63 2.110000 260.2521, 197.6379, 280.0255, 196.8109, 280.5753, 209.9544, 260.8018, 210.7814
25 64 2.140000 262.2615, 198.5933, 281.8453, 197.4837, 282.5988, 210.7821, 263.0149, 211.8916
25 65 2.170000 264.2111, 199.5164, 283.6426, 198.1614, 284.5483, 211.1494, 265.1168, 212.5044
25 66 2.210000 266.7006, 200.1959, 285.9283, 198.5802, 287.0125, 211.4826, 267.7848, 213.0983
25 67 2.240000 268.4694, 200.2910, 287.5778, 198.5519, 288.7675, 211.6244, 269.6592, 213.3635
25 68 2.270000 270.1629, 200.4451, 289.2448, 198.6035, 290.4605, 211.2001, 271.3786, 213.0416
25 69 2.310000 272.2371, 200.0689, 291.2990, 198.1541, 292.5390, 210.4984, 273.4771, 212.4132
25 70 2.340000 273.6528, 199.3357, 292.6996, 197.4034, 293.9625, 209.8523, 274.9158, 211.7846
25 71 2.370000 274.9951, 198.6481, 294.0293, 196.7552, 295.2136, 208.6644, 276.1795, 210.5573
25 72 2.410000 276.5929, 197.1036, 295.6101, 195.3105, 296.7044, 206.9158, 277.6872, 208.7090
25 73 2.440000 277.6215, 195.4679, 296.6557, 193.7765, 297.6989, 205.5164, 278.6647, 207.2078
25 74 2.470000 278.5520, 193.9340, 297.6391, 192.3971, 298.5429, 203.6205, 279.4558, 205.1575
25 75 2.510000 279.6374, 191.4206, 298.7913, 190.1065, 299.5534, 201.2150, 280.3995, 202.5291
25 76 2.540000 280.3749, 189.5354, 299.5712, 188.4018, 300.2262, 199.4932, 281.0298, 200.6268
25 77 2.570000 281.0707, 188.0386, 300.3081, 187.0984, 300.8238, 197.6504, 281.5864, 198.5906
25 78 2.610000 281.9092, 186.2071, 301.1966, 185.5118, 301.5571, 195.5121, 282.2697, 196.2073
25 79 2.640000 282.4692, 184.8875, 301.7988, 184.3469, 302.0745, 194.2073, 282.7450, 194.7478
25 80 2.670000 282.9940, 183.8475, 302.3637, 183.4738, 302.5457, 192.9069, 283.1760, 193.2806
25 81 2.710000 283.6259, 182.4754, 303.0538, 182.3044, 303.1351, 191.5434, 283.7072, 191.7144
25 82 2.740000 284.0567, 181.4500, 303.5337, 181.4152, 303.5504, 190.7773, 284.0734, 190.8122
25 83 2.770000 284.4609, 180.6822, 303.9809, 180.7783, 303.9357, 189.9666, 284.4156, 189.8705
25 84 2.800000 284.8299, 179.7688, 304.4063, 179.9598, 304.3132, 189.4940, 284.7369, 189.3031
25 85 2.840000 285.2960, 178.8207, 304.9399, 179.1497, 304.7765, 188.9045, 285.1326, 188.5755
25 86 2.870000 285.6249, 178.2435, 305.3246, 178.6856, 305.1029, 188.5629, 285.4032, 188.1208
25 87 2.900000 285.9439, 177.6063, 305.6995, 178.1579, 305.4112, 188.4853, 285.6555, 187.9337
25 88 2.940000 286.3404, 176.9526, 306.1814, 177.6310, 305.8089, 188.5280, 285.9678, 187.8495
25 89 2.970000 286.6373, 176.7025, 306.5254, 177.5038, 306.0786, 188.5925, 286.1906, 187.7912
25 90 3.000000 286.9228, 176.3378, 306.8764, 177.2397, 306.3445, 189.0074, 286.3909, 188.1055
25 91 3.040000 287.3202, 176.1754, 307.3253, 177.2582, 306.6563, 189.6197, 286.6511, 188.5369
25 92 3.070000 287.5947, 176.3232, 307.6328, 177.4922, 306.8978, 190.0913, 286.8597, 188.9223
25 93 3.100000 287.8628, 176.4776, 307.9334, 177.6975, 307.1377, 190.7896, 287.0671, 189.5697
25 94 3.140000 288.2040, 177.0179, 308.3027, 178.2784, 307.4580, 191.7476, 287.3592, 190.4871
25 95 3.170000 288.4456, 177.6592, 308.5563, 178.9269, 307.7008, 192.4989, 287.5901, 191.2312
25 96 3.200000 288.6911, 178.2615, 308.8105, 179.5253, 307.9314, 193.5199, 287.8120, 192.2561
25 97 3.240000 288.9988, 179.3537, 309.1176, 180.5849, 308.2370, 194.9739, 288.1182, 193.7427
25 98 3.270000 289.2036, 180.4497, 309.3177, 181.6263, 308.4711, 196.0981, 288.3570, 194.9214
25 99 3.300000 289.4089, 181.5784, 309.5095, 182.7003, 308.6844, 197.4824, 288.5838, 196.3606
25 100 3.340000 289.6477, 183.5052, 309.7193, 184.5270, 308.9613, 199.4167, 288.8897, 198.3948
25 101 3.370000 289.7994, 185.2774, 309.8413, 186.2031, 309.1596, 200.9627, 289.1177, 200.0370
25 102 3.400000 289.9418, 187.1528, 309.9450, 187.9788, 309.3332, 202.7941, 289.3300, 201.9680
25 103 3.440000 290.0910, 190.1232, 310.0294, 190.7869, 309.5438, 205.3758, 289.6054, 204.7121
25 104 3.470000 290.1695, 192.6727, 310.0491, 193.1831, 309.6843, 207.3914, 289.8047, 206.8810
25 105 3.500000 290.2341, 195.2284, 310.0456, 195.5861, 309.7926, 209.5983, 289.9811, 209.2405
25 106 3.540000 290.3085, 198.6476, 309.9933, 198.8367, 309.8629, 212.4137, 290.1781, 212.2246
25 107 3.570000 290.3041, 201.2141, 309.8960, 201.2090, 309.8994, 214.1988, 290.3075, 214.2039
25 108 3.600000 290.3285, 203.2840, 309.7963, 203.2180, 309.8401, 216.1273, 290.3723, 216.1933
25 109 3.640000 290.2837, 205.8004, 309.6207, 205.6490, 309.7204, 218.3893, 290.3834, 218.5407
25 110 3.670000 290.2141, 207.6941, 309.4353, 207.4778, 309.5727, 219.6954, 290.3516, 219.9117
25 111 3.700000 290.1049, 209.1107, 309.2302, 208.8641, 309.3888, 221.1672, 290.2635, 221.4139
25 112 3.740000 289.9090, 211.0762, 308.8817, 210.7794, 309.0670, 222.6190, 290.0942, 222.9158
25 113 3.770000 289.7228, 212.4357, 308.5972, 212.1434, 308.7734, 223.5176, 289.8989, 223.8100
25 114 3.800000 289.5110, 213.5081, 308.2696, 213.2361, 308.4323, 224.4567, 289.6738, 224.7287
25 115 3.840000 289.1597, 214.8655, 307.7916, 214.6197, 307.9341, 225.4228, 289.3022, 225.6685
25 116 3.870000 288.8639, 215.8954, 307.3875, 215.6671, 307.5134, 225.8822, 288.9898, 226.1105
25 117 3.900000 288.5331, 216.4969, 306.9733, 216.3214, 307.0707, 226.5561, 288.6305, 226.7316
25 118 3.940000 288.0679, 217.3029, 306.3845, 217.2431, 306.4168, 227.1501, 288.1002, 227.2099
25 119 3.970000 287.6824, 218.0042, 305.9161, 218.0288, 305.9036, 227.2896, 287.6699, 227.2650
25 120 4.000000 287.2736, 218.2788, 305.4350, 218.3906, 305.3778, 227.6804, 287.2165, 227.5686
25 121 4.040000 286.6911, 218.6124, 304.7730, 218.8316, 304.6616, 228.0133, 286.5797, 227.7940
25 122 4.070000 286.2476, 218.9415, 304.2544, 219.2591, 304.0995, 228.0446, 286.0926, 227.7270
25 123 4.100000 285.7971, 218.9813, 303.7419, 219.4099, 303.5309, 228.2446, 285.5861, 227.8161
25 124 4.140000 285.1976, 219.0603, 303.0530, 219.6701, 302.7579, 228.3119, 284.9025, 227.7022
25 125 4.170000 284.7410, 219.1962, 302.5261, 219.9347, 302.1764, 228.3573, 284.3913, 227.6188
25 126 4.200000 284.2959, 218.9742, 302.0265, 219.8411, 301.6159, 228.2387, 283.8853, 227.3717
25 127 4.240000 283.7097, 218.7991, 301.3508, 219.8086, 300.8673, 228.2575, 283.2262, 227.2480
25 128 4.270000 283.3054, 218.3634, 300.8980, 219.5385, 300.3144, 228.2757, 282.7218, 227.1005
25 129 4.300000 282.9165, 218.0365, 300.4442, 219.3494, 299.7938, 228.0326, 282.2661, 226.7197
25 130 4.340000 282.4378, 217.4111, 299.9036, 218.9262, 299.1435, 227.6887, 281.6777, 226.1736
25 131 4.370000 282.1314, 216.6830, 299.5514, 218.2991, 298.6978, 227.4998, 281.2778, 225.8837
25 132 4.400000 281.8319, 216.1838, 299.2102, 217.9294, 298.3054, 226.9377, 280.9271, 225.1921
25 133 4.440000 281.5218, 215.2006, 298.8461, 217.1127, 297.8363, 226.2618, 280.5120, 224.3497
25 134 4.470000 281.3518, 214.2640, 298.6506, 216.2898, 297.5397, 225.7760, 280.2409, 223.7502
25 135 4.500000 281.1988, 213.5269, 298.4663, 215.6476, 297.3233, 224.9545, 280.0557, 222.8337
25 136 4.540000 281.0944, 212.2766, 298.3372, 214.5163, 297.1058, 223.9966, 279.8630, 221.7569
25 137 4.570000 281.1041, 211.1506, 298.3296, 213.4907, 296.9825, 223.4063, 279.7570, 221.0661
25 138 4.600000 281.1431, 210.1704, 298.3615, 212.6110, 296.9452, 222.6026, 279.7268, 220.1620
25 139 4.640000 281.3026, 208.7165, 298.5174, 211.2812, 296.9850, 221.5675, 279.7701, 219.0029
25 140 4.670000 281.5049, 207.5241, 298.7280, 210.1823, 297.0910, 220.7890, 279.8679, 218.1308
25 141 4.700000 281.7291, 206.5416, 298.9598, 209.2499, 297.3222, 219.6689, 280.0914, 216.9605
25 142 4.740000 282.1615, 205.0166, 299.4156, 207.8037, 297.7390, 218.1829, 280.4849, 215.3958
25 143 4.770000 282.5877, 203.7037, 299.8681, 206.5415, 298.1423, 217.0508, 280.8618, 214.2130
25 144 4.800000 283.0490, 202.5542, 300.3582, 205.4133, 298.6843, 215.5473, 281.3751, 212.6881
25 145 4.840000 283.8042, 200.7817, 301.1607, 203.6375, 299.5479, 213.4395, 282.1914, 210.5837
25 146 4.870000 284.4856, 199.2058, 301.8887, 202.0378, 300.2968, 211.8203, 282.8936, 208.9882
25 147 4.900000 285.2030, 197.7913, 302.6558, 200.5870, 301.1868, 209.7575, 283.7340, 206.9618
25 148 4.940000 286.3131, 195.5136, 303.8519, 198.2200, 302.4984, 206.9915, 284.9596, 204.2851
25 149 4.970000 287.2545, 193.5434, 304.8710, 196.1300, 303.5842, 204.8933, 285.9678, 202.3067
25 150 5.000000 288.2170, 191.7562, 305.9341, 194.1860, 304.7965, 202.4812, 287.0793, 200.0514
25 151 5.040000 289.6653, 188.9037, 307.5064, 191.1574, 306.4289, 199.6872, 288.5878, 197.4336
25 152 5.070000 290.7882, 186.9093, 308.7229, 189.0172, 307.6769, 197.9165, 289.7422, 195.8086
25 153 5.100000 291.9621, 184.8715, 309.9931, 186.8496, 308.9366, 196.4798, 290.9057, 194.5018
25 154 5.140000 293.5488, 182.5276, 311.6997, 184.3352, 310.6754, 194.6204, 292.5246, 192.8129
25 155 5.170000 294.7645, 180.9901, 312.9925, 182.6775, 312.0107, 193.2838, 293.7827, 191.5964
25 156 5.200000 296.0184, 179.4280, 314.3211, 181.0121, 313.3556, 192.1681, 295.0528, 190.5841
25 157 5.240000 297.7278, 177.5852, 316.1087, 179.0610, 315.1746, 190.6950, 296.7938, 189.2192
25 158 5.270000 299.0259, 176.3721, 317.4563, 177.7613, 316.5660, 189.5726, 298.1356, 188.1834
25 159 5.300000 300.3681, 175.0682, 318.8348, 176.4045, 317.9495, 188.6381, 299.4829, 187.3018
25 160 5.340000 302.1871, 173.5131, 320.6787, 174.7917, 319.8124, 187.3207, 301.3208, 186.0421
25 161 5.370000 303.5707, 172.4783, 322.0669, 173.7223, 321.2239, 186.2560, 302.7277, 185.0121
25 162 5.400000 305.0145, 171.2219, 323.4901, 172.4801, 322.6076, 185.4384, 304.1320, 184.1802
25 163 5.440000 306.9774, 169.6803, 325.3986, 170.9831, 324.4598, 184.2558, 306.0387, 182.9529
25 164 5.470000 308.4717, 168.7088, 326.8266, 170.0511, 325.8616, 183.2459, 307.5067, 181.9035
25 165 5.500000 310.0437, 167.5564, 328.2994, 169.0116, 327.2206, 182.5441, 308.9649, 181.0889
25 166 5.540000 312.1227, 166.4975, 330.2595, 168.0652, 329.0927, 181.5635, 310.9558, 179.9958
25 167 5.570000 313.6820, 165.9862, 331.7529, 167.6418, 330.5291, 180.9992, 312.4583, 179.3437
25 168 5.600000 315.2290, 165.6148, 333.2680, 167.3454, 331.9843, 180.7260, 313.9453, 178.9954
25 169 5.640000 317.2569, 165.5466, 335.3181, 167.3718, 333.9782, 180.6307, 315.9170, 178.8054
25 170 5.670000 318.7896, 165.8462, 336.8713, 167.7161, 335.5240, 180.7443, 317.4423, 178.8744
25 171 5.700000 320.3557, 166.2772, 338.4612, 168.1835, 337.0912, 181.1954, 318.9857, 179.2892
25 172 5.740000 322.4637, 167.3289, 340.6067, 169.2542, 339.2462, 182.0748, 321.1032, 180.1495
25 173 5.770000 324.0617, 168.4867, 342.2341, 170.4037, 340.9096, 182.9595, 322.7372, 181.0425
25 174 5.800000 325.6874, 169.8263, 343.8929, 171.7116, 342.5993, 184.2039, 324.3937, 182.3186
25 175 5.840000 327.8683, 172.1625, 346.1238, 173.9769, 344.9058, 186.2313, 326.6504, 184.4168
25 176 5.870000 329.4423, 174.3368, 347.8082, 176.0798, 346.6707, 188.0658, 328.3047, 186.3228
25 177 5.900000 331.0135, 176.7785, 349.5112, 178.4193, 348.4565, 190.3108, 329.9587, 188.6700
25 178 5.940000 333.0952, 180.6399, 351.7887, 182.1096, 350.8713, 193.7783, 332.1778, 192.3086
25 179 5.970000 334.6455, 183.9588, 353.5001, 185.2621, 352.7095, 196.6990, 333.8550, 195.3957
25 180 6.000000 336.1974, 187.4220, 355.2294, 188.5257, 354.5694, 199.9061, 335.5374, 198.8024
25 181 6.040000 338.3080, 192.1045, 357.5538, 192.9522, 357.0607, 204.1485, 337.8149, 203.3008
25 182 6.070000 339.9529, 195.5167, 359.3387, 196.2913, 358.9061, 207.1169, 339.5203, 206.3423
25 183 6.100000 341.5950, 198.6238, 361.1336, 199.2585, 360.7834, 210.0422, 341.2448, 209.4075
25 184 6.140000 343.8188, 202.6004, 363.5472, 203.1060, 363.2777, 213.6196, 343.5493, 213.1140
25 185 6.170000 345.4803, 205.6381, 365.3316, 205.9804, 365.1597, 215.9466, 345.3085, 215.6044
25 186 6.200000 347.1316, 208.2401, 367.1311, 208.3966, 367.0520, 218.5035, 347.0526, 218.3470
25 187 6.240000 349.3249, 211.7300, 369.5079, 211.6424, 369.5515, 221.6839, 349.3685, 221.7715
25 188 6.270000 350.9587, 214.4021, 371.2680, 214.1332, 371.3977, 223.9306, 351.0884, 224.1995
25 189 6.300000 352.5541, 216.8296, 373.0134, 216.3655, 373.2411, 226.4041, 352.7818, 226.8682
25 190 6.340000 354.6538, 220.2913, 375.2919, 219.5799, 375.6360, 229.5617, 354.9979, 230.2731
25 191 6.370000 356.2081, 223.0700, 376.9628, 222.1894, 377.3742, 231.8852, 356.6195, 232.7657
25 192 6.400000 357.7100, 225.7527, 378.6010, 224.6978, 379.0948, 234.4751, 358.2037, 235.5301
25 193 6.440000 359.6782, 229.6401, 380.7271, 228.3877, 381.2965, 237.9577, 360.2476, 239.2101
25 194 6.470000 361.1201, 232.7294, 382.2784, 231.3605, 382.8791, 240.6448, 361.7209, 242.0138
25 195 6.500000 362.4928, 235.6728, 383.7846, 234.1995, 384.4343, 243.5886, 363.1424, 245.0618
25 196 6.540000 364.2412, 239.6155, 385.7010, 238.0092, 386.3981, 247.3219, 364.9383, 248.9282
25 197 6.570000 365.4976, 242.4989, 387.0593, 240.8284, 387.7842, 250.1846, 366.2224, 251.8551
25 198 6.600000 366.6606, 245.1572, 388.3389, 243.3799, 389.1000, 252.6625, 367.4217, 254.4398
25 199 6.640000 368.0960, 248.3427, 389.9238, 246.4699, 390.7360, 255.9355, 368.9082, 257.8083
25 200 6.670000 369.0540, 250.4544, 391.0272, 248.4969, 391.9096, 258.4024, 369.9364, 260.3599
25 201 6.700000 369.9839, 252.7846, 392.0442, 250.7271, 392.9527, 260.4681, 370.8925, 262.5256
25 202 6.740000 371.0761, 255.6124, 393.2858, 253.4340, 394.2544, 263.3094, 372.0447, 265.4878
25 203 6.770000 371.7885, 257.5662, 394.1235, 255.3035, 395.1586, 265.5206, 372.8235, 267.7833
25 204 6.800000 372.4658, 259.7838, 394.8838, 257.4289, 395.9350, 267.4360, 373.5170, 269.7909
25 205 6.840000 373.2215, 262.5967, 395.7693, 260.1167, 396.8764, 270.1820, 374.3286, 272.6620
25 206 6.870000 373.6763, 264.6546, 396.3412, 262.0814, 397.5119, 272.3925, 374.8470, 274.9657
25 207 6.900000 374.0919, 267.0061, 396.8268, 264.3211, 398.0214, 274.4361, 375.2865, 277.1211
25 208 6.940000 374.4896, 270.1356, 397.3416, 267.2885, 398.6034, 277.4162, 375.7514, 280.2634
25 209 6.970000 374.6609, 272.4643, 397.6126, 269.4720, 398.9625, 279.8256, 376.0108, 282.8179
25 210 7.000000 374.7729, 275.0427, 397.7880, 271.8660, 399.1827, 281.9707, 376.1676, 285.1473
25 211 7.040000 374.6811, 278.1700, 397.8029, 274.7002, 399.2965, 284.6529, 376.1747, 288.1227
25 212 7.070000 374.4111, 279.8668, 397.6248, 276.3354, 399.2159, 286.7940, 376.0021, 290.3254
25 213 7.100000 374.0414, 281.6094, 397.3410, 278.0066, 398.9298, 288.2815, 375.6303, 291.8843
25 214 7.140000 373.2790, 283.3388, 396.7198, 279.7506, 398.2894, 290.0049, 374.8486, 293.5930
25 215 7.170000 372.4800, 284.0864, 396.0457, 280.5747, 397.6390, 291.2666, 374.0733, 294.7783
25 216 7.200000 371.6046, 285.0865, 395.2708, 281.5892, 396.7664, 291.7099, 373.1002, 295.2072
25 217 7.240000 370.1544, 285.6071, 393.9641, 282.2867, 395.3794, 292.4346, 371.5696, 295.7550
25 218 7.270000 368.8917, 285.7248, 392.8559, 282.6287, 394.1568, 292.6980, 370.1927, 295.7941
25 219 7.300000 367.4845, 285.4649, 391.5862, 282.6403, 392.7519, 292.5870, 368.6502, 295.4117
25 220 7.340000 365.3552, 284.5123, 389.6737, 282.0658, 390.7337, 292.6017, 366.4152, 295.0482
25 221 7.370000 363.6852, 283.7697, 388.0857, 281.6741, 388.9811, 292.1005, 364.5806, 294.1960
25 222 7.400000 361.8054, 282.2987, 386.3694, 280.4981, 387.1978, 291.7989, 362.6338, 293.5996
25 223 7.440000 359.2496, 280.2661, 383.9231, 279.0162, 384.5138, 290.6768, 359.8403, 291.9267
25 224 7.470000 357.2385, 278.5142, 381.9868, 277.7180, 382.3659, 289.4998, 357.6176, 290.2961
25 225 7.500000 355.1505, 276.2820, 379.9657, 275.9402, 380.1376, 288.4221, 355.3224, 288.7638
25 226 7.540000 352.3106, 273.4082, 377.1716, 273.6844, 377.0277, 286.6438, 352.1666, 286.3676
25 227 7.570000 350.1872, 271.3663, 375.0033, 272.1690, 374.5822, 285.1854, 349.7661, 284.3828
25 228 7.600000 348.0328, 269.0557, 372.8293, 270.3627, 372.1106, 283.9999, 347.3140, 282.6930
25 229 7.640000 345.2266, 266.1552, 369.8789, 268.2378, 368.6980, 282.2162, 344.0457, 280.1336
25 230 7.670000 343.1107, 264.0349, 367.6475, 266.6355, 366.1515, 280.7508, 341.6146, 278.1502
25 231 7.700000 341.0535, 261.7372, 365.4331, 264.8389, 363.5863, 279.3554, 339.2066, 276.2538
25 232 7.740000 338.3435, 258.7012, 362.5134, 262.3801, 360.2525, 277.2334, 336.0827, 273.5545
25 233 7.770000 336.4003, 256.5325, 360.3288, 260.6624, 357.8004, 275.3121, 333.8719, 271.1822
25 234 7.800000 334.5874, 253.9517, 358.2933, 258.5342, 355.3884, 273.5618, 331.6825, 268.9792
25 235 7.840000 332.4220, 250.4546, 355.6899, 255.7434, 352.2567, 270.8479, 328.9888, 265.5592
25 236 7.870000 330.8874, 247.8347, 353.8440, 253.5709, 350.1327, 268.4237, 327.1761, 262.6875
25 237 7.900000 329.6178, 244.7103, 352.2327, 250.8710, 348.0752, 266.1324, 325.4603, 259.9717
25 238 7.940000 328.0743, 240.6267, 350.2685, 247.1983, 345.7665, 262.4032, 323.5722, 255.8316
25 239 7.970000 327.2068, 237.4253, 349.0003, 244.3591, 344.2274, 259.3605, 322.4339, 252.4267
25 240 8.000000 326.6077, 233.9678, 347.9940, 241.2447, 342.8319, 256.4157, 321.4456, 249.1388
25 241 8.040000 326.0202, 229.6621, 346.8686, 237.3557, 341.2904, 252.4718, 320.4421, 244.7782
25 242 8.070000 325.6708, 226.7785, 346.1675, 234.7131, 340.3854, 249.6496, 319.8886, 241.7150
25 243 8.100000 325.4840, 224.0406, 345.6513, 232.1713, 339.6175, 247.1374, 319.4502, 239.0067
25 244 8.140000 325.3898, 220.8474, 345.1811, 229.1780, 338.9494, 243.9829, 319.1581, 235.6523
25 245 8.170000 325.4442, 218.7819, 344.9995, 227.2179, 338.7466, 241.7126, 319.1914, 233.2766
25 246 8.200000 325.7158, 216.7297, 345.0875, 225.2221, 338.7246, 239.7361, 319.3529, 231.2436
25 247 8.240000 326.2831, 214.3424, 345.4822, 222.8472, 339.1470, 237.1486, 319.9479, 228.6438
25 248 8.270000 326.8667, 212.8003, 345.9901, 221.2654, 339.8220, 235.2000, 320.6985, 226.7349
25 249 8.300000 327.7065, 211.1679, 346.8150, 219.5363, 340.7002, 233.4990, 321.5917, 225.1306
25 250 8.340000 329.0509, 209.2575, 348.2105, 217.4198, 342.3652, 231.1406, 323.2056, 222.9783
25 251 8.370000 330.2284, 208.0104, 349.4747, 215.9515, 343.9805, 229.2672, 324.7343, 221.3261
25 252 8.400000 331.6623, 206.5923, 351.0569, 214.2405, 345.7910, 227.5940, 326.3964, 219.9458
25 253 8.440000 333.7844, 204.8947, 353.4305, 212.0436, 348.6462, 225.1915, 329.0001, 218.0425
25 254 8.470000 335.5142, 203.7959, 355.3805, 210.4847, 351.0794, 223.2593, 331.2131, 216.5705
25 255 8.500000 337.4333, 202.5179, 357.5767, 208.6569, 353.6179, 221.6465, 333.4746, 215.5076
25 256 8.540000 340.0465, 201.4264, 360.5299, 206.7674, 357.2202, 219.4608, 336.7368, 214.1199
25 257 8.570000 342.0893, 201.0051, 362.7710, 205.7444, 359.9595, 218.0132, 339.2779, 213.2740
25 258 8.600000 344.2338, 200.7040, 365.0831, 204.8606, 362.6729, 216.9502, 341.8236, 212.7937
25 259 8.640000 347.1879, 200.7330, 368.1824, 204.1580, 366.2794, 215.8231, 345.2850, 212.3982
25 260 8.670000 349.4605, 201.0534, 370.5135, 203.9528, 368.9698, 215.1620, 347.9167, 212.2625
25 261 8.700000 351.7918, 201.3879, 372.8892, 203.8024, 371.6244, 214.8550, 350.5269, 212.4406
25 262 8.740000 354.9378, 202.1599, 376.0407, 203.9623, 375.1275, 214.6544, 354.0246, 212.8520
25 263 8.770000 357.3200, 203.0050, 378.3868, 204.3957, 377.7117, 214.6217, 356.6449, 213.2310
25 264 8.800000 359.7171, 203.7965, 380.7493, 204.8272, 380.2526, 214.9619, 359.2205, 213.9312
25 265 8.840000 362.9089, 205.2082, 383.8523, 205.8138, 383.5700, 215.5784, 362.6266, 214.9728
25 266 8.870000 365.2953, 206.5414, 386.1565, 206.8838, 386.0038, 216.1914, 365.1425, 215.8490
25 267 8.900000 367.6559, 207.8919, 388.4449, 208.0109, 388.3927, 217.1372, 367.6036, 217.0182
25 268 8.940000 370.7625, 210.0743, 391.4532, 209.9462, 391.5083, 218.8535, 370.8176, 218.9816
25 269 8.970000 373.0568, 211.5004, 393.6709, 211.2312, 393.7926, 220.5507, 373.1786, 220.8199
25 270 9.000000 375.3320, 213.1319, 395.8492, 212.7740, 396.0140, 222.2183, 375.4967, 222.5762
25 271 9.040000 378.3199, 215.1171, 398.7152, 214.7398, 398.8945, 224.4337, 378.4992, 224.8110
25 272 9.070000 380.4851, 216.3313, 400.7924, 215.8390, 401.0379, 225.9657, 380.7306, 226.4580
25 273 9.100000 382.6562, 217.5205, 402.8682, 217.0734, 403.0904, 227.1166, 382.8783, 227.5637
25 274 9.140000 385.4443, 218.6872, 405.5666, 218.1960, 405.8171, 228.4567, 385.6947, 228.9478
25 275 9.170000 387.4770, 219.1760, 407.5751, 218.6834, 407.8382, 229.4171, 387.7401, 229.9097
25 276 9.200000 389.4936, 219.7515, 409.5504, 219.2708, 409.8061, 229.9385, 389.7493, 230.4192
25 277 9.240000 392.1130, 220.0961, 412.1565, 219.6305, 412.4100, 230.5446, 392.3665, 231.0103
25 278 9.270000 394.0393, 220.0697, 414.0949, 219.6294, 414.3426, 230.9120, 394.2870, 231.3523
25 279 9.300000 395.9567, 220.1657, 416.0163, 219.7650, 416.2375, 230.8368, 396.1779, 231.2376
25 280 9.340000 398.4672, 219.9151, 418.5634, 219.5650, 418.7559, 230.6134, 398.6596, 230.9635
25 281 9.370000 400.3203, 219.4330, 420.4695, 219.1234, 420.6420, 230.3475, 400.4928, 230.6572
25 282 9.400000 402.1679, 219.1054, 422.3500, 218.8096, 422.5077, 229.5678, 402.3256, 229.8636
25 283 9.440000 404.6059, 218.2050, 424.8702, 217.9655, 424.9938, 228.4217, 404.7295, 228.6612
25 284 9.470000 406.4136, 217.1781, 426.7699, 216.9967, 426.8635, 227.5073, 406.5072, 227.6886
25 285 9.500000 408.2228, 216.3262, 428.6451, 216.1826, 428.7153, 226.1568, 408.2929, 226.3003
25 286 9.540000 410.6194, 214.9889, 431.1455, 214.9098, 431.1825, 224.4931, 410.6564, 224.5723
25 287 9.570000 412.4119, 214.0248, 433.0221, 214.0229, 433.0230, 223.3300, 412.4127, 223.3319
25 288 9.600000 414.2141, 213.2588, 434.8745, 213.3425, 434.8390, 222.1061, 414.1786, 222.0224
25 289 9.640000 416.6004, 211.9483, 437.3423, 212.1418, 437.2621, 220.7327, 416.5203, 220.5391
25 290 9.670000 418.3761, 211.0203, 439.2002, 211.3004, 439.0837, 219.9603, 418.2596, 219.6802
25 291 9.700000 420.1525, 209.9230, 441.0412, 210.2627, 440.8920, 219.4388, 420.0032, 219.0990
25 292 9.740000 422.5022, 208.7034, 443.5294, 209.1669, 443.3206, 218.6391, 422.2934, 218.1757
25 293 9.770000 424.2695, 207.9118, 445.3857, 208.4762, 445.1313, 217.9946, 424.0151, 217.4302
25 294 9.800000 426.0296, 206.9841, 447.2614, 207.6487, 446.9519, 217.5343, 425.7201, 216.8696
25 295 9.840000 428.3797, 205.9132, 449.7463, 206.6898, 449.3783, 216.8132, 428.0117, 216.0366
25 296 9.870000 430.1635, 205.2439, 451.5964, 206.1277, 451.1825, 216.1650, 429.7496, 215.2812
25 297 9.900000 431.9413, 204.3689, 453.4849, 205.3595, 453.0083, 215.7233, 431.4647, 214.7326
25 298 9.940000 434.3434, 203.3221, 455.9988, 204.4839, 455.4340, 215.0126, 433.7786, 213.8508
25 299 9.970000 436.1645, 202.7044, 457.8695, 203.9951, 457.2550, 214.3284, 435.5500, 213.0376
25 300 10.000000 437.9884, 201.9095, 459.7880, 203.3225, 459.1027, 213.8943, 437.3032, 212.4813
25 301 10.040000 440.4363, 201.1749, 462.3347, 202.7201, 461.5854, 213.3396, 439.6870, 211.7943
25 302 10.070000 442.2783, 200.8607, 464.2455, 202.4727, 463.4678, 213.0709, 441.5006, 211.4590
25 303 10.100000 444.1189, 200.5993, 466.1915, 202.2539, 465.3779, 213.1085, 443.3052, 211.4539
25 304 10.140000 446.5820, 200.6683, 468.7750, 202.3380, 467.9494, 213.3116, 445.7564, 211.6419
25 305 10.170000 448.4327, 201.0483, 470.7014, 202.6922, 469.8989, 213.5630, 447.6302, 211.9190
25 306 10.200000 450.2799, 201.4984, 472.6577, 203.0865, 471.8755, 214.1090, 449.4977, 212.5210
25 307 10.240000 452.7414, 202.5442, 475.2466, 203.9978, 474.5374, 214.9772, 452.0322, 213.5237
25 308 10.270000 454.5888, 203.6589, 477.1730, 204.9704, 476.5467, 215.7559, 453.9625, 214.4445
25 309 10.300000 456.4236, 204.8819, 479.1204, 206.0167, 478.5792, 216.8409, 455.8824, 215.7061
25 310 10.340000 458.8650, 207.0079, 481.6859, 207.8467, 481.2943, 218.5003, 458.4733, 217.6614
25 311 10.370000 460.6875, 209.0045, 483.5827, 209.5613, 483.3304, 219.9305, 460.4353, 219.3736
25 312 10.400000 462.4869, 211.2041, 485.4802, 211.4320, 485.3783, 221.7122, 462.3850, 221.4844
25 313 10.440000 464.8708, 214.7461, 487.9589, 214.4460, 488.0884, 224.4056, 465.0002, 224.7057
25 314 10.470000 466.6503, 217.8265, 489.7776, 217.0702, 490.0914, 226.6656, 466.9640, 227.4219
25 315 10.500000 468.3943, 221.0378, 491.5696, 219.7785, 492.0798, 229.1691, 468.9046, 230.4284
25 316 10.540000 470.6863, 225.2663, 493.8874, 223.4082, 494.6105, 232.4377, 471.4094, 234.2958
25 317 10.570000 472.3623, 228.1861, 495.5610, 225.9996, 496.3824, 234.7143, 473.1836, 236.9008
25 318 10.600000 473.9251, 230.6276, 497.1815, 228.2077, 498.0894, 236.9330, 474.8330, 239.3529
25 319 10.640000 475.8949, 233.6148, 499.1465, 230.8390, 500.2149, 239.7882, 476.9633, 242.5640
25 320 10.670000 477.1592, 235.3046, 500.5150, 232.2283, 501.7797, 241.8298, 478.4239, 244.9061
25 321 10.700000 478.4295, 237.1740, 501.7835, 233.8652, 503.1269, 243.3477, 479.7729, 246.6564
25 322 10.740000 479.9251, 239.3088, 503.3178, 235.7007, 504.7955, 245.2813, 481.4028, 248.8894
25 323 10.770000 480.9071, 240.6705, 504.3688, 236.9188, 505.9304, 246.6847, 482.4687, 250.4364
25 324 10.800000 481.8623, 242.1634, 505.3165, 238.3293, 506.8555, 247.7439, 483.4013, 251.5780
25 325 10.840000 482.8852, 243.9444, 506.4987, 240.0606, 507.9854, 249.0994, 484.3719, 252.9833
25 326 10.870000 483.5160, 244.9740, 507.2059, 241.1411, 508.6831, 250.2714, 484.9932, 254.1044
25 327 10.900000 483.9652, 245.9716, 507.8525, 242.1460, 509.2856, 251.0949, 485.3984, 254.9205
25 328 10.940000 484.4401, 246.9841, 508.5219, 243.4456, 509.8948, 252.7885, 485.8130, 256.3270
25 329 10.970000 484.6595, 247.6840, 508.9096, 244.4063, 510.2184, 254.0897, 485.9683, 257.3673
25 330 11.000000 484.7625, 248.2290, 509.1933, 245.2727, 510.4372, 255.5528, 486.0065, 258.5091
25 331 11.040000 484.7694, 249.0489, 509.4143, 246.5369, 510.5277, 257.4605, 485.8827, 259.9724
25 332 11.070000 484.7264, 249.8661, 509.4576, 247.7368, 510.4056, 258.7476, 485.6744, 260.8769
25 333 11.100000 484.5383, 250.4584, 509.4107, 248.6778, 510.2437, 260.3127, 485.3713, 262.0933
25 334 11.140000 484.2344, 251.4265, 509.2158, 250.2152, 509.8033, 262.3317, 484.8219, 263.5430
25 335 11.170000 483.9319, 252.3372, 508.9600, 251.5315, 509.3534, 263.7537, 484.3254, 264.5594
25 336 11.200000 483.5411, 253.1097, 508.6303, 252.6870, 508.8445, 265.4018, 483.7553, 265.8245
25 337 11.240000 482.9413, 254.4379, 508.0607, 254.4965, 508.0305, 267.4695, 482.9111, 267.4109
25 338 11.270000 482.4531, 255.5910, 507.5532, 256.0455, 507.3184, 269.0136, 482.2183, 268.5592
25 339 11.300000 481.9009, 256.6780, 507.0049, 257.4999, 506.5703, 270.7756, 481.4663, 269.9537
25 340 11.340000 481.1343, 258.4101, 506.1877, 259.7517, 505.4709, 273.1364, 480.4175, 271.7948
25 341 11.370000 480.5216, 259.9437, 505.5189, 261.6632, 504.6057, 274.9395, 479.6084, 273.2201
25 342 11.400000 479.8888, 261.4865, 504.8365, 263.5712, 503.7138, 277.0061, 478.7661, 274.9214
25 343 11.440000 479.0238, 263.9240, 503.8779, 266.4948, 502.4946, 279.8677, 477.6406, 277.2968
25 344 11.470000 478.3621, 266.0399, 503.1259, 268.9668, 501.5739, 282.0979, 476.8101, 279.1711
25 345 11.500000 477.7059, 268.1689, 502.3914, 271.4425, 500.6530, 284.5516, 475.9675, 281.2780
25 346 11.540000 476.8122, 271.1614, 501.3981, 274.7907, 499.4939, 287.6903, 474.9080, 284.0609
25 347 11.570000 476.1879, 273.3637, 500.6722, 277.2753, 498.6501, 289.9323, 474.1658, 286.0207
25 348 11.600000 475.6067, 275.3220, 500.0210, 279.4691, 497.8467, 292.2694, 473.4324, 288.1222
25 349 11.640000 474.8719, 278.0824, 499.1595, 282.4879, 496.8788, 295.0611, 472.5913, 290.6557
25 350 11.670000 474.3572, 280.2864, 498.5203, 284.8477, 496.2380, 296.9381, 472.0749, 292.3768
25 351 11.700000 473.9113, 282.2610, 497.9951, 286.9449, 495.6491, 299.0080, 471.5653, 294.3242
25 352 11.740000 473.3745, 285.1154, 497.3264, 289.9048, 494.9973, 301.5528, 471.0454, 296.7633
25 353 11.770000 473.0127, 287.4127, 496.8590, 292.2057, 494.6187, 303.3517, 470.7724, 298.5588
25 354 11.800000 472.7306, 289.5909, 496.5060, 294.3759, 494.2977, 305.3483, 470.5223, 300.5633
25 355 11.840000 472.4245, 292.7563, 496.0878, 297.4546, 494.0041, 307.9495, 470.3407, 303.2511
25 356 11.870000 472.2460, 295.3848, 495.8032, 299.9654, 493.8790, 309.8615, 470.3218, 305.2809
25 357 11.900000 472.1337, 297.9692, 495.6321, 302.3993, 493.8114, 312.0569, 470.3130, 307.6268
25 358 11.940000 472.0445, 301.8404, 495.4306, 305.9875, 493.8312, 315.0067, 470.4451, 310.8595
25 359 11.970000 472.0493, 304.9376, 495.3265, 308.8318, 493.8585, 317.6067, 470.5813, 313.7125
25 360 12.000000 472.1630, 307.6793, 495.3685, 311.2500, 493.9592, 320.4093, 470.7536, 316.8386
25 361 12.040000 472.4932, 311.0493, 495.5672, 314.3219, 494.1964, 323.9866, 471.1225, 320.7140
25 362 12.070000 472.8540, 313.1377, 495.8831, 316.2307, 494.5093, 326.4594, 471.4802, 323.3664
25 363 12.100000 473.2929, 315.2189, 496.2540, 318.1330, 494.9606, 328.3237, 471.9995, 325.4096
25 364 12.140000 474.0073, 317.5466, 496.8915, 320.1018, 495.7467, 330.3546, 472.8625, 327.7994
25 365 12.170000 474.6330, 318.6953, 497.5531, 321.0203, 496.4543, 331.8527, 473.5341, 329.5278
25 366 12.200000 475.3445, 319.9645, 498.1866, 322.0248, 497.2217, 332.7228, 474.3795, 330.6624
25 367 12.240000 476.3743, 321.1054, 499.1828, 322.7995, 498.3724, 333.7102, 475.5638, 332.0161
25 368 12.270000 477.2026, 321.5161, 500.0267, 322.9388, 499.3135, 334.3805, 476.4894, 332.9579
25 369 12.300000 478.0862, 321.9899, 500.8640, 323.1378, 500.2886, 334.5556, 477.5108, 333.4077
25 370 12.340000 479.3228, 322.1352, 502.0619, 322.9170, 501.6592, 334.6300, 478.9201, 333.8481
25 371 12.370000 480.2686, 321.8366, 503.0293, 322.3556, 502.7498, 334.6124, 479.9891, 334.0933
25 372 12.400000 481.2897, 321.7063, 503.9662, 322.0006, 503.8104, 334.0040, 481.1339, 333.7097
25 373 12.440000 482.6332, 320.9990, 505.2642, 320.9264, 505.3032, 333.0780, 482.6722, 333.1505
25 374 12.470000 483.6471, 320.1606, 506.2506, 319.8183, 506.4387, 332.2362, 483.8351, 332.5785
25 375 12.500000 484.6834, 319.4566, 507.2035, 318.8264, 507.5434, 330.9717, 485.0233, 331.6020
25 376 12.540000 486.0361, 318.3082, 508.4785, 317.3187, 509.0125, 329.4291, 486.5701, 330.4186
25 377 12.570000 487.0164, 317.5312, 509.3936, 316.2232, 510.1009, 328.3230, 487.7237, 329.6311
25 378 12.600000 487.9860, 316.9615, 510.2630, 315.3169, 511.1370, 327.1554, 488.8600, 328.8000
25 379 12.640000 489.2251, 316.3013, 511.3533, 314.1998, 512.4461, 325.7072, 490.3179, 327.8087
25 380 12.670000 490.0623, 315.6991, 512.1354, 313.2831, 513.4027, 324.8609, 491.3296, 327.2769
25 381 12.700000 490.9147, 315.3975, 512.8499, 312.7045, 514.2125, 323.8031, 492.2773, 326.4961
25 382 12.740000 491.8547, 314.8126, 513.7114, 311.7191, 515.2652, 322.6975, 493.4086, 325.7910
25 383 12.770000 492.4618, 314.4476, 514.2533, 311.0289, 515.9543, 321.8715, 494.1628, 325.2902
25 384 12.800000 492.9662, 314.1902, 514.7194, 310.4218, 516.5503, 320.9910, 494.7971, 324.7594
25 385 12.840000 493.4912, 313.8355, 515.1437, 309.6156, 517.1488, 319.9039, 495.4963, 324.1238
25 386 12.870000 493.7279, 313.4330, 515.2589, 308.8693, 517.4646, 319.2753, 495.9335, 323.8391
25 387 12.900000 493.8697, 313.3117, 515.3342, 308.4192, 517.6074, 318.3920, 496.1428, 323.2845
25 388 12.940000 493.8021, 312.9724, 515.0862, 307.5778, 517.5859, 317.4403, 496.3018, 322.8349
25 389 12.970000 493.5595, 312.6419, 514.6584, 306.8740, 517.3828, 316.8398, 496.2839, 322.6077
25 390 13.000000 493.1952, 312.5896, 514.1570, 306.4437, 516.9591, 316.0007, 495.9973, 322.1467
25 391 13.040000 492.4188, 312.3997, 513.1513, 305.8035, 516.1230, 315.1439, 495.3905, 321.7401
25 392 13.070000 491.5999, 312.2163, 512.1452, 305.3127, 515.2901, 314.6719, 494.7448, 321.5756
25 393 13.100000 490.6251, 312.1967, 511.0164, 305.0378, 514.2105, 314.1359, 493.8192, 321.2948
25 394 13.140000 488.9670, 312.0728, 509.1400, 304.6407, 512.4637, 313.6623, 492.2907, 321.0945
25 395 13.170000 487.4248, 311.8424, 507.4147, 304.2658, 510.9294, 313.5387, 490.9395, 321.1154
25 396 13.200000 485.7170, 311.8158, 505.5856, 304.1558, 509.0988, 313.2685, 489.2303, 320.9285
25 397 13.240000 483.0208, 311.5690, 502.7322, 303.9148, 506.3422, 313.2113, 486.6307, 320.8655
25 398 13.270000 480.6902, 311.2731, 500.2840, 303.6785, 504.0285, 313.3392, 484.4347, 320.9337
25 399 13.300000 478.1939, 311.1680, 497.7351, 303.6983, 501.4115, 313.3161, 481.8703, 320.7858
25 400 13.340000 474.4578, 310.8458, 493.9020, 303.5933, 497.6142, 313.5458, 478.1699, 320.7982
25 401 13.370000 471.3855, 310.5124, 490.8023, 303.5304, 494.5220, 313.8748, 475.1052, 320.8568
25 402 13.400000 468.1534, 310.2460, 487.5928, 303.6471, 491.1761, 314.2028, 471.7366, 320.8017
25 403 13.440000 463.5554, 309.9242, 483.0724, 303.9091, 486.4120, 314.7451, 466.8950, 320.7602
25 404 13.470000 459.8841, 309.5311, 479.4366, 304.0045, 482.6686, 315.4388, 463.1160, 320.9654
25 405 13.500000 456.1357, 309.4689, 475.8027, 304.4934, 478.7057, 315.9683, 459.0387, 320.9439
25 406 13.540000 450.8921, 309.2870, 470.7255, 305.0685, 473.2831, 317.0928, 453.4497, 321.3113
25 407 13.570000 446.8422, 309.2829, 466.7967, 305.6150, 469.0840, 318.0582, 449.1295, 321.7262
25 408 13.600000 442.7468, 309.4696, 462.7680, 306.3505, 464.7458, 319.0458, 444.7246, 322.1650
25 409 13.640000 437.1636, 309.8506, 457.2786, 307.4466, 458.8452, 320.5549, 438.7302, 322.9589
25 410 13.670000 432.8956, 310.1816, 453.0594, 308.2640, 454.3546, 321.8826, 434.1908, 323.8002
25 411 13.700000 428.6146, 310.8186, 448.8032, 309.3900, 449.7745, 323.1161, 429.5859, 324.5448
25 412 13.740000 422.8367, 311.7125, 443.0424, 310.8864, 443.6222, 325.0672, 423.4164, 325.8933
25 413 13.770000 418.4701, 312.5117, 438.6936, 312.1162, 438.9786, 326.6894, 418.7551, 327.0849
25 414 13.800000 414.1051, 313.5587, 434.3225, 313.5923, 434.2980, 328.3409, 414.0806, 328.3073
25 415 13.840000 408.2588, 315.1631, 428.4757, 315.7262, 428.0550, 330.8311, 407.8382, 330.2681
25 416 13.870000 403.8730, 316.5279, 424.0846, 317.4637, 423.3665, 332.9719, 403.1549, 332.0360
25 417 13.900000 399.4877, 318.2292, 419.6980, 319.5448, 418.6781, 335.2118, 398.4678, 333.8962
25 418 13.940000 393.6488, 320.8049, 413.8603, 322.6043, 412.4322, 338.6458, 392.2207, 336.8464
25 419 13.970000 389.2805, 322.9942, 409.5012, 325.1417, 407.7608, 341.5285, 387.5402, 339.3810
25 420 14.000000 384.9315, 325.4453, 405.1688, 327.9417, 403.1275, 344.4896, 382.8902, 341.9932
25 421 14.040000 379.2252, 328.6998, 399.4786, 331.5849, 397.0819, 348.4094, 376.8286, 345.5242
25 422 14.070000 375.0527, 330.9622, 395.2702, 333.9970, 392.6905, 351.1828, 372.4730, 348.1480
25 423 14.100000 370.9751, 333.1835, 391.1963, 336.4219, 388.4373, 353.6493, 368.2161, 350.4109
25 424 14.140000 365.7111, 335.7820, 385.9814, 339.2873, 382.9579, 356.7713, 362.6876, 353.2659
25 425 14.170000 361.9127, 337.4465, 382.2396, 341.1626, 378.9708, 359.0428, 358.6439, 355.3267
25 426 14.200000 358.1480, 339.3002, 378.5486, 343.1818, 375.1822, 360.8746, 354.7816, 356.9930
25 427 14.240000 353.3425, 341.3970, 373.8902, 345.5838, 370.2780, 363.3118, 349.7303, 359.1251
25 428 14.270000 349.8688, 342.7857, 370.5413, 347.1789, 366.7397, 365.0677, 346.0672, 360.6745
25 429 14.300000 346.4424, 344.3272, 367.2573, 348.9240, 363.3789, 366.4857, 342.5640, 361.8889
25 430 14.340000 342.0412, 346.2058, 363.0439, 351.0426, 359.0652, 368.3189, 338.0626, 363.4820
25 431 14.370000 338.8535, 347.4928, 360.0195, 352.5008, 355.9531, 369.6875, 334.7870, 364.6796
25 432 14.400000 335.6778, 349.0610, 356.9943, 354.2002, 353.0023, 370.7588, 331.6857, 365.6196
25 433 14.440000 331.5601, 351.1227, 353.1094, 356.4462, 349.1740, 372.3767, 327.6246, 367.0532
25 434 14.470000 328.5336, 352.7618, 350.2743, 358.2255, 346.3613, 373.7958, 324.6206, 368.3321
25 435 14.500000 325.4746, 354.8480, 347.3998, 360.4435, 343.6392, 375.1790, 321.7140, 369.5835
25 436 14.540000 321.3996, 358.0588, 343.5799, 363.7908, 340.0701, 377.3722, 317.8898, 371.6401
25 437 14.570000 318.3889, 360.6182, 340.8136, 366.4576, 337.4539, 379.3596, 315.0292, 373.5203
25 438 14.600000 315.3538, 363.4779, 338.0836, 369.4336, 334.9750, 381.2976, 312.2452, 375.3419
25 439 14.640000 311.4823, 367.1686, 334.6109, 373.2585, 331.7568, 384.0982, 308.6282, 378.0083
25 440 14.670000 308.8934, 369.1553, 332.3200, 375.3232, 329.3834, 386.4770, 305.9568, 380.3091
25 441 14.700000 306.4968, 370.7688, 330.2348, 377.0165, 326.9823, 389.3745, 303.2443, 383.1268
25 442 14.740000 303.4486, 372.9781, 327.5969, 379.3230, 324.0812, 392.7037, 299.9329, 386.3588
25 443 14.770000 301.2553, 374.7199, 325.7191, 381.0878, 322.1736, 394.7089, 297.7097, 388.3410
25 444 14.800000 299.3224, 375.9181, 324.1067, 382.3408, 320.3352, 396.8945, 295.5509, 390.4719
25 445 14.840000 296.9149, 377.5574, 322.1369, 384.0401, 318.2316, 399.2341, 293.0096, 392.7514
25 446 14.870000 295.2346, 378.8654, 320.7891, 385.3804, 316.9236, 400.5426, 291.3691, 394.0276
25 447 14.900000 293.8245, 379.6543, 319.7162, 386.2203, 315.6940, 402.0810, 289.8023, 395.5149
25 448 14.940000 292.1401, 380.8105, 318.4817, 387.4440, 314.4056, 403.6303, 288.0640, 396.9968
25 449 14.970000 291.0420, 381.7406, 317.7185, 388.4414, 313.6918, 404.4720, 287.0153, 397.7713
