9 0 0.010000 410.2175, 215.9578, 447.0127, 217.1550, 446.4542, 234.3200, 409.6590, 233.1228
9 1 0.040000 410.2080, 216.0406, 446.8577, 216.9054, 446.4897, 232.5007, 409.8400, 231.6359
9 2 0.070000 410.2000, 214.9398, 446.8822, 215.6565, 446.5808, 231.0834, 409.8986, 230.3667
9 3 0.110000 410.2820, 211.5249, 446.9794, 212.2075, 446.6742, 228.6157, 409.9768, 227.9331
9 4 0.140000 410.3671, 208.6660, 447.0764, 209.3576, 446.7567, 226.3252, 410.0475, 225.6336
9 5 0.170000 410.5082, 205.7180, 447.2242, 206.5958, 446.8154, 223.6990, 410.0993, 222.8212
9 6 0.200000 410.6385, 202.6091, 447.3805, 203.5481, 446.9367, 220.9116, 410.1948, 219.9726
9 7 0.240000 410.8618, 198.3613, 447.6435, 199.4272, 447.1380, 216.8721, 410.3563, 215.8062
9 8 0.270000 411.1574, 195.0942, 447.9436, 196.6350, 447.2324, 213.6137, 410.4462, 212.0729
9 9 0.310000 411.5483, 190.5321, 448.3812, 192.4780, 447.5082, 209.0027, 410.6753, 207.0568
9 10 0.340000 411.8293, 186.9039, 448.7428, 188.8708, 447.8654, 205.3385, 410.9519, 203.3716
9 11 0.370000 412.2701, 183.2164, 449.2095, 185.6354, 448.1817, 201.3302, 411.2423, 198.9112
9 12 0.400000 412.6735, 179.0580, 449.7345, 181.4724, 448.7104, 197.1916, 411.6495, 194.7772
9 13 0.440000 413.4523, 172.6544, 450.6350, 175.3950, 449.4524, 191.4402, 412.2696, 188.6996
9 14 0.470000 414.1809, 167.4361, 451.4245, 170.4780, 450.0272, 187.5857, 412.7837, 184.5438
9 15 0.500000 414.8276, 162.7230, 452.2567, 165.7608, 450.8506, 183.0844, 413.4215, 180.0466
9 16 0.540000 415.8808, 156.1676, 453.5455, 159.4551, 451.9558, 177.6683, 414.2911, 174.3808
9 17 0.570000 416.7143, 151.4781, 454.5572, 154.8283, 452.8672, 173.9173, 415.0243, 170.5670
9 18 0.610000 417.8753, 145.8217, 456.0102, 149.2837, 454.2023, 169.1986, 416.0674, 165.7366
9 19 0.640000 418.7798, 142.0311, 457.1647, 145.5540, 455.3013, 165.8569, 416.9164, 162.3340
9 20 0.670000 419.7699, 138.2529, 458.3821, 141.8253, 456.4228, 163.0031, 417.8106, 159.4307
9 21 0.700000 420.7606, 135.0050, 459.6655, 138.6107, 457.6749, 160.0896, 418.7700, 156.4840
9 22 0.740000 422.1487, 130.8168, 461.5213, 134.4258, 459.4815, 156.6791, 420.1089, 153.0701
9 23 0.770000 423.2445, 127.7561, 463.0238, 131.3389, 460.9424, 154.4482, 421.1631, 150.8655
9 24 0.800000 424.3910, 125.1600, 464.5382, 128.7107, 462.4724, 152.0686, 422.3252, 148.5179
9 25 0.840000 425.9957, 121.7177, 466.7058, 125.1943, 464.6480, 149.2901, 423.9379, 145.8135
9 26 0.870000 427.2515, 119.1092, 468.4448, 122.5076, 466.3820, 147.5113, 425.1887, 144.1129
9 27 0.900000 428.5463, 116.9796, 470.1770, 120.2733, 468.1820, 145.4897, 426.5513, 142.1961
9 28 0.940000 430.3272, 114.1049, 472.6193, 117.2237, 470.7055, 143.1761, 428.4134, 140.0573
9 29 0.970000 431.6913, 111.9498, 474.5365, 114.9050, 472.6867, 141.7253, 429.8415, 138.7702
9 30 1.000000 433.0936, 110.2445, 476.4461, 113.0460, 474.6958, 140.1330, 431.3432, 137.3315
9 31 1.040000 434.9871, 108.0724, 479.0776, 110.6474, 477.4497, 138.5204, 433.3592, 135.9454
9 32 1.070000 436.4218, 106.5781, 481.1035, 108.9905, 479.5518, 137.7318, 434.8701, 135.3195
9 33 1.110000 438.3738, 105.1840, 483.7939, 107.4237, 482.3396, 136.9161, 436.9195, 134.6765
9 34 1.140000 439.8554, 104.5927, 485.8012, 106.7346, 484.4125, 136.5241, 438.4667, 134.3823
9 35 1.170000 441.3247, 104.0644, 487.8411, 106.1131, 486.4945, 136.6882, 439.9781, 134.6394
9 36 1.210000 443.2989, 104.1399, 490.5103, 106.1240, 489.2047, 137.1907, 441.9933, 135.2066
9 37 1.240000 444.7782, 104.7939, 492.4676, 106.7548, 491.1893, 137.8437, 443.4999, 135.8828
9 38 1.270000 446.2272, 105.6666, 494.4335, 107.6071, 493.1659, 139.0964, 444.9597, 137.1559
9 39 1.310000 448.1476, 107.7531, 496.9853, 109.6989, 495.7280, 141.2529, 446.8904, 139.3070
9 40 1.340000 449.5796, 110.0489, 498.8495, 112.0309, 497.5919, 143.2931, 448.3221, 141.3112
9 41 1.370000 450.9724, 112.7049, 500.7135, 114.7113, 499.4503, 146.0280, 449.7092, 144.0215
9 42 1.410000 452.8058, 117.2981, 503.1320, 119.3549, 501.8661, 150.3297, 451.5398, 148.2729
9 43 1.440000 454.1636, 121.5217, 504.8921, 123.6261, 503.6313, 154.0209, 452.9027, 151.9165
9 44 1.470000 455.4856, 126.0482, 506.6531, 128.1943, 505.3901, 158.3083, 454.2225, 156.1622
9 45 1.510000 457.2010, 132.6862, 508.9189, 134.8316, 507.7003, 164.2084, 455.9824, 162.0631
9 46 1.540000 458.5608, 137.7074, 510.5848, 140.0594, 509.3006, 168.4660, 457.2765, 166.1140
9 47 1.570000 459.7479, 142.1872, 512.2650, 144.4225, 511.0622, 172.6817, 458.5451, 170.4464
9 48 1.610000 461.4813, 147.6779, 514.4949, 150.0904, 513.2389, 177.6913, 460.2252, 175.2788
9 49 1.640000 462.7514, 151.5708, 516.0978, 153.9494, 514.8999, 180.8140, 461.5536, 178.4355
9 50 1.670000 463.9365, 154.5674, 517.8237, 156.8291, 516.6786, 184.1120, 462.7914, 181.8503
9 51 1.710000 465.5074, 158.5492, 519.9969, 160.4809, 519.0370, 187.5578, 464.5475, 185.6261
9 52 1.740000 466.7505, 161.5999, 521.5411, 163.3512, 520.7070, 189.4461, 465.9164, 187.6948
9 53 1.770000 467.8864, 163.9093, 523.1721, 165.3374, 522.4950, 191.5521, 467.2092, 190.1240
9 54 1.810000 469.4681, 167.1098, 525.2288, 168.1543, 524.7526, 193.5786, 468.9919, 192.5341
9 55 1.840000 470.6654, 169.6420, 526.6760, 170.3138, 526.3856, 194.5250, 470.3750, 193.8532
9 56 1.870000 471.7337, 171.4219, 528.2219, 171.5821, 528.1531, 195.8386, 471.6649, 195.6783
9 57 1.910000 473.1878, 173.7609, 530.2178, 173.3202, 530.4020, 197.1489, 473.3719, 197.5896
9 58 1.940000 474.2954, 175.5464, 531.6515, 174.6783, 532.0011, 197.7726, 474.6450, 198.6407
9 59 1.970000 475.2274, 176.4770, 533.1797, 175.1561, 533.7215, 198.9264, 475.7692, 200.2474
9 60 2.010000 476.4428, 177.7346, 535.1036, 175.8585, 535.8759, 200.0080, 477.2151, 201.8840
9 61 2.040000 477.3496, 178.7547, 536.4186, 176.5223, 537.3206, 200.3892, 478.2516, 202.6216
9 62 2.070000 478.0426, 178.9769, 537.7624, 176.3780, 538.8424, 201.1949, 479.1225, 203.7938
9 63 2.110000 478.8703, 179.4539, 539.2895, 176.2746, 540.6207, 201.5724, 480.2015, 204.7517
9 64 2.140000 479.4106, 179.8179, 540.2559, 176.2501, 541.7338, 201.4532, 480.8885, 205.0210
9 65 2.170000 479.6795, 179.4052, 541.1643, 175.4347, 542.8614, 201.7161, 481.3766, 205.6866
9 66 2.210000 479.8628, 178.8137, 542.0742, 174.3860, 544.0076, 201.5520, 481.7962, 205.9797
9 67 2.240000 479.9006, 178.4805, 542.4859, 173.8065, 544.5093, 200.9005, 481.9240, 205.5745
9 68 2.270000 479.5712, 177.1739, 542.7955, 172.2830, 545.0011, 200.7946, 481.7767, 205.6854
9 69 2.310000 478.9680, 175.4563, 542.8140, 170.5344, 545.0897, 200.0539, 481.2437, 204.9758
9 70 2.340000 478.2996, 174.1047, 542.5167, 169.2217, 544.7900, 199.1182, 480.5729, 204.0012
9 71 2.370000 477.3015, 171.9310, 542.0250, 167.1830, 544.3297, 198.6006, 479.6062, 203.3486
9 72 2.410000 475.6658, 169.1766, 540.8609, 164.5910, 543.1567, 197.2311, 477.9616, 201.8168
9 73 2.440000 474.2462, 167.0646, 539.6556, 162.7972, 541.8151, 195.8980, 476.4058, 200.1654
9 74 2.470000 472.5532, 164.1881, 538.2351, 160.4317, 540.2160, 195.0685, 474.5341, 198.8249
9 75 2.510000 470.0087, 160.5908, 535.8471, 157.5622, 537.5015, 193.5266, 471.6631, 196.5552
9 76 2.540000 467.8981, 158.1617, 533.7059, 155.7433, 535.0427, 192.1181, 469.2348, 194.5364
9 77 2.570000 465.5084, 155.0260, 531.3854, 153.2946, 532.3896, 191.5023, 466.5126, 193.2337
9 78 2.610000 462.1326, 151.6122, 527.7994, 150.8495, 528.2560, 190.1542, 462.5891, 190.9169
9 79 2.640000 459.4397, 149.1226, 524.8540, 149.2487, 524.7769, 189.2494, 459.3625, 189.1232
9 80 2.670000 456.6376, 146.4479, 521.6716, 147.5322, 520.9855, 188.6780, 455.9515, 187.5936
9 81 2.710000 452.7234, 143.1300, 517.1143, 145.5914, 515.4982, 187.8680, 451.1073, 185.4066
9 82 2.740000 449.6372, 141.2631, 513.3695, 144.6543, 511.1291, 186.7592, 447.3968, 183.3680
9 83 2.770000 446.5115, 138.8004, 509.5774, 143.2283, 506.5512, 186.3296, 443.4853, 181.9017
9 84 2.800000 443.3402, 136.9886, 505.5495, 142.4177, 501.8074, 185.2969, 439.5981, 179.8678
9 85 2.840000 439.2033, 134.2114, 500.1490, 141.1555, 495.2304, 184.3244, 434.2847, 177.3803
9 86 2.870000 436.1666, 132.0778, 496.0362, 140.0765, 490.2147, 183.6496, 430.3451, 175.6509
9 87 2.900000 433.1548, 130.3492, 491.8926, 139.3911, 485.2483, 182.5536, 426.5105, 173.5117
9 88 2.940000 429.2336, 127.9922, 486.4741, 138.1877, 478.8161, 181.1822, 421.5755, 170.9867
9 89 2.970000 426.5736, 126.1419, 482.5891, 137.2532, 474.0329, 180.3877, 418.0174, 169.2764
9 90 3.000000 424.0816, 124.9271, 478.7614, 137.0185, 469.4190, 179.2667, 414.7392, 167.1753
9 91 3.040000 420.8863, 123.7418, 473.9632, 136.8225, 463.7322, 178.3360, 410.6554, 165.2552
9 92 3.070000 418.6026, 123.3966, 470.6037, 137.0421, 459.8285, 178.1048, 407.8274, 164.4593
9 93 3.100000 416.3409, 123.9318, 467.3595, 138.0318, 456.3390, 177.9078, 405.3204, 163.8078
9 94 3.140000 413.5504, 125.2804, 463.4497, 139.7919, 452.2180, 178.4134, 402.3187, 163.9019
9 95 3.170000 411.6358, 126.7457, 460.8651, 141.4309, 449.5554, 179.3443, 400.3261, 164.6591
9 96 3.200000 409.8088, 128.9681, 458.4452, 143.7265, 447.3328, 180.3473, 398.6965, 165.5888
9 97 3.240000 407.6433, 132.4584, 455.7163, 147.1333, 444.9423, 182.4274, 396.8693, 167.7525
9 98 3.270000 406.2226, 135.4550, 454.0371, 149.9006, 443.5643, 184.5656, 395.7497, 170.1200
9 99 3.300000 404.8637, 139.2544, 452.4929, 153.3505, 442.6071, 186.7532, 394.9780, 172.6571
9 100 3.340000 403.2758, 144.9272, 450.8570, 158.3091, 441.8171, 190.4518, 394.2358, 177.0698
9 101 3.370000 402.2594, 149.6693, 449.9125, 162.3739, 441.5233, 193.8407, 393.8702, 181.1361
9 102 3.400000 401.2984, 155.2700, 449.0352, 167.1666, 441.5096, 197.3641, 393.7728, 185.4674
9 103 3.440000 400.2404, 163.4108, 448.1593, 174.0568, 441.7514, 202.8991, 393.8326, 192.2531
9 104 3.470000 399.5539, 170.0103, 447.6830, 179.4896, 442.1601, 207.5310, 394.0310, 198.0516
9 105 3.500000 398.9754, 177.1796, 447.2574, 185.3358, 442.7384, 212.0870, 394.4564, 203.9308
9 106 3.540000 398.5922, 186.5093, 446.9777, 192.9612, 443.6201, 218.1414, 395.2346, 211.6896
9 107 3.570000 398.6449, 192.7335, 447.0195, 198.0559, 444.3074, 222.7059, 395.9328, 217.3834
9 108 3.600000 398.8697, 198.9308, 447.1011, 203.1956, 445.0387, 226.5196, 396.8073, 222.2548
9 109 3.640000 399.3493, 206.2567, 447.3781, 209.0238, 446.0957, 231.2828, 398.0669, 228.5157
9 110 3.670000 399.8224, 210.9834, 447.6941, 212.7458, 446.8841, 234.7457, 399.0125, 232.9833
9 111 3.700000 400.3459, 215.9408, 447.9144, 216.6409, 447.6099, 237.3312, 400.0414, 236.6311
9 112 3.740000 401.0919, 221.3475, 448.2987, 220.9453, 448.4699, 241.0388, 401.2631, 241.4410
9 113 3.770000 401.5659, 224.9359, 448.5007, 223.6148, 449.0652, 243.6677, 402.1303, 244.9888
9 114 3.800000 402.0261, 228.6303, 448.5925, 226.4839, 449.4812, 245.7634, 402.9147, 247.9097
9 115 3.840000 402.4720, 233.0503, 448.5297, 229.7786, 449.8692, 248.6343, 403.8114, 251.9061
9 116 3.870000 402.6492, 235.7686, 448.4031, 231.8927, 449.9960, 250.6965, 404.2422, 254.5725
9 117 3.900000 402.8065, 238.7617, 448.0971, 234.3770, 449.8926, 252.9230, 404.6020, 257.3078
9 118 3.940000 402.7219, 242.0304, 447.5326, 237.2123, 449.5060, 255.5653, 404.6953, 260.3834
9 119 3.970000 402.4458, 244.0077, 446.9140, 238.9719, 448.9831, 257.2435, 404.5149, 262.2793
9 120 4.000000 402.0931, 246.3254, 446.1441, 241.1695, 448.2604, 259.2509, 404.2095, 264.4068
9 121 4.040000 401.2991, 248.7269, 444.8391, 243.5366, 446.9743, 261.4486, 403.4344, 266.6389
9 122 4.070000 400.4341, 250.0251, 443.6657, 244.8839, 445.8201, 262.9996, 402.5885, 268.1408
9 123 4.100000 399.5246, 251.6780, 442.3224, 246.6989, 444.3788, 264.3749, 401.5810, 269.3539
9 124 4.140000 397.9345, 252.9906, 440.3015, 248.3547, 442.2195, 265.8832, 399.8525, 270.5191
9 125 4.170000 396.5262, 253.4313, 438.5997, 249.1442, 440.4551, 267.3532, 398.3816, 271.6403
9 126 4.200000 395.0574, 254.2102, 436.7804, 250.3641, 438.4260, 268.2161, 396.7031, 272.0622
9 127 4.240000 392.8807, 254.6889, 434.1467, 251.5414, 435.5153, 269.4849, 394.2493, 272.6324
9 128 4.270000 391.0759, 254.5777, 432.0587, 251.9932, 433.2321, 270.5997, 392.2492, 273.1841
9 129 4.300000 389.2736, 254.8901, 429.8591, 252.9378, 430.7321, 271.0867, 390.1466, 273.0390
9 130 4.340000 386.7280, 254.6721, 426.8568, 253.6683, 427.3164, 272.0387, 387.1876, 273.0425
9 131 4.370000 384.7949, 254.2906, 424.5481, 254.0516, 424.6606, 272.7607, 384.9073, 272.9996
9 132 4.400000 382.8673, 254.2291, 422.2078, 254.8170, 421.9358, 273.0215, 382.5952, 272.4336
9 133 4.440000 380.3105, 253.7878, 419.0844, 255.4684, 418.3030, 273.4963, 379.5291, 271.8157
9 134 4.470000 378.4414, 253.0568, 416.8282, 255.5858, 415.6105, 274.0703, 377.2237, 271.5414
9 135 4.500000 376.6437, 252.7462, 414.5555, 256.1386, 412.9521, 274.0562, 375.0404, 270.6638
9 136 4.540000 374.4079, 251.8788, 411.6989, 256.4366, 409.5456, 274.0548, 372.2545, 269.4969
9 137 4.570000 372.8779, 250.7565, 409.7463, 256.0596, 407.1518, 274.0972, 370.2834, 268.7941
9 138 4.600000 371.4362, 249.9999, 407.8277, 255.9714, 404.9699, 273.3872, 368.5785, 267.4157
9 139 4.640000 369.8060, 248.4468, 405.6003, 255.2561, 402.3571, 272.3042, 366.5629, 265.4949
9 140 4.670000 368.7987, 246.9079, 404.2111, 254.1993, 400.6858, 271.3206, 365.2734, 264.0291
9 141 4.700000 367.9222, 245.6556, 402.9130, 253.3627, 399.3421, 269.5747, 364.3514, 261.8677
9 142 4.740000 367.0905, 243.4667, 401.6258, 251.5372, 398.0257, 266.9425, 363.4905, 258.8719
9 143 4.770000 366.7894, 241.2258, 401.0744, 249.4187, 397.3756, 264.8970, 363.0907, 256.7041
9 144 4.800000 366.6227, 239.3809, 400.6239, 247.7133, 397.0389, 262.3424, 363.0377, 254.0100
9 145 4.840000 366.8735, 235.7935, 400.7113, 243.9395, 397.1683, 258.6571, 363.3305, 250.5111
9 146 4.870000 367.3543, 232.6658, 401.1512, 240.4809, 397.7266, 255.2906, 363.9298, 247.4755
9 147 4.900000 368.1636, 228.8915, 401.9562, 236.2764, 398.5544, 251.8431, 364.7617, 244.4582
9 148 4.940000 369.5401, 223.5498, 403.4006, 230.2279, 400.2092, 246.4093, 366.3487, 239.7312
9 149 4.970000 370.7205, 219.7404, 404.5758, 225.5720, 401.8528, 241.3805, 367.9975, 235.5489
9 150 5.000000 372.0579, 215.3516, 406.0400, 220.1911, 403.7052, 236.5854, 369.7231, 231.7459
9 151 5.040000 373.9285, 209.9681, 407.9971, 213.2267, 406.4016, 229.9083, 372.3329, 226.6497
9 152 5.070000 375.3817, 206.3281, 409.4979, 208.4163, 408.4807, 225.0346, 374.3646, 222.9464
9 153 5.100000 376.8943, 202.7470, 411.0235, 203.7259, 410.5386, 220.6285, 376.4094, 219.6495
9 154 5.140000 378.9144, 198.4074, 413.0410, 197.9677, 413.2608, 215.0253, 379.1342, 215.4650
9 155 5.170000 380.4459, 195.5645, 414.5110, 194.1209, 415.2187, 210.8222, 381.1536, 212.2658
9 156 5.200000 381.9173, 192.4923, 415.9690, 190.1375, 417.1428, 207.1111, 383.0911, 209.4660
9 157 5.240000 383.8221, 188.7777, 417.7875, 185.2481, 419.5300, 202.0160, 385.5646, 205.5456
9 158 5.270000 385.1565, 186.1076, 419.0538, 181.7185, 421.1816, 198.1509, 387.2843, 202.5401
9 159 5.300000 386.3575, 183.1635, 420.2038, 178.0079, 422.7224, 194.5432, 388.8762, 199.6988
9 160 5.340000 387.7737, 179.3201, 421.5421, 173.2074, 424.4872, 189.4773, 390.7188, 195.5900
9 161 5.370000 388.7058, 176.4935, 422.4029, 169.7709, 425.5199, 185.3950, 391.8229, 192.1176
9 162 5.400000 389.3753, 173.1971, 423.0709, 165.9581, 426.4151, 181.5244, 392.7195, 188.7634
9 163 5.440000 390.0176, 168.7920, 423.7002, 161.0011, 427.1428, 175.8846, 393.4603, 183.6755
9 164 5.470000 390.3238, 165.5384, 423.9666, 157.4442, 427.2912, 171.2626, 393.6484, 179.3568
9 165 5.500000 390.2594, 161.6000, 424.0224, 153.4400, 427.3512, 167.2134, 393.5882, 175.3734
9 166 5.540000 389.8306, 156.2106, 423.6643, 148.0034, 426.9691, 161.6272, 393.1353, 169.8343
9 167 5.570000 389.2568, 152.0207, 423.0875, 143.8852, 426.6248, 158.5947, 392.7941, 166.7302
9 168 5.600000 388.5432, 148.3518, 422.4222, 140.2889, 426.0544, 155.5510, 392.1754, 163.6138
9 169 5.640000 387.2146, 143.6730, 421.2948, 135.6802, 425.1148, 151.9680, 391.0346, 159.9607
9 170 5.670000 386.0020, 140.3144, 420.2254, 132.4417, 424.1664, 149.5739, 389.9430, 157.4465
9 171 5.700000 384.6770, 137.3285, 418.9772, 129.6346, 422.9011, 147.1277, 388.6009, 154.8216
9 172 5.740000 382.5805, 133.4001, 416.9603, 126.0178, 420.8628, 144.1921, 386.4830, 151.5744
9 173 5.770000 380.7411, 130.4005, 415.1845, 123.3180, 419.0799, 142.2617, 384.6365, 149.3443
9 174 5.800000 378.8097, 127.7871, 413.2104, 121.0674, 416.9287, 140.1033, 382.5280, 146.8230
9 175 5.840000 375.8993, 124.1413, 410.2383, 118.0353, 413.7088, 137.5527, 379.3697, 143.6586
9 176 5.870000 373.5051, 121.3283, 407.7582, 115.7754, 411.0072, 135.8165, 376.7541, 141.3694
9 177 5.900000 371.0075, 118.8318, 405.0954, 113.8784, 407.9968, 133.8447, 373.9088, 138.7981
9 178 5.940000 367.4193, 115.4355, 401.2290, 111.3257, 403.6687, 131.3958, 369.8590, 135.5056
9 179 5.970000 364.5664, 112.6968, 398.1496, 109.3279, 400.2096, 129.8627, 366.6264, 133.2316
9 180 6.000000 361.6542, 110.4362, 394.9130, 107.7904, 396.5229, 128.0273, 363.2641, 130.6731
9 181 6.040000 357.6593, 107.4001, 390.4467, 105.8813, 391.3797, 126.0218, 358.5923, 127.5406
9 182 6.070000 354.5434, 105.1981, 386.9830, 104.4668, 387.4419, 124.8215, 355.0023, 125.5529
9 183 6.100000 351.3752, 103.5000, 383.4234, 103.5158, 383.4136, 123.4492, 351.3653, 123.4334
9 184 6.140000 347.0298, 101.2430, 378.6012, 102.1546, 378.0268, 122.0467, 346.4554, 121.1350
9 185 6.170000 343.7906, 99.5673, 374.9750, 101.2240, 373.9104, 121.2629, 342.7260, 119.6062
9 186 6.200000 340.5116, 98.2822, 371.3050, 100.6095, 369.8169, 120.2997, 339.0234, 117.9723
9 187 6.240000 336.1568, 96.5862, 366.4450, 99.7664, 364.3982, 119.2595, 334.1100, 116.0792
9 188 6.270000 332.9473, 95.2205, 362.8643, 98.9977, 360.3726, 118.7323, 330.4557, 114.9551
9 189 6.300000 329.7351, 94.2270, 359.2974, 98.5521, 356.4581, 117.9586, 326.8958, 113.6335
9 190 6.340000 325.4462, 92.7831, 354.6833, 97.7955, 351.3615, 117.1709, 322.1245, 112.1585
9 191 6.370000 322.1429, 91.5851, 351.3642, 97.1046, 347.6543, 116.7454, 318.4331, 111.2259
9 192 6.400000 318.8763, 90.8017, 348.0843, 96.7742, 344.1563, 115.9839, 314.9483, 110.0114
9 193 6.440000 314.7335, 89.7038, 343.9426, 96.1957, 339.7345, 115.1289, 310.5254, 108.6370
9 194 6.470000 311.8028, 88.8393, 341.0246, 95.6602, 336.5961, 114.6327, 307.3743, 107.8118
9 195 6.500000 308.9193, 88.4241, 338.2742, 95.5415, 333.8272, 113.8829, 304.4723, 106.7655
9 196 6.540000 305.3505, 87.7704, 334.9907, 95.2241, 330.4108, 113.4364, 300.7706, 105.9827
9 197 6.570000 302.8596, 87.3466, 332.7093, 94.9880, 327.9782, 113.4692, 298.1285, 105.8278
9 198 6.600000 300.4172, 87.3930, 330.4834, 95.1690, 325.7535, 113.4572, 295.6873, 105.6812
9 199 6.640000 297.3961, 87.6385, 327.7467, 95.5046, 322.9700, 113.9355, 292.6193, 106.0695
9 200 6.670000 295.3119, 87.9585, 325.8716, 95.8319, 321.0123, 114.6925, 290.4527, 106.8191
9 201 6.700000 293.2643, 88.8075, 324.0422, 96.6321, 319.2654, 115.4213, 288.4875, 107.5968
9 202 6.740000 290.7590, 90.1872, 321.8197, 97.8617, 317.0963, 116.9781, 286.0356, 109.3036
9 203 6.770000 289.0289, 91.4749, 320.2903, 98.9684, 315.5861, 118.5933, 284.3247, 111.0998
9 204 6.800000 287.3181, 93.3540, 318.7907, 100.6133, 314.2473, 120.3114, 282.7746, 113.0521
9 205 6.840000 285.1891, 96.3628, 316.9232, 103.2257, 312.5753, 123.3305, 280.8412, 116.4676
9 206 6.870000 283.6797, 99.0821, 315.5955, 105.5926, 311.3923, 126.1978, 279.4765, 119.6874
9 207 6.900000 282.1628, 102.5219, 314.2631, 108.6400, 310.3096, 129.3831, 278.2093, 123.2650
9 208 6.940000 280.2165, 107.8649, 312.5406, 113.3986, 308.9145, 134.5803, 276.5904, 129.0467
9 209 6.970000 278.8033, 112.4292, 311.2749, 117.4680, 307.9158, 139.1152, 275.4441, 134.0764
9 210 7.000000 277.4060, 117.4804, 310.0311, 121.9942, 307.0128, 143.8105, 274.3877, 139.2967
9 211 7.040000 275.7299, 123.9829, 308.5426, 127.8249, 305.9454, 150.0063, 273.1327, 146.1643
9 212 7.070000 274.6880, 128.1548, 307.6621, 131.7019, 305.2186, 154.4165, 272.2445, 150.8693
9 213 7.100000 273.7593, 132.1754, 306.8608, 135.4354, 304.6376, 158.0089, 271.5361, 154.7489
9 214 7.140000 272.7004, 136.5421, 305.9835, 139.4266, 304.0034, 162.2741, 270.7203, 159.3895
9 215 7.170000 272.0082, 139.0959, 305.3953, 141.6084, 303.6258, 165.1214, 270.2388, 162.6089
9 216 7.200000 271.3084, 141.9092, 304.7778, 143.9077, 303.4066, 166.8717, 269.9372, 164.8731
9 217 7.240000 270.4437, 144.7966, 303.9545, 145.9624, 303.1604, 168.7889, 269.6496, 167.6231
9 218 7.270000 269.8577, 146.0006, 303.4588, 146.7011, 302.9670, 170.2918, 269.3659, 169.5912
9 219 7.300000 269.2389, 147.3773, 302.9759, 147.5462, 302.8596, 170.7855, 269.1226, 170.6167
9 220 7.340000 268.4226, 148.0718, 302.3337, 147.8034, 302.5204, 171.3907, 268.6093, 171.6591
9 221 7.370000 267.7142, 147.9327, 301.7496, 147.2852, 302.2124, 171.6129, 268.1771, 172.2604
9 222 7.400000 266.9453, 147.8507, 301.0835, 146.8071, 301.8212, 170.9387, 267.6830, 171.9824
9 223 7.440000 265.7275, 146.9559, 299.9908, 145.3278, 301.1466, 169.6519, 266.8833, 171.2799
9 224 7.470000 264.7412, 145.4384, 299.0976, 143.5521, 300.4781, 168.6962, 266.1217, 170.5825
9 225 7.500000 263.6152, 144.2048, 298.0577, 142.0997, 299.5768, 166.9547, 265.1342, 169.0597
9 226 7.540000 262.0005, 141.9271, 296.5624, 139.7017, 298.1916, 165.0033, 263.6296, 167.2287
9 227 7.570000 260.6062, 140.2979, 295.2369, 137.9575, 296.9694, 163.5934, 262.3387, 165.9337
9 228 7.600000 259.1593, 138.9164, 293.8772, 136.5426, 295.6260, 162.1199, 260.9081, 164.4938
9 229 7.640000 257.0463, 137.0579, 291.8681, 134.8186, 293.5179, 160.4735, 258.6961, 162.7128
9 230 7.670000 255.2952, 135.5043, 290.1839, 133.2826, 291.8598, 159.5994, 256.9710, 161.8211
9 231 7.700000 253.4444, 134.5119, 288.4003, 132.3272, 290.0239, 158.3041, 255.0680, 160.4888
9 232 7.740000 250.7699, 132.8594, 285.8088, 130.7222, 287.4196, 157.1307, 252.3807, 159.2680
9 233 7.770000 248.6261, 131.5790, 283.7495, 129.5456, 285.3038, 156.3932, 250.1805, 158.4267
9 234 7.800000 246.4082, 130.6755, 281.7156, 128.7928, 283.1346, 155.4032, 247.8272, 157.2859
9 235 7.840000 243.2857, 129.2809, 278.8560, 127.6720, 280.0657, 154.4162, 244.4954, 156.0251
9 236 7.870000 240.8054, 128.0515, 276.5860, 126.6500, 277.6558, 153.9606, 241.8752, 155.3622
9 237 7.900000 238.2800, 127.2626, 274.2587, 126.1115, 275.1240, 153.1587, 239.1453, 154.3097
9 238 7.940000 234.7704, 126.0110, 271.0170, 125.2046, 271.6224, 152.4162, 235.3758, 153.2226
9 239 7.970000 232.0489, 124.9186, 268.4993, 124.3844, 268.9056, 152.1032, 232.4551, 152.6374
9 240 8.000000 229.3064, 124.1791, 265.9503, 123.9662, 266.1103, 151.5130, 229.4665, 151.7258
9 241 8.040000 225.5698, 123.0092, 262.4852, 123.2562, 262.2997, 150.9921, 225.3842, 150.7452
9 242 8.070000 222.7690, 121.9392, 259.9082, 122.6357, 259.3779, 150.9076, 222.2387, 150.2110
9 243 8.100000 219.9577, 121.2257, 257.3130, 122.3774, 256.4478, 150.4395, 219.0925, 149.2878
9 244 8.140000 216.2178, 120.0256, 253.8718, 121.8062, 252.5356, 150.0635, 214.8816, 148.2829
9 245 8.170000 213.4501, 118.9266, 251.3471, 121.2092, 249.6138, 149.9855, 211.7169, 147.7029
9 246 8.200000 210.7586, 118.1629, 248.8524, 121.0138, 246.7153, 149.5701, 208.6215, 146.7192
9 247 8.240000 207.2899, 116.9950, 245.6425, 120.6263, 242.9420, 149.1480, 204.5894, 145.5167
9 248 8.270000 204.8320, 115.9127, 243.3644, 120.1613, 240.1837, 149.0094, 201.6513, 144.7609
9 249 8.300000 202.4905, 115.2482, 241.1363, 120.1373, 237.5588, 148.4160, 198.9130, 143.5269
9 250 8.340000 199.6649, 114.0158, 238.4350, 119.8545, 234.2144, 147.8805, 195.4443, 142.0419
9 251 8.370000 197.7641, 112.9820, 236.6072, 119.5278, 231.8929, 147.5023, 193.0499, 140.9564
9 252 8.400000 196.0810, 112.1969, 234.8968, 119.4980, 229.7643, 146.7844, 190.9486, 139.4833
9 253 8.440000 194.1866, 110.9810, 232.9142, 119.1554, 227.2782, 145.8566, 188.5507, 137.6822
9 254 8.470000 193.1303, 109.8045, 231.7643, 118.7103, 225.6240, 145.3472, 186.9900, 136.4414
9 255 8.500000 192.3115, 109.0116, 230.7628, 118.7204, 224.2570, 144.4864, 185.8057, 134.7777
9 256 8.540000 191.6378, 107.9634, 229.7861, 118.6177, 222.7892, 143.6705, 184.6409, 133.0163
9 257 8.570000 191.4320, 107.3330, 229.3136, 118.6108, 221.9685, 143.2826, 184.0869, 132.0049
9 258 8.600000 191.4256, 107.1942, 228.9490, 119.0150, 221.4779, 142.7309, 183.9545, 130.9102
9 259 8.640000 191.8629, 107.1086, 228.8813, 119.5167, 221.2362, 142.3251, 184.2179, 129.9170
9 260 8.670000 192.5428, 107.1193, 229.1579, 119.8623, 221.3817, 142.2060, 184.7667, 129.4630
9 261 8.700000 193.4467, 107.5330, 229.5888, 120.5289, 221.9174, 141.8635, 185.7753, 128.8676
9 262 8.740000 195.1610, 108.0494, 230.6702, 121.2764, 223.0865, 141.6357, 187.5773, 128.4087
9 263 8.770000 196.8141, 108.3433, 231.8950, 121.5685, 224.3231, 141.6537, 189.2422, 128.4286
9 264 8.800000 198.6742, 109.0410, 233.2612, 122.1777, 225.9869, 141.3298, 191.3999, 128.1930
9 265 8.840000 201.5978, 109.9122, 235.5848, 122.6557, 228.7130, 140.9826, 194.7261, 128.2391
9 266 8.870000 204.1850, 110.3025, 237.7914, 122.7057, 231.0534, 140.9623, 197.4470, 128.5591
9 267 8.900000 206.9110, 111.2242, 240.0624, 123.1959, 233.8577, 140.3775, 200.7064, 128.4058
9 268 8.940000 211.0110, 111.8994, 243.7446, 123.2669, 237.8950, 140.1110, 205.1615, 128.7435
9 269 8.970000 214.3122, 112.4915, 246.7366, 123.2003, 241.2423, 139.8359, 208.8180, 129.1271
9 270 9.000000 217.7256, 113.2683, 249.9016, 123.2650, 244.8614, 139.4877, 212.6854, 129.4909
9 271 9.040000 222.5408, 114.5447, 254.3121, 123.5296, 249.8658, 139.2522, 218.0945, 130.2673
9 272 9.070000 226.3357, 115.5562, 257.7914, 123.7634, 253.6838, 139.5066, 222.2281, 131.2995
9 273 9.100000 230.1204, 117.1376, 261.2681, 124.6101, 257.6641, 139.6327, 226.5164, 132.1603
9 274 9.140000 235.3626, 119.2542, 266.0851, 125.7263, 262.9927, 140.4056, 232.2702, 133.9335
9 275 9.170000 239.3854, 121.0089, 269.7563, 126.7299, 267.0219, 141.2456, 236.6510, 135.5246
9 276 9.200000 243.4122, 123.0623, 273.4642, 128.0704, 271.1201, 142.1369, 241.0680, 137.1288
9 277 9.240000 248.8835, 125.9374, 278.4627, 130.0652, 276.5592, 143.7055, 246.9800, 139.5777
9 278 9.270000 253.0225, 128.0847, 282.2566, 131.5504, 280.6287, 145.2817, 251.3947, 141.8160
9 279 9.300000 257.1253, 130.7111, 286.0135, 133.5448, 284.6855, 147.0824, 255.7973, 144.2486
9 280 9.340000 262.5829, 134.2998, 291.0221, 136.2579, 290.0935, 149.7437, 261.6544, 147.7855
9 281 9.370000 266.6632, 137.1319, 294.7514, 138.4817, 294.1054, 151.9244, 266.0172, 150.5746
9 282 9.400000 270.6886, 140.2010, 298.4465, 140.9608, 298.0739, 154.5747, 270.3159, 153.8149
9 283 9.440000 275.9846, 144.6713, 303.4887, 144.7060, 303.4714, 158.4006, 275.9673, 158.3659
9 284 9.470000 279.8754, 148.4685, 307.2524, 147.9508, 307.5071, 161.4166, 280.1301, 161.9343
9 285 9.500000 283.6824, 152.2160, 310.9312, 151.1485, 311.4661, 164.8012, 284.2172, 165.8687
9 286 9.540000 288.6330, 157.1595, 315.7297, 155.4766, 316.5796, 169.1600, 289.4828, 170.8430
9 287 9.570000 292.2324, 160.7257, 319.2341, 158.6779, 320.2495, 172.0661, 293.2478, 174.1140
9 288 9.600000 295.6398, 163.7688, 322.5958, 161.3858, 323.8009, 175.0177, 296.8450, 177.4008
9 289 9.640000 299.7805, 167.5758, 326.8386, 164.6522, 328.3368, 178.5172, 301.2786, 181.4409
9 290 9.670000 302.7587, 170.4921, 329.8870, 167.2246, 331.5035, 180.6454, 304.3752, 183.9130
9 291 9.700000 305.5294, 172.7747, 332.7126, 169.1044, 334.5953, 183.0482, 307.4121, 186.7185
9 292 9.740000 309.0079, 175.8905, 336.2669, 171.7680, 338.3907, 185.8112, 311.1317, 189.9337
9 293 9.770000 311.4522, 178.3062, 338.7597, 173.8490, 340.9943, 187.5395, 313.6868, 191.9967
9 294 9.800000 313.6687, 180.2839, 341.0302, 175.5157, 343.4775, 189.5590, 316.1160, 194.3273
9 295 9.840000 316.3890, 183.0719, 343.8123, 177.9132, 346.4512, 191.9409, 319.0278, 197.0996
9 296 9.870000 318.2696, 185.3114, 345.7291, 179.9170, 348.4026, 193.5259, 320.9430, 198.9203
9 297 9.900000 319.8924, 187.1840, 347.4082, 181.5800, 350.2430, 195.4990, 322.7272, 201.1030
9 298 9.940000 321.8281, 189.9469, 349.4071, 184.1236, 352.3248, 197.9420, 324.7458, 203.7652
9 299 9.970000 323.1001, 192.1977, 350.7199, 186.2558, 353.6032, 199.6581, 325.9833, 205.6000
9 300 10.000000 324.1082, 194.1448, 351.7835, 188.1188, 354.7320, 201.6600, 327.0567, 207.6861
9 301 10.040000 325.1138, 196.6419, 352.8795, 190.5570, 355.8380, 204.0570, 328.0723, 210.1419
9 302 10.070000 325.6152, 198.4750, 353.4266, 192.3350, 356.3210, 205.4453, 328.5096, 211.5853
9 303 10.100000 325.7670, 199.6956, 353.6617, 193.5429, 356.6419, 207.0543, 328.7472, 213.2069
9 304 10.140000 325.6391, 201.2973, 353.6223, 195.1520, 356.5807, 208.6234, 328.5975, 214.7687
9 305 10.170000 325.2941, 202.4436, 353.3460, 196.3746, 356.1602, 209.3820, 328.1083, 215.4510
9 306 10.200000 324.6439, 203.1892, 352.7797, 197.2159, 355.5636, 210.3286, 327.4278, 216.3020
9 307 10.240000 323.3881, 203.8140, 351.6262, 198.0585, 354.3078, 211.2152, 326.0697, 216.9707
9 308 10.270000 322.0944, 203.7953, 350.3997, 198.2022, 353.0755, 211.7439, 324.7702, 217.3369
9 309 10.300000 320.6778, 204.1275, 349.0554, 198.7610, 351.5715, 212.0658, 323.1939, 217.4323
9 310 10.340000 318.3223, 203.8628, 346.7894, 198.7917, 349.2663, 212.6958, 320.7992, 217.7669
9 311 10.370000 316.3001, 203.3367, 344.8109, 198.5684, 347.2537, 213.1742, 318.7429, 217.9425
9 312 10.400000 314.1191, 203.0455, 342.6828, 198.5962, 344.9492, 213.1461, 316.3855, 217.5954
9 313 10.440000 310.8682, 202.0992, 339.4562, 198.1289, 341.5532, 213.2281, 312.9652, 217.1985
9 314 10.470000 308.1619, 201.1020, 336.7872, 197.5080, 338.7697, 213.2980, 310.1444, 216.8920
9 315 10.500000 305.1567, 200.5467, 333.9685, 197.3053, 335.7143, 212.8229, 306.9025, 216.0644
9 316 10.540000 300.8781, 199.5667, 329.9459, 196.8474, 331.4099, 212.4963, 302.3421, 215.2157
9 317 10.570000 297.4994, 198.7522, 326.7634, 196.4963, 328.0010, 212.5497, 298.7369, 214.8056
9 318 10.600000 294.0123, 198.2643, 323.4669, 196.4669, 324.4457, 212.5071, 294.9912, 214.3046
9 319 10.640000 289.1676, 197.6869, 318.8734, 196.5580, 319.4883, 212.7386, 289.7824, 213.8674
9 320 10.670000 285.3988, 197.1561, 315.4907, 196.4977, 315.8577, 213.2700, 285.7657, 213.9284
9 321 10.700000 281.5531, 197.1813, 312.0592, 197.0169, 312.1481, 213.5001, 281.6419, 213.6645
9 322 10.740000 276.3060, 197.0072, 307.3482, 197.5367, 307.0607, 214.3932, 276.0185, 213.8638
9 323 10.770000 272.2879, 196.9826, 303.7660, 198.0755, 303.1691, 215.2689, 271.6910, 214.1760
9 324 10.800000 268.2495, 197.2909, 300.1065, 198.9858, 299.1951, 216.1168, 267.3380, 214.4219
9 325 10.840000 262.7726, 197.9131, 295.1659, 200.3682, 293.8623, 217.5682, 261.4690, 215.1131
9 326 10.870000 258.6648, 198.3385, 291.4480, 201.3870, 289.7955, 219.1585, 257.0122, 216.1100
9 327 10.900000 254.5356, 199.3515, 287.6916, 203.0428, 285.7322, 220.6425, 252.5761, 216.9511
9 328 10.940000 249.0893, 200.8191, 282.7213, 205.4779, 280.2507, 223.3132, 246.6187, 218.6543
9 329 10.970000 245.0305, 202.1197, 279.0299, 207.4838, 276.1529, 225.7191, 242.1535, 220.3550
9 330 11.000000 241.0262, 203.7971, 275.3401, 209.8826, 272.1095, 228.0989, 237.7956, 222.0134
9 331 11.040000 235.8569, 205.8477, 270.5980, 212.7629, 266.9136, 231.2729, 232.1725, 224.3577
9 332 11.070000 232.1789, 207.0320, 267.2569, 214.4522, 263.2334, 233.4728, 228.1554, 226.0526
9 333 11.100000 228.7036, 208.3135, 264.0331, 216.3218, 259.7913, 235.0354, 224.4617, 227.0271
9 334 11.140000 224.4194, 209.6048, 260.0847, 218.2993, 255.6026, 236.6850, 219.9374, 227.9905
9 335 11.170000 221.5764, 209.9791, 257.4894, 219.1575, 252.7000, 237.8970, 216.7871, 228.7186
9 336 11.200000 218.9228, 210.6124, 255.0176, 220.2337, 250.1828, 238.3716, 214.0880, 228.7503
9 337 11.240000 215.9024, 210.7362, 252.2724, 220.8440, 247.2334, 238.9751, 210.8635, 228.8673
9 338 11.270000 214.0750, 210.2098, 250.6868, 220.6452, 245.3131, 239.4984, 208.7013, 229.0630
9 339 11.300000 212.4457, 210.0072, 249.2459, 220.6431, 243.8629, 239.2682, 207.0627, 228.6322
9 340 11.340000 210.8573, 209.0290, 247.9610, 219.7847, 242.4024, 238.9603, 205.2987, 228.2046
9 341 11.370000 210.1280, 207.7590, 247.4848, 218.5213, 241.6628, 238.7300, 204.3060, 227.9677
9 342 11.400000 209.6255, 206.8437, 247.1632, 217.5048, 241.4262, 237.7048, 203.8884, 227.0437
9 343 11.440000 209.5933, 204.8704, 247.3992, 215.2923, 241.5909, 236.3623, 203.7849, 225.9404
9 344 11.470000 210.0078, 202.9642, 248.0022, 213.0642, 242.0967, 235.2798, 204.1023, 225.1798
9 345 11.500000 210.6176, 201.4655, 248.7379, 211.1176, 243.0722, 233.4939, 204.9519, 223.8418
9 346 11.540000 211.9235, 199.0660, 250.1795, 207.9249, 244.7389, 231.4195, 206.4829, 222.5606
9 347 11.570000 213.2083, 197.2640, 251.5093, 205.4948, 246.2435, 229.9988, 207.9425, 221.7681
9 348 11.600000 214.6416, 196.0522, 252.9006, 203.6305, 248.0455, 228.1416, 209.7864, 220.5632
9 349 11.640000 216.9296, 194.2157, 255.1109, 200.9284, 250.6906, 226.0706, 212.5094, 219.3579
9 350 11.670000 218.8675, 192.9423, 256.9016, 198.9282, 252.8733, 224.5231, 214.8393, 218.5372
9 351 11.700000 220.9075, 191.9446, 258.7912, 197.1495, 255.2726, 222.7598, 217.3889, 217.5549
9 352 11.740000 223.8848, 190.7542, 261.4100, 194.8562, 258.6263, 220.3213, 221.1012, 216.2193
9 353 11.770000 226.2622, 189.4792, 263.5626, 192.8125, 261.2341, 218.8691, 223.9337, 215.5358
9 354 11.800000 228.7207, 188.8608, 265.6788, 191.4281, 263.9198, 216.7503, 226.9617, 214.1830
9 355 11.840000 232.0531, 187.5601, 268.6015, 189.0583, 267.5657, 214.3273, 231.0173, 212.8292
9 356 11.870000 234.5962, 186.6697, 270.7313, 187.3236, 270.2787, 212.3348, 234.1436, 211.6809
9 357 11.900000 237.0595, 185.8510, 272.8711, 185.6239, 273.0265, 210.1444, 237.2150, 210.3714
9 358 11.940000 240.3569, 184.7602, 275.6503, 183.4412, 276.5370, 207.1669, 241.2436, 208.4860
9 359 11.970000 242.7424, 183.5262, 277.7054, 181.5110, 279.0778, 205.3220, 244.1148, 207.3372
9 360 12.000000 245.0001, 182.8426, 279.7948, 179.9723, 281.6702, 202.7071, 246.8755, 205.5774
9 361 12.040000 247.7583, 181.5302, 282.3394, 177.6247, 284.8295, 199.6731, 250.2484, 203.5787
9 362 12.070000 249.6404, 180.3812, 284.0497, 175.7799, 286.9611, 197.5515, 252.5517, 202.1528
9 363 12.100000 251.3646, 179.4768, 285.5956, 174.2521, 288.7801, 195.1161, 254.5491, 200.3408
9 364 12.140000 253.2873, 177.7903, 287.2728, 171.8289, 290.8247, 192.0781, 256.8392, 198.0395
9 365 12.170000 254.3859, 176.0704, 288.1939, 169.6425, 292.0573, 189.9623, 258.2492, 196.3902
9 366 12.200000 255.2919, 174.6775, 288.9287, 167.8563, 292.8589, 187.2365, 259.2221, 194.0577
9 367 12.240000 255.9898, 172.1779, 289.4342, 164.9989, 293.4389, 183.6556, 259.9945, 190.8346
9 368 12.270000 256.0953, 169.7948, 289.4308, 162.4729, 293.4923, 180.9644, 260.1569, 188.2863
9 369 12.300000 255.9592, 167.5115, 289.2125, 160.1613, 293.0869, 177.6892, 259.8336, 185.0395
9 370 12.340000 255.1160, 163.4000, 288.3194, 156.1571, 292.0941, 173.4614, 258.8907, 180.7042
9 371 12.370000 253.9774, 159.4044, 287.1985, 152.3830, 291.0073, 170.4036, 257.7861, 177.4251
9 372 12.400000 252.6000, 155.3898, 285.8810, 148.7747, 289.4303, 166.6316, 256.1493, 173.2467
9 373 12.440000 250.1594, 148.8181, 283.5930, 143.0086, 286.8132, 161.5411, 253.3796, 167.3506
9 374 12.470000 247.9229, 143.0282, 281.4954, 137.9276, 284.4982, 157.6923, 250.9257, 162.7928
9 375 12.500000 245.6201, 137.8527, 279.3496, 133.7042, 281.7090, 152.8875, 247.9796, 157.0360
9 376 12.540000 242.1930, 130.2515, 276.1207, 127.4258, 277.8236, 147.8727, 243.8959, 150.6984
9 377 12.570000 239.5182, 125.1187, 273.5625, 123.3368, 274.6838, 144.7590, 240.6395, 146.5409
9 378 12.600000 236.7876, 120.7274, 270.9130, 119.9354, 271.4258, 142.0346, 237.3005, 142.8266
9 379 12.640000 233.0347, 115.8090, 267.2127, 116.2594, 266.9115, 139.1099, 232.7336, 138.6595
9 380 12.670000 230.1604, 112.6622, 264.6799, 113.9578, 263.7958, 137.5112, 229.2764, 136.2156
9 381 12.700000 227.2222, 110.2888, 262.0825, 112.3706, 260.6678, 136.0585, 225.8076, 133.9767
9 382 12.740000 223.2756, 107.7250, 258.5577, 110.7764, 256.4751, 134.8561, 221.1930, 131.8047
9 383 12.770000 220.3103, 106.2947, 255.9058, 110.0500, 253.3334, 134.4323, 217.7379, 130.6770
9 384 12.800000 217.3246, 105.4968, 253.2143, 109.9040, 250.2307, 134.2011, 214.3410, 129.7938
9 385 12.840000 213.3540, 105.0578, 249.6425, 110.2730, 246.1537, 134.5492, 209.8651, 129.3339
9 386 12.870000 210.3880, 105.1540, 246.9899, 110.9381, 243.1304, 135.3612, 206.5285, 129.5772
9 387 12.900000 207.4287, 105.9784, 244.3256, 112.2661, 240.2244, 136.3319, 203.3275, 130.0441
9 388 12.940000 203.5998, 107.7283, 240.8762, 114.7279, 236.4200, 138.4597, 199.1436, 131.4601
9 389 12.970000 200.7655, 109.5255, 238.3539, 116.9495, 233.6926, 140.5504, 196.1042, 133.1265
9 390 13.000000 197.9762, 111.9827, 235.8246, 119.7539, 231.0974, 142.7772, 193.2489, 135.0060
9 391 13.040000 194.4228, 115.6180, 232.6110, 123.7190, 227.8487, 146.1687, 189.6604, 138.0677
9 392 13.070000 191.9766, 118.3290, 230.4294, 126.7477, 225.5377, 149.0904, 187.0850, 140.6717
9 393 13.100000 189.6309, 121.5284, 228.2757, 130.1222, 223.4459, 151.8411, 184.8011, 143.2473
9 394 13.140000 186.7897, 125.8156, 225.6899, 134.6067, 220.8468, 156.0371, 181.9466, 147.2461
9 395 13.170000 184.8443, 129.2001, 223.9422, 138.1158, 219.0632, 159.5120, 179.9652, 150.5964
9 396 13.200000 183.0060, 133.1561, 222.2247, 142.1151, 217.4703, 162.9279, 178.2516, 153.9689
9 397 13.240000 180.7803, 138.7320, 220.1791, 147.6997, 215.5424, 168.0708, 176.1436, 159.1031
9 398 13.270000 179.2662, 143.1954, 218.8101, 152.1159, 214.2321, 172.4102, 174.6882, 163.4897
9 399 13.300000 177.8247, 148.3315, 217.4585, 157.1300, 213.0823, 176.8430, 173.4485, 168.0444
9 400 13.340000 176.0642, 155.7179, 215.8405, 164.3010, 211.6824, 183.5707, 171.9061, 174.9876
9 401 13.370000 174.8333, 161.7874, 214.7306, 170.1628, 210.7181, 189.2766, 170.8209, 180.9012
9 402 13.400000 173.6286, 168.6779, 213.6084, 176.7868, 209.8413, 195.3601, 169.8615, 187.2512
9 403 13.440000 172.0788, 178.8121, 212.1937, 186.5169, 208.7215, 204.5948, 168.6066, 196.8900
9 404 13.470000 170.9486, 187.1648, 211.1776, 194.5259, 207.9203, 212.3273, 167.6913, 204.9662
9 405 13.500000 169.8727, 196.1211, 210.1945, 203.1076, 207.1988, 220.3971, 166.8770, 213.4105
9 406 13.540000 168.7055, 207.8260, 209.1626, 214.3406, 206.4594, 231.1283, 166.0022, 224.6137
9 407 13.570000 168.1060, 215.9024, 208.6795, 222.1402, 206.1145, 238.8245, 165.5409, 232.5866
9 408 13.600000 167.7006, 223.7148, 208.3454, 229.6350, 205.9651, 245.9765, 165.3203, 240.0563
9 409 13.640000 167.5360, 233.0114, 208.3116, 238.8171, 205.9796, 255.1956, 165.2040, 249.3900
9 410 13.670000 167.6002, 239.3773, 208.5396, 245.0646, 206.2601, 261.4734, 165.3206, 255.7860
9 411 13.700000 167.7900, 246.0326, 208.7759, 251.4303, 206.6097, 267.8788, 165.6238, 262.4811
9 412 13.740000 168.3836, 253.7853, 209.4141, 258.9140, 207.2771, 276.0108, 166.2466, 270.8822
9 413 13.770000 168.8600, 259.8047, 210.0392, 264.8084, 208.0121, 281.4914, 166.8329, 276.4878
9 414 13.800000 169.5918, 265.1746, 210.7678, 270.0053, 208.7245, 287.4220, 167.5485, 282.5913
9 415 13.840000 170.5632, 272.8092, 211.8650, 277.3645, 209.9436, 294.7852, 168.6418, 290.2299
9 416 13.870000 171.3345, 278.8157, 212.7821, 283.1976, 210.9899, 300.1494, 169.5423, 295.7675
9 417 13.900000 172.2865, 284.5017, 213.7733, 288.7196, 212.0105, 306.0581, 170.5237, 301.8401
9 418 13.940000 173.5883, 292.7086, 215.1961, 296.8152, 213.5150, 313.8482, 171.9071, 309.7416
9 419 13.970000 174.6461, 298.9494, 216.3453, 302.9772, 214.7244, 319.7578, 173.0252, 315.7300
9 420 14.000000 175.7750, 305.3478, 217.5324, 309.1988, 215.9811, 326.0208, 174.2237, 322.1699
9 421 14.040000 177.4951, 313.3285, 219.3187, 317.1003, 217.7976, 333.9673, 175.9740, 330.1956
9 422 14.070000 178.9613, 318.6141, 220.8554, 322.4078, 219.2769, 339.8398, 177.3827, 336.0461
9 423 14.100000 180.5634, 324.0631, 222.3934, 327.7379, 220.8826, 344.9351, 179.0526, 341.2604
9 424 14.140000 182.8838, 330.4013, 224.6778, 333.8163, 223.2350, 351.4732, 181.4411, 348.0581
9 425 14.170000 184.8131, 334.6088, 226.5203, 337.8641, 225.0939, 356.1391, 183.3867, 352.8838
9 426 14.200000 186.8495, 339.0757, 228.4064, 342.1697, 227.0808, 359.9744, 185.5239, 356.8804
9 427 14.240000 189.7468, 344.4006, 231.0595, 347.2174, 229.8530, 364.9137, 188.5403, 362.0969
9 428 14.270000 192.0310, 347.8509, 233.1772, 350.4729, 232.0197, 368.6364, 190.8736, 366.0144
9 429 14.300000 194.4079, 351.7202, 235.2843, 354.1396, 234.2515, 371.5901, 193.3751, 369.1707
9 430 14.340000 197.6833, 356.3917, 238.1979, 358.5342, 237.2976, 375.5599, 196.7829, 373.4175
9 431 14.370000 200.1946, 359.6465, 240.4292, 361.5552, 239.6230, 378.5504, 199.3884, 376.6417
9 432 14.400000 202.7534, 363.3069, 242.6427, 364.9979, 241.9326, 381.7467, 202.0434, 380.0557
9 433 14.440000 206.2343, 367.2739, 245.6451, 368.7017, 245.0140, 386.1224, 205.6032, 384.6946
9 434 14.470000 208.8324, 370.3184, 247.9027, 371.5710, 247.3359, 389.2489, 208.2656, 387.9963
9 435 14.500000 211.4898, 372.8599, 250.1390, 373.9838, 249.5906, 392.8423, 210.9414, 391.7184
9 436 14.540000 215.0087, 376.1543, 253.1141, 377.1742, 252.5807, 397.1051, 214.4753, 396.0853
9 437 14.570000 217.5468, 378.6607, 255.3068, 379.4684, 254.8774, 399.5400, 217.1174, 398.7323
9 438 14.600000 220.1137, 380.4577, 257.4745, 381.1230, 257.1017, 402.0582, 219.7409, 401.3929
9 439 14.640000 223.4327, 382.7894, 260.3384, 383.2952, 260.0473, 404.5332, 223.1416, 404.0273
9 440 14.670000 225.8417, 384.4043, 262.4408, 384.7697, 262.2300, 405.8783, 225.6310, 405.5130
9 441 14.700000 228.2465, 385.3298, 264.5034, 385.5818, 264.3516, 407.4277, 228.0946, 407.1756
9 442 14.740000 231.3009, 386.6005, 267.1625, 386.6684, 267.1207, 408.7575, 231.2591, 408.6896
9 443 14.770000 233.5352, 387.4795, 269.1055, 387.4972, 269.0947, 409.2892, 233.5244, 409.2716
9 444 14.800000 235.6800, 387.8121, 270.9919, 387.7431, 271.0355, 410.0486, 235.7236, 410.1177
9 445 14.840000 238.4632, 388.2446, 273.4178, 388.1307, 273.4906, 410.4747, 238.5361, 410.5886
9 446 14.870000 240.4896, 388.6144, 275.1540, 388.4709, 275.2446, 410.3574, 240.5802, 410.5009
9 447 14.900000 242.4132, 388.4177, 276.8511, 388.2605, 276.9527, 410.5089, 242.5148, 410.6661
9 448 14.940000 244.8973, 388.2173, 279.0069, 388.0516, 279.1144, 410.1800, 245.0048, 410.3458
9 449 14.970000 246.6988, 388.1151, 280.5469, 387.9511, 280.6516, 409.5646, 246.8035, 409.7286
