93 0 0.010000 257.5515, 66.7766, 285.6955, 67.9165, 284.8593, 88.5644, 256.7152, 87.4245
93 1 0.040000 257.5218, 67.4735, 285.6675, 68.6130, 284.8327, 89.2343, 256.6869, 88.0949
93 2 0.070000 257.4556, 69.0242, 285.6052, 70.1626, 284.7737, 90.7249, 256.6240, 89.5865
93 3 0.110000 257.3106, 72.4212, 285.4688, 73.5574, 284.6443, 93.9901, 256.4861, 92.8539
93 4 0.140000 257.1592, 75.9676, 285.3263, 77.1015, 284.5092, 97.3988, 256.3421, 96.2649
93 5 0.170000 256.9712, 80.3720, 285.1495, 81.5031, 284.3415, 101.6321, 256.1632, 100.5010
93 6 0.200000 256.7465, 85.6364, 284.9381, 86.7641, 284.1410, 106.6919, 255.9494, 105.5642
93 7 0.240000 256.3857, 93.9946, 284.5947, 95.0996, 283.8257, 114.7312, 255.6166, 113.6261
93 8 0.270000 256.0438, 99.8918, 284.2963, 100.8270, 283.5795, 122.4817, 255.3270, 121.5465
93 9 0.310000 255.6376, 107.6052, 283.8682, 108.3199, 283.2748, 131.7574, 255.0443, 131.0427
93 10 0.340000 255.3936, 112.7935, 283.5588, 113.3629, 283.0685, 137.6173, 254.9033, 137.0480
93 11 0.370000 255.1838, 117.5618, 283.2416, 117.9658, 282.8884, 142.4991, 254.8306, 142.0950
93 12 0.400000 255.0152, 121.8328, 282.9504, 122.1131, 282.7023, 146.8448, 254.7671, 146.5645
93 13 0.440000 254.8207, 127.1510, 282.6195, 127.3527, 282.4411, 151.9433, 254.6423, 151.7417
93 14 0.470000 254.6995, 131.0973, 282.4101, 131.3219, 282.2155, 155.3352, 254.5050, 155.1106
93 15 0.500000 254.5490, 134.7482, 282.0704, 134.8249, 282.0037, 158.7728, 254.4823, 158.6962
93 16 0.540000 254.3450, 139.7006, 281.5866, 139.5818, 281.6883, 162.9010, 254.4467, 163.0198
93 17 0.570000 254.1739, 143.4217, 281.1986, 143.1479, 281.4265, 165.6378, 254.4018, 165.9116
93 18 0.610000 253.9149, 148.0572, 280.6644, 147.6132, 281.0223, 169.1772, 254.2728, 169.6212
93 19 0.640000 253.6701, 151.2761, 280.1987, 150.6628, 280.6866, 171.7677, 254.1580, 172.3810
93 20 0.670000 253.4044, 154.6816, 279.7147, 153.9217, 280.2916, 173.8966, 253.9813, 174.6565
93 21 0.700000 253.0767, 157.6872, 279.1660, 156.7577, 279.8567, 176.1450, 253.7674, 177.0745
93 22 0.740000 252.5518, 161.6571, 278.3636, 160.4846, 279.1919, 178.7178, 253.3801, 179.8903
93 23 0.770000 252.1142, 164.6444, 277.7263, 163.3187, 278.6053, 180.3017, 252.9933, 181.6274
93 24 0.800000 251.5796, 167.1332, 277.0173, 165.6669, 277.9638, 182.0862, 252.5261, 183.5525
93 25 0.840000 250.7722, 170.4128, 275.9943, 168.7847, 276.9787, 184.0342, 251.7566, 185.6624
93 26 0.870000 250.0620, 172.8330, 275.1736, 171.1210, 276.1324, 185.1858, 251.0209, 186.8978
93 27 0.900000 249.2543, 174.7671, 274.2502, 172.9731, 275.2221, 186.5150, 250.2262, 188.3089
93 28 0.940000 248.0399, 177.3317, 272.9219, 175.4357, 273.8690, 187.8660, 248.9871, 189.7620
93 29 0.970000 247.0374, 179.1985, 271.8533, 177.2715, 272.7414, 188.7088, 247.9255, 190.6358
93 30 1.000000 245.9315, 180.5868, 270.6983, 178.6998, 271.5639, 190.0616, 246.7971, 191.9486
93 31 1.040000 244.2918, 181.8374, 268.9939, 180.0295, 269.8644, 191.9241, 245.1623, 193.7320
93 32 1.070000 242.9283, 182.5320, 267.6138, 180.7556, 268.5304, 193.4932, 243.8449, 195.2696
93 33 1.110000 241.0336, 183.7513, 265.6710, 182.0466, 266.5855, 195.2630, 241.9481, 196.9677
93 34 1.140000 239.5265, 184.7489, 264.1502, 183.1271, 265.0309, 196.4984, 240.4071, 198.1201
93 35 1.170000 237.9271, 185.4913, 262.5314, 183.9504, 263.4110, 197.9946, 238.8066, 199.5355
93 36 1.210000 235.6975, 186.6246, 260.2983, 185.2555, 261.1115, 199.8673, 236.5106, 201.2364
93 37 1.240000 233.9498, 187.7765, 258.5373, 186.5005, 259.2904, 201.0125, 234.7029, 202.2885
93 38 1.270000 232.1106, 188.6494, 256.7080, 187.4947, 257.4127, 202.5059, 232.8153, 203.6606
93 39 1.310000 229.5752, 190.1525, 254.1760, 189.1746, 254.7779, 204.3169, 230.1771, 205.2947
93 40 1.340000 227.6055, 191.4658, 252.2169, 190.6469, 252.7164, 205.6581, 228.1049, 206.4770
93 41 1.370000 225.5701, 192.7170, 250.1925, 192.0649, 250.5947, 207.2508, 225.9723, 207.9029
93 42 1.410000 222.7623, 194.7041, 247.4143, 194.2727, 247.6791, 209.3975, 223.0270, 209.8290
93 43 1.440000 220.5970, 196.4876, 245.2666, 196.2232, 245.4247, 210.9795, 220.7551, 211.2439
93 44 1.470000 218.3684, 198.1834, 243.0720, 198.0916, 243.1268, 212.8335, 218.4232, 212.9254
93 45 1.510000 215.3276, 200.6107, 240.0755, 200.7849, 239.9740, 215.1885, 215.2261, 215.0143
93 46 1.540000 212.9620, 202.4649, 237.7555, 202.7784, 237.5799, 216.6618, 212.7864, 216.3482
93 47 1.570000 210.5533, 203.7043, 235.4190, 204.2132, 235.1295, 218.3584, 210.2638, 217.8494
93 48 1.610000 207.2806, 205.2816, 232.2293, 206.0526, 231.7980, 220.0061, 206.8494, 219.2351
93 49 1.640000 204.7849, 206.3526, 229.7989, 207.3443, 229.2640, 220.8357, 204.2500, 219.8440
93 50 1.670000 202.2881, 206.8926, 227.3643, 208.1609, 226.6760, 221.7718, 201.5997, 220.5036
93 51 1.710000 198.9305, 207.4156, 224.1048, 209.0909, 223.2076, 222.5729, 198.0334, 220.8977
93 52 1.740000 196.3920, 207.8553, 221.6082, 209.7934, 220.6198, 222.6538, 195.4035, 220.7157
93 53 1.770000 193.8684, 207.5976, 219.1898, 209.8400, 218.0210, 223.0375, 192.6997, 220.7951
93 54 1.810000 190.5320, 207.3825, 215.9198, 210.0296, 214.5899, 222.7845, 189.2021, 220.1374
93 55 1.840000 188.0326, 207.0371, 213.5048, 209.9733, 212.0847, 222.2928, 186.6125, 219.3566
93 56 1.870000 185.6058, 206.2168, 211.1538, 209.4459, 209.5858, 221.8518, 184.0378, 218.6227
93 57 1.910000 182.3947, 205.0401, 208.0663, 208.5698, 206.4026, 220.6701, 180.7309, 217.1403
93 58 1.940000 180.0498, 204.0399, 205.7910, 207.7707, 204.1043, 219.4089, 178.3630, 215.6781
93 59 1.970000 177.7954, 202.5295, 203.6502, 206.4718, 201.8465, 218.3009, 175.9917, 214.3586
93 60 2.010000 174.8891, 200.4610, 200.8724, 204.6863, 198.9452, 216.5375, 172.9619, 212.3123
93 61 2.040000 172.7328, 199.0894, 198.8267, 203.4906, 196.8762, 215.0550, 170.7823, 210.6538
93 62 2.070000 170.6499, 197.6117, 196.8680, 202.2166, 194.8219, 213.8659, 168.6038, 209.2610
93 63 2.110000 167.8976, 196.0310, 194.2932, 200.8487, 192.2108, 212.2579, 165.8152, 207.4402
93 64 2.140000 165.9209, 194.9244, 192.4349, 199.9542, 190.3150, 211.1292, 163.8010, 206.0994
93 65 2.170000 164.0054, 193.8477, 190.6644, 199.1023, 188.4535, 210.3191, 161.7945, 205.0645
93 66 2.210000 161.5807, 192.4911, 188.4350, 198.0828, 186.0883, 209.3533, 159.2340, 203.7616
93 67 2.240000 159.8986, 191.4307, 186.8877, 197.2888, 184.3479, 208.9900, 157.3588, 203.1318
93 68 2.270000 158.1895, 190.8205, 185.3617, 196.8814, 182.7855, 208.4307, 155.6133, 202.3698
93 69 2.310000 156.1260, 189.8965, 183.5334, 196.3017, 180.7549, 208.1906, 153.3475, 201.7853
93 70 2.340000 154.6998, 189.2572, 182.3179, 195.9594, 179.3477, 208.1990, 151.7295, 201.4968
93 71 2.370000 153.3634, 188.9006, 181.1549, 195.8876, 178.0665, 208.1718, 150.2750, 201.1847
93 72 2.410000 151.7662, 188.5387, 179.8182, 195.9166, 176.5295, 208.4207, 148.4775, 201.0428
93 73 2.440000 150.7519, 188.2746, 179.0105, 195.9991, 175.4804, 208.9134, 147.2218, 201.1889
93 74 2.470000 149.8392, 188.3652, 178.2650, 196.4290, 174.6043, 209.3336, 146.1784, 201.2698
93 75 2.510000 148.8942, 188.5221, 177.5624, 197.0636, 173.6340, 210.2485, 144.9659, 201.7070
93 76 2.540000 148.4107, 188.6598, 177.2710, 197.5316, 173.0850, 211.1487, 144.2248, 202.2769
93 77 2.570000 148.0575, 189.1556, 177.0715, 198.2958, 172.7968, 211.8652, 143.7828, 202.7250
93 78 2.610000 147.9395, 189.8038, 177.1714, 199.2463, 172.7017, 213.0835, 143.4698, 203.6410
93 79 2.640000 148.1398, 190.2349, 177.5540, 199.8618, 172.8438, 214.2534, 143.4296, 204.6266
93 80 2.670000 148.4683, 191.1125, 178.0253, 200.8250, 173.3061, 215.1861, 143.7491, 205.4736
93 81 2.710000 149.2823, 192.3042, 179.0533, 202.0294, 174.2389, 216.7673, 144.4678, 207.0421
93 82 2.740000 150.1846, 193.2287, 180.1220, 202.9208, 175.1621, 218.2412, 145.2247, 208.5491
93 83 2.770000 151.2216, 194.6424, 181.2788, 204.2309, 176.3882, 219.5615, 146.3310, 209.9731
93 84 2.800000 152.5326, 195.9727, 182.7342, 205.4214, 177.7533, 221.3425, 147.5517, 211.8939
93 85 2.840000 154.5364, 198.3281, 184.8779, 207.5152, 179.9331, 223.8461, 149.5915, 214.6590
93 86 2.870000 156.2217, 200.5193, 186.6464, 209.4425, 181.8151, 225.9156, 151.3903, 216.9923
93 87 2.900000 158.1230, 202.8399, 188.6208, 211.4595, 183.8211, 228.4420, 153.3232, 219.8224
93 88 2.940000 160.8799, 206.5657, 191.4351, 214.7212, 186.7880, 232.1321, 156.2328, 223.9766
93 89 2.970000 163.1299, 209.8199, 193.6839, 217.6085, 189.2315, 235.0747, 158.6776, 227.2860
93 90 3.000000 165.6284, 213.0165, 196.1711, 220.4086, 191.8243, 238.3689, 161.2815, 230.9767
93 91 3.040000 169.3764, 217.2694, 199.8507, 224.2599, 195.6752, 242.4624, 165.2009, 235.4719
93 92 3.070000 172.5144, 220.3060, 202.9035, 227.0111, 198.9311, 245.0147, 168.5420, 238.3095
93 93 3.100000 176.0116, 222.7151, 206.2998, 229.1103, 202.4228, 247.4721, 172.1346, 241.0769
93 94 3.140000 181.0579, 225.5220, 211.1897, 231.3562, 207.5809, 249.9946, 177.4490, 244.1603
93 95 3.170000 185.1105, 227.5361, 215.0771, 232.9437, 211.7974, 251.1180, 181.8309, 245.7103
93 96 3.200000 189.4743, 228.6377, 219.2815, 233.5650, 216.1645, 252.4214, 186.3572, 247.4941
93 97 3.240000 195.5768, 230.1171, 225.0812, 234.4536, 222.3499, 253.0366, 192.8455, 248.7001
93 98 3.270000 200.3021, 230.9094, 229.6031, 234.6772, 227.2506, 252.9715, 197.9496, 249.2037
93 99 3.300000 205.2494, 231.2779, 234.2473, 234.5286, 232.2226, 252.5906, 203.2246, 249.3400
93 100 3.340000 211.9739, 231.0866, 240.6638, 233.6076, 239.0866, 251.5572, 210.3967, 249.0362
93 101 3.370000 217.1441, 230.9258, 245.6719, 232.9977, 244.4460, 249.8760, 215.9183, 247.8041
93 102 3.400000 222.3852, 229.6087, 250.9022, 231.1832, 249.9458, 248.5061, 221.4288, 246.9317
93 103 3.440000 229.4108, 227.9443, 257.8789, 228.7998, 257.3828, 245.3081, 228.9147, 244.4526
93 104 3.470000 234.6073, 226.2642, 263.0228, 226.4732, 262.9056, 242.3976, 234.4901, 242.1885
93 105 3.500000 239.7985, 223.9667, 268.1531, 223.4841, 268.4271, 239.5804, 240.0725, 240.0630
93 106 3.540000 246.4100, 221.2379, 274.8623, 219.8232, 275.6373, 235.4090, 247.1850, 236.8237
93 107 3.570000 251.2686, 219.5883, 279.8390, 217.5758, 280.8646, 232.1353, 252.2941, 234.1479
93 108 3.600000 256.0386, 217.6247, 284.7016, 215.0610, 285.9868, 229.4298, 257.3238, 231.9935
93 109 3.640000 262.2952, 215.4188, 291.0544, 212.2419, 292.5518, 225.7968, 263.7926, 228.9737
93 110 3.670000 266.8677, 213.9020, 295.6786, 210.2965, 297.3597, 223.7295, 268.5488, 227.3351
93 111 3.700000 271.2600, 212.0488, 300.1484, 208.0785, 302.0003, 221.5533, 273.1120, 225.5236
93 112 3.740000 276.8725, 209.4812, 305.8563, 205.0946, 307.9397, 218.8602, 278.9559, 223.2467
93 113 3.770000 280.8624, 207.3463, 309.9280, 202.6610, 312.2439, 217.0280, 283.1783, 221.7133
93 114 3.800000 284.7201, 205.4632, 313.8570, 200.5141, 316.2990, 214.8910, 287.1621, 219.8402
93 115 3.840000 289.5222, 202.5641, 318.7850, 197.3104, 321.4735, 212.2850, 292.2107, 217.5388
93 116 3.870000 292.8794, 200.2759, 322.2375, 194.7954, 325.1276, 210.2768, 295.7694, 215.7573
93 117 3.900000 296.0983, 198.2104, 325.5589, 192.5414, 328.5058, 207.8559, 299.0453, 213.5250
93 118 3.940000 300.0574, 195.2238, 329.6467, 189.3002, 332.7044, 204.5740, 303.1151, 210.4976
93 119 3.970000 302.7394, 192.6950, 332.4619, 186.6038, 335.6718, 202.2669, 305.9493, 208.3580
93 120 4.000000 305.3303, 190.5690, 335.1715, 184.3592, 338.3492, 199.6297, 308.5080, 205.8396
93 121 4.040000 308.5271, 187.9556, 338.5586, 181.6344, 341.7137, 196.6240, 311.6822, 202.9452
93 122 4.070000 310.7973, 186.4519, 340.9816, 180.0944, 344.0776, 194.7936, 313.8933, 201.1511
93 123 4.100000 313.0091, 185.5503, 343.3337, 179.2014, 346.2664, 193.2090, 315.9418, 199.5579
93 124 4.140000 315.7064, 184.6302, 346.2402, 178.3516, 349.0314, 191.9257, 318.4977, 198.2043
93 125 4.170000 317.5319, 184.1476, 348.2389, 177.9200, 351.0032, 191.5501, 320.2961, 197.7777
93 126 4.200000 319.2127, 183.9097, 350.0946, 177.8013, 352.9374, 192.1739, 322.0556, 198.2823
93 127 4.240000 321.3337, 184.3861, 352.4936, 178.5224, 355.3345, 193.6187, 324.1745, 199.4824
93 128 4.270000 322.8391, 185.3539, 354.2036, 179.7324, 356.9734, 195.1861, 325.6088, 200.8076
93 129 4.300000 324.2315, 186.6386, 355.8124, 181.3133, 358.5307, 197.4341, 326.9499, 202.7594
93 130 4.340000 326.0107, 189.2845, 357.8576, 184.4446, 360.4056, 201.2108, 328.5586, 206.0506
93 131 4.370000 327.2947, 192.0026, 359.3253, 187.5976, 361.6801, 204.7205, 329.6496, 209.1256
93 132 4.400000 328.5222, 195.2464, 360.7310, 191.3316, 362.8804, 209.0160, 330.6717, 212.9308
93 133 4.440000 330.1258, 200.6801, 362.5394, 197.5089, 364.3259, 215.7701, 331.9123, 218.9412
93 134 4.470000 331.3020, 205.5236, 363.8436, 202.9851, 365.2932, 221.5679, 332.7517, 224.1064
93 135 4.500000 332.4279, 210.7243, 365.0770, 208.8590, 366.1647, 227.8984, 333.5156, 229.7636
93 136 4.540000 333.7968, 217.8303, 366.5548, 216.8026, 367.1646, 236.2403, 334.4066, 237.2680
93 137 4.570000 334.7068, 222.9998, 367.5236, 222.5112, 367.8137, 242.0007, 334.9969, 242.4892
93 138 4.600000 335.5302, 227.6858, 368.4060, 227.6858, 368.4060, 247.4975, 335.5303, 247.4975
93 139 4.640000 336.4734, 233.7365, 369.4115, 234.1270, 369.1772, 253.8933, 336.2390, 253.5028
93 140 4.670000 337.1190, 238.1144, 370.0905, 238.7421, 369.7221, 258.0928, 336.7507, 257.4652
93 141 4.700000 337.7827, 241.7494, 370.7998, 242.7450, 370.2051, 262.4668, 337.1879, 261.4712
93 142 4.740000 338.6338, 246.3461, 371.6864, 247.7415, 370.8391, 267.8123, 337.7865, 266.4169
93 143 4.770000 339.2904, 249.8500, 372.3275, 251.5880, 371.2891, 271.3251, 338.2520, 269.5870
93 144 4.800000 339.9439, 252.8463, 372.9941, 254.8556, 371.7672, 275.0351, 338.7170, 273.0258
93 145 4.840000 340.8095, 257.1114, 373.8496, 259.4173, 372.4570, 279.3713, 339.4169, 277.0654
93 146 4.870000 341.4310, 260.5023, 374.4734, 262.9321, 373.0522, 282.2581, 340.0098, 279.8283
93 147 4.900000 342.0969, 263.5202, 375.1500, 266.0542, 373.6647, 285.4282, 340.6116, 282.8942
93 148 4.940000 342.9771, 267.8838, 376.0419, 270.4609, 374.5759, 289.2707, 341.5110, 286.6936
93 149 4.970000 343.6430, 271.3981, 376.7041, 273.9434, 375.3216, 291.8997, 342.2605, 289.3544
93 150 5.000000 344.3412, 274.6008, 377.4221, 277.0581, 376.1064, 294.7693, 343.0256, 292.3120
93 151 5.040000 345.3136, 278.9127, 378.3980, 281.2074, 377.2172, 298.2309, 344.1329, 295.9362
93 152 5.070000 346.0732, 282.1996, 379.1433, 284.3528, 378.0970, 300.4222, 345.0269, 298.2690
93 153 5.100000 346.9036, 284.8616, 379.9729, 286.9127, 378.9806, 302.9114, 345.9113, 300.8603
93 154 5.140000 348.0450, 288.4734, 381.0912, 290.3804, 380.2054, 305.7299, 347.1592, 303.8229
93 155 5.170000 348.9356, 291.2654, 381.9321, 293.0800, 381.1070, 308.0830, 348.1106, 306.2684
93 156 5.200000 349.8613, 293.5010, 382.8468, 295.2378, 382.0573, 310.2331, 349.0717, 308.4963
93 157 5.240000 351.1576, 296.0047, 384.0942, 297.6493, 383.3145, 313.2661, 350.3778, 311.6215
93 158 5.270000 352.1603, 297.6109, 385.0508, 299.1905, 384.2610, 315.6345, 351.3705, 314.0549
93 159 5.300000 353.1593, 299.5490, 386.0311, 301.1071, 385.2509, 317.5677, 352.3790, 316.0096
93 160 5.340000 354.5269, 301.8636, 387.3581, 303.3883, 386.5702, 320.3548, 353.7389, 318.8302
93 161 5.370000 355.5812, 303.4356, 388.3789, 304.9735, 387.5512, 322.6255, 354.7535, 321.0877
93 162 5.400000 356.6368, 305.3616, 389.4217, 306.9310, 388.5773, 324.5700, 355.7924, 323.0006
93 163 5.440000 358.0755, 307.7694, 390.8541, 309.4202, 389.9459, 327.4520, 357.1673, 325.8011
93 164 5.470000 359.1770, 309.4370, 391.9781, 311.1529, 391.0006, 329.8385, 358.1995, 328.1225
93 165 5.500000 360.3018, 311.3960, 393.1035, 313.2124, 392.0684, 331.9038, 359.2667, 330.0874
93 166 5.540000 361.8488, 313.5848, 394.6847, 315.5145, 393.5550, 334.7374, 360.7191, 332.8076
93 167 5.570000 363.0652, 314.7314, 395.9658, 316.7615, 394.7206, 336.9434, 361.8199, 334.9133
93 168 5.600000 364.3197, 316.1701, 397.2569, 318.3338, 395.9346, 338.4623, 362.9975, 336.2987
93 169 5.640000 366.0742, 317.6184, 399.0946, 319.9499, 397.6499, 340.4102, 364.6295, 338.0787
93 170 5.670000 367.4544, 318.3848, 400.5625, 320.8216, 399.0173, 341.8171, 365.9091, 339.3803
93 171 5.700000 368.8755, 319.4484, 402.0395, 321.9818, 400.4630, 342.6197, 367.2990, 340.0863
93 172 5.740000 370.8720, 320.5017, 404.1374, 323.1494, 402.5075, 343.6280, 369.2421, 340.9803
93 173 5.770000 372.4486, 320.9401, 405.8281, 323.6593, 404.1360, 344.4310, 370.7564, 341.7118
93 174 5.800000 374.0848, 321.7476, 407.5287, 324.5651, 405.8417, 344.5904, 372.3977, 341.7729
93 175 5.840000 376.3642, 322.3123, 409.9473, 325.1688, 408.2680, 344.9121, 374.6848, 342.0556
93 176 5.870000 378.1612, 322.4725, 411.8582, 325.3205, 410.1861, 345.1044, 376.4891, 342.2564
93 177 5.900000 379.9710, 322.8957, 413.8041, 325.6873, 412.2308, 344.7550, 378.3977, 341.9634
93 178 5.940000 382.5216, 323.0053, 416.5750, 325.7398, 415.0866, 344.2744, 381.0333, 341.5399
93 179 5.970000 384.5163, 322.7004, 418.7198, 325.2914, 417.3064, 343.9488, 383.1030, 341.3578
93 180 6.000000 386.5160, 322.7109, 420.9213, 325.1283, 419.6671, 342.9783, 385.2618, 340.5608
93 181 6.040000 389.2648, 322.3380, 423.9193, 324.3912, 422.9002, 341.5931, 388.2457, 339.5400
93 182 6.070000 391.4115, 321.5519, 426.2281, 323.3434, 425.3347, 340.7065, 390.5181, 338.9150
93 183 6.100000 393.5540, 321.1524, 428.5810, 322.7003, 427.8572, 339.0789, 392.8302, 337.5309
93 184 6.140000 396.4752, 319.8882, 431.7570, 321.0964, 431.2090, 337.1000, 395.9271, 335.8919
93 185 6.170000 398.6770, 318.6431, 434.1207, 319.5149, 433.7284, 335.4627, 398.2848, 334.5910
93 186 6.200000 400.8470, 317.1520, 436.5047, 317.6694, 436.2785, 333.2619, 400.6208, 332.7446
93 187 6.240000 403.7174, 314.5411, 439.5953, 314.5102, 439.6089, 330.3436, 403.7310, 330.3744
93 188 6.270000 405.8185, 312.6745, 441.8391, 312.1965, 442.0470, 327.8598, 406.0263, 328.3377
93 189 6.300000 407.8422, 309.9313, 444.0253, 309.0112, 444.4448, 325.5095, 408.2618, 326.4296
93 190 6.340000 410.3916, 306.2885, 446.7514, 304.6581, 447.5070, 321.5085, 411.1472, 323.1389
93 191 6.370000 412.1971, 303.4463, 448.6179, 301.2152, 449.6345, 317.8103, 413.2137, 320.0414
93 192 6.400000 413.7934, 299.6873, 450.3280, 296.8309, 451.6896, 314.2470, 415.1551, 317.1034
93 193 6.440000 415.6991, 294.4864, 452.2760, 290.7386, 454.0911, 308.4536, 417.5142, 312.2015
93 194 6.470000 416.9390, 290.5693, 453.4930, 286.0974, 455.5953, 303.2820, 419.0413, 307.7539
93 195 6.500000 417.8944, 285.8540, 454.4290, 280.6512, 456.9640, 298.4518, 420.4294, 303.6547
93 196 6.540000 418.9614, 280.2083, 455.4181, 274.0469, 458.3947, 291.6592, 421.9380, 297.8206
93 197 6.570000 419.5906, 276.2809, 455.9580, 269.4595, 459.2373, 286.9425, 422.8700, 293.7639
93 198 6.600000 419.9760, 272.3384, 456.3039, 264.9286, 459.9683, 282.8943, 423.6404, 290.3041
93 199 6.640000 420.2465, 267.6981, 456.4837, 259.5984, 460.5581, 277.8264, 424.3208, 285.9261
93 200 6.670000 420.2639, 264.6181, 456.4221, 256.1449, 460.6615, 274.2359, 424.5033, 282.7091
93 201 6.700000 419.9753, 261.4485, 456.0792, 252.6591, 460.5832, 271.1600, 424.4793, 279.9494
93 202 6.740000 419.2893, 257.6773, 455.2913, 248.6235, 459.9552, 267.1695, 423.9532, 276.2232
93 203 6.770000 418.5324, 255.1654, 454.4354, 246.0123, 459.0740, 264.2074, 423.1710, 273.3604
93 204 6.800000 417.4166, 252.3951, 453.2523, 243.2348, 457.9798, 261.7288, 422.1440, 270.8891
93 205 6.840000 415.5894, 249.0623, 451.2947, 240.0148, 455.9409, 258.3506, 420.2356, 267.3982
93 206 6.870000 413.9590, 246.7453, 449.5553, 237.9263, 453.9815, 255.7917, 418.3851, 264.6107
93 207 6.900000 411.9803, 244.1360, 447.4829, 235.6235, 451.7934, 253.6012, 416.2908, 262.1137
93 208 6.940000 408.9858, 240.7698, 444.3663, 232.8426, 448.3584, 250.6598, 412.9778, 258.5871
93 209 6.970000 406.5411, 238.5850, 441.7648, 231.1491, 445.3628, 248.1930, 410.1391, 255.6289
93 210 7.000000 403.7399, 235.8703, 438.8796, 229.0103, 442.2671, 246.3626, 407.1275, 253.2226
93 211 7.040000 399.8432, 232.8710, 434.7922, 226.8759, 437.6879, 243.7567, 402.7389, 249.7518
93 212 7.070000 396.7728, 231.0504, 431.5258, 225.6884, 434.0136, 241.8130, 399.2606, 247.1749
93 213 7.100000 393.4824, 229.0383, 428.0677, 224.2916, 430.2789, 240.4030, 395.6936, 245.1497
93 214 7.140000 388.9481, 226.9040, 423.2369, 222.9234, 425.0406, 238.4603, 390.7518, 242.4409
93 215 7.170000 385.4214, 225.5187, 419.4805, 222.1215, 420.9730, 237.0845, 386.9139, 240.4817
93 216 7.200000 381.7623, 223.9974, 415.5871, 221.1337, 416.8489, 236.0369, 383.0241, 238.9007
93 217 7.240000 376.7389, 222.2549, 410.2745, 220.0284, 411.2600, 234.8713, 377.7243, 237.0978
93 218 7.270000 372.8780, 221.0705, 406.2035, 219.2658, 407.0164, 234.2762, 373.6909, 236.0809
93 219 7.300000 368.9706, 219.9004, 402.0394, 218.5023, 402.6653, 233.3067, 369.5966, 234.7048
93 220 7.340000 363.6758, 218.1816, 396.4048, 217.2855, 396.8158, 232.2961, 364.0868, 233.1923
93 221 7.370000 359.6421, 216.6894, 392.1351, 216.1071, 392.4165, 231.8090, 359.9235, 232.3913
93 222 7.400000 355.6036, 215.5569, 387.8192, 215.2645, 387.9618, 230.9801, 355.7462, 231.2724
93 223 7.440000 350.1652, 213.8795, 382.0299, 213.8890, 382.0251, 230.0590, 350.1603, 230.0494
93 224 7.470000 346.0700, 212.4852, 377.6717, 212.6891, 377.5633, 229.4893, 345.9616, 229.2854
93 225 7.500000 341.9721, 211.5143, 373.2892, 211.9126, 373.0790, 228.4437, 341.7619, 228.0454
93 226 7.540000 336.4820, 209.9966, 367.4327, 210.5899, 367.1147, 227.1803, 336.1640, 226.5871
93 227 7.570000 332.3513, 208.6721, 363.0399, 209.3802, 362.6489, 226.3257, 331.9603, 225.6176
93 228 7.600000 328.2002, 207.7392, 358.6219, 208.5402, 358.1895, 224.9618, 327.7678, 224.1608
93 229 7.640000 322.3451, 206.1523, 352.7405, 207.0782, 352.2469, 223.2829, 321.8514, 222.3570
93 230 7.670000 317.9187, 204.7209, 348.3339, 205.7301, 347.7911, 222.0884, 317.3759, 221.0791
93 231 7.700000 313.4746, 203.6044, 343.9090, 204.7077, 343.3406, 220.3877, 312.9061, 219.2844
93 232 7.740000 307.5304, 201.7792, 338.0069, 202.9781, 337.4103, 218.1442, 306.9338, 216.9453
93 233 7.770000 303.0651, 200.0809, 333.5849, 201.3577, 332.9502, 216.5279, 302.4305, 215.2512
93 234 7.800000 298.6016, 198.2089, 329.3861, 199.5550, 328.7416, 214.2944, 297.9571, 212.9482
93 235 7.840000 292.6657, 195.1128, 323.8642, 196.6129, 323.1232, 212.0233, 291.9247, 210.5232
93 236 7.870000 288.1936, 192.8006, 319.7171, 194.4288, 318.9101, 210.0539, 287.3866, 208.4257
93 237 7.900000 283.7437, 189.8429, 315.6102, 191.5986, 314.6854, 208.3823, 282.8189, 206.6265
93 238 7.940000 277.7789, 185.9802, 310.1307, 187.8848, 309.0912, 205.5417, 276.7394, 203.6371
93 239 7.970000 273.3257, 183.0833, 306.0250, 185.1279, 304.9038, 203.0595, 272.2045, 201.0149
93 240 8.000000 268.8835, 179.7713, 301.9800, 181.9848, 300.7198, 200.8268, 267.6233, 198.6132
93 241 8.040000 262.9964, 175.5771, 296.5955, 178.0662, 295.1271, 197.8871, 261.5280, 195.3980
93 242 8.070000 258.5985, 172.7596, 292.5702, 175.5030, 290.9318, 195.7909, 256.9602, 193.0475
93 243 8.100000 254.2337, 169.8708, 288.5967, 172.8964, 286.7242, 194.1637, 252.3611, 191.1381
93 244 8.140000 248.4703, 166.4875, 283.3342, 169.9344, 281.1416, 192.1117, 246.2777, 188.6648
93 245 8.170000 244.1989, 164.3679, 279.4052, 168.1460, 277.0013, 190.5471, 241.7949, 186.7689
93 246 8.200000 240.0100, 162.1006, 275.5660, 166.2120, 272.8825, 189.4193, 237.3265, 185.3080
93 247 8.240000 234.5366, 159.5823, 270.5120, 164.1435, 267.5086, 187.8318, 231.5333, 183.2706
93 248 8.270000 230.5621, 157.9615, 266.8108, 162.9282, 263.5591, 186.6601, 227.3105, 181.6934
93 249 8.300000 226.7263, 156.1634, 263.2608, 161.5363, 259.6789, 185.8920, 223.1445, 180.5191
93 250 8.340000 221.8472, 154.1567, 258.6955, 160.1797, 254.6671, 184.8251, 217.8188, 178.8021
93 251 8.370000 218.3487, 153.0067, 255.3730, 159.5018, 251.0881, 183.9273, 214.0638, 177.4321
93 252 8.400000 215.0623, 151.6971, 252.2518, 158.6642, 247.6176, 183.4008, 210.4281, 176.4337
93 253 8.440000 210.9706, 150.4102, 248.2878, 158.0464, 243.2683, 182.5758, 205.9511, 174.9396
93 254 8.470000 208.1403, 149.7814, 245.4697, 157.9539, 240.2324, 181.8761, 202.9030, 173.7036
93 255 8.500000 205.5628, 149.0356, 242.8905, 157.7045, 237.3600, 181.5187, 200.0323, 172.8498
93 256 8.540000 202.4437, 148.5676, 239.6619, 157.8679, 233.9041, 180.9099, 196.6859, 171.6097
93 257 8.570000 200.3267, 148.5608, 237.4149, 158.2448, 231.6272, 180.4108, 194.5390, 170.7268
93 258 8.600000 198.4525, 148.5150, 235.4068, 158.4122, 229.5737, 180.1920, 192.6194, 170.2948
93 259 8.640000 196.2733, 148.7912, 233.0282, 158.8384, 227.2655, 179.9196, 190.5106, 169.8724
93 260 8.670000 194.8670, 149.4342, 231.3938, 159.4996, 225.8703, 179.5440, 189.3435, 169.4786
93 261 8.700000 193.7117, 149.8119, 230.1086, 159.7425, 224.6806, 179.6369, 188.2837, 169.7063
93 262 8.740000 192.4218, 150.9386, 228.5659, 160.4848, 223.5447, 179.4962, 187.4006, 169.9500
93 263 8.770000 191.6625, 152.0196, 227.6252, 161.1951, 222.9727, 179.4301, 187.0100, 170.2546
93 264 8.800000 191.1169, 152.9909, 226.9366, 161.6870, 222.5582, 179.7218, 186.7385, 171.0258
93 265 8.840000 190.6111, 154.7708, 226.2029, 162.7732, 222.3102, 180.0870, 186.7183, 172.0846
93 266 8.870000 190.3252, 156.4643, 225.7958, 163.8037, 222.3654, 180.3822, 186.8948, 173.0428
93 267 8.900000 190.1479, 158.1599, 225.5601, 164.7533, 222.5229, 181.0657, 187.1107, 174.4723
93 268 8.940000 190.0025, 160.9099, 225.3653, 166.4000, 222.9181, 182.1628, 187.5553, 176.6728
93 269 8.970000 189.9521, 163.4375, 225.2816, 168.1096, 223.3082, 183.0321, 187.9786, 178.3599
93 270 9.000000 190.0198, 165.8238, 225.2663, 169.5760, 223.6876, 184.4060, 188.4410, 180.6538
93 271 9.040000 190.1838, 169.1299, 225.3348, 171.8070, 224.2040, 186.6546, 189.0530, 183.9775
93 272 9.070000 190.3825, 170.8720, 225.4694, 172.8258, 224.6004, 188.4324, 189.5135, 186.4786
93 273 9.100000 190.5641, 172.8371, 225.5480, 174.0359, 225.0147, 189.6005, 190.0308, 188.4018
93 274 9.140000 190.7158, 174.9452, 225.6142, 175.1040, 225.5412, 191.1353, 190.6428, 190.9764
93 275 9.170000 190.7428, 176.0314, 225.6140, 175.5090, 225.8664, 192.3622, 190.9953, 192.8846
93 276 9.200000 190.7197, 177.4367, 225.5194, 176.2901, 226.0662, 192.8876, 191.2665, 194.0341
93 277 9.240000 190.4991, 178.7657, 225.2522, 176.8909, 226.1513, 193.5570, 191.3982, 195.4318
93 278 9.270000 190.1738, 179.3591, 224.9208, 177.0537, 226.0468, 194.0260, 191.2999, 196.3314
93 279 9.300000 189.7516, 180.2113, 224.4767, 177.5358, 225.7336, 193.8483, 191.0085, 196.5238
93 280 9.340000 188.9240, 180.7683, 223.6751, 177.7606, 225.0471, 193.6128, 190.2960, 196.6205
93 281 9.370000 188.0830, 180.6632, 222.9168, 177.5756, 224.3313, 193.5347, 189.4975, 196.6223
93 282 9.400000 187.1326, 180.8129, 222.0382, 177.7306, 223.3692, 192.8035, 188.4636, 195.8858
93 283 9.440000 185.5126, 179.6047, 220.5995, 176.7902, 221.8247, 192.0638, 186.7377, 194.8784
93 284 9.470000 184.1092, 178.7147, 219.3992, 176.2039, 220.5006, 191.6847, 185.2106, 194.1956
93 285 9.500000 182.5566, 177.1126, 218.0123, 174.9695, 219.0286, 191.7828, 183.5728, 193.9259
93 286 9.540000 180.2827, 175.3332, 216.0685, 173.7767, 216.8363, 191.4291, 181.0505, 192.9855
93 287 9.570000 178.4580, 174.0439, 214.5146, 173.0072, 215.0344, 191.0854, 178.9777, 192.1221
93 288 9.600000 176.5422, 172.5196, 212.8834, 172.0444, 213.1305, 190.9402, 176.7893, 191.4154
93 289 9.640000 173.8337, 170.5314, 210.6138, 170.8458, 210.4441, 190.6928, 173.6640, 190.3784
93 290 9.670000 171.7032, 169.3546, 208.8433, 170.1969, 208.3923, 190.0818, 171.2522, 189.2394
93 291 9.700000 169.5071, 167.7592, 207.0645, 169.1324, 206.3090, 189.7947, 168.7516, 188.4214
93 292 9.740000 166.5424, 165.9184, 204.6143, 167.9428, 203.4955, 188.9833, 165.4236, 186.9590
93 293 9.770000 164.3141, 164.6873, 202.7364, 167.1853, 201.3764, 188.1022, 162.9542, 185.6042
93 294 9.800000 162.0745, 163.0320, 200.9140, 165.9896, 199.2750, 187.5123, 160.4356, 184.5547
93 295 9.840000 159.1189, 161.0246, 198.4645, 164.5186, 196.5284, 186.3214, 157.1828, 182.8275
93 296 9.870000 156.9343, 159.6390, 196.6217, 163.4600, 194.5348, 185.1357, 154.8474, 181.3147
93 297 9.900000 154.7865, 157.6943, 194.9062, 161.8054, 192.5984, 184.3264, 152.4788, 180.2154
93 298 9.940000 152.0049, 155.1948, 192.6569, 159.5659, 190.1500, 182.8805, 149.4980, 178.5094
93 299 9.970000 149.9882, 153.5434, 190.9788, 158.0028, 188.4361, 181.3754, 147.4455, 176.9159
93 300 10.000000 148.0441, 151.4870, 189.4242, 155.9667, 186.8088, 180.1264, 145.4287, 175.6467
93 301 10.040000 145.5588, 149.1370, 187.3749, 153.5394, 184.7999, 177.9985, 142.9838, 173.5962
93 302 10.070000 143.7830, 147.6259, 185.8752, 151.9312, 183.3965, 176.1649, 141.3043, 171.8597
93 303 10.100000 142.0828, 145.7445, 184.5188, 149.9572, 182.0624, 174.7026, 139.6263, 170.4900
93 304 10.140000 139.9318, 143.5540, 182.7587, 147.5955, 180.4155, 172.4264, 137.5885, 168.3849
93 305 10.170000 138.4000, 142.1619, 181.4628, 146.0102, 179.2803, 170.4323, 136.2175, 166.5840
93 306 10.200000 136.9361, 140.3875, 180.3007, 144.0650, 178.2077, 168.7449, 134.8431, 165.0673
93 307 10.240000 135.0794, 138.3379, 178.7637, 141.6975, 176.8921, 166.0343, 133.2078, 162.6747
93 308 10.270000 133.7467, 136.8719, 177.6413, 139.9334, 175.9782, 163.7775, 132.0836, 160.7159
93 309 10.300000 132.4396, 134.8436, 176.6516, 137.6458, 175.1145, 161.8969, 130.9025, 159.0947
93 310 10.340000 130.7554, 132.1881, 175.3485, 134.6028, 174.0265, 159.0163, 129.4334, 156.6015
93 311 10.370000 129.5158, 130.2699, 174.3409, 132.2722, 173.2591, 156.4889, 128.4340, 154.4866
93 312 10.400000 128.2615, 127.6993, 173.4374, 129.3484, 172.5268, 154.2923, 127.3510, 152.6432
93 313 10.440000 126.5703, 124.2437, 172.1634, 125.2376, 171.6048, 150.8672, 126.0116, 149.8733
93 314 10.470000 125.3445, 121.7993, 171.1389, 122.2605, 170.8820, 147.7724, 125.0876, 147.3112
93 315 10.500000 124.0194, 118.5807, 170.2133, 118.5992, 170.2027, 145.2266, 124.0087, 145.2081
93 316 10.540000 122.2858, 114.9314, 168.7923, 114.2558, 169.1866, 141.3981, 122.6800, 142.0736
93 317 10.570000 120.9421, 112.3546, 167.6893, 111.2040, 168.3676, 138.7598, 121.6204, 139.9105
93 318 10.600000 119.5464, 109.7049, 166.5592, 108.1579, 167.4940, 136.5657, 120.4812, 138.1127
93 319 10.640000 117.6498, 106.6354, 164.9663, 104.6124, 166.2111, 133.7265, 118.8946, 135.7496
93 320 10.670000 116.2250, 104.6216, 163.7123, 102.3306, 165.1283, 131.6806, 117.6410, 133.9716
93 321 10.700000 114.7101, 102.4753, 162.4483, 99.9875, 164.0150, 130.0512, 116.2768, 132.5390
93 322 10.740000 112.6937, 99.9899, 160.7061, 97.3839, 162.3634, 127.9172, 114.3510, 130.5232
93 323 10.770000 111.1757, 98.4531, 159.3365, 95.8056, 161.0117, 126.2783, 112.8509, 128.9259
93 324 10.800000 109.5757, 96.6580, 157.9810, 94.0880, 159.6287, 125.1211, 111.2234, 127.6912
93 325 10.840000 107.4710, 94.6603, 156.1516, 92.3524, 157.6290, 123.5140, 108.9484, 125.8219
93 326 10.870000 105.9239, 93.3743, 154.7927, 91.4356, 156.0179, 122.3214, 107.1491, 124.2600
93 327 10.900000 104.3214, 91.8834, 153.4407, 90.3767, 154.3955, 121.5050, 105.2762, 123.0117
93 328 10.940000 102.2613, 90.1718, 151.6616, 89.4461, 152.1161, 120.3847, 102.7158, 121.1104
93 329 10.970000 100.7992, 89.1489, 150.3488, 89.1775, 150.3313, 119.4593, 100.7818, 119.4307
93 330 11.000000 99.3343, 87.7891, 149.1272, 88.7112, 148.5657, 119.0282, 98.7729, 118.1061
93 331 11.040000 97.5208, 86.4070, 147.5318, 88.6684, 146.1887, 118.3712, 96.1777, 116.1098
93 332 11.070000 96.2313, 85.7352, 146.2954, 88.9138, 144.4604, 117.8153, 94.3963, 114.6366
93 333 11.100000 94.9632, 84.8581, 145.1445, 88.8852, 142.8320, 117.7013, 92.6506, 113.6742
93 334 11.140000 93.4274, 84.1633, 143.6315, 89.2297, 140.7852, 117.4344, 90.5812, 112.3680
93 335 11.170000 92.4156, 83.9838, 142.5321, 89.8000, 139.3588, 117.1435, 89.2423, 111.3272
93 336 11.200000 91.4759, 83.5486, 141.6023, 90.0293, 138.0773, 117.2943, 87.9509, 110.8137
93 337 11.240000 90.4463, 83.4255, 140.4453, 90.7208, 136.5615, 117.3388, 86.5624, 110.0435
93 338 11.270000 89.8341, 83.6500, 139.6470, 91.4627, 135.5989, 117.2727, 85.7861, 109.4600
93 339 11.300000 89.3392, 83.6425, 139.0667, 91.8948, 134.8003, 117.6033, 85.0729, 109.3509
93 340 11.340000 88.9165, 84.0192, 138.4309, 92.7552, 133.9878, 117.9381, 84.4734, 109.2020
93 341 11.370000 88.7860, 84.6470, 138.0405, 93.6748, 133.5709, 118.0605, 84.3164, 109.0327
93 342 11.400000 88.7789, 85.0141, 137.9090, 94.2356, 133.3337, 118.6117, 84.2036, 109.3902
93 343 11.440000 89.0159, 85.9718, 137.8550, 95.3446, 133.2818, 119.1745, 84.4427, 109.8017
93 344 11.470000 89.3688, 87.0497, 137.9000, 96.4387, 133.4500, 119.4407, 84.9188, 110.0518
93 345 11.500000 89.8505, 87.8257, 138.2128, 97.1357, 133.7929, 120.0957, 85.4305, 110.7856
93 346 11.540000 90.7447, 89.0071, 138.8268, 98.1437, 134.5269, 120.7723, 86.4448, 111.6357
93 347 11.570000 91.5663, 90.0872, 139.4304, 99.0778, 135.3231, 120.9440, 87.4591, 111.9535
93 348 11.600000 92.6157, 90.6068, 140.2926, 99.3960, 136.2173, 121.5026, 88.5403, 112.7134
93 349 11.640000 94.1500, 91.4115, 141.6742, 99.9135, 137.7407, 121.9010, 90.2165, 113.3990
93 350 11.670000 95.3870, 92.1301, 142.8689, 100.3853, 139.1255, 121.9164, 91.6436, 113.6612
93 351 11.700000 96.9296, 92.3155, 144.1999, 100.2277, 140.5045, 122.3056, 93.2342, 114.3935
93 352 11.740000 99.0886, 92.6785, 146.1567, 100.0887, 142.6288, 122.4975, 95.5607, 115.0873
93 353 11.770000 100.7590, 93.1076, 147.7566, 100.1295, 144.4391, 122.3331, 97.4415, 115.3112
93 354 11.800000 102.6965, 93.0111, 149.4554, 99.5751, 146.2306, 122.5473, 99.4716, 115.9833
93 355 11.840000 105.2972, 93.0881, 151.8665, 99.0237, 148.8830, 122.4320, 102.3137, 116.4965
93 356 11.870000 107.3191, 93.2943, 153.7625, 98.7233, 151.0348, 122.0579, 104.5914, 116.6289
93 357 11.900000 109.4477, 93.0053, 155.7547, 97.8912, 153.2074, 122.0337, 106.9004, 117.1477
93 358 11.940000 112.3590, 92.8322, 158.4676, 96.9627, 156.2593, 121.6137, 110.1507, 117.4832
93 359 11.970000 114.6229, 92.8923, 160.4984, 96.4363, 158.6009, 120.9989, 112.7254, 117.4549
93 360 12.000000 116.8771, 92.4940, 162.6379, 95.4457, 161.0037, 120.7821, 115.2429, 117.8304
93 361 12.040000 119.9335, 92.3040, 165.4490, 94.4682, 164.2219, 120.2743, 118.7064, 118.1100
93 362 12.070000 122.2373, 92.3945, 167.5207, 93.9504, 166.6313, 119.8375, 121.3478, 118.2816
93 363 12.100000 124.4887, 92.2286, 169.6167, 93.1857, 169.0521, 119.8073, 123.9241, 118.8502
93 364 12.140000 127.4731, 92.3808, 172.3200, 92.5373, 172.2254, 119.6381, 127.3785, 119.4816
93 365 12.170000 129.7009, 92.7943, 174.2796, 92.3787, 174.5314, 119.3840, 129.9526, 119.7995
93 366 12.200000 131.8156, 92.8657, 176.2326, 91.9170, 176.8238, 119.5978, 132.4068, 120.5464
93 367 12.240000 134.5750, 93.3693, 178.7021, 91.7308, 179.7404, 119.6924, 135.6133, 121.3310
93 368 12.270000 136.5739, 94.0142, 180.4489, 91.8605, 181.8136, 119.6613, 137.9386, 121.8151
93 369 12.300000 138.4192, 94.3870, 182.1271, 91.7502, 183.8339, 120.0410, 140.1260, 122.6778
93 370 12.340000 140.7407, 95.2560, 184.1895, 91.9780, 186.3362, 120.4311, 142.8873, 123.7091
93 371 12.370000 142.3733, 96.2107, 185.5967, 92.4559, 188.0449, 120.6391, 144.8215, 124.3939
93 372 12.400000 143.7952, 96.9075, 186.8927, 92.7052, 189.6818, 121.3098, 146.5843, 125.5120
93 373 12.440000 145.5049, 98.2827, 188.3941, 93.4715, 191.6083, 122.1246, 148.7192, 126.9358
93 374 12.470000 146.6229, 99.6009, 189.3360, 94.3096, 192.8526, 122.6961, 150.1395, 127.9874
93 375 12.500000 147.4791, 100.5951, 190.1105, 94.8567, 193.9859, 123.6475, 151.3545, 129.3859
93 376 12.540000 148.3278, 101.8554, 190.8677, 95.5811, 195.1358, 124.5185, 152.5959, 130.7929
93 377 12.570000 148.7899, 102.7805, 191.2045, 96.1765, 195.6235, 124.5579, 153.2089, 131.1619
93 378 12.600000 148.8811, 102.9227, 191.3330, 96.0874, 195.9501, 124.7629, 153.4983, 131.5983
93 379 12.640000 148.6827, 102.8411, 191.1625, 95.8101, 195.8892, 124.3677, 153.4094, 131.3988
93 380 12.670000 148.2906, 102.6355, 190.8099, 95.5520, 195.4700, 123.5246, 152.9507, 130.6081
93 381 12.700000 147.4858, 101.4973, 190.1980, 94.4610, 194.9019, 123.0151, 152.1898, 130.0514
93 382 12.740000 146.1050, 99.7636, 189.1066, 92.9479, 193.6546, 121.6421, 150.6529, 128.4578
93 383 12.770000 144.8482, 98.2456, 188.0590, 91.7023, 192.3652, 120.1398, 149.1543, 126.6830
93 384 12.800000 143.2211, 95.8634, 186.8277, 89.6943, 190.9568, 118.8812, 147.3501, 125.0502
93 385 12.840000 140.8292, 92.4530, 184.9130, 86.8782, 188.6525, 116.4489, 144.5687, 122.0237
93 386 12.870000 138.8828, 89.7187, 183.3021, 84.6534, 186.6494, 114.0074, 142.2302, 119.0727
93 387 12.900000 136.6758, 86.0619, 181.5667, 81.5921, 184.5687, 111.7419, 139.6778, 116.2116
93 388 12.940000 133.6413, 80.9200, 179.0982, 77.3155, 181.5140, 107.7820, 136.0572, 111.3865
93 389 12.970000 131.3533, 76.9307, 177.1326, 74.0227, 179.0429, 104.0951, 133.2635, 107.0031
93 390 13.000000 128.9214, 72.1404, 175.1873, 70.0251, 176.5926, 100.7605, 130.3267, 102.8758
93 391 13.040000 125.7867, 66.3257, 172.5416, 65.3906, 173.1576, 96.1931, 126.4028, 97.1282
93 392 13.070000 123.4699, 62.5129, 170.5692, 62.5558, 170.5414, 93.0953, 123.4421, 93.0524
93 393 13.100000 121.1623, 58.8434, 168.6111, 59.8823, 167.9374, 90.6513, 120.4887, 89.6124
93 394 13.140000 118.2177, 54.8096, 166.0210, 57.2316, 164.4798, 87.6510, 116.6764, 85.2290
93 395 13.170000 116.1209, 52.2486, 164.0809, 55.6736, 161.9396, 85.6589, 113.9795, 82.2339
93 396 13.200000 114.1100, 49.8710, 162.2229, 54.2696, 159.5039, 84.0101, 111.3911, 79.6115
93 397 13.240000 111.6614, 47.1360, 159.8425, 52.7935, 156.4031, 82.0844, 108.2220, 76.4269
93 398 13.270000 109.9987, 45.6620, 158.0931, 52.1706, 154.2552, 80.5295, 106.1609, 74.0209
93 399 13.300000 108.5133, 43.9143, 156.5866, 51.2993, 152.2435, 79.5714, 104.1702, 72.1865
93 400 13.340000 106.8604, 42.2654, 154.7118, 50.8315, 149.8357, 78.0702, 101.9843, 69.5041
93 401 13.370000 105.8748, 41.2330, 153.4598, 50.6184, 148.2529, 77.0179, 100.6679, 67.6325
93 402 13.400000 105.1051, 40.1022, 152.4712, 50.2835, 146.8900, 76.2485, 99.5239, 66.0672
93 403 13.440000 104.4807, 38.9084, 151.4054, 50.1495, 145.4139, 75.1602, 98.4892, 63.9190
93 404 13.470000 104.2898, 38.3962, 150.7374, 50.3524, 144.6099, 74.1569, 98.1623, 62.2007
93 405 13.500000 104.3497, 37.5596, 150.4610, 50.2347, 144.0100, 73.7031, 97.8987, 61.0280
93 406 13.540000 104.7321, 37.2752, 150.1815, 50.8186, 143.5645, 73.0242, 98.1151, 59.4808
93 407 13.570000 105.1990, 37.5924, 150.0821, 51.6535, 143.4898, 72.6961, 98.6068, 58.6350
93 408 13.600000 105.8345, 37.9723, 150.2711, 52.4708, 143.6092, 72.8891, 99.1725, 58.3906
93 409 13.640000 106.8910, 39.0817, 150.7345, 54.0534, 144.1263, 73.4049, 100.2829, 58.4332
93 410 13.670000 107.6881, 40.3480, 151.3730, 55.6690, 144.9545, 73.9703, 101.2696, 58.6493
93 411 13.700000 108.8011, 41.6662, 152.2287, 57.1844, 145.8699, 74.9796, 102.4422, 59.4615
93 412 13.740000 110.4996, 43.9298, 153.6352, 59.6023, 147.4607, 76.5965, 104.3251, 60.9240
93 413 13.770000 111.9272, 46.0142, 154.8832, 61.7205, 148.9243, 78.0180, 105.9682, 62.3117
93 414 13.800000 113.7096, 48.0550, 156.3802, 63.6571, 150.4027, 80.0050, 107.7322, 64.4028
93 415 13.840000 116.2643, 51.3346, 158.6195, 66.6964, 152.7110, 82.9872, 110.3557, 67.6254
93 416 13.870000 118.3025, 54.2463, 160.4684, 69.3558, 154.6829, 85.5013, 112.5170, 70.3918
93 417 13.900000 120.6401, 57.2306, 162.5233, 71.9937, 156.6624, 88.6212, 114.7791, 73.8581
93 418 13.940000 123.8669, 61.9458, 165.4367, 76.1564, 159.6010, 93.2276, 118.0312, 79.0171
93 419 13.970000 126.3835, 66.0205, 167.7503, 79.7320, 161.9961, 97.0920, 120.6293, 83.3805
93 420 14.000000 129.1304, 70.3071, 170.2086, 83.4384, 164.4230, 101.5375, 123.3448, 88.4062
93 421 14.040000 132.8299, 76.6200, 173.7798, 89.0287, 168.0666, 107.8828, 127.1167, 95.4742
93 422 14.070000 135.7298, 81.8952, 176.5519, 93.7619, 171.0245, 112.7764, 130.2024, 100.9098
93 423 14.100000 138.7850, 87.2354, 179.5639, 98.5373, 174.1108, 118.2127, 133.3319, 106.9108
93 424 14.140000 143.0239, 95.2219, 183.6204, 105.6589, 178.4677, 125.7014, 137.8712, 115.2644
93 425 14.170000 146.3076, 101.8180, 186.7224, 111.5423, 181.8846, 131.6483, 141.4699, 121.9240
93 426 14.200000 149.6898, 108.7235, 189.9437, 117.7269, 185.3682, 138.1839, 145.1143, 129.1805
93 427 14.240000 154.2771, 118.9326, 194.2449, 126.9230, 190.1315, 147.4985, 150.1636, 139.5081
93 428 14.270000 157.7591, 127.3935, 197.4674, 134.6179, 193.7492, 155.0548, 154.0408, 147.8303
93 429 14.300000 161.2559, 136.4555, 200.7156, 142.9192, 197.3642, 163.3790, 157.9044, 156.9153
93 430 14.340000 165.8848, 149.9884, 204.9659, 155.4580, 202.1468, 175.6009, 163.0657, 170.1313
93 431 14.370000 169.3063, 161.2772, 208.0986, 166.0285, 205.6699, 185.8582, 166.8776, 181.1069
93 432 14.400000 172.6775, 173.5778, 211.1819, 177.6239, 209.1383, 197.0708, 170.6339, 193.0247
93 433 14.440000 177.0953, 191.5559, 215.2233, 194.6810, 213.6800, 213.5097, 175.5521, 210.3846
93 434 14.470000 180.3521, 206.2259, 218.2080, 208.6736, 217.0257, 226.9580, 179.1699, 224.5102
93 435 14.500000 183.6032, 221.7956, 221.1941, 223.7168, 220.2951, 241.3072, 182.7042, 239.3861
93 436 14.540000 188.0139, 242.1789, 225.2607, 243.4786, 224.6821, 260.0602, 187.4353, 258.7605
93 437 14.570000 191.4036, 256.0580, 228.3985, 256.8838, 228.0444, 272.7506, 191.0495, 271.9248
93 438 14.600000 194.8452, 268.5277, 231.5927, 268.9193, 231.4308, 284.1097, 194.6833, 283.7181
93 439 14.640000 199.4475, 283.0310, 235.8749, 282.8898, 235.9339, 298.0991, 199.5065, 298.2403
93 440 14.670000 202.8607, 291.9943, 239.0569, 291.4899, 239.2761, 307.2241, 203.0799, 307.7285
93 441 14.700000 206.2229, 299.8777, 242.1932, 299.0918, 242.5474, 315.3010, 206.5770, 316.0868
93 442 14.740000 210.5816, 308.8951, 246.2627, 307.7901, 246.7811, 324.5269, 211.1000, 325.6319
93 443 14.770000 213.7394, 314.6258, 249.2128, 313.3152, 249.8430, 330.3706, 214.3695, 331.6812
93 444 14.800000 216.8082, 319.4856, 252.0775, 318.0595, 252.7786, 335.3982, 217.5092, 336.8243
93 445 14.840000 220.7239, 324.7593, 255.7326, 323.2114, 256.5119, 340.8354, 221.5032, 342.3834
93 446 14.870000 223.5214, 327.8557, 258.3431, 326.2303, 259.1726, 344.0020, 224.3509, 345.6274
93 447 14.900000 226.2156, 330.1893, 260.8526, 328.5650, 261.6917, 346.4590, 227.0548, 348.0833
93 448 14.940000 229.6118, 332.2248, 264.0135, 330.5976, 264.8637, 348.5743, 230.4621, 350.2015
93 449 14.970000 232.0102, 332.9956, 266.2442, 331.3519, 267.1077, 349.3355, 232.8737, 350.9792
