13 0 0.010000 371.6674, 250.0044, 401.9748, 250.7581, 401.6410, 264.1804, 371.3336, 263.4267
13 1 0.040000 371.5434, 246.4226, 401.9255, 246.4475, 401.9120, 262.8327, 371.5300, 262.8078
13 2 0.070000 371.5159, 241.3692, 401.9042, 241.0286, 402.1031, 258.7692, 371.7148, 259.1098
13 3 0.110000 371.5183, 233.2367, 401.9261, 232.6681, 402.2723, 251.1867, 371.8646, 251.7552
13 4 0.140000 371.4938, 226.6500, 401.8363, 225.7936, 402.3750, 244.8803, 372.0325, 245.7367
13 5 0.170000 371.5054, 220.2266, 401.8918, 219.4463, 402.3774, 238.3580, 371.9911, 239.1383
13 6 0.200000 371.4593, 213.8385, 401.9560, 213.1473, 402.3886, 232.2345, 371.8920, 232.9258
13 7 0.240000 371.3899, 206.1621, 402.0112, 205.6392, 402.3311, 224.3710, 371.7097, 224.8939
13 8 0.270000 371.3118, 201.0297, 402.0349, 200.6544, 402.2575, 218.8779, 371.5344, 219.2532
13 9 0.310000 371.1807, 194.7864, 402.0537, 194.6718, 402.1195, 212.4095, 371.2465, 212.5240
13 10 0.340000 371.0571, 190.6006, 402.0532, 190.7029, 401.9957, 208.1395, 370.9995, 208.0372
13 11 0.370000 370.9201, 186.9873, 402.0283, 187.3177, 401.8491, 204.1780, 370.7409, 203.8475
13 12 0.400000 370.7644, 183.6494, 401.9986, 184.2210, 401.6955, 200.7777, 370.4614, 200.2060
13 13 0.440000 370.5369, 179.8973, 401.9344, 180.7941, 401.4791, 196.7350, 370.0816, 195.8382
13 14 0.470000 370.3569, 177.5804, 401.8723, 178.7328, 401.3140, 194.0005, 369.7986, 192.8482
13 15 0.500000 370.1753, 175.3724, 401.8284, 176.7920, 401.1582, 191.7374, 369.5050, 190.3179
13 16 0.540000 369.9445, 172.8526, 401.7739, 174.6346, 400.9712, 188.9718, 369.1418, 187.1898
13 17 0.570000 369.8270, 170.5346, 401.7822, 172.5712, 400.8601, 187.0401, 368.9049, 185.0035
13 18 0.610000 369.7062, 167.7306, 401.8510, 170.1001, 400.7213, 185.4255, 368.5765, 183.0560
13 19 0.640000 369.6472, 165.8519, 401.9558, 168.4836, 400.6733, 184.2283, 368.3647, 181.5966
13 20 0.670000 369.6650, 163.7920, 402.1103, 166.6669, 400.6304, 183.3688, 368.1851, 180.4940
13 21 0.700000 369.6956, 162.0573, 402.3199, 165.1716, 400.6810, 182.3395, 368.0567, 179.2252
13 22 0.740000 369.8056, 159.7066, 402.7098, 163.0821, 400.8529, 181.1834, 367.9487, 177.8079
13 23 0.770000 369.9662, 157.8590, 403.1261, 161.4257, 401.0703, 180.5392, 367.9103, 176.9725
13 24 0.800000 370.1636, 156.3659, 403.5695, 160.1117, 401.3782, 179.6545, 367.9722, 175.9086
13 25 0.840000 370.5294, 154.2940, 404.3034, 158.2273, 401.9186, 178.7051, 368.1445, 174.7718
13 26 0.870000 370.8855, 152.6551, 404.9714, 156.6931, 402.4254, 178.1841, 368.3395, 174.1461
13 27 0.900000 371.2833, 151.3935, 405.6678, 155.5287, 403.0399, 177.3796, 368.6554, 173.2444
13 28 0.940000 371.9255, 149.5898, 406.7582, 153.8043, 404.0089, 176.5266, 369.1762, 172.3121
13 29 0.970000 372.4897, 148.1189, 407.7012, 152.3513, 404.8547, 176.0335, 369.6431, 171.8011
13 30 1.000000 373.0993, 146.9832, 408.6743, 151.2241, 405.8198, 175.1683, 370.2449, 170.9274
13 31 1.040000 374.0461, 145.1597, 410.1411, 149.3688, 407.2612, 174.0645, 371.1663, 169.8553
13 32 1.070000 374.8760, 143.4807, 411.3681, 147.6547, 408.4420, 173.2365, 371.9499, 169.0624
13 33 1.110000 376.1086, 141.2336, 413.0968, 145.3590, 410.1664, 171.6321, 373.1782, 167.5066
13 34 1.140000 377.1150, 139.5387, 414.4550, 143.6081, 411.5780, 170.0067, 374.2380, 165.9373
13 35 1.170000 378.2431, 137.2056, 415.9608, 141.2185, 413.0468, 168.6071, 375.3292, 164.5942
13 36 1.210000 379.8515, 133.9948, 418.0390, 137.9164, 415.1391, 166.1542, 376.9517, 162.2326
13 37 1.240000 381.1346, 131.4474, 419.6503, 135.2907, 416.7958, 163.8969, 378.2801, 160.0536
13 38 1.270000 382.5311, 128.1540, 421.3854, 131.9314, 418.4740, 161.8782, 379.6197, 158.1008
13 39 1.310000 384.4402, 123.7987, 423.6994, 127.4715, 420.8131, 158.3237, 381.5539, 154.6509
13 40 1.340000 385.9083, 120.4802, 425.4276, 124.0600, 422.6202, 155.0531, 383.1008, 151.4733
13 41 1.370000 387.4334, 116.5415, 427.2138, 120.0183, 424.4342, 151.8212, 384.6538, 148.3444
13 42 1.410000 389.5020, 111.1658, 429.5591, 114.5080, 426.8712, 146.7229, 386.8141, 143.3807
13 43 1.440000 391.0314, 107.1065, 431.2732, 110.2991, 428.7343, 142.3010, 388.4925, 139.1084
13 44 1.470000 392.5761, 102.4692, 433.0121, 105.4871, 430.5794, 138.0810, 390.1434, 135.0631
13 45 1.510000 394.5519, 96.5562, 435.2339, 99.2395, 433.0659, 132.1078, 392.3839, 129.4244
13 46 1.540000 395.9996, 92.6831, 436.8349, 95.1257, 434.8927, 127.5966, 394.0574, 125.1540
13 47 1.570000 397.4069, 89.0355, 438.4110, 91.2086, 436.6911, 123.6599, 395.6870, 121.4868
13 48 1.610000 399.2076, 85.0985, 440.4142, 86.8730, 439.0354, 118.8892, 397.8288, 117.1147
13 49 1.640000 400.5285, 82.7816, 441.8496, 84.2680, 440.7175, 115.7386, 399.3964, 114.2522
13 50 1.670000 401.8109, 80.6927, 443.2520, 81.8893, 442.3469, 113.2336, 400.9058, 112.0370
13 51 1.710000 403.4590, 78.6971, 445.0206, 79.5156, 444.4126, 110.3850, 402.8510, 109.5665
13 52 1.740000 404.6249, 77.7563, 446.2587, 78.2563, 445.8942, 108.5983, 404.2605, 108.0983
13 53 1.770000 405.7267, 76.9754, 447.4513, 77.1567, 447.3200, 107.3892, 405.5953, 107.2079
13 54 1.810000 407.0928, 76.6334, 448.9075, 76.3552, 449.1060, 106.1853, 407.2913, 106.4635
13 55 1.840000 408.0489, 76.9065, 449.8983, 76.2808, 450.3361, 105.5628, 408.4867, 106.1885
13 56 1.870000 408.9118, 77.2789, 450.8221, 76.2978, 451.5061, 105.5146, 409.5958, 106.4957
13 57 1.910000 409.9522, 78.4525, 451.8994, 76.9958, 452.8996, 105.7978, 410.9523, 107.2545
13 58 1.940000 410.6421, 79.8108, 452.5824, 77.9885, 453.8107, 106.2588, 411.8704, 108.0811
13 59 1.970000 411.2164, 81.2095, 453.1760, 79.0339, 454.6378, 107.2289, 412.6782, 109.4044
13 60 2.010000 411.8438, 83.5590, 453.7715, 80.9306, 455.5124, 108.7005, 413.5847, 111.3290
13 61 2.040000 412.1934, 85.5622, 454.0553, 82.6075, 455.9775, 109.8412, 414.1156, 112.7959
13 62 2.070000 412.3585, 87.2346, 454.2018, 83.9653, 456.3458, 111.4045, 414.5025, 114.6739
13 63 2.110000 412.4006, 89.7208, 454.1457, 86.0893, 456.5141, 113.3152, 414.7690, 116.9467
13 64 2.140000 412.2859, 91.7713, 453.8991, 87.8890, 456.3917, 114.6065, 414.7786, 118.4888
13 65 2.170000 411.9658, 93.4824, 453.4894, 89.3880, 456.1399, 116.2679, 414.6162, 120.3623
13 66 2.210000 411.3534, 96.0212, 452.6726, 91.7313, 455.4321, 118.3099, 414.1129, 122.5998
13 67 2.240000 410.7568, 98.1176, 451.8599, 93.7521, 454.6189, 119.7298, 413.5159, 124.0953
13 68 2.270000 409.9549, 99.9319, 450.8763, 95.5320, 453.6691, 121.5068, 412.7477, 125.9067
13 69 2.310000 408.6994, 102.6245, 449.3095, 98.2623, 452.0492, 123.7680, 411.4391, 128.1301
13 70 2.340000 407.6295, 104.8984, 447.9478, 100.6208, 450.5729, 125.3633, 410.2545, 129.6408
13 71 2.370000 406.3699, 106.8818, 446.4443, 102.7479, 448.9867, 127.3943, 408.9124, 131.5283
13 72 2.410000 404.5428, 109.8797, 444.2275, 106.0219, 446.5627, 130.0443, 406.8781, 133.9021
13 73 2.440000 403.0571, 112.4073, 442.4099, 108.7883, 444.5453, 132.0093, 405.1925, 135.6282
13 74 2.470000 401.4005, 114.7490, 440.4793, 111.3733, 442.4677, 134.3923, 403.3889, 137.7681
13 75 2.510000 399.0620, 118.3253, 437.7255, 115.2756, 439.4805, 137.5252, 400.8170, 140.5749
13 76 2.540000 397.2221, 121.2900, 435.5442, 118.5149, 437.0929, 139.9006, 398.7708, 142.6757
13 77 2.570000 395.2465, 124.0727, 433.2851, 121.5684, 434.6769, 142.7102, 396.6383, 145.2144
13 78 2.610000 392.5136, 128.2080, 430.1388, 126.0524, 431.3088, 146.4732, 393.6836, 148.6288
13 79 2.640000 390.3963, 131.6434, 427.6872, 129.7348, 428.6899, 149.3252, 391.3990, 151.2338
13 80 2.670000 388.1729, 134.9707, 425.1903, 133.2814, 426.0728, 152.6191, 389.0553, 154.3084
13 81 2.710000 385.1429, 139.9516, 421.7634, 138.5205, 422.4893, 157.0953, 385.8688, 158.5265
13 82 2.740000 382.8243, 144.1141, 419.1731, 142.8492, 419.7900, 160.5777, 383.4412, 161.8425
13 83 2.770000 380.4342, 148.3070, 416.5319, 147.2069, 417.0616, 164.5887, 380.9639, 165.6888
13 84 2.800000 377.9973, 153.0716, 413.8858, 152.1176, 414.3261, 168.6817, 378.4376, 169.6357
13 85 2.840000 374.6836, 159.8405, 410.2833, 159.0058, 410.6543, 174.8289, 375.0546, 175.6636
13 86 2.870000 372.1693, 165.3138, 407.5381, 164.5519, 407.8713, 180.0205, 372.5025, 180.7824
13 87 2.900000 369.6207, 171.4261, 404.7854, 170.7179, 405.0883, 185.7586, 369.9236, 186.4667
13 88 2.940000 366.1867, 180.0161, 401.0607, 179.3635, 401.3437, 194.4867, 366.4697, 195.1393
13 89 2.970000 363.5809, 186.6777, 398.2264, 186.0482, 398.5052, 201.3926, 363.8597, 202.0222
13 90 3.000000 360.9337, 193.4087, 395.3725, 192.7756, 395.6646, 208.6634, 361.2257, 209.2965
13 91 3.040000 357.3596, 202.3536, 391.5124, 201.6848, 391.8328, 218.0511, 357.6801, 218.7198
13 92 3.070000 354.6472, 208.8367, 388.5773, 208.1430, 388.9122, 224.5244, 354.9821, 225.2181
13 93 3.100000 351.8705, 214.6379, 385.5647, 213.7923, 385.9936, 230.8835, 352.2994, 231.7291
13 94 3.140000 348.1006, 221.9532, 381.5769, 221.0792, 382.0345, 238.6054, 348.5582, 239.4794
13 95 3.170000 345.2604, 227.3512, 378.4792, 226.4165, 378.9662, 243.7227, 345.7474, 244.6574
13 96 3.200000 342.2898, 232.0470, 375.3854, 231.0351, 375.9359, 249.0405, 342.8403, 250.0524
13 97 3.240000 338.3139, 238.2938, 371.1411, 237.2437, 371.7264, 255.5390, 338.8991, 256.5891
13 98 3.270000 335.2335, 243.0764, 367.9047, 241.9654, 368.5184, 260.0123, 335.8472, 261.1233
13 99 3.300000 332.0971, 247.3463, 364.5821, 246.1935, 365.2453, 264.8828, 332.7603, 266.0355
13 100 3.340000 327.7691, 253.3348, 360.0471, 252.0419, 360.8092, 271.0676, 328.5312, 272.3604
13 101 3.370000 324.5022, 257.9916, 356.6205, 256.7814, 357.3323, 275.6714, 325.2140, 276.8817
13 102 3.400000 321.1317, 262.3746, 353.1399, 261.2501, 353.8256, 280.7688, 321.8174, 281.8932
13 103 3.440000 316.5911, 268.5518, 348.4619, 267.7416, 348.9675, 287.6308, 317.0968, 288.4411
13 104 3.470000 313.0938, 273.4643, 344.8450, 272.8207, 345.2488, 292.7413, 313.4976, 293.3849
13 105 3.500000 309.5248, 278.0431, 341.1813, 277.6038, 341.4670, 298.1959, 309.8105, 298.6351
13 106 3.540000 304.6424, 284.0190, 336.1481, 283.7443, 336.3326, 304.9165, 304.8270, 305.1911
13 107 3.570000 300.7540, 288.2376, 332.3466, 288.1716, 332.3909, 309.3482, 300.7983, 309.4142
13 108 3.600000 296.7493, 291.4543, 328.4826, 291.5832, 328.3917, 313.9574, 296.6584, 313.8285
13 109 3.640000 291.3136, 295.5522, 323.2622, 295.9444, 322.9792, 318.9931, 291.0307, 318.6009
13 110 3.670000 287.1545, 298.4597, 319.2854, 299.0594, 318.8563, 322.0503, 286.7254, 321.4506
13 111 3.700000 282.9247, 300.6166, 315.2637, 301.4050, 314.6844, 325.1655, 282.3454, 324.3770
13 112 3.740000 277.1774, 303.3534, 309.8141, 304.3920, 309.0497, 328.4127, 276.4130, 327.3741
13 113 3.770000 272.7733, 305.3740, 305.6485, 306.5738, 304.7889, 330.1266, 271.9137, 328.9267
13 114 3.800000 268.3269, 306.5755, 301.6131, 307.9971, 300.5848, 332.0743, 267.2987, 330.6528
13 115 3.840000 262.2820, 308.0832, 296.2371, 309.7699, 295.0465, 333.7380, 261.0914, 332.0513
13 116 3.870000 257.6709, 309.0924, 292.1510, 310.9933, 290.8630, 334.3564, 256.3829, 332.4555
13 117 3.900000 252.9908, 309.3243, 288.0448, 311.4224, 286.6269, 335.1102, 251.5729, 333.0121
13 118 3.940000 246.6437, 309.5268, 282.4954, 311.8863, 280.9616, 335.1924, 245.1099, 332.8329
13 119 3.970000 241.8068, 309.6077, 278.2827, 312.1914, 276.6956, 334.5977, 240.2197, 332.0140
13 120 4.000000 236.9273, 308.8745, 274.0651, 311.6756, 272.3636, 334.2349, 235.2258, 331.4338
13 121 4.040000 230.3184, 307.9764, 268.3653, 311.1412, 266.5430, 333.0481, 228.4961, 329.8832
13 122 4.070000 225.2240, 307.3313, 264.0410, 310.7759, 262.1847, 331.6950, 223.3677, 328.2504
13 123 4.100000 220.1389, 306.0434, 259.7137, 309.7458, 257.7566, 330.6656, 218.1818, 326.9633
13 124 4.140000 213.2404, 304.3310, 253.8972, 308.3856, 251.8727, 328.6862, 211.2158, 324.6315
13 125 4.170000 207.9707, 303.0912, 249.5050, 307.4046, 247.5076, 326.6372, 205.9733, 322.3238
13 126 4.200000 202.7888, 301.0158, 245.1530, 305.5885, 243.0621, 324.9595, 200.6979, 320.3868
13 127 4.240000 195.8169, 298.1534, 239.3568, 303.0902, 237.2221, 321.9165, 193.6823, 316.9798
13 128 4.270000 190.6842, 294.7557, 235.1665, 299.9738, 232.9360, 318.9883, 188.4537, 313.7702
13 129 4.300000 185.5656, 291.5549, 230.9342, 297.0109, 228.6198, 316.2563, 183.2511, 310.8003
13 130 4.340000 178.8643, 286.1685, 225.4841, 291.9532, 222.9466, 312.4035, 176.3268, 306.6188
13 131 4.370000 173.9670, 281.2273, 221.5683, 287.2701, 218.7722, 309.2964, 171.1708, 303.2537
13 132 4.400000 169.1179, 276.5236, 217.6302, 282.7070, 214.7962, 304.9409, 166.2840, 298.7575
13 133 4.440000 162.8728, 269.0144, 212.6436, 275.3314, 209.6801, 298.6810, 159.9092, 292.3640
13 134 4.470000 158.3503, 262.5273, 209.0974, 268.8714, 205.9967, 293.6744, 155.2496, 287.3303
13 135 4.500000 153.8803, 256.5913, 205.4925, 262.8213, 202.5161, 287.4791, 150.9039, 281.2492
13 136 4.540000 148.0520, 247.9141, 200.8960, 253.9611, 197.9227, 279.9448, 145.0786, 273.8978
13 137 4.570000 143.7298, 241.3418, 197.5376, 247.3008, 194.4800, 274.9098, 140.6723, 268.9509
13 138 4.600000 139.4230, 235.4935, 194.1211, 241.3665, 191.0672, 269.8081, 136.3692, 263.9351
13 139 4.640000 133.7336, 228.0055, 189.6295, 233.7882, 186.5350, 263.7004, 130.6391, 257.9177
13 140 4.670000 129.5207, 222.6251, 186.3094, 228.3423, 183.1641, 259.5837, 126.3755, 253.8666
13 141 4.700000 125.3621, 217.9035, 182.9756, 223.5670, 179.8509, 255.3549, 122.2374, 249.6915
13 142 4.740000 119.9440, 211.8200, 178.6370, 217.4176, 175.5059, 250.2495, 116.8129, 244.6519
13 143 4.770000 115.9917, 207.3360, 175.4812, 212.8795, 172.3165, 246.8407, 112.8270, 241.2972
13 144 4.800000 112.1470, 203.4538, 172.3499, 208.9616, 169.2157, 243.2195, 109.0128, 237.7116
13 145 4.840000 107.2238, 198.2273, 168.3563, 203.6942, 165.2007, 238.9800, 104.0683, 233.5131
13 146 4.870000 103.7061, 194.2071, 165.5104, 199.6419, 162.2891, 236.2744, 100.4848, 230.8396
13 147 4.900000 100.3486, 190.7963, 162.7326, 196.2405, 159.5016, 233.2630, 97.1176, 227.8188
13 148 4.940000 96.1636, 186.3430, 159.2381, 191.8117, 155.9609, 229.6098, 92.8864, 224.1411
13 149 4.970000 93.2580, 182.9855, 156.8062, 188.4890, 153.4509, 227.2321, 89.9027, 221.7286
13 150 5.000000 90.5737, 180.3093, 154.4853, 185.9609, 151.0783, 224.4899, 87.1667, 218.8383
13 151 5.040000 87.2840, 176.8104, 151.6294, 182.5636, 148.1580, 221.3881, 83.8126, 215.6349
13 152 5.070000 85.0588, 174.3822, 149.6614, 180.1973, 146.1335, 219.3909, 81.5308, 213.5758
13 153 5.100000 83.0305, 172.5928, 147.8033, 178.4839, 144.2822, 217.1989, 79.5094, 211.3077
13 154 5.140000 80.6665, 170.2889, 145.6114, 176.3039, 142.0408, 214.8571, 77.0959, 208.8421
13 155 5.170000 79.1398, 168.6480, 144.1606, 174.7119, 140.5448, 213.4829, 75.5240, 207.4191
13 156 5.200000 77.8245, 167.6408, 142.8188, 173.7686, 139.2287, 211.8468, 74.2345, 205.7191
13 157 5.240000 76.4299, 166.3227, 141.3336, 172.5955, 137.7013, 210.1785, 72.7976, 203.9057
13 158 5.270000 75.6342, 165.3003, 140.4458, 171.6765, 136.7410, 209.3347, 71.9293, 202.9584
13 159 5.300000 75.0688, 164.9094, 139.6630, 171.4508, 135.9457, 208.1586, 71.3514, 201.6172
13 160 5.340000 74.6498, 164.3214, 138.9208, 171.0986, 135.1262, 207.0841, 70.8553, 200.3069
13 161 5.370000 74.5877, 163.7844, 138.6075, 170.7765, 134.6874, 206.6684, 70.6677, 199.6764
13 162 5.400000 74.7613, 163.8619, 138.3917, 171.1689, 134.4050, 205.8863, 70.7745, 198.5794
13 163 5.440000 75.3110, 163.7924, 138.4199, 171.5282, 134.2697, 205.3860, 71.1608, 197.6502
13 164 5.470000 75.9655, 163.6492, 138.6793, 171.7298, 134.3405, 205.4032, 71.6267, 197.3226
13 165 5.500000 76.8240, 164.1047, 139.0147, 172.5745, 134.5769, 205.1598, 72.3862, 196.6901
13 166 5.540000 78.2403, 164.8564, 139.7315, 173.8309, 135.1253, 205.3918, 73.6341, 196.4174
13 167 5.570000 79.4757, 165.5946, 140.4556, 174.8644, 135.7202, 206.0154, 74.7403, 196.7456
13 168 5.600000 80.8556, 167.1102, 141.1986, 176.6376, 136.4936, 206.4370, 76.1507, 196.9096
13 169 5.640000 82.9007, 169.3540, 142.4322, 179.0741, 137.7694, 207.6318, 78.2379, 197.9117
13 170 5.670000 84.5952, 171.1625, 143.5595, 180.9685, 138.8932, 209.0272, 79.9289, 199.2212
13 171 5.700000 86.4086, 173.7354, 144.6878, 183.5634, 140.1934, 210.2151, 81.9142, 200.3872
13 172 5.740000 89.0074, 177.2687, 146.4679, 187.0364, 142.1351, 212.5249, 84.6747, 202.7571
13 173 5.770000 91.0745, 180.1444, 147.9567, 189.7596, 143.7441, 214.6808, 86.8618, 205.0655
13 174 5.800000 93.2075, 183.6845, 149.4631, 193.0496, 145.5121, 216.7827, 89.2566, 207.4176
13 175 5.840000 96.1837, 188.8236, 151.6310, 197.7832, 148.0146, 220.1636, 92.5673, 211.2040
13 176 5.870000 98.4779, 192.8052, 153.4283, 201.4107, 149.9888, 223.3738, 95.0384, 214.7683
13 177 5.900000 100.8055, 197.6991, 155.1634, 205.8640, 151.9768, 227.0792, 97.6189, 218.9144
13 178 5.940000 103.8530, 204.2421, 157.7254, 211.6261, 154.7873, 233.0623, 100.9149, 225.6782
13 179 5.970000 106.2462, 209.0576, 159.7662, 215.8873, 156.9535, 237.9289, 103.4335, 231.0992
13 180 6.000000 108.6323, 213.8236, 161.9043, 220.0605, 159.1805, 243.3253, 105.9085, 237.0885
13 181 6.040000 111.9151, 220.3424, 164.7746, 225.9366, 162.1985, 250.2772, 109.3391, 244.6830
13 182 6.070000 114.4013, 225.3484, 166.9122, 230.4052, 164.5529, 254.9051, 112.0420, 249.8483
13 183 6.100000 116.8902, 229.6750, 169.1663, 234.2342, 166.9408, 259.7515, 114.6647, 255.1922
13 184 6.140000 120.2331, 235.5265, 172.1224, 239.4606, 170.1521, 265.4493, 118.2627, 261.5152
13 185 6.170000 122.7466, 239.8781, 174.3244, 243.4076, 172.5487, 269.3563, 120.9710, 265.8269
13 186 6.200000 125.2190, 243.5005, 176.6074, 246.6999, 174.9219, 273.7731, 123.5334, 270.5737
13 187 6.240000 128.5087, 248.7069, 179.5554, 251.5694, 178.0126, 279.0816, 126.9659, 276.2191
13 188 6.270000 130.9581, 252.8665, 181.7061, 255.5474, 180.2668, 282.7930, 129.5188, 280.1121
13 189 6.300000 133.3523, 256.6452, 183.8834, 259.2058, 182.4747, 287.0060, 131.9435, 284.4453
13 190 6.340000 136.5118, 262.2346, 186.6942, 264.6960, 185.3341, 292.4248, 135.1518, 289.9635
13 191 6.370000 138.8698, 266.7982, 188.7563, 269.2694, 187.4061, 296.5264, 137.5196, 294.0552
13 192 6.400000 141.1961, 271.2129, 190.8388, 273.7633, 189.4263, 301.2566, 139.7836, 298.7062
13 193 6.440000 144.2958, 277.7443, 193.5681, 280.4913, 192.0473, 307.7682, 142.7750, 305.0212
13 194 6.470000 146.6226, 283.1887, 195.5691, 286.1049, 193.9826, 312.7344, 145.0360, 309.8181
13 195 6.500000 148.9566, 288.4284, 197.6385, 291.5950, 195.9034, 318.2696, 147.2215, 315.1030
13 196 6.540000 152.1270, 295.4579, 200.4892, 299.0158, 198.5395, 325.5186, 150.1772, 321.9606
13 197 6.570000 154.4784, 300.5814, 202.6933, 304.4167, 200.6086, 330.6247, 152.3937, 326.7894
13 198 6.600000 156.9954, 304.9469, 204.9837, 309.0321, 202.6878, 336.0019, 154.6994, 331.9167
13 199 6.640000 160.3997, 310.8260, 208.1634, 315.2084, 205.6640, 342.4484, 157.9004, 338.0660
13 200 6.670000 162.9905, 315.3562, 210.6343, 319.9062, 208.0703, 346.7536, 160.4266, 342.2036
13 201 6.700000 165.7720, 319.2671, 213.2304, 323.9542, 210.5150, 351.4478, 163.0567, 346.7607
13 202 6.740000 169.5493, 324.7504, 216.8244, 329.5333, 214.0307, 357.1469, 166.7556, 352.3640
13 203 6.770000 172.4396, 329.1208, 219.6198, 333.9192, 216.8617, 361.0380, 169.6815, 356.2396
13 204 6.800000 175.5163, 333.0006, 222.5525, 337.7571, 219.7532, 365.4397, 172.7170, 360.6833
13 205 6.840000 179.6843, 338.6681, 226.5868, 343.2678, 223.8744, 370.9256, 176.9719, 366.3259
13 206 6.870000 182.8564, 343.3636, 229.6890, 347.7466, 227.1579, 374.7917, 180.3252, 370.4086
13 207 6.900000 186.1702, 347.7641, 232.9135, 351.8562, 230.5151, 379.2531, 183.7717, 375.1610
13 208 6.940000 190.6687, 354.0893, 237.3064, 357.6650, 235.1918, 385.2451, 188.5541, 381.6694
13 209 6.970000 194.0984, 359.1522, 240.6713, 362.2560, 238.8391, 389.7481, 192.2663, 386.6443
13 210 7.000000 197.6528, 363.6985, 244.1397, 366.2896, 242.5481, 394.8445, 196.0612, 392.2533
13 211 7.040000 202.4787, 369.6457, 248.8779, 371.5479, 247.6721, 400.9607, 201.2729, 399.0586
13 212 7.070000 206.1687, 374.0409, 252.5086, 375.4593, 251.6184, 404.5403, 205.2785, 403.1219
13 213 7.100000 209.9736, 377.2405, 256.2441, 378.2261, 255.6027, 408.3395, 209.3322, 407.3539
13 214 7.140000 215.1247, 381.1526, 261.2928, 381.6536, 260.9617, 412.1665, 214.7936, 411.6656
13 215 7.170000 219.0379, 383.7751, 265.1263, 383.9886, 264.9863, 414.2016, 218.8979, 413.9881
13 216 7.200000 223.0030, 385.0940, 269.0066, 385.0783, 269.0173, 416.6553, 223.0138, 416.6710
13 217 7.240000 228.3205, 386.3480, 274.3868, 386.1437, 274.5326, 419.0243, 228.4663, 419.2286
13 218 7.270000 232.3189, 387.1494, 278.5135, 386.8649, 278.7170, 419.9119, 232.5224, 420.1964
13 219 7.300000 236.3415, 386.9214, 282.6520, 386.6296, 282.8685, 421.0010, 236.5580, 421.2927
13 220 7.340000 241.7371, 386.4459, 288.2412, 386.2728, 288.3715, 421.2544, 241.8674, 421.4275
13 221 7.370000 245.7986, 385.9605, 292.4731, 385.9343, 292.4925, 420.5111, 245.8180, 420.5373
13 222 7.400000 249.8746, 384.4081, 296.7201, 384.5519, 296.6116, 419.9169, 249.7661, 419.7732
13 223 7.440000 255.3508, 382.0846, 302.4544, 382.5236, 302.1253, 417.8472, 255.0217, 417.4083
13 224 7.470000 259.5088, 380.2051, 306.8183, 380.9404, 306.2839, 415.3224, 258.9745, 414.5871
13 225 7.500000 263.6833, 377.2889, 311.2119, 378.2740, 310.4897, 413.1198, 262.9611, 412.1347
13 226 7.540000 269.3333, 373.8633, 317.1673, 375.2433, 316.1872, 409.2174, 268.3531, 407.8374
13 227 7.570000 273.6298, 371.6386, 321.6903, 373.3500, 320.5308, 405.9105, 272.4704, 404.1991
13 228 7.600000 277.9829, 368.9084, 326.2919, 370.8975, 324.9634, 403.1603, 276.6544, 401.1711
13 229 7.640000 283.8881, 365.6403, 332.5178, 368.0130, 331.0044, 399.0301, 282.3748, 396.6574
13 230 7.670000 288.2134, 363.3304, 337.2655, 365.9808, 335.6651, 395.5991, 286.6130, 392.9486
13 231 7.700000 292.5776, 360.4024, 342.1401, 363.2889, 340.4352, 392.5626, 290.8727, 389.6761
13 232 7.740000 298.4851, 356.5227, 348.7857, 359.6297, 347.0450, 387.8121, 296.7443, 384.7051
13 233 7.770000 303.0564, 353.7659, 353.9644, 357.1052, 352.2256, 383.6136, 301.3176, 380.2743
13 234 7.800000 307.7587, 350.0775, 359.2543, 353.5474, 357.4848, 379.8081, 305.9892, 376.3382
13 235 7.840000 314.1983, 345.1399, 366.5153, 348.7655, 364.7857, 373.7243, 312.4687, 370.0988
13 236 7.870000 319.2016, 339.6395, 372.1592, 343.2404, 370.4714, 368.0623, 317.5138, 364.4615
13 237 7.900000 324.2453, 334.4158, 377.8593, 338.0001, 376.1877, 363.0035, 322.5737, 359.4191
13 238 7.940000 331.1872, 325.9949, 385.6979, 329.5729, 383.9449, 356.2785, 329.4343, 352.7004
13 239 7.970000 336.4604, 318.9649, 391.6907, 322.4159, 389.9125, 350.8746, 334.6822, 347.4236
13 240 8.000000 341.7831, 312.5316, 397.6388, 315.8673, 395.9389, 344.3314, 340.0832, 340.9957
13 241 8.040000 348.8966, 303.3807, 405.6763, 306.3877, 404.0887, 336.3644, 347.3090, 333.3574
13 242 8.070000 354.2545, 296.4903, 411.7348, 299.2243, 410.2168, 331.1380, 352.7365, 328.4039
13 243 8.100000 359.5676, 290.5441, 417.7126, 292.9497, 416.3576, 325.7004, 358.2127, 323.2948
13 244 8.140000 366.6335, 282.8841, 425.6292, 284.8651, 424.4767, 319.1876, 365.4810, 317.2066
13 245 8.170000 371.8423, 277.4638, 431.4673, 279.0401, 430.5269, 314.6105, 370.9019, 313.0342
13 246 8.200000 376.9687, 272.7180, 437.1447, 273.8202, 436.4856, 309.8058, 376.3096, 308.7036
13 247 8.240000 383.6542, 266.6624, 444.5161, 267.1384, 444.2303, 303.6736, 383.3684, 303.1976
13 248 8.270000 388.5340, 262.0188, 449.8437, 262.0167, 449.8449, 299.4869, 388.5353, 299.4890
13 249 8.300000 393.2983, 258.1671, 454.9410, 257.7101, 455.2153, 294.7112, 393.5726, 295.1682
13 250 8.340000 399.3871, 252.8508, 461.3736, 251.7797, 462.0116, 288.7032, 400.0250, 289.7743
13 251 8.370000 403.7225, 248.7518, 465.8980, 247.2328, 466.8050, 284.3576, 404.6295, 285.8765
13 252 8.400000 407.8991, 245.1979, 470.1116, 243.2583, 471.2400, 279.4504, 409.0274, 281.3901
13 253 8.440000 413.1323, 240.1418, 475.2867, 237.7435, 476.6516, 273.1160, 414.4972, 275.5143
13 254 8.470000 416.7804, 235.9824, 478.8260, 233.3173, 480.3439, 268.6559, 418.2984, 271.3210
13 255 8.500000 420.2806, 232.4622, 482.0566, 229.6285, 483.6167, 263.6392, 421.8407, 266.4729
13 256 8.540000 424.5764, 227.7796, 485.9398, 224.7457, 487.5584, 257.4827, 426.1950, 260.5167
13 257 8.570000 427.5284, 224.4229, 488.5549, 221.2363, 490.2292, 253.3017, 429.2027, 256.4884
13 258 8.600000 430.3283, 221.7557, 490.8969, 218.4257, 492.5741, 248.9318, 432.0055, 252.2618
13 259 8.640000 433.7239, 218.1914, 493.6720, 214.7198, 495.3506, 243.7067, 435.4025, 247.1783
13 260 8.670000 436.0040, 215.3866, 495.5127, 211.8404, 497.2046, 240.2319, 437.6959, 243.7781
13 261 8.700000 438.1716, 213.2233, 497.0927, 209.6111, 498.7299, 236.3168, 439.8088, 239.9290
13 262 8.740000 440.7079, 209.8711, 498.9304, 206.2323, 500.5201, 231.6679, 442.2976, 235.3067
13 263 8.770000 442.3445, 206.9801, 500.1236, 203.3504, 501.7055, 228.5308, 443.9264, 232.1605
13 264 8.800000 443.9044, 204.5765, 501.0890, 200.9882, 502.5860, 224.8442, 445.4013, 228.4325
13 265 8.840000 445.6541, 200.8174, 502.1559, 197.2800, 503.5895, 220.1787, 447.0877, 223.7161
13 266 8.870000 446.7150, 197.4630, 502.8188, 193.9660, 504.2468, 216.8767, 448.1431, 220.3737
13 267 8.900000 447.6495, 194.5492, 503.4183, 191.1049, 504.7588, 212.8103, 448.9900, 216.2545
13 268 8.940000 448.6552, 189.8371, 503.9821, 186.5069, 505.2641, 207.8068, 449.9373, 211.1370
13 269 8.970000 449.1832, 185.6945, 504.1366, 182.1602, 505.5195, 203.6631, 450.5662, 207.1974
13 270 9.000000 449.6320, 182.0466, 504.3288, 178.4888, 505.6940, 199.4781, 450.9972, 203.0358
13 271 9.040000 450.0233, 176.8114, 504.3147, 173.0791, 505.7445, 193.8779, 451.4532, 197.6102
13 272 9.070000 450.2113, 172.9151, 504.1753, 169.1095, 505.6326, 189.7744, 451.6686, 193.5800
13 273 9.100000 450.2914, 169.7908, 504.1004, 165.9781, 505.5560, 186.5206, 451.7470, 190.3334
13 274 9.140000 450.2570, 165.3012, 503.8032, 161.5378, 505.2535, 182.1728, 451.7073, 185.9362
13 275 9.170000 450.1691, 162.0538, 503.4396, 158.3377, 504.8550, 178.6275, 451.5845, 182.3435
13 276 9.200000 449.9394, 158.5269, 503.0674, 154.9146, 504.4789, 175.6745, 451.3509, 179.2869
13 277 9.240000 449.6002, 154.2889, 502.4378, 150.8591, 503.7577, 171.1930, 450.9202, 174.6229
13 278 9.270000 449.2744, 150.7787, 501.8383, 147.5111, 503.0838, 167.5467, 450.5199, 170.8144
13 279 9.300000 448.8441, 147.3134, 501.2571, 144.2448, 502.4269, 164.2270, 450.0140, 167.2955
13 280 9.340000 448.1159, 142.2068, 500.2956, 139.2152, 501.4450, 159.2642, 449.2653, 162.2558
13 281 9.370000 447.5405, 137.6963, 499.4206, 134.8774, 500.5885, 156.3714, 448.7084, 159.1903
13 282 9.400000 446.8852, 133.4603, 498.6225, 130.9381, 499.6896, 152.8276, 447.9523, 155.3499
13 283 9.440000 445.9670, 126.9685, 497.3914, 124.9960, 498.2816, 148.2034, 446.8571, 150.1758
13 284 9.470000 445.0806, 121.4943, 496.4020, 119.8495, 497.2020, 144.8085, 445.8805, 146.4533
13 285 9.500000 444.2474, 116.6679, 495.4180, 115.5323, 495.9742, 140.5949, 444.8036, 141.7305
13 286 9.540000 442.8962, 109.6206, 494.1533, 109.0834, 494.4356, 136.0173, 443.1785, 136.5545
13 287 9.570000 441.8780, 104.6536, 493.1419, 104.6160, 493.1627, 133.0231, 441.8989, 133.0607
13 288 9.600000 440.8225, 100.3134, 492.0330, 100.7080, 491.8064, 130.1115, 440.5959, 129.7168
13 289 9.640000 439.3432, 95.1229, 490.4230, 96.0087, 489.8918, 126.6418, 438.8120, 125.7560
13 290 9.670000 438.1498, 91.4559, 489.1540, 92.6496, 488.4090, 124.4802, 437.4048, 123.2865
13 291 9.700000 436.9480, 88.4780, 487.7467, 89.9788, 486.7962, 122.1490, 435.9976, 120.6481
13 292 9.740000 435.2776, 84.6888, 485.7944, 86.6173, 484.5369, 119.5552, 434.0202, 117.6267
13 293 9.770000 433.9528, 81.9017, 484.2692, 84.1016, 482.7862, 118.0191, 432.4698, 115.8191
13 294 9.800000 432.5860, 79.6534, 482.6198, 82.0999, 480.9470, 116.3119, 430.9132, 113.8655
13 295 9.840000 430.6584, 76.8604, 480.3076, 79.5496, 478.4228, 114.3469, 428.7736, 111.6576
13 296 9.870000 429.1925, 74.8431, 478.5094, 77.7483, 476.4237, 113.1524, 427.1069, 110.2472
13 297 9.900000 427.6793, 73.3407, 476.5965, 76.4447, 474.3581, 111.7209, 425.4408, 108.6168
13 298 9.940000 425.6339, 71.4846, 473.9564, 74.8581, 471.4975, 110.0792, 423.1751, 106.7057
13 299 9.970000 424.0525, 70.0814, 471.9518, 73.6208, 469.3232, 109.1944, 421.4239, 105.6550
13 300 10.000000 422.3895, 69.4321, 469.8067, 73.0224, 467.1619, 107.9519, 419.7447, 104.3616
13 301 10.040000 420.2108, 68.7104, 466.9887, 72.4729, 464.2012, 107.1290, 417.4233, 103.3666
13 302 10.070000 418.5935, 68.6522, 464.8555, 72.5697, 461.9451, 106.9381, 415.6832, 103.0205
13 303 10.100000 416.9595, 69.1707, 462.7092, 73.2493, 459.7033, 106.9665, 413.9536, 102.8879
13 304 10.140000 414.7961, 70.4087, 459.8642, 74.6861, 456.7354, 107.6524, 411.6672, 103.3750
13 305 10.170000 413.2058, 71.5919, 457.7954, 76.0398, 454.5313, 108.7624, 409.9416, 104.3145
13 306 10.200000 411.6189, 73.4155, 455.7045, 78.0167, 452.3733, 109.9331, 408.2877, 105.3318
13 307 10.240000 409.5707, 76.2165, 453.0149, 81.0483, 449.5522, 112.1822, 406.1080, 107.3504
13 308 10.270000 408.0766, 78.5899, 451.0782, 83.5782, 447.5048, 114.3821, 404.5032, 109.3938
13 309 10.300000 406.5977, 81.5881, 449.1435, 86.7186, 445.5341, 116.6500, 402.9884, 111.5195
13 310 10.340000 404.6984, 85.9993, 446.6878, 91.3082, 443.0118, 120.3825, 401.0224, 115.0736
13 311 10.370000 403.3321, 89.6820, 444.9372, 95.1212, 441.1996, 123.7112, 399.5944, 118.2720
13 312 10.400000 401.9900, 94.0351, 443.1986, 99.5983, 439.4710, 127.2106, 398.2623, 121.6475
13 313 10.440000 400.2747, 100.4158, 441.0056, 106.1314, 437.2855, 132.6418, 396.5546, 126.9263
13 314 10.470000 399.0499, 105.5928, 439.4633, 111.4054, 435.7499, 137.2241, 395.3365, 131.4116
13 315 10.500000 397.8811, 111.1851, 437.9735, 117.0731, 434.3442, 141.7859, 394.2518, 135.8979
13 316 10.540000 396.5425, 118.1328, 436.2711, 124.0645, 432.7487, 147.6561, 393.0202, 141.7244
13 317 10.570000 395.8743, 122.4068, 435.3230, 128.5570, 431.7014, 151.7865, 392.2527, 145.6363
13 318 10.600000 395.3325, 126.5375, 434.4762, 132.7596, 430.9546, 154.9141, 391.8110, 148.6921
13 319 10.640000 394.8361, 130.9214, 433.7831, 136.9648, 430.4462, 158.4697, 391.4992, 152.4263
13 320 10.670000 394.7580, 133.2440, 433.5920, 139.1300, 430.2925, 160.8988, 391.4585, 155.0128
13 321 10.700000 394.7632, 135.7868, 433.4813, 141.4385, 430.4523, 162.1892, 391.7342, 156.5375
13 322 10.740000 395.1821, 137.7610, 433.7459, 143.1669, 430.8353, 163.9297, 392.2715, 158.5238
13 323 10.770000 395.5924, 138.6970, 434.1845, 143.7147, 431.4437, 164.7953, 392.8515, 159.7776
13 324 10.800000 396.1248, 139.7150, 434.6477, 144.2574, 432.2271, 164.7856, 393.7042, 160.2432
13 325 10.840000 396.9060, 140.3462, 435.5183, 143.9484, 433.6259, 164.2329, 395.0136, 160.6307
13 326 10.870000 397.7043, 139.7326, 436.3806, 142.7942, 434.7067, 163.9403, 396.0304, 160.8788
13 327 10.900000 398.5380, 139.6155, 437.2065, 142.0574, 435.9246, 162.3562, 397.2561, 159.9143
13 328 10.940000 399.8189, 137.8807, 438.5217, 139.6649, 437.5610, 160.5047, 398.8582, 158.7206
13 329 10.970000 400.7285, 136.1794, 439.5277, 137.2969, 438.9133, 158.6262, 400.1142, 157.5087
13 330 11.000000 401.6717, 134.8770, 440.4250, 135.3000, 440.2006, 155.8584, 401.4473, 155.4355
13 331 11.040000 402.8062, 132.7437, 441.6199, 132.0799, 441.9702, 152.5629, 403.1565, 153.2267
13 332 11.070000 403.6260, 130.9475, 442.5156, 129.6199, 443.2352, 150.6988, 404.3456, 152.0264
13 333 11.100000 404.4456, 129.7995, 443.3219, 127.8586, 444.3585, 148.6225, 405.4823, 150.5635
13 334 11.140000 405.4374, 128.1103, 444.3337, 125.5362, 445.7264, 146.5791, 406.8300, 149.1532
13 335 11.170000 406.0568, 126.9988, 444.9715, 123.9254, 446.6554, 145.2453, 407.7407, 148.3187
13 336 11.200000 406.6254, 126.1822, 445.5080, 122.6934, 447.4083, 143.8724, 408.5257, 147.3612
13 337 11.240000 407.2149, 125.1312, 446.0546, 121.1882, 448.1993, 142.3142, 409.3596, 146.2572
13 338 11.270000 407.4947, 124.2162, 446.3296, 120.0164, 448.6483, 141.4568, 409.8134, 145.6566
13 339 11.300000 407.7206, 123.6553, 446.4754, 119.2842, 448.8560, 140.3918, 410.1013, 144.7628
13 340 11.340000 407.7813, 122.6720, 446.4693, 118.1921, 448.9217, 139.3702, 410.2337, 143.8502
13 341 11.370000 407.6295, 121.7359, 446.3055, 117.2432, 448.8215, 138.9030, 410.1455, 143.3957
13 342 11.400000 407.4275, 121.1675, 446.0037, 116.7541, 448.4529, 138.1618, 409.8767, 142.5752
13 343 11.440000 406.8937, 120.1146, 445.3889, 115.8970, 447.7634, 137.5695, 409.2681, 141.7871
13 344 11.470000 406.3263, 119.1630, 444.7702, 115.1746, 447.0727, 137.3686, 408.6288, 141.3570
13 345 11.500000 405.6960, 118.5401, 444.0235, 114.8483, 446.1517, 136.9428, 407.8243, 140.6347
13 346 11.540000 404.6447, 117.5868, 442.8245, 114.3333, 444.7311, 136.7071, 406.5513, 139.9606
13 347 11.570000 403.6978, 116.7567, 441.7918, 113.8496, 443.5459, 136.8356, 405.4519, 139.7427
13 348 11.600000 402.7150, 116.3540, 440.6379, 113.8327, 442.1596, 136.7214, 404.2367, 139.2427
13 349 11.640000 401.2414, 115.7170, 438.9496, 113.7481, 440.1597, 136.9249, 402.4516, 138.8938
13 350 11.670000 400.0195, 115.1636, 437.5719, 113.5944, 438.5640, 137.3355, 401.0116, 138.9048
13 351 11.700000 398.7608, 115.0585, 436.0926, 113.8954, 436.8268, 137.4615, 399.4950, 138.6246
13 352 11.740000 396.9618, 114.8815, 434.0008, 114.2386, 434.4114, 137.8919, 397.3723, 138.5348
13 353 11.770000 395.5288, 114.6501, 432.3706, 114.3797, 432.5474, 138.4752, 395.7057, 138.7456
13 354 11.800000 394.0796, 114.8477, 430.6596, 114.9544, 430.5901, 138.7797, 394.0101, 138.6730
13 355 11.840000 392.0890, 114.9794, 428.3375, 115.5997, 427.9280, 139.5356, 391.6795, 138.9153
13 356 11.870000 390.5584, 115.0189, 426.5691, 115.9927, 425.9109, 140.3324, 389.9002, 139.3586
13 357 11.900000 389.0210, 115.4857, 424.7492, 116.8094, 423.8579, 140.8665, 388.1297, 139.5428
13 358 11.940000 386.9465, 116.0188, 422.3267, 117.7656, 421.1344, 141.9136, 385.7542, 140.1667
13 359 11.970000 385.4134, 116.3658, 420.5314, 118.4414, 419.0845, 142.9224, 383.9665, 140.8468
13 360 12.000000 383.8920, 116.9963, 418.7238, 119.3923, 417.0490, 143.7394, 382.2173, 141.3434
13 361 12.040000 381.8983, 117.6462, 416.3539, 120.3941, 414.3958, 144.9463, 379.9402, 142.1984
13 362 12.070000 380.4686, 117.8417, 414.6447, 120.8358, 412.4414, 145.9862, 378.2652, 142.9921
13 363 12.100000 379.0514, 118.4224, 412.9078, 121.6108, 410.5640, 146.4980, 376.7076, 143.3096
13 364 12.140000 377.3001, 118.8946, 410.7024, 122.3707, 408.1116, 147.2662, 374.7093, 143.7901
13 365 12.170000 376.0653, 119.0962, 409.1258, 122.7482, 406.3537, 147.8436, 373.2932, 144.1916
13 366 12.200000 374.8518, 119.6528, 407.5497, 123.4297, 404.7179, 147.9450, 372.0200, 144.1680
13 367 12.240000 373.3478, 120.1056, 405.6021, 123.9861, 402.6922, 148.1727, 370.4379, 144.2922
13 368 12.270000 372.3835, 120.2896, 404.2511, 124.2931, 401.2289, 148.3497, 369.3613, 144.3462
13 369 12.300000 371.4825, 120.6637, 402.9722, 124.7979, 399.9002, 148.1968, 368.4105, 144.0625
13 370 12.340000 370.4285, 121.0739, 401.4014, 125.3041, 398.3264, 147.8188, 367.3535, 143.5887
13 371 12.370000 369.8052, 120.9663, 400.4275, 125.3117, 397.2443, 147.7437, 366.6219, 143.3982
13 372 12.400000 369.2028, 121.2675, 399.4729, 125.6518, 396.3711, 147.0669, 366.1010, 142.6826
13 373 12.440000 368.7060, 121.2134, 398.5134, 125.7639, 395.3784, 146.2985, 365.5711, 141.7479
13 374 12.470000 368.5073, 120.8907, 397.9747, 125.5410, 394.7793, 145.7890, 365.3119, 141.1386
13 375 12.500000 368.1747, 120.9757, 397.4917, 125.6792, 394.4217, 144.8148, 365.1047, 140.1113
13 376 12.540000 367.9424, 120.9759, 397.0774, 125.7371, 394.0912, 144.0103, 364.9562, 139.2491
13 377 12.570000 367.9008, 121.1657, 396.8992, 125.9642, 393.9614, 143.7183, 364.9629, 138.9199
13 378 12.600000 367.9171, 121.8235, 396.7869, 126.6283, 393.9936, 143.4117, 365.1238, 138.6069
13 379 12.640000 368.1204, 122.8315, 396.8343, 127.5871, 394.1995, 143.4959, 365.4856, 138.7403
13 380 12.670000 368.4103, 123.6530, 397.0236, 128.3251, 394.4777, 143.9171, 365.8643, 139.2450
13 381 12.700000 368.7530, 124.9175, 397.2778, 129.4731, 394.9179, 144.2490, 366.3932, 139.6934
13 382 12.740000 369.3779, 126.6907, 397.8110, 131.0209, 395.6648, 145.1137, 367.2317, 140.7834
13 383 12.770000 369.9674, 128.0580, 398.3524, 132.1630, 396.3354, 146.1097, 367.9504, 142.0047
13 384 12.800000 370.5988, 129.8679, 398.9463, 133.7188, 397.0756, 147.4893, 368.7281, 143.6383
13 385 12.840000 371.5964, 132.1777, 399.9192, 135.6087, 398.2313, 149.5428, 369.9085, 146.1118
13 386 12.870000 372.3922, 134.2652, 400.7125, 137.3129, 399.2241, 151.1437, 370.9038, 148.0959
13 387 12.900000 373.2522, 136.4054, 401.5756, 139.0464, 400.2554, 153.2047, 371.9321, 150.5637
13 388 12.940000 374.4134, 139.9523, 402.7517, 141.9557, 401.7499, 156.1277, 373.4115, 154.1244
13 389 12.970000 375.2235, 143.1057, 403.6480, 144.5631, 402.9358, 158.4546, 374.5113, 156.9972
13 390 13.000000 375.9763, 146.2832, 404.5655, 147.1502, 404.1427, 161.0947, 375.5534, 160.2277
13 391 13.040000 377.0318, 150.3976, 405.8545, 150.6348, 405.7411, 164.4190, 376.9183, 164.1817
13 392 13.070000 377.8358, 152.9869, 406.8303, 152.7840, 406.9257, 166.4159, 377.9313, 166.6189
13 393 13.100000 378.6594, 155.3943, 407.8323, 154.8899, 408.0679, 168.5137, 378.8950, 169.0181
13 394 13.140000 379.6565, 158.0517, 409.0570, 156.9036, 409.5904, 170.5630, 380.1899, 171.7111
13 395 13.170000 380.3751, 159.3406, 409.9242, 157.8610, 410.6063, 171.4833, 381.0572, 172.9629
13 396 13.200000 381.0564, 160.7999, 410.7671, 159.0178, 411.5843, 172.6416, 381.8736, 174.4237
13 397 13.240000 381.8369, 161.8468, 411.7559, 159.7472, 412.7168, 173.4392, 382.7977, 175.5387
13 398 13.270000 382.3160, 162.1012, 412.3789, 159.8161, 413.4762, 174.2523, 383.4133, 176.5374
13 399 13.300000 382.7425, 162.5118, 412.9667, 160.1142, 414.1039, 174.4512, 383.8798, 176.8488
13 400 13.340000 383.1193, 162.2809, 413.5463, 159.7407, 414.7995, 174.7523, 384.3726, 177.2925
13 401 13.370000 383.3024, 161.5853, 413.8512, 159.0627, 415.1629, 174.9476, 384.6141, 177.4702
13 402 13.400000 383.4093, 161.0257, 414.1179, 158.5745, 415.3923, 174.5401, 384.6837, 176.9913
13 403 13.440000 383.3933, 159.6643, 414.2737, 157.3573, 415.5062, 173.8556, 384.6258, 176.1626
13 404 13.470000 383.2453, 158.1563, 414.2357, 155.9541, 415.4706, 173.3326, 384.4802, 175.5347
13 405 13.500000 383.0473, 157.0956, 414.1756, 155.0358, 415.3080, 172.1499, 384.1798, 174.2098
13 406 13.540000 382.6361, 155.4022, 413.9103, 153.5039, 414.9912, 171.3117, 383.7170, 173.2100
13 407 13.570000 382.2440, 154.3330, 413.6549, 152.5579, 414.7083, 171.1977, 383.2973, 172.9727
13 408 13.600000 381.7988, 153.8402, 413.3324, 152.1783, 414.3371, 171.2414, 382.8035, 172.9033
13 409 13.640000 381.1006, 153.7066, 412.7976, 152.1651, 413.7586, 171.9261, 382.0616, 173.4676
13 410 13.670000 380.4962, 154.0071, 412.3168, 152.5289, 413.2634, 172.9063, 381.4428, 174.3845
13 411 13.700000 379.8427, 154.9123, 411.7650, 153.4778, 412.6892, 174.0448, 380.7669, 175.4793
13 412 13.740000 378.8555, 156.6814, 410.9199, 155.2603, 411.8491, 176.2256, 379.7847, 177.6466
13 413 13.770000 378.0283, 158.4599, 410.2038, 157.0164, 411.1624, 178.3829, 378.9868, 179.8264
13 414 13.800000 377.1463, 160.8932, 409.4157, 159.4041, 410.4025, 180.7896, 378.1331, 182.2787
13 415 13.840000 375.8572, 164.8489, 408.2572, 163.2629, 409.3127, 184.8269, 376.9128, 186.4129
13 416 13.870000 374.8120, 168.4326, 407.3102, 166.7557, 408.4336, 188.5269, 375.9354, 190.2038
13 417 13.900000 373.7194, 172.7839, 406.3000, 171.0086, 407.4819, 192.7006, 374.9014, 194.4759
13 418 13.940000 372.1709, 179.5952, 404.8580, 177.6799, 406.1289, 199.3690, 373.4418, 201.2843
13 419 13.970000 370.9417, 185.5017, 403.7023, 183.4753, 405.0447, 205.1778, 372.2841, 207.2042
13 420 14.000000 369.6516, 192.0559, 402.4694, 189.9148, 403.8731, 211.4301, 371.0553, 213.5712
13 421 14.040000 367.7688, 200.9863, 400.6404, 198.6917, 402.1270, 219.9886, 369.2554, 222.2832
13 422 14.070000 366.2010, 207.4624, 399.0926, 205.0539, 400.6475, 226.2874, 367.7559, 228.6960
13 423 14.100000 364.5245, 213.9072, 397.4008, 211.4165, 398.9790, 232.2478, 366.1027, 234.7385
13 424 14.140000 362.0791, 222.1939, 394.9067, 219.6157, 396.5120, 240.0550, 363.6843, 242.6332
13 425 14.170000 360.0154, 228.1963, 392.8268, 225.4222, 394.5597, 245.9175, 361.7482, 248.6917
13 426 14.200000 357.9063, 234.4125, 390.6482, 231.5868, 392.3687, 251.5224, 359.6268, 254.3481
13 427 14.240000 354.9225, 242.5300, 387.5208, 239.7258, 389.2004, 259.2507, 356.6021, 262.0549
13 428 14.270000 352.5363, 248.5305, 385.0284, 245.7904, 386.6756, 265.3220, 354.1834, 268.0621
13 429 14.300000 350.1001, 255.0367, 382.4415, 252.4228, 383.9575, 271.1798, 351.6161, 273.7937
13 430 14.340000 346.6908, 263.7549, 378.8397, 261.4085, 380.1675, 279.6011, 348.0186, 281.9475
13 431 14.370000 344.0511, 270.5347, 376.0374, 268.4684, 377.1937, 286.3679, 345.2074, 288.4341
13 432 14.400000 341.3557, 277.9023, 373.1842, 276.1723, 374.1174, 293.3415, 342.2889, 295.0715
13 433 14.440000 337.6747, 288.3337, 369.2880, 287.1430, 369.9053, 303.5330, 338.2920, 304.7238
13 434 14.470000 334.8509, 296.6652, 366.3114, 295.9347, 366.6805, 311.8314, 335.2201, 312.5619
13 435 14.500000 331.9716, 305.4528, 363.2862, 305.2096, 363.4032, 320.2730, 332.0886, 320.5161
13 436 14.540000 328.0336, 316.3470, 359.1635, 316.7226, 358.9785, 332.0530, 327.8486, 331.6773
13 437 14.570000 324.9354, 323.3356, 356.0408, 324.1209, 355.6440, 339.8372, 324.5386, 339.0518
13 438 14.600000 321.8625, 329.3104, 352.9290, 330.4826, 352.3036, 347.0583, 321.2371, 345.8861
13 439 14.640000 317.8067, 336.3934, 348.8131, 337.9966, 347.9209, 355.2509, 316.9145, 353.6477
13 440 14.670000 314.7959, 341.2030, 345.7543, 343.0444, 344.7270, 360.3158, 313.7686, 358.4744
13 441 14.700000 311.8734, 345.0427, 342.7769, 347.1143, 341.5684, 365.1418, 310.6649, 363.0702
13 442 14.740000 308.0451, 349.6646, 338.8767, 351.9411, 337.5199, 370.3171, 306.6883, 368.0406
13 443 14.770000 305.2229, 352.8339, 336.0067, 355.2002, 334.6179, 373.2681, 303.8341, 370.9018
13 444 14.800000 302.5631, 354.9921, 333.2815, 357.5259, 331.7332, 376.2968, 301.0148, 373.7630
13 445 14.840000 299.0852, 357.5729, 329.7285, 360.2307, 328.0839, 379.1924, 297.4406, 376.5346
13 446 14.870000 296.5295, 359.3132, 327.1255, 362.0050, 325.4950, 380.5387, 294.8989, 377.8469
13 447 14.900000 294.1282, 360.1343, 324.6630, 362.8680, 322.9517, 381.9830, 292.4169, 379.2494
13 448 14.940000 291.0180, 360.9798, 321.4811, 363.7219, 319.7572, 382.8734, 289.2941, 380.1313
13 449 14.970000 288.7572, 361.4646, 319.1721, 364.2042, 317.4980, 382.7894, 287.0832, 380.0498
