85 0 0.010000 3.4564, 2.4134, -0.3462, 0.9998, 0.0178, -0.0049, -0.0000
85 1 0.040000 3.4562, 2.4127, -0.3370, 0.9976, 0.0667, -0.0161, 0.0002
85 2 0.070000 3.4555, 2.4098, -0.3197, 0.9947, 0.1003, -0.0209, 0.0004
85 3 0.110000 3.4537, 2.4016, -0.2889, 0.9908, 0.1334, -0.0223, 0.0011
85 4 0.140000 3.4517, 2.3920, -0.2632, 0.9882, 0.1521, -0.0199, 0.0021
85 5 0.170000 3.4494, 2.3796, -0.2374, 0.9873, 0.1584, -0.0133, 0.0035
85 6 0.200000 3.4468, 2.3647, -0.2127, 0.9854, 0.1699, -0.0087, 0.0046
85 7 0.240000 3.4433, 2.3412, -0.1833, 0.9842, 0.1768, 0.0005, 0.0066
85 8 0.270000 3.4406, 2.3212, -0.1649, 0.9841, 0.1773, 0.0058, 0.0075
85 9 0.310000 3.4372, 2.2914, -0.1460, 0.9839, 0.1780, 0.0126, 0.0092
85 10 0.340000 3.4348, 2.2670, -0.1366, 0.9833, 0.1810, 0.0177, 0.0104
85 11 0.370000 3.4326, 2.2408, -0.1314, 0.9845, 0.1736, 0.0225, 0.0118
85 12 0.400000 3.4306, 2.2130, -0.1305, 0.9847, 0.1715, 0.0269, 0.0130
85 13 0.440000 3.4284, 2.1732, -0.1355, 0.9863, 0.1611, 0.0319, 0.0148
85 14 0.470000 3.4273, 2.1413, -0.1432, 0.9882, 0.1481, 0.0350, 0.0162
85 15 0.500000 3.4266, 2.1073, -0.1531, 0.9892, 0.1404, 0.0372, 0.0174
85 16 0.540000 3.4268, 2.0582, -0.1662, 0.9912, 0.1248, 0.0401, 0.0190
85 17 0.570000 3.4281, 2.0182, -0.1741, 0.9930, 0.1081, 0.0422, 0.0204
85 18 0.610000 3.4313, 1.9608, -0.1803, 0.9941, 0.0974, 0.0424, 0.0215
85 19 0.640000 3.4351, 1.9148, -0.1812, 0.9939, 0.0991, 0.0422, 0.0219
85 20 0.670000 3.4400, 1.8664, -0.1784, 0.9959, 0.0782, 0.0402, 0.0228
85 21 0.700000 3.4459, 1.8159, -0.1715, 0.9961, 0.0760, 0.0378, 0.0230
85 22 0.740000 3.4555, 1.7457, -0.1554, 0.9975, 0.0582, 0.0335, 0.0236
85 23 0.770000 3.4638, 1.6913, -0.1375, 0.9988, 0.0328, 0.0273, 0.0243
85 24 0.800000 3.4730, 1.6358, -0.1142, 0.9989, 0.0318, 0.0227, 0.0243
85 25 0.840000 3.4861, 1.5607, -0.0742, 0.9995, 0.0125, 0.0132, 0.0246
85 26 0.870000 3.4965, 1.5041, -0.0372, 0.9996, -0.0072, 0.0069, 0.0252
85 27 0.900000 3.5071, 1.4476, 0.0060, 0.9996, -0.0116, 0.0005, 0.0253
85 28 0.940000 3.5213, 1.3730, 0.0727, 0.9994, -0.0188, -0.0082, 0.0263
85 29 0.970000 3.5316, 1.3178, 0.1284, 0.9986, -0.0427, -0.0160, 0.0265
85 30 1.000000 3.5415, 1.2635, 0.1872, 0.9987, -0.0360, -0.0214, 0.0277
85 31 1.040000 3.5542, 1.1923, 0.2659, 0.9983, -0.0448, -0.0259, 0.0285
85 32 1.070000 3.5632, 1.1395, 0.3226, 0.9970, -0.0648, -0.0305, 0.0288
85 33 1.110000 3.5747, 1.0704, 0.3937, 0.9962, -0.0734, -0.0371, 0.0301
85 34 1.140000 3.5827, 1.0195, 0.4438, 0.9957, -0.0765, -0.0411, 0.0310
85 35 1.170000 3.5902, 0.9696, 0.4914, 0.9948, -0.0852, -0.0456, 0.0318
85 36 1.210000 3.5992, 0.9048, 0.5517, 0.9939, -0.0917, -0.0509, 0.0327
85 37 1.240000 3.6050, 0.8577, 0.5952, 0.9940, -0.0886, -0.0548, 0.0339
85 38 1.270000 3.6098, 0.8121, 0.6377, 0.9929, -0.0978, -0.0589, 0.0342
85 39 1.310000 3.6146, 0.7537, 0.6938, 0.9923, -0.1003, -0.0635, 0.0351
85 40 1.340000 3.6168, 0.7119, 0.7360, 0.9926, -0.0954, -0.0660, 0.0359
85 41 1.370000 3.6177, 0.6720, 0.7787, 0.9918, -0.1022, -0.0683, 0.0358
85 42 1.410000 3.6167, 0.6217, 0.8370, 0.9917, -0.1013, -0.0702, 0.0360
85 43 1.440000 3.6142, 0.5862, 0.8818, 0.9926, -0.0915, -0.0707, 0.0365
85 44 1.470000 3.6102, 0.5524, 0.9273, 0.9921, -0.0968, -0.0710, 0.0357
85 45 1.510000 3.6030, 0.5099, 0.9873, 0.9927, -0.0916, -0.0707, 0.0352
85 46 1.540000 3.5964, 0.4793, 1.0297, 0.9940, -0.0772, -0.0695, 0.0355
85 47 1.570000 3.5891, 0.4496, 1.0686, 0.9945, -0.0710, -0.0687, 0.0353
85 48 1.610000 3.5781, 0.4110, 1.1146, 0.9954, -0.0575, -0.0673, 0.0356
85 49 1.640000 3.5691, 0.3827, 1.1446, 0.9962, -0.0446, -0.0657, 0.0361
85 50 1.670000 3.5593, 0.3549, 1.1710, 0.9965, -0.0400, -0.0639, 0.0361
85 51 1.710000 3.5452, 0.3184, 1.2009, 0.9970, -0.0308, -0.0607, 0.0364
85 52 1.740000 3.5338, 0.2914, 1.2195, 0.9974, -0.0212, -0.0577, 0.0370
85 53 1.770000 3.5218, 0.2646, 1.2350, 0.9976, -0.0205, -0.0547, 0.0371
85 54 1.810000 3.5047, 0.2292, 1.2508, 0.9979, -0.0160, -0.0498, 0.0376
85 55 1.840000 3.4912, 0.2028, 1.2591, 0.9982, -0.0097, -0.0456, 0.0382
85 56 1.870000 3.4772, 0.1766, 1.2644, 0.9983, -0.0128, -0.0415, 0.0384
85 57 1.910000 3.4578, 0.1417, 1.2667, 0.9985, -0.0131, -0.0353, 0.0389
85 58 1.940000 3.4427, 0.1157, 1.2652, 0.9987, -0.0109, -0.0304, 0.0395
85 59 1.970000 3.4272, 0.0899, 1.2613, 0.9987, -0.0181, -0.0256, 0.0398
85 60 2.010000 3.4059, 0.0558, 1.2539, 0.9987, -0.0237, -0.0192, 0.0403
85 61 2.040000 3.3896, 0.0306, 1.2484, 0.9988, -0.0218, -0.0134, 0.0408
85 62 2.070000 3.3729, 0.0059, 1.2439, 0.9987, -0.0305, -0.0074, 0.0410
85 63 2.110000 3.3505, -0.0261, 1.2403, 0.9985, -0.0355, 0.0008, 0.0415
85 64 2.140000 3.3336, -0.0494, 1.2396, 0.9985, -0.0332, 0.0065, 0.0419
85 65 2.170000 3.3169, -0.0718, 1.2408, 0.9980, -0.0452, 0.0105, 0.0422
85 66 2.210000 3.2948, -0.1004, 1.2454, 0.9977, -0.0492, 0.0162, 0.0427
85 67 2.240000 3.2786, -0.1207, 1.2512, 0.9980, -0.0430, 0.0196, 0.0430
85 68 2.270000 3.2628, -0.1399, 1.2591, 0.9975, -0.0503, 0.0218, 0.0435
85 69 2.310000 3.2424, -0.1639, 1.2732, 0.9974, -0.0508, 0.0236, 0.0444
85 70 2.340000 3.2277, -0.1807, 1.2866, 0.9979, -0.0381, 0.0261, 0.0447
85 71 2.370000 3.2135, -0.1964, 1.3026, 0.9975, -0.0463, 0.0264, 0.0459
85 72 2.410000 3.1956, -0.2159, 1.3282, 0.9977, -0.0401, 0.0274, 0.0469
85 73 2.440000 3.1828, -0.2295, 1.3506, 0.9980, -0.0288, 0.0280, 0.0478
85 74 2.470000 3.1706, -0.2423, 1.3754, 0.9979, -0.0321, 0.0275, 0.0492
85 75 2.510000 3.1551, -0.2585, 1.4110, 0.9979, -0.0267, 0.0281, 0.0510
85 76 2.540000 3.1442, -0.2701, 1.4381, 0.9982, -0.0109, 0.0289, 0.0519
85 77 2.570000 3.1337, -0.2814, 1.4647, 0.9981, -0.0098, 0.0281, 0.0533
85 78 2.610000 3.1204, -0.2963, 1.4992, 0.9981, 0.0009, 0.0268, 0.0547
85 79 2.640000 3.1109, -0.3075, 1.5244, 0.9980, 0.0147, 0.0262, 0.0556
85 80 2.670000 3.1019, -0.3189, 1.5492, 0.9980, 0.0163, 0.0246, 0.0566
85 81 2.710000 3.0906, -0.3346, 1.5821, 0.9977, 0.0286, 0.0231, 0.0577
85 82 2.740000 3.0826, -0.3469, 1.6069, 0.9972, 0.0407, 0.0224, 0.0582
85 83 2.770000 3.0751, -0.3599, 1.6320, 0.9973, 0.0388, 0.0205, 0.0590
85 84 2.800000 3.0681, -0.3737, 1.6578, 0.9968, 0.0488, 0.0200, 0.0595
85 85 2.840000 3.0593, -0.3935, 1.6935, 0.9968, 0.0500, 0.0179, 0.0602
85 86 2.870000 3.0532, -0.4093, 1.7216, 0.9971, 0.0421, 0.0167, 0.0610
85 87 2.900000 3.0475, -0.4260, 1.7511, 0.9969, 0.0471, 0.0168, 0.0614
85 88 2.940000 3.0406, -0.4497, 1.7925, 0.9969, 0.0442, 0.0171, 0.0623
85 89 2.970000 3.0358, -0.4683, 1.8248, 0.9973, 0.0323, 0.0167, 0.0631
85 90 3.000000 3.0314, -0.4877, 1.8577, 0.9971, 0.0376, 0.0181, 0.0636
85 91 3.040000 3.0260, -0.5142, 1.9000, 0.9973, 0.0276, 0.0189, 0.0646
85 92 3.070000 3.0223, -0.5345, 1.9297, 0.9976, 0.0127, 0.0187, 0.0653
85 93 3.100000 3.0189, -0.5550, 1.9574, 0.9976, 0.0069, 0.0194, 0.0657
85 94 3.140000 3.0147, -0.5824, 1.9916, 0.9976, -0.0073, 0.0201, 0.0660
85 95 3.170000 3.0119, -0.6028, 2.0154, 0.9973, -0.0225, 0.0206, 0.0661
85 96 3.200000 3.0094, -0.6228, 2.0381, 0.9972, -0.0266, 0.0218, 0.0658
85 97 3.240000 3.0066, -0.6488, 2.0671, 0.9969, -0.0376, 0.0233, 0.0651
85 98 3.270000 3.0048, -0.6675, 2.0881, 0.9963, -0.0511, 0.0244, 0.0645
85 99 3.300000 3.0035, -0.6853, 2.1088, 0.9963, -0.0519, 0.0262, 0.0634
85 100 3.340000 3.0023, -0.7075, 2.1362, 0.9959, -0.0602, 0.0284, 0.0617
85 101 3.370000 3.0018, -0.7228, 2.1569, 0.9951, -0.0728, 0.0298, 0.0603
85 102 3.400000 3.0019, -0.7368, 2.1779, 0.9953, -0.0710, 0.0315, 0.0583
85 103 3.440000 3.0028, -0.7533, 2.2062, 0.9950, -0.0767, 0.0332, 0.0555
85 104 3.470000 3.0040, -0.7640, 2.2274, 0.9942, -0.0870, 0.0339, 0.0532
85 105 3.500000 3.0057, -0.7733, 2.2482, 0.9947, -0.0823, 0.0345, 0.0503
85 106 3.540000 3.0087, -0.7836, 2.2732, 0.9945, -0.0877, 0.0346, 0.0466
85 107 3.570000 3.0114, -0.7900, 2.2890, 0.9936, -0.0977, 0.0350, 0.0441
85 108 3.600000 3.0145, -0.7953, 2.3020, 0.9937, -0.0980, 0.0356, 0.0413
85 109 3.640000 3.0192, -0.8004, 2.3147, 0.9936, -0.0998, 0.0365, 0.0377
85 110 3.670000 3.0232, -0.8027, 2.3210, 0.9932, -0.1051, 0.0369, 0.0351
85 111 3.700000 3.0275, -0.8038, 2.3244, 0.9938, -0.0996, 0.0369, 0.0324
85 112 3.740000 3.0340, -0.8033, 2.3248, 0.9941, -0.0976, 0.0368, 0.0289
85 113 3.770000 3.0394, -0.8014, 2.3219, 0.9941, -0.0989, 0.0364, 0.0264
85 114 3.800000 3.0452, -0.7983, 2.3162, 0.9949, -0.0911, 0.0355, 0.0238
85 115 3.840000 3.0535, -0.7924, 2.3043, 0.9956, -0.0851, 0.0336, 0.0205
85 116 3.870000 3.0602, -0.7868, 2.2920, 0.9958, -0.0839, 0.0320, 0.0181
85 117 3.900000 3.0673, -0.7801, 2.2768, 0.9967, -0.0739, 0.0299, 0.0155
85 118 3.940000 3.0772, -0.7699, 2.2519, 0.9975, -0.0637, 0.0266, 0.0122
85 119 3.970000 3.0850, -0.7612, 2.2301, 0.9979, -0.0590, 0.0237, 0.0098
85 120 4.000000 3.0932, -0.7518, 2.2063, 0.9987, -0.0455, 0.0201, 0.0071
85 121 4.040000 3.1046, -0.7380, 2.1733, 0.9993, -0.0330, 0.0148, 0.0040
85 122 4.070000 3.1134, -0.7269, 2.1486, 0.9994, -0.0316, 0.0121, 0.0022
85 123 4.100000 3.1225, -0.7153, 2.1242, 0.9997, -0.0222, 0.0086, 0.0002
85 124 4.140000 3.1348, -0.6991, 2.0918, 0.9998, -0.0193, 0.0040, -0.0018
85 125 4.170000 3.1441, -0.6865, 2.0674, 0.9997, -0.0225, 0.0015, -0.0031
85 126 4.200000 3.1535, -0.6735, 2.0426, 0.9999, -0.0153, -0.0008, -0.0043
85 127 4.240000 3.1659, -0.6558, 2.0084, 0.9999, -0.0106, -0.0030, -0.0055
85 128 4.270000 3.1752, -0.6422, 1.9815, 0.9999, -0.0137, -0.0046, -0.0062
85 129 4.300000 3.1845, -0.6285, 1.9533, 0.9999, -0.0050, -0.0062, -0.0066
85 130 4.340000 3.1966, -0.6101, 1.9130, 0.9999, -0.0005, -0.0081, -0.0068
85 131 4.370000 3.2056, -0.5962, 1.8803, 0.9999, -0.0024, -0.0087, -0.0069
85 132 4.400000 3.2145, -0.5823, 1.8452, 0.9999, 0.0031, -0.0093, -0.0066
85 133 4.440000 3.2262, -0.5638, 1.7944, 0.9999, 0.0027, -0.0093, -0.0060
85 134 4.470000 3.2348, -0.5499, 1.7536, 0.9999, -0.0028, -0.0092, -0.0052
85 135 4.500000 3.2433, -0.5360, 1.7113, 0.9999, -0.0017, -0.0092, -0.0042
85 136 4.540000 3.2544, -0.5174, 1.6554, 0.9999, -0.0049, -0.0099, -0.0030
85 137 4.570000 3.2624, -0.5032, 1.6153, 0.9998, -0.0137, -0.0113, -0.0023
85 138 4.600000 3.2702, -0.4888, 1.5771, 0.9999, -0.0090, -0.0128, -0.0015
85 139 4.640000 3.2802, -0.4692, 1.5286, 0.9997, -0.0164, -0.0153, -0.0007
85 140 4.670000 3.2873, -0.4541, 1.4937, 0.9995, -0.0260, -0.0175, -0.0002
85 141 4.700000 3.2941, -0.4385, 1.4597, 0.9996, -0.0192, -0.0197, 0.0004
85 142 4.740000 3.3026, -0.4171, 1.4150, 0.9996, -0.0173, -0.0231, 0.0010
85 143 4.770000 3.3085, -0.4006, 1.3814, 0.9994, -0.0213, -0.0257, 0.0012
85 144 4.800000 3.3140, -0.3837, 1.3474, 0.9995, -0.0114, -0.0280, 0.0016
85 145 4.840000 3.3206, -0.3610, 1.3006, 0.9995, -0.0036, -0.0313, 0.0018
85 146 4.870000 3.3250, -0.3438, 1.2639, 0.9994, -0.0027, -0.0338, 0.0016
85 147 4.900000 3.3289, -0.3266, 1.2254, 0.9993, 0.0109, -0.0362, 0.0017
85 148 4.940000 3.3334, -0.3039, 1.1712, 0.9990, 0.0235, -0.0391, 0.0014
85 149 4.970000 3.3361, -0.2872, 1.1287, 0.9987, 0.0317, -0.0411, 0.0009
85 150 5.000000 3.3380, -0.2711, 1.0859, 0.9979, 0.0489, -0.0426, 0.0006
85 151 5.040000 3.3392, -0.2513, 1.0321, 0.9968, 0.0653, -0.0456, -0.0000
85 152 5.070000 3.3388, -0.2382, 0.9962, 0.9970, 0.0624, -0.0460, -0.0009
85 153 5.100000 3.3371, -0.2268, 0.9647, 0.9961, 0.0759, -0.0460, -0.0013
85 154 5.140000 3.3331, -0.2147, 0.9293, 0.9959, 0.0794, -0.0432, -0.0020
85 155 5.170000 3.3287, -0.2078, 0.9075, 0.9964, 0.0746, -0.0415, -0.0029
85 156 5.200000 3.3232, -0.2029, 0.8895, 0.9948, 0.0940, -0.0396, -0.0026
85 157 5.240000 3.3143, -0.2000, 0.8709, 0.9938, 0.1041, -0.0384, -0.0029
85 158 5.270000 3.3065, -0.2006, 0.8609, 0.9947, 0.0971, -0.0350, -0.0033
85 159 5.300000 3.2979, -0.2037, 0.8541, 0.9931, 0.1130, -0.0319, -0.0030
85 160 5.340000 3.2852, -0.2119, 0.8498, 0.9941, 0.1051, -0.0252, -0.0027
85 161 5.370000 3.2750, -0.2209, 0.8503, 0.9948, 0.0992, -0.0220, -0.0031
85 162 5.400000 3.2642, -0.2324, 0.8537, 0.9949, 0.0994, -0.0183, -0.0026
85 163 5.440000 3.2491, -0.2512, 0.8629, 0.9951, 0.0981, -0.0125, -0.0026
85 164 5.470000 3.2374, -0.2678, 0.8728, 0.9967, 0.0803, -0.0076, -0.0024
85 165 5.500000 3.2256, -0.2863, 0.8849, 0.9962, 0.0869, -0.0039, -0.0022
85 166 5.540000 3.2096, -0.3136, 0.9027, 0.9972, 0.0747, -0.0006, -0.0022
85 167 5.570000 3.1977, -0.3356, 0.9166, 0.9983, 0.0577, 0.0032, -0.0024
85 168 5.600000 3.1857, -0.3588, 0.9308, 0.9983, 0.0584, 0.0066, -0.0027
85 169 5.640000 3.1701, -0.3912, 0.9506, 0.9989, 0.0445, 0.0131, -0.0028
85 170 5.670000 3.1586, -0.4165, 0.9662, 0.9993, 0.0334, 0.0160, -0.0033
85 171 5.700000 3.1474, -0.4425, 0.9828, 0.9993, 0.0316, 0.0191, -0.0037
85 172 5.740000 3.1331, -0.4781, 1.0069, 0.9994, 0.0276, 0.0225, -0.0047
85 173 5.770000 3.1229, -0.5053, 1.0267, 0.9996, 0.0116, 0.0257, -0.0050
85 174 5.800000 3.1133, -0.5329, 1.0483, 0.9995, 0.0169, 0.0276, -0.0061
85 175 5.840000 3.1014, -0.5701, 1.0805, 0.9995, 0.0110, 0.0292, -0.0071
85 176 5.870000 3.0932, -0.5982, 1.1076, 0.9995, -0.0009, 0.0305, -0.0077
85 177 5.900000 3.0857, -0.6264, 1.1374, 0.9995, 0.0051, 0.0307, -0.0089
85 178 5.940000 3.0769, -0.6640, 1.1817, 0.9995, 0.0018, 0.0311, -0.0102
85 179 5.970000 3.0711, -0.6921, 1.2181, 0.9994, -0.0091, 0.0311, -0.0109
85 180 6.000000 3.0660, -0.7202, 1.2562, 0.9995, -0.0001, 0.0304, -0.0123
85 181 6.040000 3.0600, -0.7575, 1.3068, 0.9994, -0.0079, 0.0298, -0.0136
85 182 6.070000 3.0561, -0.7853, 1.3430, 0.9991, -0.0249, 0.0308, -0.0141
85 183 6.100000 3.0525, -0.8127, 1.3774, 0.9990, -0.0284, 0.0312, -0.0150
85 184 6.140000 3.0485, -0.8487, 1.4208, 0.9985, -0.0413, 0.0323, -0.0157
85 185 6.170000 3.0461, -0.8749, 1.4519, 0.9978, -0.0545, 0.0335, -0.0161
85 186 6.200000 3.0443, -0.9003, 1.4820, 0.9976, -0.0568, 0.0346, -0.0168
85 187 6.240000 3.0427, -0.9326, 1.5213, 0.9970, -0.0660, 0.0369, -0.0173
85 188 6.270000 3.0423, -0.9555, 1.5503, 0.9959, -0.0794, 0.0389, -0.0174
85 189 6.300000 3.0426, -0.9771, 1.5794, 0.9958, -0.0798, 0.0405, -0.0178
85 190 6.340000 3.0442, -1.0034, 1.6187, 0.9951, -0.0873, 0.0427, -0.0180
85 191 6.370000 3.0464, -1.0211, 1.6488, 0.9938, -0.1006, 0.0450, -0.0177
85 192 6.400000 3.0495, -1.0370, 1.6799, 0.9939, -0.0978, 0.0469, -0.0180
85 193 6.440000 3.0552, -1.0549, 1.7230, 0.9931, -0.1046, 0.0499, -0.0177
85 194 6.470000 3.0607, -1.0659, 1.7564, 0.9918, -0.1153, 0.0523, -0.0172
85 195 6.500000 3.0672, -1.0749, 1.7900, 0.9925, -0.1077, 0.0544, -0.0174
85 196 6.540000 3.0772, -1.0842, 1.8326, 0.9917, -0.1138, 0.0570, -0.0168
85 197 6.570000 3.0855, -1.0894, 1.8617, 0.9903, -0.1251, 0.0587, -0.0159
85 198 6.600000 3.0947, -1.0931, 1.8882, 0.9897, -0.1292, 0.0601, -0.0155
85 199 6.640000 3.1082, -1.0953, 1.9198, 0.9882, -0.1396, 0.0617, -0.0146
85 200 6.670000 3.1193, -1.0947, 1.9409, 0.9866, -0.1501, 0.0625, -0.0137
85 201 6.700000 3.1314, -1.0920, 1.9600, 0.9868, -0.1487, 0.0629, -0.0136
85 202 6.740000 3.1489, -1.0849, 1.9828, 0.9865, -0.1502, 0.0633, -0.0132
85 203 6.770000 3.1633, -1.0770, 1.9979, 0.9858, -0.1548, 0.0633, -0.0126
85 204 6.800000 3.1786, -1.0668, 2.0115, 0.9872, -0.1459, 0.0633, -0.0128
85 205 6.840000 3.2005, -1.0496, 2.0274, 0.9882, -0.1394, 0.0629, -0.0128
85 206 6.870000 3.2181, -1.0343, 2.0375, 0.9884, -0.1381, 0.0623, -0.0125
85 207 6.900000 3.2367, -1.0169, 2.0461, 0.9902, -0.1248, 0.0614, -0.0130
85 208 6.940000 3.2630, -0.9907, 2.0552, 0.9918, -0.1115, 0.0603, -0.0133
85 209 6.970000 3.2838, -0.9691, 2.0603, 0.9927, -0.1046, 0.0593, -0.0133
85 210 7.000000 3.3055, -0.9459, 2.0641, 0.9946, -0.0854, 0.0580, -0.0140
85 211 7.040000 3.3359, -0.9128, 2.0680, 0.9961, -0.0671, 0.0556, -0.0144
85 212 7.070000 3.3599, -0.8865, 2.0705, 0.9966, -0.0607, 0.0540, -0.0143
85 213 7.100000 3.3849, -0.8592, 2.0731, 0.9976, -0.0420, 0.0523, -0.0149
85 214 7.140000 3.4197, -0.8217, 2.0769, 0.9983, -0.0248, 0.0498, -0.0153
85 215 7.170000 3.4469, -0.7928, 2.0802, 0.9986, -0.0193, 0.0478, -0.0153
85 216 7.200000 3.4750, -0.7637, 2.0842, 0.9989, 0.0010, 0.0448, -0.0160
85 217 7.240000 3.5138, -0.7249, 2.0906, 0.9989, 0.0154, 0.0413, -0.0165
85 218 7.270000 3.5439, -0.6960, 2.0966, 0.9989, 0.0200, 0.0389, -0.0165
85 219 7.300000 3.5748, -0.6676, 2.1037, 0.9985, 0.0358, 0.0364, -0.0172
85 220 7.340000 3.6170, -0.6307, 2.1151, 0.9981, 0.0493, 0.0326, -0.0178
85 221 7.370000 3.6495, -0.6042, 2.1254, 0.9982, 0.0488, 0.0299, -0.0181
85 222 7.400000 3.6825, -0.5788, 2.1372, 0.9973, 0.0653, 0.0266, -0.0189
85 223 7.440000 3.7274, -0.5469, 2.1556, 0.9966, 0.0759, 0.0231, -0.0199
85 224 7.470000 3.7617, -0.5248, 2.1711, 0.9968, 0.0749, 0.0207, -0.0204
85 225 7.500000 3.7963, -0.5041, 2.1872, 0.9954, 0.0918, 0.0183, -0.0215
85 226 7.540000 3.8428, -0.4788, 2.2074, 0.9944, 0.1025, 0.0155, -0.0226
85 227 7.570000 3.8779, -0.4614, 2.2203, 0.9947, 0.0990, 0.0130, -0.0233
85 228 7.600000 3.9132, -0.4455, 2.2311, 0.9941, 0.1057, 0.0100, -0.0241
85 229 7.640000 3.9604, -0.4263, 2.2420, 0.9942, 0.1044, 0.0064, -0.0249
85 230 7.670000 3.9958, -0.4136, 2.2479, 0.9948, 0.0981, 0.0031, -0.0254
85 231 7.700000 4.0313, -0.4023, 2.2517, 0.9945, 0.1016, -0.0006, -0.0260
85 232 7.740000 4.0785, -0.3894, 2.2538, 0.9950, 0.0965, -0.0064, -0.0267
85 233 7.770000 4.1138, -0.3812, 2.2531, 0.9956, 0.0892, -0.0101, -0.0270
85 234 7.800000 4.1489, -0.3743, 2.2503, 0.9956, 0.0882, -0.0144, -0.0274
85 235 7.840000 4.1953, -0.3669, 2.2434, 0.9959, 0.0838, -0.0200, -0.0276
85 236 7.870000 4.2298, -0.3625, 2.2356, 0.9967, 0.0728, -0.0247, -0.0279
85 237 7.900000 4.2640, -0.3592, 2.2253, 0.9965, 0.0729, -0.0296, -0.0279
85 238 7.940000 4.3089, -0.3561, 2.2078, 0.9968, 0.0660, -0.0359, -0.0279
85 239 7.970000 4.3420, -0.3548, 2.1921, 0.9971, 0.0572, -0.0408, -0.0279
85 240 8.000000 4.3745, -0.3544, 2.1749, 0.9970, 0.0565, -0.0457, -0.0276
85 241 8.040000 4.4164, -0.3553, 2.1525, 0.9970, 0.0507, -0.0521, -0.0272
85 242 8.070000 4.4466, -0.3571, 2.1373, 0.9971, 0.0430, -0.0559, -0.0271
85 243 8.100000 4.4755, -0.3599, 2.1240, 0.9965, 0.0541, -0.0589, -0.0258
85 244 8.140000 4.5121, -0.3652, 2.1090, 0.9963, 0.0535, -0.0621, -0.0251
85 245 8.170000 4.5379, -0.3704, 2.0997, 0.9966, 0.0464, -0.0629, -0.0248
85 246 8.200000 4.5625, -0.3765, 2.0920, 0.9962, 0.0542, -0.0634, -0.0236
85 247 8.240000 4.5931, -0.3864, 2.0840, 0.9963, 0.0533, -0.0632, -0.0226
85 248 8.270000 4.6145, -0.3949, 2.0796, 0.9969, 0.0435, -0.0622, -0.0224
85 249 8.300000 4.6346, -0.4044, 2.0767, 0.9967, 0.0493, -0.0610, -0.0211
85 250 8.340000 4.6595, -0.4185, 2.0748, 0.9970, 0.0455, -0.0585, -0.0200
85 251 8.370000 4.6767, -0.4300, 2.0751, 0.9976, 0.0347, -0.0563, -0.0197
85 252 8.400000 4.6927, -0.4423, 2.0767, 0.9976, 0.0396, -0.0538, -0.0184
85 253 8.440000 4.7123, -0.4597, 2.0809, 0.9980, 0.0357, -0.0498, -0.0173
85 254 8.470000 4.7259, -0.4736, 2.0856, 0.9985, 0.0251, -0.0465, -0.0169
85 255 8.500000 4.7384, -0.4880, 2.0916, 0.9985, 0.0303, -0.0429, -0.0157
85 256 8.540000 4.7539, -0.5080, 2.1008, 0.9988, 0.0265, -0.0386, -0.0147
85 257 8.570000 4.7646, -0.5236, 2.1086, 0.9991, 0.0165, -0.0359, -0.0143
85 258 8.600000 4.7746, -0.5395, 2.1170, 0.9991, 0.0212, -0.0336, -0.0133
85 259 8.640000 4.7870, -0.5611, 2.1293, 0.9993, 0.0188, -0.0311, -0.0124
85 260 8.670000 4.7956, -0.5778, 2.1395, 0.9994, 0.0112, -0.0296, -0.0119
85 261 8.700000 4.8035, -0.5947, 2.1504, 0.9993, 0.0203, -0.0283, -0.0109
85 262 8.740000 4.8133, -0.6177, 2.1666, 0.9993, 0.0247, -0.0269, -0.0098
85 263 8.770000 4.8200, -0.6354, 2.1801, 0.9994, 0.0194, -0.0263, -0.0092
85 264 8.800000 4.8262, -0.6536, 2.1948, 0.9992, 0.0279, -0.0259, -0.0082
85 265 8.840000 4.8336, -0.6787, 2.2168, 0.9993, 0.0278, -0.0259, -0.0072
85 266 8.870000 4.8385, -0.6980, 2.2353, 0.9995, 0.0184, -0.0264, -0.0068
85 267 8.900000 4.8428, -0.7179, 2.2557, 0.9993, 0.0246, -0.0271, -0.0059
85 268 8.940000 4.8476, -0.7450, 2.2864, 0.9993, 0.0213, -0.0288, -0.0051
85 269 8.970000 4.8505, -0.7658, 2.3118, 0.9995, 0.0103, -0.0308, -0.0047
85 270 9.000000 4.8527, -0.7869, 2.3389, 0.9993, 0.0182, -0.0330, -0.0038
85 271 9.040000 4.8547, -0.8154, 2.3756, 0.9993, 0.0115, -0.0351, -0.0031
85 272 9.070000 4.8556, -0.8370, 2.4026, 0.9993, -0.0023, -0.0364, -0.0030
85 273 9.100000 4.8558, -0.8585, 2.4291, 0.9993, -0.0023, -0.0369, -0.0023
85 274 9.140000 4.8551, -0.8871, 2.4637, 0.9992, -0.0121, -0.0375, -0.0019
85 275 9.170000 4.8539, -0.9083, 2.4895, 0.9990, -0.0235, -0.0375, -0.0018
85 276 9.200000 4.8520, -0.9291, 2.5154, 0.9990, -0.0236, -0.0374, -0.0014
85 277 9.240000 4.8483, -0.9560, 2.5506, 0.9988, -0.0299, -0.0376, -0.0010
85 278 9.270000 4.8447, -0.9755, 2.5778, 0.9984, -0.0429, -0.0380, -0.0011
85 279 9.300000 4.8404, -0.9942, 2.6059, 0.9984, -0.0408, -0.0381, -0.0007
85 280 9.340000 4.8334, -1.0177, 2.6455, 0.9981, -0.0474, -0.0381, -0.0005
85 281 9.370000 4.8273, -1.0341, 2.6771, 0.9974, -0.0605, -0.0387, -0.0007
85 282 9.400000 4.8203, -1.0492, 2.7107, 0.9976, -0.0564, -0.0390, -0.0003
85 283 9.440000 4.8095, -1.0673, 2.7591, 0.9973, -0.0623, -0.0398, -0.0001
85 284 9.470000 4.8005, -1.0791, 2.7978, 0.9965, -0.0734, -0.0400, -0.0003
85 285 9.500000 4.7906, -1.0896, 2.8376, 0.9973, -0.0622, -0.0398, 0.0003
85 286 9.540000 4.7766, -1.1021, 2.8882, 0.9970, -0.0668, -0.0393, 0.0004
85 287 9.570000 4.7655, -1.1105, 2.9224, 0.9962, -0.0780, -0.0399, 0.0001
85 288 9.600000 4.7541, -1.1181, 2.9529, 0.9958, -0.0818, -0.0408, 0.0002
85 289 9.640000 4.7381, -1.1269, 2.9881, 0.9949, -0.0913, -0.0426, 0.0002
85 290 9.670000 4.7255, -1.1322, 3.0110, 0.9939, -0.1012, -0.0442, 0.0001
85 291 9.700000 4.7124, -1.1364, 3.0309, 0.9937, -0.1028, -0.0457, 0.0003
85 292 9.740000 4.6941, -1.1398, 3.0535, 0.9931, -0.1074, -0.0480, 0.0005
85 293 9.770000 4.6795, -1.1407, 3.0677, 0.9921, -0.1151, -0.0497, 0.0005
85 294 9.800000 4.6644, -1.1400, 3.0796, 0.9924, -0.1117, -0.0513, 0.0009
85 295 9.840000 4.6430, -1.1368, 3.0921, 0.9923, -0.1119, -0.0530, 0.0013
85 296 9.870000 4.6262, -1.1325, 3.0990, 0.9918, -0.1158, -0.0541, 0.0013
85 297 9.900000 4.6086, -1.1266, 3.1039, 0.9926, -0.1086, -0.0549, 0.0018
85 298 9.940000 4.5839, -1.1164, 3.1073, 0.9930, -0.1041, -0.0554, 0.0022
85 299 9.970000 4.5645, -1.1070, 3.1077, 0.9930, -0.1039, -0.0554, 0.0021
85 300 10.000000 4.5442, -1.0960, 3.1066, 0.9942, -0.0928, -0.0547, 0.0027
85 301 10.040000 4.5158, -1.0791, 3.1034, 0.9950, -0.0841, -0.0531, 0.0026
85 302 10.070000 4.4935, -1.0647, 3.1004, 0.9950, -0.0850, -0.0520, 0.0023
85 303 10.100000 4.4703, -1.0489, 3.0970, 0.9960, -0.0732, -0.0510, 0.0026
85 304 10.140000 4.4380, -1.0258, 3.0920, 0.9966, -0.0661, -0.0494, 0.0026
85 305 10.170000 4.4127, -1.0070, 3.0878, 0.9966, -0.0664, -0.0480, 0.0023
85 306 10.200000 4.3867, -0.9872, 3.0834, 0.9975, -0.0537, -0.0460, 0.0026
85 307 10.240000 4.3507, -0.9593, 3.0769, 0.9980, -0.0468, -0.0429, 0.0027
85 308 10.270000 4.3228, -0.9373, 3.0717, 0.9981, -0.0463, -0.0405, 0.0024
85 309 10.300000 4.2943, -0.9146, 3.0661, 0.9986, -0.0362, -0.0383, 0.0029
85 310 10.340000 4.2552, -0.8833, 3.0579, 0.9990, -0.0268, -0.0349, 0.0030
85 311 10.370000 4.2252, -0.8593, 3.0511, 0.9990, -0.0297, -0.0322, 0.0031
85 312 10.400000 4.1947, -0.8348, 3.0437, 0.9994, -0.0170, -0.0292, 0.0035
85 313 10.440000 4.1533, -0.8016, 3.0327, 0.9996, -0.0117, -0.0262, 0.0040
85 314 10.470000 4.1217, -0.7765, 3.0235, 0.9996, -0.0118, -0.0241, 0.0043
85 315 10.500000 4.0898, -0.7512, 3.0134, 0.9997, -0.0000, -0.0219, 0.0049
85 316 10.540000 4.0467, -0.7174, 2.9987, 0.9998, 0.0050, -0.0185, 0.0056
85 317 10.570000 4.0139, -0.6921, 2.9868, 0.9999, 0.0031, -0.0159, 0.0061
85 318 10.600000 3.9810, -0.6669, 2.9741, 0.9998, 0.0118, -0.0130, 0.0069
85 319 10.640000 3.9367, -0.6335, 2.9557, 0.9998, 0.0152, -0.0092, 0.0078
85 320 10.670000 3.9033, -0.6087, 2.9408, 0.9999, 0.0120, -0.0064, 0.0084
85 321 10.700000 3.8699, -0.5841, 2.9247, 0.9997, 0.0204, -0.0034, 0.0092
85 322 10.740000 3.8252, -0.5517, 2.9012, 0.9996, 0.0244, 0.0005, 0.0102
85 323 10.770000 3.7916, -0.5278, 2.8820, 0.9997, 0.0204, 0.0031, 0.0111
85 324 10.800000 3.7582, -0.5042, 2.8610, 0.9996, 0.0259, 0.0060, 0.0120
85 325 10.840000 3.7137, -0.4733, 2.8301, 0.9996, 0.0245, 0.0095, 0.0132
85 326 10.870000 3.6804, -0.4504, 2.8043, 0.9997, 0.0180, 0.0120, 0.0142
85 327 10.900000 3.6474, -0.4278, 2.7759, 0.9996, 0.0194, 0.0147, 0.0152
85 328 10.940000 3.6035, -0.3979, 2.7337, 0.9996, 0.0145, 0.0180, 0.0165
85 329 10.970000 3.5709, -0.3757, 2.6988, 0.9996, 0.0066, 0.0204, 0.0176
85 330 11.000000 3.5386, -0.3536, 2.6624, 0.9996, 0.0060, 0.0224, 0.0187
85 331 11.040000 3.4962, -0.3243, 2.6153, 0.9994, 0.0027, 0.0269, 0.0198
85 332 11.070000 3.4652, -0.3022, 2.5830, 0.9992, -0.0078, 0.0319, 0.0210
85 333 11.100000 3.4348, -0.2801, 2.5536, 0.9991, -0.0037, 0.0373, 0.0218
85 334 11.140000 3.3957, -0.2502, 2.5187, 0.9988, -0.0058, 0.0431, 0.0231
85 335 11.170000 3.3675, -0.2276, 2.4953, 0.9985, -0.0155, 0.0472, 0.0245
85 336 11.200000 3.3402, -0.2046, 2.4739, 0.9983, -0.0086, 0.0519, 0.0253
85 337 11.240000 3.3057, -0.1735, 2.4481, 0.9979, -0.0120, 0.0580, 0.0270
85 338 11.270000 3.2811, -0.1498, 2.4306, 0.9974, -0.0238, 0.0619, 0.0289
85 339 11.300000 3.2578, -0.1257, 2.4142, 0.9971, -0.0208, 0.0662, 0.0300
85 340 11.340000 3.2288, -0.0926, 2.3941, 0.9966, -0.0255, 0.0715, 0.0320
85 341 11.370000 3.2086, -0.0671, 2.3799, 0.9960, -0.0358, 0.0748, 0.0340
85 342 11.400000 3.1898, -0.0410, 2.3663, 0.9958, -0.0309, 0.0787, 0.0351
85 343 11.440000 3.1670, -0.0051, 2.3489, 0.9953, -0.0336, 0.0829, 0.0373
85 344 11.470000 3.1516, 0.0227, 2.3363, 0.9947, -0.0411, 0.0852, 0.0395
85 345 11.500000 3.1378, 0.0513, 2.3239, 0.9947, -0.0353, 0.0876, 0.0408
85 346 11.540000 3.1220, 0.0906, 2.3083, 0.9944, -0.0354, 0.0901, 0.0430
85 347 11.570000 3.1120, 0.1211, 2.2974, 0.9939, -0.0437, 0.0911, 0.0453
85 348 11.600000 3.1038, 0.1524, 2.2871, 0.9939, -0.0363, 0.0930, 0.0461
85 349 11.640000 3.0956, 0.1955, 2.2744, 0.9938, -0.0365, 0.0936, 0.0481
85 350 11.670000 3.0915, 0.2288, 2.2656, 0.9935, -0.0431, 0.0929, 0.0501
85 351 11.700000 3.0891, 0.2629, 2.2574, 0.9938, -0.0352, 0.0929, 0.0507
85 352 11.740000 3.0886, 0.3097, 2.2475, 0.9940, -0.0305, 0.0909, 0.0521
85 353 11.770000 3.0902, 0.3457, 2.2407, 0.9941, -0.0341, 0.0881, 0.0537
85 354 11.800000 3.0935, 0.3824, 2.2345, 0.9946, -0.0215, 0.0857, 0.0539
85 355 11.840000 3.1003, 0.4321, 2.2270, 0.9951, -0.0146, 0.0811, 0.0548
85 356 11.870000 3.1072, 0.4699, 2.2218, 0.9954, -0.0154, 0.0764, 0.0560
85 357 11.900000 3.1155, 0.5080, 2.2170, 0.9958, -0.0021, 0.0721, 0.0558
85 358 11.940000 3.1285, 0.5591, 2.2109, 0.9963, 0.0056, 0.0647, 0.0561
85 359 11.970000 3.1396, 0.5974, 2.2063, 0.9967, 0.0065, 0.0585, 0.0566
85 360 12.000000 3.1518, 0.6356, 2.2017, 0.9969, 0.0182, 0.0531, 0.0559
85 361 12.040000 3.1695, 0.6863, 2.1953, 0.9970, 0.0289, 0.0452, 0.0555
85 362 12.070000 3.1837, 0.7238, 2.1904, 0.9974, 0.0264, 0.0383, 0.0555
85 363 12.100000 3.1986, 0.7608, 2.1854, 0.9972, 0.0391, 0.0320, 0.0549
85 364 12.140000 3.2194, 0.8093, 2.1785, 0.9973, 0.0441, 0.0234, 0.0545
85 365 12.170000 3.2356, 0.8448, 2.1730, 0.9976, 0.0400, 0.0167, 0.0545
85 366 12.200000 3.2520, 0.8797, 2.1673, 0.9973, 0.0488, 0.0106, 0.0541
85 367 12.240000 3.2743, 0.9249, 2.1593, 0.9973, 0.0506, 0.0022, 0.0540
85 368 12.270000 3.2912, 0.9579, 2.1529, 0.9975, 0.0453, -0.0045, 0.0538
85 369 12.300000 3.3080, 0.9901, 2.1460, 0.9971, 0.0526, -0.0103, 0.0538
85 370 12.340000 3.3302, 1.0317, 2.1360, 0.9970, 0.0531, -0.0185, 0.0537
85 371 12.370000 3.3465, 1.0619, 2.1277, 0.9971, 0.0475, -0.0246, 0.0537
85 372 12.400000 3.3625, 1.0913, 2.1186, 0.9967, 0.0530, -0.0298, 0.0538
85 373 12.440000 3.3832, 1.1292, 2.1051, 0.9965, 0.0522, -0.0368, 0.0540
85 374 12.470000 3.3981, 1.1567, 2.0938, 0.9966, 0.0452, -0.0423, 0.0540
85 375 12.500000 3.4123, 1.1834, 2.0819, 0.9963, 0.0481, -0.0470, 0.0544
85 376 12.540000 3.4300, 1.2176, 2.0666, 0.9960, 0.0458, -0.0534, 0.0546
85 377 12.570000 3.4421, 1.2422, 2.0561, 0.9961, 0.0373, -0.0582, 0.0542
85 378 12.600000 3.4531, 1.2659, 2.0466, 0.9956, 0.0444, -0.0616, 0.0545
85 379 12.640000 3.4659, 1.2962, 2.0355, 0.9954, 0.0443, -0.0660, 0.0542
85 380 12.670000 3.4741, 1.3179, 2.0281, 0.9955, 0.0365, -0.0692, 0.0532
85 381 12.700000 3.4810, 1.3388, 2.0216, 0.9951, 0.0426, -0.0711, 0.0530
85 382 12.740000 3.4881, 1.3653, 2.0140, 0.9952, 0.0385, -0.0737, 0.0517
85 383 12.770000 3.4918, 1.3843, 2.0091, 0.9956, 0.0257, -0.0755, 0.0497
85 384 12.800000 3.4941, 1.4027, 2.0049, 0.9955, 0.0277, -0.0763, 0.0486
85 385 12.840000 3.4949, 1.4264, 2.0001, 0.9956, 0.0249, -0.0770, 0.0464
85 386 12.870000 3.4939, 1.4436, 1.9973, 0.9959, 0.0164, -0.0771, 0.0439
85 387 12.900000 3.4914, 1.4604, 1.9950, 0.9959, 0.0249, -0.0764, 0.0425
85 388 12.940000 3.4859, 1.4820, 1.9927, 0.9960, 0.0278, -0.0749, 0.0396
85 389 12.970000 3.4801, 1.4976, 1.9915, 0.9963, 0.0260, -0.0733, 0.0369
85 390 13.000000 3.4730, 1.5127, 1.9909, 0.9961, 0.0390, -0.0715, 0.0350
85 391 13.040000 3.4614, 1.5316, 1.9906, 0.9959, 0.0473, -0.0697, 0.0318
85 392 13.070000 3.4513, 1.5448, 1.9908, 0.9961, 0.0475, -0.0681, 0.0293
85 393 13.100000 3.4399, 1.5570, 1.9914, 0.9955, 0.0616, -0.0670, 0.0278
85 394 13.140000 3.4229, 1.5716, 1.9927, 0.9949, 0.0727, -0.0648, 0.0257
85 395 13.170000 3.4088, 1.5810, 1.9941, 0.9948, 0.0752, -0.0640, 0.0239
85 396 13.200000 3.3935, 1.5889, 1.9957, 0.9939, 0.0870, -0.0635, 0.0229
85 397 13.240000 3.3713, 1.5970, 1.9984, 0.9931, 0.0962, -0.0631, 0.0212
85 398 13.270000 3.3533, 1.6011, 2.0008, 0.9935, 0.0934, -0.0628, 0.0196
85 399 13.300000 3.3342, 1.6033, 2.0036, 0.9923, 0.1048, -0.0630, 0.0188
85 400 13.340000 3.3070, 1.6033, 2.0078, 0.9921, 0.1070, -0.0639, 0.0171
85 401 13.370000 3.2851, 1.6010, 2.0115, 0.9927, 0.1011, -0.0644, 0.0155
85 402 13.400000 3.2621, 1.5966, 2.0158, 0.9918, 0.1084, -0.0658, 0.0147
85 403 13.440000 3.2295, 1.5876, 2.0224, 0.9919, 0.1061, -0.0683, 0.0129
85 404 13.470000 3.2035, 1.5785, 2.0283, 0.9928, 0.0957, -0.0709, 0.0110
85 405 13.500000 3.1761, 1.5675, 2.0345, 0.9921, 0.1009, -0.0737, 0.0102
85 406 13.540000 3.1377, 1.5502, 2.0427, 0.9925, 0.0945, -0.0772, 0.0083
85 407 13.570000 3.1074, 1.5354, 2.0480, 0.9934, 0.0827, -0.0798, 0.0064
85 408 13.600000 3.0757, 1.5191, 2.0527, 0.9930, 0.0843, -0.0827, 0.0056
85 409 13.640000 3.0314, 1.4953, 2.0578, 0.9933, 0.0767, -0.0867, 0.0038
85 410 13.670000 2.9965, 1.4760, 2.0609, 0.9938, 0.0658, -0.0895, 0.0021
85 411 13.700000 2.9601, 1.4556, 2.0633, 0.9934, 0.0679, -0.0924, 0.0016
85 412 13.740000 2.9092, 1.4267, 2.0653, 0.9935, 0.0621, -0.0959, 0.0003
85 413 13.770000 2.8692, 1.4038, 2.0660, 0.9938, 0.0512, -0.0983, -0.0012
85 414 13.800000 2.8276, 1.3801, 2.0658, 0.9936, 0.0515, -0.1005, -0.0015
85 415 13.840000 2.7695, 1.3473, 2.0644, 0.9938, 0.0430, -0.1028, -0.0028
85 416 13.870000 2.7241, 1.3219, 2.0623, 0.9941, 0.0321, -0.1038, -0.0041
85 417 13.900000 2.6768, 1.2959, 2.0596, 0.9939, 0.0363, -0.1039, -0.0038
85 418 13.940000 2.6112, 1.2604, 2.0550, 0.9940, 0.0355, -0.1031, -0.0041
85 419 13.970000 2.5599, 1.2331, 2.0509, 0.9944, 0.0296, -0.1012, -0.0048
85 420 14.000000 2.5071, 1.2054, 2.0455, 0.9944, 0.0387, -0.0984, -0.0039
85 421 14.040000 2.4347, 1.1677, 2.0343, 0.9946, 0.0439, -0.0939, -0.0035
85 422 14.070000 2.3793, 1.1389, 2.0216, 0.9950, 0.0424, -0.0907, -0.0036
85 423 14.100000 2.3229, 1.1097, 2.0050, 0.9950, 0.0477, -0.0871, -0.0031
85 424 14.140000 2.2465, 1.0700, 1.9767, 0.9955, 0.0488, -0.0817, -0.0028
85 425 14.170000 2.1882, 1.0398, 1.9508, 0.9960, 0.0455, -0.0764, -0.0028
85 426 14.200000 2.1292, 1.0090, 1.9206, 0.9963, 0.0486, -0.0704, -0.0022
85 427 14.240000 2.0496, 0.9675, 1.8735, 0.9971, 0.0463, -0.0610, -0.0018
85 428 14.270000 1.9893, 0.9359, 1.8323, 0.9977, 0.0412, -0.0535, -0.0017
85 429 14.300000 1.9287, 0.9040, 1.7853, 0.9981, 0.0403, -0.0457, -0.0013
85 430 14.340000 1.8476, 0.8613, 1.7121, 0.9988, 0.0346, -0.0350, -0.0009
85 431 14.370000 1.7867, 0.8292, 1.6479, 0.9992, 0.0295, -0.0273, -0.0007
85 432 14.400000 1.7257, 0.7971, 1.5748, 0.9995, 0.0249, -0.0197, -0.0005
85 433 14.440000 1.6445, 0.7543, 1.4636, 0.9998, 0.0186, -0.0095, -0.0001
85 434 14.470000 1.5836, 0.7222, 1.3700, 0.9999, 0.0139, -0.0020, 0.0001
85 435 14.500000 1.5227, 0.6900, 1.2685, 1.0000, 0.0072, 0.0022, 0.0001
85 436 14.540000 1.4416, 0.6470, 1.1343, 1.0000, -0.0020, 0.0095, 0.0002
85 437 14.570000 1.3811, 0.6148, 1.0424, 0.9998, -0.0086, 0.0162, 0.0002
85 438 14.600000 1.3212, 0.5829, 0.9593, 0.9996, -0.0147, 0.0239, 0.0002
85 439 14.640000 1.2426, 0.5412, 0.8619, 0.9992, -0.0220, 0.0340, 0.0002
85 440 14.670000 1.1850, 0.5107, 0.7980, 0.9988, -0.0269, 0.0409, 0.0002
85 441 14.700000 1.1287, 0.4812, 0.7416, 0.9984, -0.0308, 0.0478, 0.0002
85 442 14.740000 1.0559, 0.4432, 0.6770, 0.9979, -0.0351, 0.0553, 0.0001
85 443 14.770000 1.0033, 0.4160, 0.6362, 0.9975, -0.0378, 0.0595, 0.0001
85 444 14.800000 0.9525, 0.3900, 0.6015, 0.9972, -0.0395, 0.0635, 0.0001
85 445 14.840000 0.8877, 0.3571, 0.5644, 0.9969, -0.0412, 0.0670, 0.0000
85 446 14.870000 0.8413, 0.3338, 0.5431, 0.9968, -0.0422, 0.0682, 0.0000
85 447 14.900000 0.7969, 0.3117, 0.5273, 0.9967, -0.0424, 0.0695, -0.0000
85 448 14.940000 0.7408, 0.2842, 0.5145, 0.9966, -0.0426, 0.0700, -0.0000
85 449 14.970000 0.7010, 0.2649, 0.5107, 0.9967, -0.0428, 0.0695, 0.0000
