20 0 0.010000 2.5971, 2.7400, 3.9007, 1.0000, 0.0000, 0.0000, 0.0000
20 1 0.040000 2.5971, 2.7400, 3.8934, 1.0000, 0.0000, 0.0000, 0.0000
20 2 0.070000 2.5971, 2.7400, 3.8774, 1.0000, 0.0000, 0.0000, 0.0000
20 3 0.110000 2.5971, 2.7400, 3.8423, 1.0000, 0.0000, 0.0000, 0.0000
20 4 0.140000 2.5971, 2.7400, 3.8056, 1.0000, 0.0000, 0.0000, 0.0000
20 5 0.170000 2.5971, 2.7400, 3.7602, 1.0000, 0.0000, 0.0000, 0.0000
20 6 0.200000 2.5971, 2.7400, 3.7059, 1.0000, 0.0000, 0.0000, 0.0000
20 7 0.240000 2.5971, 2.7400, 3.6197, 1.0000, 0.0000, 0.0000, 0.0000
20 8 0.270000 2.5971, 2.7400, 3.5449, 1.0000, 0.0046, -0.0033, 0.0001
20 9 0.310000 2.5965, 2.7392, 3.4426, 0.9945, 0.0864, -0.0598, -0.0035
20 10 0.340000 2.5936, 2.7350, 3.3770, 0.9882, 0.1264, -0.0858, -0.0060
20 11 0.370000 2.5872, 2.7258, 3.3225, 0.9828, 0.1529, -0.1029, -0.0086
20 12 0.400000 2.5772, 2.7113, 3.2761, 0.9798, 0.1671, -0.1095, -0.0109
20 13 0.440000 2.5590, 2.6847, 3.2209, 0.9778, 0.1758, -0.1128, -0.0141
20 14 0.470000 2.5424, 2.6604, 3.1808, 0.9769, 0.1783, -0.1161, -0.0171
20 15 0.500000 2.5237, 2.6329, 3.1407, 0.9778, 0.1788, -0.1073, -0.0185
20 16 0.540000 2.4952, 2.5907, 3.0879, 0.9798, 0.1729, -0.0981, -0.0211
20 17 0.570000 2.4713, 2.5548, 3.0496, 0.9814, 0.1651, -0.0949, -0.0233
20 18 0.610000 2.4363, 2.5017, 3.0001, 0.9850, 0.1503, -0.0814, -0.0248
20 19 0.640000 2.4080, 2.4584, 2.9638, 0.9881, 0.1363, -0.0673, -0.0252
20 20 0.670000 2.3784, 2.4124, 2.9281, 0.9907, 0.1196, -0.0587, -0.0264
20 21 0.700000 2.3476, 2.3642, 2.8931, 0.9935, 0.1018, -0.0447, -0.0265
20 22 0.740000 2.3050, 2.2968, 2.8477, 0.9964, 0.0763, -0.0264, -0.0269
20 23 0.770000 2.2723, 2.2444, 2.8149, 0.9978, 0.0567, -0.0211, -0.0270
20 24 0.800000 2.2392, 2.1909, 2.7835, 0.9989, 0.0375, -0.0024, -0.0268
20 25 0.840000 2.1949, 2.1184, 2.7443, 0.9995, 0.0103, 0.0113, -0.0260
20 26 0.870000 2.1619, 2.0636, 2.7171, 0.9994, -0.0088, 0.0215, -0.0256
20 27 0.900000 2.1294, 2.0091, 2.6919, 0.9987, -0.0275, 0.0353, -0.0245
20 28 0.940000 2.0872, 1.9372, 2.6616, 0.9971, -0.0500, 0.0521, -0.0234
20 29 0.970000 2.0568, 1.8845, 2.6411, 0.9960, -0.0662, 0.0555, -0.0213
20 30 1.000000 2.0276, 1.8332, 2.6220, 0.9939, -0.0813, 0.0719, -0.0204
20 31 1.040000 1.9909, 1.7671, 2.5976, 0.9913, -0.1008, 0.0832, -0.0180
20 32 1.070000 1.9651, 1.7196, 2.5792, 0.9897, -0.1133, 0.0855, -0.0160
20 33 1.110000 1.9331, 1.6594, 2.5542, 0.9873, -0.1291, 0.0920, -0.0135
20 34 1.140000 1.9110, 1.6167, 2.5346, 0.9850, -0.1386, 0.1023, -0.0128
20 35 1.170000 1.8906, 1.5762, 2.5140, 0.9839, -0.1464, 0.1023, -0.0108
20 36 1.210000 1.8659, 1.5258, 2.4843, 0.9817, -0.1537, 0.1120, -0.0099
20 37 1.240000 1.8495, 1.4906, 2.4600, 0.9798, -0.1577, 0.1224, -0.0100
20 38 1.270000 1.8347, 1.4576, 2.4334, 0.9796, -0.1603, 0.1210, -0.0084
20 39 1.310000 1.8175, 1.4168, 2.3937, 0.9791, -0.1616, 0.1233, -0.0072
20 40 1.340000 1.8063, 1.3885, 2.3601, 0.9787, -0.1612, 0.1268, -0.0068
20 41 1.370000 1.7965, 1.3618, 2.3227, 0.9797, -0.1597, 0.1213, -0.0051
20 42 1.410000 1.7854, 1.3288, 2.2665, 0.9807, -0.1564, 0.1177, -0.0036
20 43 1.440000 1.7785, 1.3058, 2.2195, 0.9813, -0.1530, 0.1164, -0.0028
20 44 1.470000 1.7728, 1.2845, 2.1688, 0.9830, -0.1487, 0.1079, -0.0010
20 45 1.510000 1.7677, 1.2594, 2.0980, 0.9850, -0.1415, 0.0988, 0.0008
20 46 1.540000 1.7662, 1.2440, 2.0459, 0.9856, -0.1376, 0.0983, 0.0017
20 47 1.570000 1.7670, 1.2318, 1.9963, 0.9872, -0.1338, 0.0862, 0.0041
20 48 1.610000 1.7714, 1.2207, 1.9351, 0.9888, -0.1267, 0.0785, 0.0063
20 49 1.640000 1.7771, 1.2160, 1.8927, 0.9894, -0.1213, 0.0796, 0.0070
20 50 1.670000 1.7846, 1.2143, 1.8530, 0.9911, -0.1132, 0.0691, 0.0090
20 51 1.710000 1.7972, 1.2161, 1.8038, 0.9923, -0.1039, 0.0667, 0.0104
20 52 1.740000 1.8084, 1.2201, 1.7691, 0.9931, -0.0952, 0.0676, 0.0110
20 53 1.770000 1.8210, 1.2262, 1.7360, 0.9948, -0.0845, 0.0557, 0.0130
20 54 1.810000 1.8396, 1.2369, 1.6940, 0.9962, -0.0708, 0.0494, 0.0146
20 55 1.840000 1.8548, 1.2467, 1.6636, 0.9966, -0.0613, 0.0529, 0.0153
20 56 1.870000 1.8709, 1.2577, 1.6339, 0.9978, -0.0517, 0.0378, 0.0171
20 57 1.910000 1.8935, 1.2739, 1.5949, 0.9985, -0.0395, 0.0315, 0.0190
20 58 1.940000 1.9113, 1.2869, 1.5660, 0.9988, -0.0308, 0.0324, 0.0202
20 59 1.970000 1.9295, 1.3005, 1.5372, 0.9993, -0.0219, 0.0192, 0.0220
20 60 2.010000 1.9544, 1.3192, 1.4993, 0.9996, -0.0112, 0.0095, 0.0241
20 61 2.040000 1.9734, 1.3336, 1.4718, 0.9996, -0.0042, 0.0121, 0.0259
20 62 2.070000 1.9926, 1.3480, 1.4452, 0.9996, 0.0031, 0.0002, 0.0277
20 63 2.110000 2.0183, 1.3671, 1.4112, 0.9995, 0.0119, -0.0034, 0.0301
20 64 2.140000 2.0375, 1.3812, 1.3866, 0.9993, 0.0176, 0.0007, 0.0320
20 65 2.170000 2.0568, 1.3950, 1.3625, 0.9991, 0.0238, -0.0091, 0.0337
20 66 2.210000 2.0823, 1.4127, 1.3309, 0.9988, 0.0309, -0.0128, 0.0362
20 67 2.240000 2.1012, 1.4253, 1.3072, 0.9986, 0.0352, -0.0098, 0.0382
20 68 2.270000 2.1200, 1.4374, 1.2832, 0.9982, 0.0401, -0.0202, 0.0399
20 69 2.310000 2.1446, 1.4524, 1.2502, 0.9977, 0.0453, -0.0272, 0.0424
20 70 2.340000 2.1626, 1.4628, 1.2243, 0.9975, 0.0484, -0.0258, 0.0446
20 71 2.370000 2.1803, 1.4724, 1.1971, 0.9970, 0.0521, -0.0336, 0.0465
20 72 2.410000 2.2032, 1.4841, 1.1584, 0.9966, 0.0558, -0.0349, 0.0495
20 73 2.440000 2.2199, 1.4919, 1.1273, 0.9965, 0.0575, -0.0295, 0.0521
20 74 2.470000 2.2362, 1.4988, 1.0948, 0.9962, 0.0597, -0.0327, 0.0543
20 75 2.510000 2.2572, 1.5065, 1.0505, 0.9960, 0.0611, -0.0297, 0.0575
20 76 2.540000 2.2724, 1.5108, 1.0184, 0.9961, 0.0606, -0.0207, 0.0606
20 77 2.570000 2.2871, 1.5138, 0.9884, 0.9957, 0.0624, -0.0266, 0.0624
20 78 2.610000 2.3061, 1.5155, 0.9520, 0.9954, 0.0634, -0.0305, 0.0645
20 79 2.640000 2.3198, 1.5151, 0.9271, 0.9956, 0.0621, -0.0212, 0.0667
20 80 2.670000 2.3331, 1.5134, 0.9043, 0.9953, 0.0624, -0.0297, 0.0674
20 81 2.710000 2.3501, 1.5089, 0.8765, 0.9953, 0.0610, -0.0283, 0.0690
20 82 2.740000 2.3623, 1.5041, 0.8574, 0.9956, 0.0588, -0.0183, 0.0704
20 83 2.770000 2.3742, 1.4980, 0.8395, 0.9956, 0.0573, -0.0234, 0.0708
20 84 2.800000 2.3857, 1.4907, 0.8228, 0.9959, 0.0542, -0.0121, 0.0719
20 85 2.840000 2.4008, 1.4794, 0.8020, 0.9961, 0.0501, -0.0059, 0.0726
20 86 2.870000 2.4119, 1.4697, 0.7872, 0.9962, 0.0469, -0.0070, 0.0726
20 87 2.900000 2.4231, 1.4592, 0.7729, 0.9964, 0.0422, 0.0074, 0.0734
20 88 2.940000 2.4381, 1.4439, 0.7547, 0.9964, 0.0357, 0.0199, 0.0738
20 89 2.970000 2.4498, 1.4317, 0.7415, 0.9966, 0.0316, 0.0202, 0.0738
20 90 3.000000 2.4620, 1.4189, 0.7290, 0.9964, 0.0262, 0.0334, 0.0740
20 91 3.040000 2.4792, 1.4011, 0.7141, 0.9963, 0.0201, 0.0390, 0.0737
20 92 3.070000 2.4930, 1.3874, 0.7045, 0.9965, 0.0152, 0.0370, 0.0730
20 93 3.100000 2.5077, 1.3733, 0.6965, 0.9962, 0.0098, 0.0471, 0.0727
20 94 3.140000 2.5286, 1.3544, 0.6880, 0.9961, 0.0030, 0.0507, 0.0716
20 95 3.170000 2.5454, 1.3402, 0.6833, 0.9966, -0.0012, 0.0430, 0.0707
20 96 3.200000 2.5632, 1.3261, 0.6800, 0.9963, -0.0062, 0.0507, 0.0696
20 97 3.240000 2.5884, 1.3076, 0.6776, 0.9964, -0.0119, 0.0487, 0.0679
20 98 3.270000 2.6083, 1.2941, 0.6773, 0.9969, -0.0156, 0.0379, 0.0665
20 99 3.300000 2.6290, 1.2809, 0.6783, 0.9969, -0.0193, 0.0416, 0.0647
20 100 3.340000 2.6578, 1.2640, 0.6818, 0.9972, -0.0233, 0.0354, 0.0622
20 101 3.370000 2.6802, 1.2520, 0.6861, 0.9976, -0.0257, 0.0221, 0.0603
20 102 3.400000 2.7030, 1.2405, 0.6918, 0.9977, -0.0277, 0.0240, 0.0578
20 103 3.440000 2.7341, 1.2261, 0.7018, 0.9980, -0.0294, 0.0142, 0.0545
20 104 3.470000 2.7576, 1.2160, 0.7110, 0.9982, -0.0299, -0.0029, 0.0521
20 105 3.500000 2.7811, 1.2065, 0.7214, 0.9984, -0.0297, -0.0026, 0.0490
20 106 3.540000 2.8122, 1.1948, 0.7365, 0.9985, -0.0300, -0.0087, 0.0451
20 107 3.570000 2.8352, 1.1866, 0.7484, 0.9985, -0.0300, -0.0190, 0.0427
20 108 3.600000 2.8579, 1.1789, 0.7606, 0.9987, -0.0299, -0.0136, 0.0399
20 109 3.640000 2.8877, 1.1696, 0.7777, 0.9988, -0.0294, -0.0141, 0.0367
20 110 3.670000 2.9097, 1.1632, 0.7912, 0.9988, -0.0294, -0.0204, 0.0348
20 111 3.700000 2.9312, 1.1573, 0.8054, 0.9990, -0.0294, -0.0111, 0.0324
20 112 3.740000 2.9596, 1.1505, 0.8257, 0.9991, -0.0299, -0.0066, 0.0299
20 113 3.770000 2.9805, 1.1460, 0.8422, 0.9991, -0.0301, -0.0114, 0.0281
20 114 3.800000 3.0013, 1.1421, 0.8601, 0.9992, -0.0302, -0.0023, 0.0265
20 115 3.840000 3.0288, 1.1379, 0.8864, 0.9992, -0.0303, -0.0008, 0.0243
20 116 3.870000 3.0493, 1.1355, 0.9083, 0.9992, -0.0301, -0.0092, 0.0235
20 117 3.900000 3.0696, 1.1338, 0.9324, 0.9993, -0.0299, -0.0008, 0.0219
20 118 3.940000 3.0965, 1.1325, 0.9679, 0.9994, -0.0287, -0.0018, 0.0207
20 119 3.970000 3.1166, 1.1322, 0.9968, 0.9993, -0.0280, -0.0118, 0.0200
20 120 4.000000 3.1364, 1.1325, 1.0266, 0.9994, -0.0273, -0.0043, 0.0192
20 121 4.040000 3.1627, 1.1336, 1.0646, 0.9994, -0.0273, -0.0077, 0.0183
20 122 4.070000 3.1823, 1.1348, 1.0901, 0.9994, -0.0261, -0.0134, 0.0179
20 123 4.100000 3.2017, 1.1363, 1.1126, 0.9995, -0.0248, -0.0075, 0.0172
20 124 4.140000 3.2274, 1.1387, 1.1382, 0.9996, -0.0220, -0.0066, 0.0165
20 125 4.170000 3.2466, 1.1408, 1.1542, 0.9996, -0.0205, -0.0089, 0.0163
20 126 4.200000 3.2656, 1.1432, 1.1677, 0.9997, -0.0191, -0.0040, 0.0156
20 127 4.240000 3.2909, 1.1468, 1.1820, 0.9997, -0.0170, -0.0020, 0.0153
20 128 4.270000 3.3098, 1.1498, 1.1902, 0.9998, -0.0152, -0.0058, 0.0149
20 129 4.300000 3.3287, 1.1529, 1.1962, 0.9998, -0.0132, 0.0003, 0.0147
20 130 4.340000 3.3538, 1.1574, 1.2009, 0.9998, -0.0105, 0.0018, 0.0143
20 131 4.370000 3.3726, 1.1609, 1.2020, 0.9999, -0.0079, -0.0008, 0.0143
20 132 4.400000 3.3914, 1.1646, 1.2010, 0.9999, -0.0052, 0.0054, 0.0140
20 133 4.440000 3.4165, 1.1695, 1.1964, 0.9999, -0.0011, 0.0088, 0.0140
20 134 4.470000 3.4355, 1.1732, 1.1906, 0.9999, 0.0022, 0.0061, 0.0139
20 135 4.500000 3.4546, 1.1769, 1.1829, 0.9998, 0.0053, 0.0144, 0.0140
20 136 4.540000 3.4803, 1.1818, 1.1705, 0.9997, 0.0095, 0.0178, 0.0139
20 137 4.570000 3.4999, 1.1852, 1.1597, 0.9997, 0.0125, 0.0139, 0.0139
20 138 4.600000 3.5197, 1.1885, 1.1478, 0.9996, 0.0151, 0.0211, 0.0138
20 139 4.640000 3.5465, 1.1925, 1.1300, 0.9994, 0.0182, 0.0248, 0.0137
20 140 4.670000 3.5671, 1.1952, 1.1151, 0.9994, 0.0201, 0.0239, 0.0135
20 141 4.700000 3.5880, 1.1976, 1.0986, 0.9991, 0.0215, 0.0339, 0.0135
20 142 4.740000 3.6166, 1.2003, 1.0741, 0.9989, 0.0229, 0.0379, 0.0133
20 143 4.770000 3.6386, 1.2020, 1.0535, 0.9991, 0.0235, 0.0343, 0.0130
20 144 4.800000 3.6611, 1.2034, 1.0307, 0.9989, 0.0237, 0.0392, 0.0129
20 145 4.840000 3.6919, 1.2048, 0.9964, 0.9990, 0.0233, 0.0372, 0.0125
20 146 4.870000 3.7154, 1.2056, 0.9673, 0.9992, 0.0226, 0.0302, 0.0121
20 147 4.900000 3.7393, 1.2061, 0.9349, 0.9993, 0.0214, 0.0299, 0.0118
20 148 4.940000 3.7717, 1.2063, 0.8864, 0.9995, 0.0192, 0.0232, 0.0113
20 149 4.970000 3.7963, 1.2063, 0.8464, 0.9997, 0.0170, 0.0141, 0.0108
20 150 5.000000 3.8210, 1.2060, 0.8046, 0.9998, 0.0141, 0.0111, 0.0105
20 151 5.040000 3.8543, 1.2053, 0.7504, 0.9999, 0.0111, 0.0031, 0.0098
20 152 5.070000 3.8794, 1.2044, 0.7131, 0.9999, 0.0105, -0.0075, 0.0091
20 153 5.100000 3.9043, 1.2032, 0.6793, 0.9999, 0.0082, 0.0019, 0.0089
20 154 5.140000 3.9375, 1.2014, 0.6392, 1.0000, 0.0052, 0.0013, 0.0084
20 155 5.170000 3.9623, 1.1999, 0.6126, 0.9999, 0.0029, -0.0085, 0.0080
20 156 5.200000 3.9870, 1.1983, 0.5886, 1.0000, 0.0008, -0.0047, 0.0077
20 157 5.240000 4.0196, 1.1961, 0.5601, 0.9999, -0.0017, -0.0119, 0.0072
20 158 5.270000 4.0437, 1.1945, 0.5412, 0.9996, -0.0031, -0.0274, 0.0069
20 159 5.300000 4.0672, 1.1930, 0.5242, 0.9996, -0.0045, -0.0259, 0.0065
20 160 5.340000 4.0976, 1.1911, 0.5042, 0.9993, -0.0060, -0.0356, 0.0061
20 161 5.370000 4.1195, 1.1899, 0.4910, 0.9987, -0.0066, -0.0503, 0.0058
20 162 5.400000 4.1405, 1.1887, 0.4792, 0.9986, -0.0069, -0.0515, 0.0054
20 163 5.440000 4.1666, 1.1874, 0.4654, 0.9982, -0.0070, -0.0598, 0.0051
20 164 5.470000 4.1847, 1.1865, 0.4564, 0.9973, -0.0067, -0.0734, 0.0048
20 165 5.500000 4.2015, 1.1858, 0.4481, 0.9974, -0.0060, -0.0722, 0.0045
20 166 5.540000 4.2217, 1.1850, 0.4375, 0.9965, -0.0049, -0.0835, 0.0043
20 167 5.570000 4.2351, 1.1845, 0.4295, 0.9948, -0.0043, -0.1019, 0.0042
20 168 5.600000 4.2468, 1.1841, 0.4212, 0.9943, -0.0040, -0.1067, 0.0040
20 169 5.640000 4.2594, 1.1836, 0.4095, 0.9932, -0.0039, -0.1161, 0.0038
20 170 5.670000 4.2666, 1.1833, 0.4001, 0.9919, -0.0040, -0.1271, 0.0037
20 171 5.700000 4.2716, 1.1831, 0.3902, 0.9926, -0.0040, -0.1217, 0.0034
20 172 5.740000 4.2751, 1.1828, 0.3760, 0.9925, -0.0046, -0.1222, 0.0032
20 173 5.770000 4.2753, 1.1827, 0.3643, 0.9922, -0.0055, -0.1248, 0.0029
20 174 5.800000 4.2736, 1.1827, 0.3517, 0.9932, -0.0068, -0.1161, 0.0026
20 175 5.840000 4.2684, 1.1829, 0.3330, 0.9941, -0.0085, -0.1078, 0.0022
20 176 5.870000 4.2625, 1.1831, 0.3174, 0.9942, -0.0101, -0.1072, 0.0020
20 177 5.900000 4.2551, 1.1835, 0.3000, 0.9956, -0.0118, -0.0931, 0.0017
20 178 5.940000 4.2432, 1.1843, 0.2741, 0.9966, -0.0150, -0.0806, 0.0012
20 179 5.970000 4.2328, 1.1852, 0.2526, 0.9971, -0.0175, -0.0738, 0.0009
20 180 6.000000 4.2213, 1.1863, 0.2300, 0.9982, -0.0200, -0.0560, 0.0004
20 181 6.040000 4.2044, 1.1883, 0.2005, 0.9989, -0.0225, -0.0407, 0.0001
20 182 6.070000 4.1906, 1.1904, 0.1800, 0.9988, -0.0249, -0.0423, 0.0002
20 183 6.100000 4.1759, 1.1930, 0.1614, 0.9992, -0.0274, -0.0288, -0.0002
20 184 6.140000 4.1554, 1.1974, 0.1391, 0.9993, -0.0307, -0.0202, -0.0004
20 185 6.170000 4.1393, 1.2015, 0.1243, 0.9992, -0.0328, -0.0224, -0.0002
20 186 6.200000 4.1229, 1.2062, 0.1109, 0.9994, -0.0343, -0.0070, -0.0006
20 187 6.240000 4.1007, 1.2135, 0.0952, 0.9993, -0.0367, 0.0009, -0.0007
20 188 6.270000 4.0840, 1.2199, 0.0850, 0.9993, -0.0382, -0.0004, -0.0005
20 189 6.300000 4.0673, 1.2271, 0.0760, 0.9991, -0.0394, 0.0126, -0.0008
20 190 6.340000 4.0453, 1.2379, 0.0657, 0.9990, -0.0407, 0.0195, -0.0008
20 191 6.370000 4.0292, 1.2469, 0.0593, 0.9990, -0.0413, 0.0177, -0.0005
20 192 6.400000 4.0135, 1.2568, 0.0540, 0.9987, -0.0416, 0.0304, -0.0008
20 193 6.440000 3.9934, 1.2712, 0.0484, 0.9984, -0.0414, 0.0380, -0.0008
20 194 6.470000 3.9791, 1.2829, 0.0451, 0.9984, -0.0410, 0.0378, -0.0005
20 195 6.500000 3.9656, 1.2954, 0.0421, 0.9977, -0.0404, 0.0544, -0.0010
20 196 6.540000 3.9488, 1.3131, 0.0372, 0.9971, -0.0390, 0.0656, -0.0011
20 197 6.570000 3.9373, 1.3271, 0.0321, 0.9972, -0.0376, 0.0643, -0.0008
20 198 6.600000 3.9269, 1.3416, 0.0256, 0.9968, -0.0361, 0.0720, -0.0008
20 199 6.640000 3.9145, 1.3618, 0.0144, 0.9968, -0.0335, 0.0723, -0.0005
20 200 6.670000 3.9064, 1.3775, 0.0042, 0.9973, -0.0314, 0.0660, 0.0001
20 201 6.700000 3.8992, 1.3936, -0.0077, 0.9972, -0.0292, 0.0694, 0.0003
20 202 6.740000 3.8912, 1.4158, -0.0264, 0.9976, -0.0262, 0.0644, 0.0010
20 203 6.770000 3.8862, 1.4329, -0.0426, 0.9982, -0.0234, 0.0555, 0.0018
20 204 6.800000 3.8820, 1.4503, -0.0610, 0.9983, -0.0205, 0.0550, 0.0023
20 205 6.840000 3.8774, 1.4739, -0.0892, 0.9988, -0.0160, 0.0471, 0.0033
20 206 6.870000 3.8746, 1.4919, -0.1135, 0.9993, -0.0123, 0.0360, 0.0042
20 207 6.900000 3.8723, 1.5100, -0.1409, 0.9994, -0.0085, 0.0331, 0.0051
20 208 6.940000 3.8697, 1.5342, -0.1823, 0.9997, -0.0030, 0.0229, 0.0064
20 209 6.970000 3.8681, 1.5525, -0.2168, 0.9999, 0.0019, 0.0115, 0.0076
20 210 7.000000 3.8666, 1.5707, -0.2526, 0.9999, 0.0073, 0.0069, 0.0087
20 211 7.040000 3.8648, 1.5947, -0.2975, 0.9999, 0.0121, -0.0001, 0.0107
20 212 7.070000 3.8634, 1.6124, -0.3266, 0.9998, 0.0145, -0.0121, 0.0118
20 213 7.100000 3.8618, 1.6297, -0.3510, 0.9997, 0.0168, -0.0101, 0.0130
20 214 7.140000 3.8591, 1.6520, -0.3765, 0.9996, 0.0219, -0.0136, 0.0145
20 215 7.170000 3.8565, 1.6681, -0.3908, 0.9991, 0.0281, -0.0278, 0.0151
20 216 7.200000 3.8534, 1.6835, -0.4012, 0.9991, 0.0343, -0.0205, 0.0164
20 217 7.240000 3.8482, 1.7026, -0.4092, 0.9985, 0.0440, -0.0279, 0.0172
20 218 7.270000 3.8434, 1.7156, -0.4110, 0.9978, 0.0528, -0.0352, 0.0181
20 219 7.300000 3.8379, 1.7274, -0.4092, 0.9974, 0.0623, -0.0296, 0.0187
20 220 7.340000 3.8293, 1.7405, -0.4011, 0.9967, 0.0754, -0.0231, 0.0207
20 221 7.370000 3.8220, 1.7482, -0.3907, 0.9955, 0.0861, -0.0346, 0.0199
20 222 7.400000 3.8140, 1.7536, -0.3764, 0.9950, 0.0954, -0.0203, 0.0220
20 223 7.440000 3.8024, 1.7569, -0.3512, 0.9934, 0.1109, -0.0189, 0.0222
20 224 7.470000 3.7931, 1.7561, -0.3282, 0.9919, 0.1219, -0.0283, 0.0219
20 225 7.500000 3.7833, 1.7527, -0.3032, 0.9909, 0.1321, -0.0134, 0.0234
20 226 7.540000 3.7699, 1.7449, -0.2718, 0.9892, 0.1440, -0.0120, 0.0238
20 227 7.570000 3.7597, 1.7372, -0.2521, 0.9882, 0.1508, -0.0097, 0.0236
20 228 7.600000 3.7494, 1.7279, -0.2364, 0.9874, 0.1561, -0.0023, 0.0247
20 229 7.640000 3.7358, 1.7130, -0.2212, 0.9867, 0.1608, 0.0043, 0.0252
20 230 7.670000 3.7256, 1.6997, -0.2139, 0.9863, 0.1632, 0.0016, 0.0246
20 231 7.700000 3.7155, 1.6846, -0.2099, 0.9861, 0.1639, 0.0085, 0.0252
20 232 7.740000 3.7022, 1.6615, -0.2097, 0.9864, 0.1626, 0.0069, 0.0248
20 233 7.770000 3.6924, 1.6419, -0.2134, 0.9869, 0.1595, 0.0031, 0.0237
20 234 7.800000 3.6827, 1.6206, -0.2205, 0.9877, 0.1546, 0.0033, 0.0238
20 235 7.840000 3.6698, 1.5897, -0.2359, 0.9890, 0.1461, 0.0004, 0.0229
20 236 7.870000 3.6602, 1.5648, -0.2523, 0.9901, 0.1382, -0.0087, 0.0215
20 237 7.900000 3.6505, 1.5388, -0.2733, 0.9914, 0.1285, -0.0095, 0.0212
20 238 7.940000 3.6375, 1.5024, -0.3090, 0.9932, 0.1130, -0.0187, 0.0199
20 239 7.970000 3.6275, 1.4741, -0.3415, 0.9945, 0.0998, -0.0263, 0.0186
20 240 8.000000 3.6174, 1.4447, -0.3774, 0.9957, 0.0848, -0.0314, 0.0180
20 241 8.040000 3.6029, 1.4031, -0.4250, 0.9969, 0.0649, -0.0405, 0.0167
20 242 8.070000 3.5909, 1.3701, -0.4576, 0.9970, 0.0535, -0.0534, 0.0159
20 243 8.100000 3.5777, 1.3357, -0.4866, 0.9976, 0.0421, -0.0529, 0.0152
20 244 8.140000 3.5579, 1.2882, -0.5195, 0.9975, 0.0278, -0.0634, 0.0148
20 245 8.170000 3.5412, 1.2517, -0.5400, 0.9972, 0.0167, -0.0719, 0.0140
20 246 8.200000 3.5227, 1.2147, -0.5569, 0.9972, 0.0053, -0.0738, 0.0142
20 247 8.240000 3.4952, 1.1651, -0.5740, 0.9971, -0.0089, -0.0738, 0.0134
20 248 8.270000 3.4722, 1.1282, -0.5827, 0.9959, -0.0183, -0.0873, 0.0140
20 249 8.300000 3.4472, 1.0916, -0.5879, 0.9961, -0.0292, -0.0819, 0.0136
20 250 8.340000 3.4104, 1.0440, -0.5894, 0.9947, -0.0440, -0.0918, 0.0141
20 251 8.370000 3.3801, 1.0095, -0.5864, 0.9934, -0.0540, -0.1004, 0.0141
20 252 8.400000 3.3472, 0.9763, -0.5798, 0.9935, -0.0633, -0.0932, 0.0141
20 253 8.440000 3.2996, 0.9344, -0.5654, 0.9927, -0.0747, -0.0936, 0.0145
20 254 8.470000 3.2611, 0.9052, -0.5508, 0.9914, -0.0821, -0.1011, 0.0156
20 255 8.500000 3.2202, 0.8778, -0.5336, 0.9921, -0.0905, -0.0859, 0.0149
20 256 8.540000 3.1628, 0.8442, -0.5084, 0.9921, -0.0981, -0.0764, 0.0150
20 257 8.570000 3.1178, 0.8211, -0.4888, 0.9922, -0.1017, -0.0709, 0.0156
20 258 8.600000 3.0715, 0.7999, -0.4687, 0.9930, -0.1042, -0.0536, 0.0149
20 259 8.640000 3.0080, 0.7749, -0.4408, 0.9935, -0.1065, -0.0366, 0.0146
20 260 8.670000 2.9593, 0.7585, -0.4187, 0.9936, -0.1063, -0.0342, 0.0153
20 261 8.700000 2.9101, 0.7444, -0.3954, 0.9941, -0.1066, -0.0128, 0.0141
20 262 8.740000 2.8438, 0.7289, -0.3620, 0.9946, -0.1025, -0.0004, 0.0140
20 263 8.770000 2.7939, 0.7199, -0.3349, 0.9950, -0.0983, 0.0038, 0.0148
20 264 8.800000 2.7442, 0.7131, -0.3058, 0.9953, -0.0936, 0.0207, 0.0139
20 265 8.840000 2.6784, 0.7073, -0.2632, 0.9955, -0.0881, 0.0335, 0.0138
20 266 8.870000 2.6298, 0.7054, -0.2280, 0.9960, -0.0810, 0.0346, 0.0143
20 267 8.900000 2.5821, 0.7055, -0.1896, 0.9961, -0.0735, 0.0475, 0.0135
20 268 8.940000 2.5202, 0.7084, -0.1329, 0.9961, -0.0607, 0.0620, 0.0131
20 269 8.970000 2.4753, 0.7124, -0.0865, 0.9973, -0.0517, 0.0498, 0.0138
20 270 9.000000 2.4317, 0.7176, -0.0381, 0.9968, -0.0429, 0.0655, 0.0135
20 271 9.040000 2.3749, 0.7256, 0.0249, 0.9973, -0.0301, 0.0654, 0.0134
20 272 9.070000 2.3332, 0.7320, 0.0684, 0.9973, -0.0189, 0.0700, 0.0133
20 273 9.100000 2.2923, 0.7386, 0.1086, 0.9967, -0.0085, 0.0797, 0.0128
20 274 9.140000 2.2391, 0.7477, 0.1574, 0.9959, 0.0047, 0.0895, 0.0124
20 275 9.170000 2.2005, 0.7544, 0.1909, 0.9958, 0.0138, 0.0901, 0.0118
20 276 9.200000 2.1632, 0.7610, 0.2224, 0.9946, 0.0223, 0.1008, 0.0115
20 277 9.240000 2.1156, 0.7692, 0.2617, 0.9938, 0.0336, 0.1052, 0.0106
20 278 9.270000 2.0818, 0.7748, 0.2896, 0.9936, 0.0415, 0.1041, 0.0100
20 279 9.300000 2.0496, 0.7798, 0.3165, 0.9923, 0.0489, 0.1139, 0.0094
20 280 9.340000 2.0096, 0.7853, 0.3511, 0.9915, 0.0576, 0.1162, 0.0086
20 281 9.370000 1.9819, 0.7882, 0.3765, 0.9917, 0.0638, 0.1112, 0.0072
20 282 9.400000 1.9562, 0.7901, 0.4018, 0.9904, 0.0694, 0.1191, 0.0069
20 283 9.440000 1.9252, 0.7906, 0.4355, 0.9895, 0.0763, 0.1227, 0.0056
20 284 9.470000 1.9046, 0.7893, 0.4609, 0.9895, 0.0809, 0.1199, 0.0044
20 285 9.500000 1.8860, 0.7867, 0.4857, 0.9873, 0.0854, 0.1336, 0.0039
20 286 9.540000 1.8643, 0.7813, 0.5162, 0.9862, 0.0905, 0.1389, 0.0028
20 287 9.570000 1.8501, 0.7758, 0.5359, 0.9866, 0.0930, 0.1341, 0.0012
20 288 9.600000 1.8375, 0.7693, 0.5529, 0.9858, 0.0950, 0.1384, 0.0006
20 289 9.640000 1.8236, 0.7586, 0.5715, 0.9859, 0.0964, 0.1368, -0.0008
20 290 9.670000 1.8152, 0.7490, 0.5825, 0.9868, 0.0967, 0.1300, -0.0024
20 291 9.700000 1.8086, 0.7382, 0.5911, 0.9865, 0.0965, 0.1321, -0.0029
20 292 9.740000 1.8024, 0.7218, 0.5989, 0.9873, 0.0950, 0.1275, -0.0043
20 293 9.770000 1.7998, 0.7079, 0.6022, 0.9886, 0.0931, 0.1182, -0.0058
20 294 9.800000 1.7989, 0.6928, 0.6031, 0.9888, 0.0909, 0.1182, -0.0065
20 295 9.840000 1.8000, 0.6707, 0.6007, 0.9901, 0.0870, 0.1103, -0.0080
20 296 9.870000 1.8024, 0.6528, 0.5960, 0.9916, 0.0835, 0.0988, -0.0096
20 297 9.900000 1.8062, 0.6338, 0.5888, 0.9921, 0.0798, 0.0960, -0.0104
20 298 9.940000 1.8130, 0.6070, 0.5749, 0.9936, 0.0743, 0.0847, -0.0121
20 299 9.970000 1.8193, 0.5857, 0.5615, 0.9950, 0.0698, 0.0708, -0.0138
20 300 10.000000 1.8266, 0.5634, 0.5459, 0.9957, 0.0653, 0.0638, -0.0150
20 301 10.040000 1.8379, 0.5320, 0.5241, 0.9967, 0.0602, 0.0514, -0.0171
20 302 10.070000 1.8474, 0.5072, 0.5080, 0.9975, 0.0556, 0.0388, -0.0187
20 303 10.100000 1.8576, 0.4813, 0.4924, 0.9977, 0.0515, 0.0393, -0.0196
20 304 10.140000 1.8723, 0.4453, 0.4721, 0.9983, 0.0460, 0.0289, -0.0214
20 305 10.170000 1.8838, 0.4173, 0.4571, 0.9988, 0.0419, 0.0134, -0.0231
20 306 10.200000 1.8956, 0.3885, 0.4423, 0.9989, 0.0381, 0.0114, -0.0241
20 307 10.240000 1.9115, 0.3491, 0.4225, 0.9991, 0.0332, -0.0007, -0.0259
20 308 10.270000 1.9234, 0.3188, 0.4075, 0.9991, 0.0296, -0.0149, -0.0273
20 309 10.300000 1.9350, 0.2881, 0.3923, 0.9991, 0.0269, -0.0184, -0.0285
20 310 10.340000 1.9499, 0.2464, 0.3714, 0.9988, 0.0234, -0.0311, -0.0301
20 311 10.370000 1.9605, 0.2147, 0.3550, 0.9982, 0.0203, -0.0477, -0.0314
20 312 10.400000 1.9703, 0.1827, 0.3378, 0.9980, 0.0186, -0.0510, -0.0324
20 313 10.440000 1.9820, 0.1396, 0.3133, 0.9973, 0.0162, -0.0636, -0.0339
20 314 10.470000 1.9897, 0.1071, 0.2937, 0.9962, 0.0147, -0.0779, -0.0350
20 315 10.500000 1.9960, 0.0743, 0.2732, 0.9958, 0.0137, -0.0829, -0.0358
20 316 10.540000 2.0022, 0.0303, 0.2457, 0.9950, 0.0123, -0.0925, -0.0367
20 317 10.570000 2.0048, -0.0029, 0.2254, 0.9937, 0.0113, -0.1046, -0.0373
20 318 10.600000 2.0054, -0.0362, 0.2055, 0.9939, 0.0106, -0.1035, -0.0374
20 319 10.640000 2.0032, -0.0808, 0.1794, 0.9930, 0.0092, -0.1119, -0.0375
20 320 10.670000 1.9992, -0.1143, 0.1598, 0.9912, 0.0078, -0.1268, -0.0373
20 321 10.700000 1.9929, -0.1479, 0.1400, 0.9910, 0.0062, -0.1288, -0.0370
20 322 10.740000 1.9810, -0.1928, 0.1131, 0.9899, 0.0037, -0.1369, -0.0363
20 323 10.770000 1.9693, -0.2264, 0.0923, 0.9886, 0.0012, -0.1460, -0.0357
20 324 10.800000 1.9552, -0.2599, 0.0706, 0.9893, -0.0017, -0.1420, -0.0349
20 325 10.840000 1.9328, -0.3045, 0.0401, 0.9894, -0.0065, -0.1408, -0.0340
20 326 10.870000 1.9135, -0.3377, 0.0156, 0.9887, -0.0109, -0.1457, -0.0329
20 327 10.900000 1.8920, -0.3707, -0.0106, 0.9900, -0.0161, -0.1365, -0.0321
20 328 10.940000 1.8604, -0.4143, -0.0486, 0.9906, -0.0244, -0.1308, -0.0306
20 329 10.970000 1.8345, -0.4464, -0.0796, 0.9909, -0.0314, -0.1276, -0.0295
20 330 11.000000 1.8067, -0.4781, -0.1118, 0.9922, -0.0394, -0.1152, -0.0283
20 331 11.040000 1.7662, -0.5190, -0.1537, 0.9930, -0.0488, -0.1044, -0.0265
20 332 11.070000 1.7330, -0.5483, -0.1825, 0.9928, -0.0537, -0.1041, -0.0245
20 333 11.100000 1.6974, -0.5763, -0.2088, 0.9935, -0.0605, -0.0937, -0.0234
20 334 11.140000 1.6467, -0.6115, -0.2403, 0.9934, -0.0683, -0.0891, -0.0216
20 335 11.170000 1.6062, -0.6360, -0.2615, 0.9928, -0.0736, -0.0919, -0.0199
20 336 11.200000 1.5638, -0.6589, -0.2808, 0.9937, -0.0787, -0.0778, -0.0194
20 337 11.240000 1.5047, -0.6867, -0.3038, 0.9939, -0.0847, -0.0688, -0.0183
20 338 11.270000 1.4586, -0.7055, -0.3193, 0.9935, -0.0882, -0.0695, -0.0168
20 339 11.300000 1.4111, -0.7224, -0.3333, 0.9942, -0.0915, -0.0543, -0.0168
20 340 11.340000 1.3460, -0.7420, -0.3500, 0.9945, -0.0943, -0.0435, -0.0160
20 341 11.370000 1.2961, -0.7544, -0.3612, 0.9943, -0.0959, -0.0445, -0.0147
20 342 11.400000 1.2453, -0.7649, -0.3714, 0.9948, -0.0972, -0.0282, -0.0148
20 343 11.440000 1.1767, -0.7759, -0.3834, 0.9949, -0.0977, -0.0200, -0.0142
20 344 11.470000 1.1248, -0.7819, -0.3914, 0.9950, -0.0973, -0.0169, -0.0132
20 345 11.500000 1.0726, -0.7860, -0.3985, 0.9953, -0.0963, -0.0033, -0.0137
20 346 11.540000 1.0029, -0.7883, -0.4058, 0.9953, -0.0951, 0.0094, -0.0133
20 347 11.570000 0.9507, -0.7877, -0.4096, 0.9955, -0.0935, 0.0061, -0.0122
20 348 11.600000 0.8987, -0.7852, -0.4119, 0.9955, -0.0918, 0.0193, -0.0123
20 349 11.640000 0.8300, -0.7788, -0.4125, 0.9957, -0.0879, 0.0278, -0.0120
20 350 11.670000 0.7791, -0.7719, -0.4112, 0.9961, -0.0848, 0.0240, -0.0105
20 351 11.700000 0.7287, -0.7632, -0.4084, 0.9960, -0.0815, 0.0355, -0.0108
20 352 11.740000 0.6626, -0.7490, -0.4023, 0.9963, -0.0769, 0.0381, -0.0097
20 353 11.770000 0.6139, -0.7364, -0.3959, 0.9969, -0.0726, 0.0305, -0.0085
20 354 11.800000 0.5660, -0.7223, -0.3879, 0.9968, -0.0683, 0.0397, -0.0081
20 355 11.840000 0.5032, -0.7013, -0.3745, 0.9972, -0.0610, 0.0420, -0.0074
20 356 11.870000 0.4571, -0.6840, -0.3622, 0.9978, -0.0550, 0.0354, -0.0059
20 357 11.900000 0.4119, -0.6655, -0.3479, 0.9978, -0.0487, 0.0455, -0.0058
20 358 11.940000 0.3530, -0.6392, -0.3254, 0.9982, -0.0397, 0.0458, -0.0045
20 359 11.970000 0.3099, -0.6184, -0.3060, 0.9989, -0.0320, 0.0353, -0.0032
20 360 12.000000 0.2677, -0.5969, -0.2852, 0.9989, -0.0238, 0.0404, -0.0023
20 361 12.040000 0.2123, -0.5677, -0.2578, 0.9993, -0.0121, 0.0359, -0.0009
20 362 12.070000 0.1714, -0.5456, -0.2386, 0.9994, -0.0036, 0.0339, 0.0002
20 363 12.100000 0.1310, -0.5233, -0.2209, 0.9991, 0.0043, 0.0423, 0.0007
20 364 12.140000 0.0780, -0.4938, -0.1991, 0.9988, 0.0144, 0.0459, 0.0017
20 365 12.170000 0.0391, -0.4719, -0.1839, 0.9989, 0.0210, 0.0418, 0.0019
20 366 12.200000 0.0010, -0.4504, -0.1694, 0.9984, 0.0272, 0.0494, 0.0025
20 367 12.240000 -0.0488, -0.4223, -0.1512, 0.9981, 0.0338, 0.0511, 0.0028
20 368 12.270000 -0.0851, -0.4019, -0.1381, 0.9982, 0.0388, 0.0462, 0.0028
20 369 12.300000 -0.1206, -0.3822, -0.1255, 0.9976, 0.0433, 0.0533, 0.0029
20 370 12.340000 -0.1667, -0.3571, -0.1090, 0.9973, 0.0501, 0.0544, 0.0029
20 371 12.370000 -0.2001, -0.3392, -0.0969, 0.9974, 0.0536, 0.0471, 0.0024
20 372 12.400000 -0.2327, -0.3223, -0.0850, 0.9970, 0.0569, 0.0531, 0.0025
20 373 12.440000 -0.2748, -0.3013, -0.0690, 0.9970, 0.0591, 0.0508, 0.0022
20 374 12.470000 -0.3053, -0.2867, -0.0569, 0.9972, 0.0610, 0.0423, 0.0010
20 375 12.500000 -0.3351, -0.2733, -0.0447, 0.9970, 0.0625, 0.0464, 0.0012
20 376 12.540000 -0.3735, -0.2572, -0.0284, 0.9971, 0.0646, 0.0414, -0.0002
20 377 12.570000 -0.4016, -0.2464, -0.0162, 0.9973, 0.0657, 0.0335, -0.0006
20 378 12.600000 -0.4289, -0.2368, -0.0039, 0.9969, 0.0667, 0.0407, -0.0010
20 379 12.640000 -0.4644, -0.2259, 0.0126, 0.9969, 0.0681, 0.0398, -0.0012
20 380 12.670000 -0.4902, -0.2192, 0.0254, 0.9971, 0.0680, 0.0339, -0.0022
20 381 12.700000 -0.5154, -0.2137, 0.0384, 0.9968, 0.0679, 0.0417, -0.0018
20 382 12.740000 -0.5478, -0.2084, 0.0565, 0.9968, 0.0660, 0.0459, -0.0022
20 383 12.770000 -0.5711, -0.2058, 0.0707, 0.9971, 0.0648, 0.0399, -0.0029
20 384 12.800000 -0.5937, -0.2045, 0.0855, 0.9965, 0.0638, 0.0535, -0.0026
20 385 12.840000 -0.6223, -0.2047, 0.1067, 0.9965, 0.0613, 0.0567, -0.0028
20 386 12.870000 -0.6424, -0.2063, 0.1237, 0.9966, 0.0581, 0.0577, -0.0033
20 387 12.900000 -0.6614, -0.2091, 0.1421, 0.9962, 0.0543, 0.0686, -0.0027
20 388 12.940000 -0.6845, -0.2146, 0.1689, 0.9956, 0.0480, 0.0810, -0.0028
20 389 12.970000 -0.7001, -0.2199, 0.1907, 0.9960, 0.0418, 0.0795, -0.0027
20 390 13.000000 -0.7140, -0.2260, 0.2131, 0.9952, 0.0345, 0.0915, -0.0024
20 391 13.040000 -0.7305, -0.2349, 0.2410, 0.9953, 0.0240, 0.0933, -0.0019
20 392 13.070000 -0.7415, -0.2420, 0.2589, 0.9952, 0.0158, 0.0962, -0.0020
20 393 13.100000 -0.7514, -0.2493, 0.2739, 0.9945, 0.0081, 0.1047, -0.0012
20 394 13.140000 -0.7626, -0.2591, 0.2895, 0.9937, -0.0015, 0.1122, -0.0009
20 395 13.170000 -0.7694, -0.2665, 0.2983, 0.9939, -0.0078, 0.1100, -0.0004
20 396 13.200000 -0.7747, -0.2738, 0.3046, 0.9928, -0.0138, 0.1188, -0.0002
20 397 13.240000 -0.7793, -0.2832, 0.3094, 0.9923, -0.0214, 0.1217, 0.0005
20 398 13.270000 -0.7810, -0.2900, 0.3103, 0.9925, -0.0268, 0.1194, 0.0010
20 399 13.300000 -0.7810, -0.2964, 0.3087, 0.9917, -0.0318, 0.1243, 0.0015
20 400 13.340000 -0.7787, -0.3043, 0.3028, 0.9915, -0.0376, 0.1242, 0.0022
20 401 13.370000 -0.7751, -0.3096, 0.2953, 0.9921, -0.0414, 0.1181, 0.0029
20 402 13.400000 -0.7700, -0.3145, 0.2849, 0.9917, -0.0446, 0.1202, 0.0034
20 403 13.440000 -0.7611, -0.3201, 0.2663, 0.9922, -0.0476, 0.1147, 0.0042
20 404 13.470000 -0.7528, -0.3237, 0.2490, 0.9933, -0.0489, 0.1049, 0.0051
20 405 13.500000 -0.7431, -0.3265, 0.2297, 0.9937, -0.0490, 0.1010, 0.0056
20 406 13.540000 -0.7272, -0.3289, 0.2046, 0.9946, -0.0491, 0.0911, 0.0065
20 407 13.570000 -0.7130, -0.3294, 0.1882, 0.9954, -0.0493, 0.0815, 0.0075
20 408 13.600000 -0.6968, -0.3287, 0.1741, 0.9948, -0.0501, 0.0880, 0.0074
20 409 13.640000 -0.6724, -0.3261, 0.1589, 0.9952, -0.0505, 0.0833, 0.0079
20 410 13.670000 -0.6521, -0.3228, 0.1499, 0.9964, -0.0516, 0.0672, 0.0090
20 411 13.700000 -0.6302, -0.3183, 0.1429, 0.9963, -0.0513, 0.0682, 0.0090
20 412 13.740000 -0.5989, -0.3106, 0.1367, 0.9971, -0.0501, 0.0571, 0.0095
20 413 13.770000 -0.5740, -0.3036, 0.1344, 0.9979, -0.0481, 0.0412, 0.0101
20 414 13.800000 -0.5481, -0.2955, 0.1341, 0.9980, -0.0462, 0.0412, 0.0102
20 415 13.840000 -0.5125, -0.2831, 0.1368, 0.9987, -0.0429, 0.0259, 0.0107
20 416 13.870000 -0.4851, -0.2726, 0.1413, 0.9991, -0.0394, 0.0099, 0.0116
20 417 13.900000 -0.4575, -0.2613, 0.1481, 0.9993, -0.0350, 0.0084, 0.0115
20 418 13.940000 -0.4206, -0.2451, 0.1606, 0.9995, -0.0284, 0.0007, 0.0121
20 419 13.970000 -0.3929, -0.2321, 0.1724, 0.9996, -0.0231, -0.0134, 0.0126
20 420 14.000000 -0.3655, -0.2187, 0.1854, 0.9998, -0.0172, -0.0061, 0.0128
20 421 14.040000 -0.3291, -0.2004, 0.2019, 0.9998, -0.0079, -0.0143, 0.0133
20 422 14.070000 -0.3022, -0.1866, 0.2121, 0.9995, -0.0014, -0.0277, 0.0136
20 423 14.100000 -0.2755, -0.1727, 0.2202, 0.9995, 0.0047, -0.0287, 0.0139
20 424 14.140000 -0.2407, -0.1543, 0.2281, 0.9991, 0.0122, -0.0381, 0.0141
20 425 14.170000 -0.2152, -0.1407, 0.2320, 0.9986, 0.0176, -0.0482, 0.0143
20 426 14.200000 -0.1904, -0.1274, 0.2344, 0.9985, 0.0226, -0.0469, 0.0144
20 427 14.240000 -0.1584, -0.1101, 0.2351, 0.9982, 0.0287, -0.0508, 0.0146
20 428 14.270000 -0.1353, -0.0977, 0.2340, 0.9976, 0.0325, -0.0588, 0.0144
20 429 14.300000 -0.1131, -0.0858, 0.2314, 0.9977, 0.0358, -0.0559, 0.0145
20 430 14.340000 -0.0848, -0.0707, 0.2255, 0.9974, 0.0390, -0.0593, 0.0143
20 431 14.370000 -0.0646, -0.0601, 0.2192, 0.9968, 0.0409, -0.0673, 0.0138
20 432 14.400000 -0.0453, -0.0500, 0.2112, 0.9969, 0.0422, -0.0656, 0.0137
20 433 14.440000 -0.0210, -0.0376, 0.1975, 0.9966, 0.0432, -0.0693, 0.0131
20 434 14.470000 -0.0040, -0.0290, 0.1850, 0.9961, 0.0431, -0.0757, 0.0125
20 435 14.500000 0.0120, -0.0210, 0.1712, 0.9965, 0.0422, -0.0716, 0.0122
20 436 14.540000 0.0311, -0.0117, 0.1531, 0.9966, 0.0407, -0.0713, 0.0117
20 437 14.570000 0.0437, -0.0056, 0.1409, 0.9962, 0.0397, -0.0769, 0.0108
20 438 14.600000 0.0548, -0.0004, 0.1301, 0.9967, 0.0387, -0.0705, 0.0106
20 439 14.640000 0.0673, 0.0053, 0.1175, 0.9966, 0.0375, -0.0725, 0.0101
20 440 14.670000 0.0749, 0.0087, 0.1093, 0.9960, 0.0364, -0.0807, 0.0094
20 441 14.700000 0.0810, 0.0113, 0.1020, 0.9967, 0.0352, -0.0731, 0.0094
20 442 14.740000 0.0868, 0.0137, 0.0935, 0.9967, 0.0339, -0.0726, 0.0090
20 443 14.770000 0.0895, 0.0148, 0.0881, 0.9963, 0.0331, -0.0790, 0.0085
20 444 14.800000 0.0906, 0.0152, 0.0833, 0.9969, 0.0323, -0.0710, 0.0086
20 445 14.840000 0.0900, 0.0147, 0.0780, 0.9970, 0.0316, -0.0699, 0.0084
20 446 14.870000 0.0879, 0.0136, 0.0748, 0.9966, 0.0311, -0.0764, 0.0081
20 447 14.900000 0.0844, 0.0120, 0.0722, 0.9971, 0.0307, -0.0688, 0.0082
20 448 14.940000 0.0776, 0.0088, 0.0697, 0.9972, 0.0304, -0.0682, 0.0081
20 449 14.970000 0.0709, 0.0058, 0.0684, 0.9967, 0.0304, -0.0754, 0.0078
