38 0 0.010000 0.0668, 1.6118, 1.5353, 1.0000, 0.0000, 0.0000, 0.0000
38 1 0.040000 0.0667, 1.6117, 1.5309, 0.9972, 0.0664, -0.0341, 0.0016
38 2 0.070000 0.0652, 1.6087, 1.5364, 0.9882, 0.1355, -0.0710, 0.0034
38 3 0.110000 0.0570, 1.5929, 1.5715, 0.9772, 0.1852, -0.1034, 0.0045
38 4 0.140000 0.0451, 1.5706, 1.6150, 0.9725, 0.2013, -0.1172, 0.0050
38 5 0.170000 0.0288, 1.5407, 1.6669, 0.9716, 0.1989, -0.1280, 0.0037
38 6 0.200000 0.0093, 1.5056, 1.7219, 0.9709, 0.2044, -0.1249, 0.0055
38 7 0.240000 -0.0199, 1.4538, 1.7931, 0.9735, 0.1879, -0.1305, 0.0030
38 8 0.270000 -0.0434, 1.4128, 1.8415, 0.9765, 0.1692, -0.1332, 0.0012
38 9 0.310000 -0.0760, 1.3564, 1.8969, 0.9798, 0.1495, -0.1330, -0.0001
38 10 0.340000 -0.1013, 1.3131, 1.9310, 0.9822, 0.1337, -0.1322, -0.0011
38 11 0.370000 -0.1272, 1.2692, 1.9586, 0.9849, 0.1143, -0.1302, -0.0026
38 12 0.400000 -0.1538, 1.2247, 1.9800, 0.9871, 0.0973, -0.1272, -0.0036
38 13 0.440000 -0.1905, 1.1645, 1.9995, 0.9900, 0.0720, -0.1213, -0.0051
38 14 0.470000 -0.2191, 1.1187, 2.0079, 0.9920, 0.0508, -0.1155, -0.0065
38 15 0.500000 -0.2488, 1.0724, 2.0118, 0.9935, 0.0335, -0.1087, -0.0073
38 16 0.540000 -0.2900, 1.0103, 2.0113, 0.9951, 0.0080, -0.0985, -0.0087
38 17 0.570000 -0.3224, 0.9635, 2.0076, 0.9958, -0.0140, -0.0897, -0.0098
38 18 0.610000 -0.3674, 0.9015, 1.9996, 0.9962, -0.0386, -0.0770, -0.0109
38 19 0.640000 -0.4025, 0.8557, 1.9919, 0.9963, -0.0527, -0.0669, -0.0113
38 20 0.670000 -0.4388, 0.8107, 1.9834, 0.9957, -0.0726, -0.0563, -0.0120
38 21 0.700000 -0.4759, 0.7669, 1.9744, 0.9954, -0.0840, -0.0455, -0.0122
38 22 0.740000 -0.5266, 0.7109, 1.9619, 0.9943, -0.1013, -0.0305, -0.0127
38 23 0.770000 -0.5653, 0.6710, 1.9524, 0.9927, -0.1185, -0.0189, -0.0130
38 24 0.800000 -0.6043, 0.6331, 1.9429, 0.9923, -0.1233, -0.0073, -0.0131
38 25 0.840000 -0.6564, 0.5862, 1.9300, 0.9906, -0.1356, 0.0079, -0.0132
38 26 0.870000 -0.6954, 0.5538, 1.9200, 0.9888, -0.1473, 0.0191, -0.0132
38 27 0.900000 -0.7339, 0.5240, 1.9097, 0.9883, -0.1486, 0.0302, -0.0132
38 28 0.940000 -0.7844, 0.4883, 1.8954, 0.9869, -0.1541, 0.0451, -0.0134
38 29 0.970000 -0.8213, 0.4648, 1.8843, 0.9847, -0.1646, 0.0554, -0.0130
38 30 1.000000 -0.8572, 0.4444, 1.8735, 0.9847, -0.1612, 0.0650, -0.0133
38 31 1.040000 -0.9028, 0.4224, 1.8607, 0.9837, -0.1625, 0.0765, -0.0134
38 32 1.070000 -0.9350, 0.4101, 1.8532, 0.9817, -0.1701, 0.0847, -0.0130
38 33 1.110000 -0.9749, 0.3996, 1.8461, 0.9801, -0.1740, 0.0946, -0.0127
38 34 1.140000 -1.0022, 0.3962, 1.8431, 0.9811, -0.1648, 0.1000, -0.0136
38 35 1.170000 -1.0272, 0.3966, 1.8419, 0.9797, -0.1710, 0.1043, -0.0128
38 36 1.210000 -1.0568, 0.4030, 1.8433, 0.9800, -0.1678, 0.1066, -0.0122
38 37 1.240000 -1.0761, 0.4121, 1.8465, 0.9822, -0.1522, 0.1094, -0.0136
38 38 1.270000 -1.0928, 0.4247, 1.8518, 0.9813, -0.1574, 0.1104, -0.0120
38 39 1.310000 -1.1111, 0.4471, 1.8622, 0.9827, -0.1468, 0.1120, -0.0121
38 40 1.340000 -1.1216, 0.4677, 1.8726, 0.9851, -0.1303, 0.1112, -0.0128
38 41 1.370000 -1.1295, 0.4914, 1.8856, 0.9854, -0.1291, 0.1101, -0.0116
38 42 1.410000 -1.1360, 0.5276, 1.9067, 0.9874, -0.1152, 0.1082, -0.0112
38 43 1.440000 -1.1378, 0.5577, 1.9253, 0.9897, -0.0936, 0.1074, -0.0122
38 44 1.470000 -1.1373, 0.5899, 1.9455, 0.9901, -0.0921, 0.1055, -0.0108
38 45 1.510000 -1.1336, 0.6353, 1.9728, 0.9915, -0.0783, 0.1036, -0.0103
38 46 1.540000 -1.1291, 0.6706, 1.9908, 0.9930, -0.0585, 0.1018, -0.0110
38 47 1.570000 -1.1235, 0.7066, 2.0051, 0.9938, -0.0461, 0.1002, -0.0110
38 48 1.610000 -1.1146, 0.7551, 2.0179, 0.9948, -0.0250, 0.0976, -0.0117
38 49 1.640000 -1.1068, 0.7918, 2.0226, 0.9953, -0.0076, 0.0954, -0.0124
38 50 1.670000 -1.0981, 0.8285, 2.0232, 0.9956, 0.0018, 0.0928, -0.0125
38 51 1.710000 -1.0851, 0.8775, 2.0176, 0.9958, 0.0164, 0.0890, -0.0130
38 52 1.740000 -1.0744, 0.9140, 2.0084, 0.9958, 0.0289, 0.0860, -0.0137
38 53 1.770000 -1.0629, 0.9503, 1.9948, 0.9959, 0.0338, 0.0828, -0.0138
38 54 1.810000 -1.0466, 0.9981, 1.9694, 0.9959, 0.0429, 0.0786, -0.0142
38 55 1.840000 -1.0336, 1.0336, 1.9446, 0.9957, 0.0511, 0.0754, -0.0148
38 56 1.870000 -1.0201, 1.0688, 1.9144, 0.9958, 0.0535, 0.0723, -0.0150
38 57 1.910000 -1.0013, 1.1150, 1.8654, 0.9958, 0.0587, 0.0682, -0.0154
38 58 1.940000 -0.9867, 1.1493, 1.8223, 0.9957, 0.0633, 0.0653, -0.0159
38 59 1.970000 -0.9716, 1.1830, 1.7744, 0.9959, 0.0632, 0.0628, -0.0161
38 60 2.010000 -0.9503, 1.2267, 1.7060, 0.9960, 0.0641, 0.0595, -0.0165
38 61 2.040000 -0.9331, 1.2582, 1.6545, 0.9960, 0.0669, 0.0565, -0.0170
38 62 2.070000 -0.9147, 1.2882, 1.6051, 0.9967, 0.0616, 0.0508, -0.0172
38 63 2.110000 -0.8884, 1.3259, 1.5431, 0.9972, 0.0599, 0.0419, -0.0178
38 64 2.140000 -0.8676, 1.3524, 1.4994, 0.9972, 0.0638, 0.0338, -0.0185
38 65 2.170000 -0.8461, 1.3777, 1.4579, 0.9980, 0.0550, 0.0254, -0.0188
38 66 2.210000 -0.8166, 1.4094, 1.4050, 0.9983, 0.0529, 0.0125, -0.0195
38 67 2.240000 -0.7942, 1.4318, 1.3668, 0.9981, 0.0572, 0.0050, -0.0200
38 68 2.270000 -0.7717, 1.4532, 1.3293, 0.9986, 0.0497, -0.0021, -0.0201
38 69 2.310000 -0.7418, 1.4802, 1.2797, 0.9986, 0.0477, -0.0094, -0.0204
38 70 2.340000 -0.7195, 1.4994, 1.2422, 0.9982, 0.0542, -0.0159, -0.0205
38 71 2.370000 -0.6976, 1.5178, 1.2040, 0.9985, 0.0468, -0.0216, -0.0208
38 72 2.410000 -0.6689, 1.5412, 1.1515, 0.9982, 0.0482, -0.0301, -0.0209
38 73 2.440000 -0.6479, 1.5578, 1.1106, 0.9977, 0.0533, -0.0354, -0.0208
38 74 2.470000 -0.6274, 1.5736, 1.0686, 0.9977, 0.0505, -0.0408, -0.0209
38 75 2.510000 -0.6013, 1.5933, 1.0118, 0.9973, 0.0522, -0.0467, -0.0208
38 76 2.540000 -0.5828, 1.6069, 0.9705, 0.9967, 0.0604, -0.0508, -0.0204
38 77 2.570000 -0.5654, 1.6193, 0.9310, 0.9971, 0.0510, -0.0532, -0.0209
38 78 2.610000 -0.5441, 1.6339, 0.8816, 0.9971, 0.0470, -0.0553, -0.0211
38 79 2.640000 -0.5295, 1.6436, 0.8469, 0.9968, 0.0545, -0.0552, -0.0205
38 80 2.670000 -0.5162, 1.6523, 0.8138, 0.9972, 0.0463, -0.0541, -0.0210
38 81 2.710000 -0.5001, 1.6622, 0.7717, 0.9973, 0.0489, -0.0514, -0.0207
38 82 2.740000 -0.4892, 1.6685, 0.7413, 0.9968, 0.0593, -0.0492, -0.0202
38 83 2.770000 -0.4793, 1.6738, 0.7112, 0.9971, 0.0573, -0.0463, -0.0201
38 84 2.800000 -0.4703, 1.6780, 0.6813, 0.9963, 0.0711, -0.0435, -0.0194
38 85 2.840000 -0.4594, 1.6818, 0.6408, 0.9959, 0.0788, -0.0397, -0.0188
38 86 2.870000 -0.4520, 1.6833, 0.6094, 0.9962, 0.0772, -0.0365, -0.0187
38 87 2.900000 -0.4453, 1.6835, 0.5769, 0.9956, 0.0857, -0.0336, -0.0180
38 88 2.940000 -0.4370, 1.6819, 0.5315, 0.9956, 0.0875, -0.0294, -0.0176
38 89 2.970000 -0.4314, 1.6791, 0.4960, 0.9962, 0.0814, -0.0263, -0.0174
38 90 3.000000 -0.4263, 1.6750, 0.4601, 0.9960, 0.0847, -0.0237, -0.0170
38 91 3.040000 -0.4202, 1.6669, 0.4137, 0.9963, 0.0826, -0.0185, -0.0167
38 92 3.070000 -0.4162, 1.6589, 0.3813, 0.9970, 0.0741, -0.0138, -0.0164
38 93 3.100000 -0.4125, 1.6491, 0.3513, 0.9963, 0.0835, -0.0095, -0.0158
38 94 3.140000 -0.4079, 1.6333, 0.3147, 0.9968, 0.0786, -0.0035, -0.0151
38 95 3.170000 -0.4047, 1.6195, 0.2897, 0.9976, 0.0678, 0.0008, -0.0146
38 96 3.200000 -0.4014, 1.6042, 0.2664, 0.9975, 0.0691, 0.0044, -0.0140
38 97 3.240000 -0.3969, 1.5817, 0.2379, 0.9980, 0.0614, 0.0102, -0.0132
38 98 3.270000 -0.3933, 1.5634, 0.2181, 0.9988, 0.0452, 0.0140, -0.0124
38 99 3.300000 -0.3894, 1.5442, 0.1995, 0.9988, 0.0435, 0.0177, -0.0118
38 100 3.340000 -0.3838, 1.5173, 0.1760, 0.9992, 0.0311, 0.0214, -0.0110
38 101 3.370000 -0.3791, 1.4965, 0.1592, 0.9996, 0.0125, 0.0252, -0.0101
38 102 3.400000 -0.3739, 1.4754, 0.1429, 0.9995, 0.0101, 0.0283, -0.0097
38 103 3.440000 -0.3662, 1.4471, 0.1217, 0.9994, -0.0073, 0.0334, -0.0085
38 104 3.470000 -0.3597, 1.4260, 0.1062, 0.9990, -0.0243, 0.0363, -0.0075
38 105 3.500000 -0.3525, 1.4054, 0.0916, 0.9987, -0.0323, 0.0397, -0.0068
38 106 3.540000 -0.3416, 1.3791, 0.0748, 0.9980, -0.0452, 0.0441, -0.0059
38 107 3.570000 -0.3322, 1.3607, 0.0651, 0.9970, -0.0612, 0.0463, -0.0049
38 108 3.600000 -0.3217, 1.3435, 0.0582, 0.9971, -0.0584, 0.0478, -0.0048
38 109 3.640000 -0.3060, 1.3230, 0.0535, 0.9965, -0.0670, 0.0491, -0.0041
38 110 3.670000 -0.2929, 1.3095, 0.0534, 0.9952, -0.0841, 0.0496, -0.0030
38 111 3.700000 -0.2786, 1.2980, 0.0563, 0.9950, -0.0861, 0.0499, -0.0027
38 112 3.740000 -0.2575, 1.2861, 0.0649, 0.9928, -0.1092, 0.0500, -0.0012
38 113 3.770000 -0.2404, 1.2803, 0.0750, 0.9902, -0.1307, 0.0500, 0.0002
38 114 3.800000 -0.2219, 1.2777, 0.0884, 0.9905, -0.1284, 0.0502, 0.0004
38 115 3.840000 -0.1954, 1.2794, 0.1115, 0.9900, -0.1317, 0.0502, 0.0011
38 116 3.870000 -0.1740, 1.2847, 0.1332, 0.9890, -0.1394, 0.0502, 0.0019
38 117 3.900000 -0.1513, 1.2936, 0.1587, 0.9908, -0.1257, 0.0503, 0.0016
38 118 3.940000 -0.1190, 1.3107, 0.1985, 0.9921, -0.1148, 0.0508, 0.0016
38 119 3.970000 -0.0933, 1.3269, 0.2320, 0.9919, -0.1158, 0.0514, 0.0020
38 120 4.000000 -0.0665, 1.3454, 0.2670, 0.9942, -0.0935, 0.0532, 0.0012
38 121 4.040000 -0.0296, 1.3724, 0.3115, 0.9957, -0.0750, 0.0544, 0.0005
38 122 4.070000 -0.0012, 1.3937, 0.3407, 0.9968, -0.0589, 0.0549, -0.0003
38 123 4.100000 0.0277, 1.4156, 0.3658, 0.9979, -0.0354, 0.0551, -0.0017
38 124 4.140000 0.0670, 1.4452, 0.3928, 0.9985, -0.0080, 0.0544, -0.0036
38 125 4.170000 0.0971, 1.4676, 0.4084, 0.9985, 0.0072, 0.0534, -0.0050
38 126 4.200000 0.1278, 1.4899, 0.4204, 0.9982, 0.0280, 0.0519, -0.0070
38 127 4.240000 0.1695, 1.5191, 0.4309, 0.9975, 0.0492, 0.0497, -0.0095
38 128 4.270000 0.2015, 1.5405, 0.4347, 0.9970, 0.0595, 0.0478, -0.0113
38 129 4.300000 0.2339, 1.5612, 0.4350, 0.9959, 0.0768, 0.0452, -0.0137
38 130 4.340000 0.2779, 1.5875, 0.4297, 0.9947, 0.0928, 0.0416, -0.0170
38 131 4.370000 0.3114, 1.6062, 0.4213, 0.9940, 0.1004, 0.0388, -0.0194
38 132 4.400000 0.3452, 1.6239, 0.4090, 0.9926, 0.1136, 0.0356, -0.0223
38 133 4.440000 0.3908, 1.6456, 0.3866, 0.9913, 0.1251, 0.0313, -0.0263
38 134 4.470000 0.4254, 1.6604, 0.3656, 0.9908, 0.1292, 0.0280, -0.0293
38 135 4.500000 0.4603, 1.6735, 0.3421, 0.9896, 0.1381, 0.0250, -0.0327
38 136 4.540000 0.5074, 1.6872, 0.3102, 0.9885, 0.1454, 0.0196, -0.0369
38 137 4.570000 0.5430, 1.6940, 0.2876, 0.9887, 0.1436, 0.0172, -0.0392
38 138 4.600000 0.5790, 1.6976, 0.2668, 0.9874, 0.1521, 0.0120, -0.0415
38 139 4.640000 0.6270, 1.6973, 0.2417, 0.9871, 0.1539, 0.0080, -0.0437
38 140 4.670000 0.6632, 1.6933, 0.2250, 0.9878, 0.1489, 0.0065, -0.0451
38 141 4.700000 0.6993, 1.6860, 0.2099, 0.9864, 0.1580, 0.0035, -0.0464
38 142 4.740000 0.7473, 1.6711, 0.1919, 0.9865, 0.1565, 0.0011, -0.0474
38 143 4.770000 0.7832, 1.6563, 0.1799, 0.9884, 0.1440, -0.0006, -0.0480
38 144 4.800000 0.8190, 1.6384, 0.1690, 0.9882, 0.1457, -0.0028, -0.0483
38 145 4.840000 0.8663, 1.6102, 0.1558, 0.9897, 0.1347, -0.0054, -0.0483
38 146 4.870000 0.9016, 1.5860, 0.1468, 0.9918, 0.1185, -0.0068, -0.0481
38 147 4.900000 0.9366, 1.5594, 0.1383, 0.9922, 0.1147, -0.0093, -0.0476
38 148 4.940000 0.9829, 1.5209, 0.1276, 0.9939, 0.0992, -0.0123, -0.0465
38 149 4.970000 1.0172, 1.4899, 0.1200, 0.9957, 0.0788, -0.0154, -0.0455
38 150 5.000000 1.0512, 1.4574, 0.1126, 0.9962, 0.0730, -0.0185, -0.0440
38 151 5.040000 1.0958, 1.4120, 0.1038, 0.9973, 0.0566, -0.0221, -0.0420
38 152 5.070000 1.1288, 1.3767, 0.0982, 0.9981, 0.0378, -0.0246, -0.0407
38 153 5.100000 1.1612, 1.3407, 0.0935, 0.9983, 0.0333, -0.0269, -0.0391
38 154 5.140000 1.2036, 1.2918, 0.0885, 0.9987, 0.0165, -0.0301, -0.0374
38 155 5.170000 1.2347, 1.2549, 0.0858, 0.9988, -0.0035, -0.0328, -0.0363
38 156 5.200000 1.2652, 1.2179, 0.0839, 0.9987, -0.0090, -0.0347, -0.0349
38 157 5.240000 1.3048, 1.1691, 0.0827, 0.9984, -0.0240, -0.0377, -0.0332
38 158 5.270000 1.3337, 1.1331, 0.0828, 0.9978, -0.0416, -0.0395, -0.0324
38 159 5.300000 1.3618, 1.0979, 0.0838, 0.9976, -0.0450, -0.0417, -0.0310
38 160 5.340000 1.3981, 1.0525, 0.0864, 0.9968, -0.0593, -0.0443, -0.0296
38 161 5.370000 1.4243, 1.0199, 0.0895, 0.9954, -0.0785, -0.0472, -0.0288
38 162 5.400000 1.4497, 0.9888, 0.0935, 0.9952, -0.0802, -0.0490, -0.0274
38 163 5.440000 1.4820, 0.9499, 0.1002, 0.9941, -0.0913, -0.0519, -0.0260
38 164 5.470000 1.5052, 0.9229, 0.1059, 0.9928, -0.1039, -0.0531, -0.0252
38 165 5.500000 1.5275, 0.8978, 0.1119, 0.9928, -0.1044, -0.0544, -0.0239
38 166 5.540000 1.5558, 0.8671, 0.1189, 0.9919, -0.1117, -0.0557, -0.0224
38 167 5.570000 1.5760, 0.8462, 0.1228, 0.9905, -0.1234, -0.0560, -0.0217
38 168 5.600000 1.5955, 0.8272, 0.1254, 0.9904, -0.1246, -0.0557, -0.0206
38 169 5.640000 1.6201, 0.8051, 0.1271, 0.9889, -0.1365, -0.0545, -0.0197
38 170 5.670000 1.6376, 0.7911, 0.1270, 0.9874, -0.1478, -0.0530, -0.0193
38 171 5.700000 1.6543, 0.7794, 0.1259, 0.9879, -0.1452, -0.0507, -0.0184
38 172 5.740000 1.6754, 0.7675, 0.1225, 0.9878, -0.1474, -0.0467, -0.0178
38 173 5.770000 1.6904, 0.7613, 0.1185, 0.9873, -0.1519, -0.0435, -0.0175
38 174 5.800000 1.7047, 0.7574, 0.1131, 0.9885, -0.1450, -0.0400, -0.0168
38 175 5.840000 1.7230, 0.7557, 0.1033, 0.9897, -0.1383, -0.0347, -0.0162
38 176 5.870000 1.7362, 0.7567, 0.0936, 0.9896, -0.1394, -0.0303, -0.0159
38 177 5.900000 1.7490, 0.7596, 0.0815, 0.9916, -0.1258, -0.0254, -0.0154
38 178 5.940000 1.7656, 0.7660, 0.0616, 0.9929, -0.1164, -0.0192, -0.0147
38 179 5.970000 1.7778, 0.7726, 0.0438, 0.9938, -0.1093, -0.0143, -0.0144
38 180 6.000000 1.7898, 0.7808, 0.0241, 0.9954, -0.0946, -0.0094, -0.0137
38 181 6.040000 1.8056, 0.7943, -0.0024, 0.9969, -0.0780, -0.0023, -0.0132
38 182 6.070000 1.8174, 0.8063, -0.0212, 0.9972, -0.0740, 0.0032, -0.0128
38 183 6.100000 1.8292, 0.8197, -0.0386, 0.9980, -0.0611, 0.0071, -0.0123
38 184 6.140000 1.8453, 0.8397, -0.0596, 0.9985, -0.0514, 0.0114, -0.0117
38 185 6.170000 1.8577, 0.8560, -0.0737, 0.9985, -0.0515, 0.0136, -0.0110
38 186 6.200000 1.8703, 0.8733, -0.0865, 0.9992, -0.0343, 0.0159, -0.0105
38 187 6.240000 1.8877, 0.8975, -0.1015, 0.9996, -0.0230, 0.0165, -0.0096
38 188 6.270000 1.9011, 0.9163, -0.1113, 0.9996, -0.0224, 0.0161, -0.0087
38 189 6.300000 1.9148, 0.9356, -0.1198, 0.9998, -0.0077, 0.0148, -0.0081
38 190 6.340000 1.9336, 0.9615, -0.1290, 0.9999, 0.0041, 0.0129, -0.0070
38 191 6.370000 1.9480, 0.9810, -0.1344, 0.9999, 0.0055, 0.0106, -0.0060
38 192 6.400000 1.9626, 1.0003, -0.1385, 0.9997, 0.0223, 0.0075, -0.0052
38 193 6.440000 1.9823, 1.0254, -0.1419, 0.9995, 0.0313, 0.0027, -0.0041
38 194 6.470000 1.9971, 1.0436, -0.1431, 0.9995, 0.0312, -0.0011, -0.0033
38 195 6.500000 2.0119, 1.0612, -0.1432, 0.9989, 0.0457, -0.0049, -0.0027
38 196 6.540000 2.0315, 1.0833, -0.1422, 0.9984, 0.0557, -0.0093, -0.0018
38 197 6.570000 2.0460, 1.0987, -0.1408, 0.9982, 0.0587, -0.0125, -0.0013
38 198 6.600000 2.0603, 1.1130, -0.1389, 0.9971, 0.0742, -0.0150, -0.0008
38 199 6.640000 2.0789, 1.1301, -0.1356, 0.9966, 0.0804, -0.0188, -0.0006
38 200 6.670000 2.0924, 1.1411, -0.1325, 0.9967, 0.0779, -0.0206, -0.0005
38 201 6.700000 2.1055, 1.1507, -0.1288, 0.9962, 0.0841, -0.0222, -0.0004
38 202 6.740000 2.1224, 1.1610, -0.1228, 0.9961, 0.0855, -0.0237, -0.0003
38 203 6.770000 2.1345, 1.1669, -0.1176, 0.9969, 0.0742, -0.0254, -0.0007
38 204 6.800000 2.1461, 1.1713, -0.1117, 0.9965, 0.0796, -0.0266, -0.0006
38 205 6.840000 2.1608, 1.1749, -0.1026, 0.9970, 0.0716, -0.0278, -0.0010
38 206 6.870000 2.1712, 1.1761, -0.0950, 0.9978, 0.0597, -0.0290, -0.0015
38 207 6.900000 2.1810, 1.1760, -0.0865, 0.9977, 0.0601, -0.0301, -0.0017
38 208 6.940000 2.1932, 1.1742, -0.0738, 0.9981, 0.0515, -0.0324, -0.0022
38 209 6.970000 2.2016, 1.1718, -0.0635, 0.9987, 0.0376, -0.0341, -0.0029
38 210 7.000000 2.2093, 1.1686, -0.0529, 0.9986, 0.0394, -0.0359, -0.0032
38 211 7.040000 2.2188, 1.1635, -0.0396, 0.9988, 0.0295, -0.0378, -0.0037
38 212 7.070000 2.2252, 1.1591, -0.0309, 0.9991, 0.0150, -0.0390, -0.0044
38 213 7.100000 2.2310, 1.1545, -0.0234, 0.9991, 0.0123, -0.0399, -0.0046
38 214 7.140000 2.2378, 1.1481, -0.0151, 0.9992, 0.0024, -0.0408, -0.0050
38 215 7.170000 2.2421, 1.1433, -0.0100, 0.9991, -0.0097, -0.0413, -0.0056
38 216 7.200000 2.2458, 1.1386, -0.0056, 0.9991, -0.0098, -0.0417, -0.0055
38 217 7.240000 2.2496, 1.1327, -0.0010, 0.9990, -0.0170, -0.0418, -0.0058
38 218 7.270000 2.2517, 1.1286, 0.0017, 0.9987, -0.0290, -0.0417, -0.0062
38 219 7.300000 2.2531, 1.1250, 0.0038, 0.9987, -0.0304, -0.0415, -0.0062
38 220 7.340000 2.2539, 1.1211, 0.0055, 0.9983, -0.0417, -0.0409, -0.0065
38 221 7.370000 2.2538, 1.1189, 0.0060, 0.9978, -0.0521, -0.0402, -0.0070
38 222 7.400000 2.2530, 1.1176, 0.0058, 0.9980, -0.0498, -0.0392, -0.0068
38 223 7.440000 2.2509, 1.1171, 0.0042, 0.9980, -0.0506, -0.0369, -0.0069
38 224 7.470000 2.2486, 1.1178, 0.0024, 0.9978, -0.0557, -0.0348, -0.0071
38 225 7.500000 2.2458, 1.1195, 0.0003, 0.9984, -0.0470, -0.0323, -0.0068
38 226 7.540000 2.2410, 1.1231, -0.0013, 0.9987, -0.0401, -0.0299, -0.0066
38 227 7.570000 2.2368, 1.1269, -0.0009, 0.9984, -0.0479, -0.0287, -0.0067
38 228 7.600000 2.2319, 1.1316, 0.0011, 0.9989, -0.0373, -0.0278, -0.0063
38 229 7.640000 2.2245, 1.1392, 0.0063, 0.9990, -0.0348, -0.0274, -0.0060
38 230 7.670000 2.2183, 1.1459, 0.0122, 0.9988, -0.0395, -0.0273, -0.0060
38 231 7.700000 2.2114, 1.1534, 0.0199, 0.9993, -0.0269, -0.0273, -0.0055
38 232 7.740000 2.2015, 1.1644, 0.0332, 0.9994, -0.0194, -0.0271, -0.0051
38 233 7.770000 2.1933, 1.1732, 0.0455, 0.9994, -0.0195, -0.0267, -0.0049
38 234 7.800000 2.1845, 1.1824, 0.0600, 0.9997, 0.0007, -0.0260, -0.0041
38 235 7.840000 2.1720, 1.1948, 0.0832, 0.9996, 0.0130, -0.0246, -0.0034
38 236 7.870000 2.1619, 1.2038, 0.1037, 0.9997, 0.0106, -0.0230, -0.0031
38 237 7.900000 2.1512, 1.2126, 0.1270, 0.9995, 0.0231, -0.0212, -0.0023
38 238 7.940000 2.1363, 1.2235, 0.1627, 0.9995, 0.0251, -0.0178, -0.0016
38 239 7.970000 2.1246, 1.2312, 0.1927, 0.9997, 0.0164, -0.0153, -0.0012
38 240 8.000000 2.1125, 1.2385, 0.2246, 0.9995, 0.0273, -0.0129, -0.0004
38 241 8.040000 2.0961, 1.2475, 0.2668, 0.9997, 0.0212, -0.0107, 0.0003
38 242 8.070000 2.0837, 1.2540, 0.2966, 1.0000, 0.0053, -0.0080, 0.0009
38 243 8.100000 2.0711, 1.2604, 0.3247, 1.0000, 0.0023, -0.0051, 0.0013
38 244 8.140000 2.0542, 1.2689, 0.3598, 0.9999, -0.0106, -0.0005, 0.0019
38 245 8.170000 2.0415, 1.2754, 0.3847, 0.9997, -0.0241, 0.0030, 0.0022
38 246 8.200000 2.0288, 1.2824, 0.4086, 0.9997, -0.0249, 0.0069, 0.0026
38 247 8.240000 2.0122, 1.2923, 0.4396, 0.9994, -0.0334, 0.0120, 0.0029
38 248 8.270000 1.9999, 1.3005, 0.4625, 0.9988, -0.0465, 0.0162, 0.0032
38 249 8.300000 1.9879, 1.3094, 0.4852, 0.9988, -0.0449, 0.0209, 0.0032
38 250 8.340000 1.9725, 1.3227, 0.5157, 0.9983, -0.0516, 0.0269, 0.0033
38 251 8.370000 1.9615, 1.3338, 0.5391, 0.9976, -0.0612, 0.0314, 0.0034
38 252 8.400000 1.9511, 1.3460, 0.5631, 0.9977, -0.0569, 0.0359, 0.0031
38 253 8.440000 1.9383, 1.3641, 0.5964, 0.9975, -0.0577, 0.0418, 0.0029
38 254 8.470000 1.9297, 1.3791, 0.6223, 0.9967, -0.0669, 0.0459, 0.0032
38 255 8.500000 1.9219, 1.3953, 0.6487, 0.9970, -0.0599, 0.0497, 0.0028
38 256 8.540000 1.9128, 1.4186, 0.6833, 0.9969, -0.0580, 0.0537, 0.0028
38 257 8.570000 1.9069, 1.4371, 0.7080, 0.9968, -0.0580, 0.0556, 0.0029
38 258 8.600000 1.9020, 1.4566, 0.7317, 0.9972, -0.0472, 0.0571, 0.0027
38 259 8.640000 1.8968, 1.4838, 0.7622, 0.9976, -0.0376, 0.0577, 0.0028
38 260 8.670000 1.8940, 1.5049, 0.7846, 0.9977, -0.0358, 0.0571, 0.0034
38 261 8.700000 1.8922, 1.5267, 0.8067, 0.9983, -0.0201, 0.0554, 0.0033
38 262 8.740000 1.8914, 1.5564, 0.8362, 0.9986, -0.0088, 0.0521, 0.0038
38 263 8.770000 1.8919, 1.5789, 0.8587, 0.9988, -0.0057, 0.0490, 0.0047
38 264 8.800000 1.8933, 1.6015, 0.8816, 0.9989, 0.0088, 0.0456, 0.0049
38 265 8.840000 1.8965, 1.6314, 0.9133, 0.9989, 0.0227, 0.0397, 0.0057
38 266 8.870000 1.8999, 1.6534, 0.9382, 0.9991, 0.0229, 0.0344, 0.0067
38 267 8.900000 1.9039, 1.6749, 0.9642, 0.9987, 0.0407, 0.0287, 0.0071
38 268 8.940000 1.9102, 1.7024, 1.0009, 0.9985, 0.0492, 0.0213, 0.0082
38 269 8.970000 1.9154, 1.7220, 1.0297, 0.9987, 0.0471, 0.0155, 0.0094
38 270 9.000000 1.9209, 1.7407, 1.0587, 0.9982, 0.0587, 0.0098, 0.0102
38 271 9.040000 1.9285, 1.7644, 1.0951, 0.9978, 0.0646, 0.0031, 0.0115
38 272 9.070000 1.9343, 1.7812, 1.1194, 0.9976, 0.0684, -0.0012, 0.0123
38 273 9.100000 1.9401, 1.7972, 1.1410, 0.9966, 0.0813, -0.0043, 0.0131
38 274 9.140000 1.9477, 1.8169, 1.1660, 0.9957, 0.0916, -0.0080, 0.0140
38 275 9.170000 1.9533, 1.8303, 1.1824, 0.9955, 0.0930, -0.0103, 0.0146
38 276 9.200000 1.9588, 1.8423, 1.1969, 0.9944, 0.1042, -0.0114, 0.0152
38 277 9.240000 1.9659, 1.8559, 1.2139, 0.9936, 0.1114, -0.0121, 0.0161
38 278 9.270000 1.9710, 1.8642, 1.2251, 0.9935, 0.1119, -0.0121, 0.0166
38 279 9.300000 1.9760, 1.8707, 1.2350, 0.9919, 0.1256, -0.0111, 0.0173
38 280 9.340000 1.9824, 1.8764, 1.2466, 0.9907, 0.1348, -0.0094, 0.0182
38 281 9.370000 1.9871, 1.8782, 1.2540, 0.9910, 0.1326, -0.0077, 0.0190
38 282 9.400000 1.9917, 1.8779, 1.2604, 0.9898, 0.1407, -0.0053, 0.0198
38 283 9.440000 1.9977, 1.8740, 1.2673, 0.9898, 0.1407, -0.0022, 0.0209
38 284 9.470000 2.0023, 1.8685, 1.2714, 0.9909, 0.1330, 0.0004, 0.0218
38 285 9.500000 2.0069, 1.8607, 1.2744, 0.9904, 0.1364, 0.0034, 0.0227
38 286 9.540000 2.0132, 1.8472, 1.2767, 0.9912, 0.1301, 0.0074, 0.0239
38 287 9.570000 2.0181, 1.8346, 1.2773, 0.9925, 0.1195, 0.0099, 0.0248
38 288 9.600000 2.0232, 1.8202, 1.2767, 0.9925, 0.1185, 0.0125, 0.0258
38 289 9.640000 2.0304, 1.7980, 1.2743, 0.9934, 0.1104, 0.0156, 0.0269
38 290 9.670000 2.0362, 1.7794, 1.2714, 0.9948, 0.0967, 0.0176, 0.0280
38 291 9.700000 2.0423, 1.7592, 1.2674, 0.9948, 0.0957, 0.0197, 0.0287
38 292 9.740000 2.0509, 1.7301, 1.2604, 0.9957, 0.0847, 0.0218, 0.0299
38 293 9.770000 2.0578, 1.7067, 1.2539, 0.9967, 0.0713, 0.0232, 0.0309
38 294 9.800000 2.0651, 1.6822, 1.2462, 0.9968, 0.0690, 0.0247, 0.0317
38 295 9.840000 2.0755, 1.6480, 1.2339, 0.9974, 0.0581, 0.0262, 0.0330
38 296 9.870000 2.0838, 1.6214, 1.2230, 0.9981, 0.0444, 0.0270, 0.0341
38 297 9.900000 2.0924, 1.5942, 1.2105, 0.9982, 0.0410, 0.0282, 0.0349
38 298 9.940000 2.1046, 1.5570, 1.1910, 0.9985, 0.0282, 0.0294, 0.0363
38 299 9.970000 2.1143, 1.5287, 1.1745, 0.9988, 0.0130, 0.0297, 0.0375
38 300 10.000000 2.1244, 1.5002, 1.1570, 0.9988, 0.0061, 0.0303, 0.0385
38 301 10.040000 2.1388, 1.4621, 1.1345, 0.9987, -0.0056, 0.0300, 0.0397
38 302 10.070000 2.1504, 1.4337, 1.1196, 0.9986, -0.0181, 0.0281, 0.0407
38 303 10.100000 2.1625, 1.4057, 1.1066, 0.9987, -0.0163, 0.0270, 0.0409
38 304 10.140000 2.1795, 1.3691, 1.0920, 0.9986, -0.0241, 0.0226, 0.0414
38 305 10.170000 2.1928, 1.3423, 1.0831, 0.9982, -0.0376, 0.0198, 0.0416
38 306 10.200000 2.2064, 1.3163, 1.0757, 0.9982, -0.0404, 0.0166, 0.0414
38 307 10.240000 2.2252, 1.2830, 1.0682, 0.9980, -0.0467, 0.0131, 0.0412
38 308 10.270000 2.2394, 1.2592, 1.0642, 0.9970, -0.0652, 0.0083, 0.0409
38 309 10.300000 2.2539, 1.2367, 1.0617, 0.9973, -0.0610, 0.0048, 0.0404
38 310 10.340000 2.2731, 1.2089, 1.0605, 0.9967, -0.0704, -0.0003, 0.0394
38 311 10.370000 2.2875, 1.1897, 1.0613, 0.9959, -0.0819, -0.0042, 0.0386
38 312 10.400000 2.3018, 1.1722, 1.0637, 0.9962, -0.0787, -0.0076, 0.0376
38 313 10.440000 2.3204, 1.1516, 1.0691, 0.9957, -0.0845, -0.0121, 0.0361
38 314 10.470000 2.3340, 1.1382, 1.0748, 0.9946, -0.0965, -0.0154, 0.0346
38 315 10.500000 2.3472, 1.1265, 1.0809, 0.9949, -0.0937, -0.0182, 0.0332
38 316 10.540000 2.3644, 1.1134, 1.0874, 0.9937, -0.1054, -0.0216, 0.0309
38 317 10.570000 2.3769, 1.1051, 1.0896, 0.9927, -0.1149, -0.0231, 0.0293
38 318 10.600000 2.3890, 1.0984, 1.0893, 0.9928, -0.1141, -0.0242, 0.0278
38 319 10.640000 2.4047, 1.0916, 1.0851, 0.9926, -0.1157, -0.0249, 0.0258
38 320 10.670000 2.4160, 1.0884, 1.0790, 0.9921, -0.1209, -0.0247, 0.0241
38 321 10.700000 2.4270, 1.0866, 1.0704, 0.9928, -0.1147, -0.0242, 0.0227
38 322 10.740000 2.4410, 1.0866, 1.0550, 0.9933, -0.1114, -0.0226, 0.0205
38 323 10.770000 2.4512, 1.0883, 1.0402, 0.9933, -0.1119, -0.0210, 0.0188
38 324 10.800000 2.4611, 1.0912, 1.0225, 0.9944, -0.1024, -0.0191, 0.0173
38 325 10.840000 2.4740, 1.0969, 0.9935, 0.9954, -0.0935, -0.0162, 0.0152
38 326 10.870000 2.4834, 1.1023, 0.9674, 0.9959, -0.0889, -0.0139, 0.0136
38 327 10.900000 2.4927, 1.1085, 0.9368, 0.9969, -0.0769, -0.0116, 0.0121
38 328 10.940000 2.5050, 1.1178, 0.8887, 0.9978, -0.0648, -0.0086, 0.0101
38 329 10.970000 2.5141, 1.1254, 0.8471, 0.9983, -0.0571, -0.0066, 0.0086
38 330 11.000000 2.5231, 1.1336, 0.8019, 0.9990, -0.0441, -0.0047, 0.0071
38 331 11.040000 2.5350, 1.1456, 0.7409, 0.9995, -0.0301, -0.0022, 0.0054
38 332 11.070000 2.5438, 1.1555, 0.6971, 0.9997, -0.0260, 0.0020, 0.0042
38 333 11.100000 2.5527, 1.1658, 0.6554, 0.9999, -0.0128, 0.0046, 0.0031
38 334 11.140000 2.5648, 1.1802, 0.6026, 1.0000, -0.0015, 0.0087, 0.0021
38 335 11.170000 2.5740, 1.1911, 0.5649, 0.9999, -0.0019, 0.0112, 0.0014
38 336 11.200000 2.5835, 1.2019, 0.5283, 0.9999, 0.0077, 0.0124, 0.0003
38 337 11.240000 2.5965, 1.2163, 0.4810, 0.9998, 0.0155, 0.0138, -0.0007
38 338 11.270000 2.6065, 1.2268, 0.4462, 0.9998, 0.0157, 0.0139, -0.0014
38 339 11.300000 2.6168, 1.2370, 0.4117, 0.9995, 0.0296, 0.0133, -0.0023
38 340 11.340000 2.6309, 1.2498, 0.3658, 0.9991, 0.0396, 0.0115, -0.0034
38 341 11.370000 2.6417, 1.2587, 0.3307, 0.9992, 0.0388, 0.0105, -0.0041
38 342 11.400000 2.6527, 1.2670, 0.2946, 0.9988, 0.0480, 0.0088, -0.0050
38 343 11.440000 2.6675, 1.2770, 0.2445, 0.9988, 0.0486, 0.0065, -0.0061
38 344 11.470000 2.6787, 1.2837, 0.2054, 0.9991, 0.0405, 0.0045, -0.0068
38 345 11.500000 2.6900, 1.2897, 0.1662, 0.9992, 0.0396, 0.0031, -0.0077
38 346 11.540000 2.7052, 1.2962, 0.1190, 0.9993, 0.0350, -0.0014, -0.0086
38 347 11.570000 2.7165, 1.3001, 0.0897, 0.9997, 0.0213, -0.0073, -0.0094
38 348 11.600000 2.7277, 1.3032, 0.0663, 0.9993, 0.0344, -0.0120, -0.0101
38 349 11.640000 2.7420, 1.3060, 0.0436, 0.9992, 0.0351, -0.0157, -0.0109
38 350 11.670000 2.7523, 1.3071, 0.0328, 0.9995, 0.0218, -0.0188, -0.0119
38 351 11.700000 2.7620, 1.3075, 0.0272, 0.9992, 0.0318, -0.0218, -0.0123
38 352 11.740000 2.7740, 1.3069, 0.0274, 0.9993, 0.0233, -0.0255, -0.0133
38 353 11.770000 2.7821, 1.3058, 0.0334, 0.9995, 0.0083, -0.0269, -0.0142
38 354 11.800000 2.7896, 1.3044, 0.0445, 0.9994, 0.0125, -0.0283, -0.0145
38 355 11.840000 2.7982, 1.3023, 0.0676, 0.9995, 0.0033, -0.0291, -0.0152
38 356 11.870000 2.8037, 1.3007, 0.0915, 0.9993, -0.0166, -0.0293, -0.0161
38 357 11.900000 2.8084, 1.2995, 0.1215, 0.9994, -0.0130, -0.0295, -0.0161
38 358 11.940000 2.8132, 1.2989, 0.1715, 0.9991, -0.0260, -0.0293, -0.0167
38 359 11.970000 2.8158, 1.2995, 0.2161, 0.9981, -0.0524, -0.0285, -0.0176
38 360 12.000000 2.8176, 1.3013, 0.2652, 0.9980, -0.0545, -0.0283, -0.0179
38 361 12.040000 2.8193, 1.3055, 0.3313, 0.9970, -0.0701, -0.0279, -0.0187
38 362 12.070000 2.8202, 1.3097, 0.3780, 0.9967, -0.0744, -0.0277, -0.0191
38 363 12.100000 2.8208, 1.3148, 0.4218, 0.9972, -0.0661, -0.0274, -0.0193
38 364 12.140000 2.8210, 1.3230, 0.4765, 0.9976, -0.0608, -0.0270, -0.0198
38 365 12.170000 2.8208, 1.3301, 0.5151, 0.9975, -0.0627, -0.0262, -0.0203
38 366 12.200000 2.8202, 1.3382, 0.5523, 0.9980, -0.0542, -0.0255, -0.0206
38 367 12.240000 2.8188, 1.3503, 0.6003, 0.9982, -0.0502, -0.0241, -0.0213
38 368 12.270000 2.8173, 1.3605, 0.6355, 0.9981, -0.0532, -0.0226, -0.0220
38 369 12.300000 2.8154, 1.3715, 0.6704, 0.9986, -0.0436, -0.0214, -0.0225
38 370 12.340000 2.8124, 1.3874, 0.7170, 0.9988, -0.0386, -0.0192, -0.0234
38 371 12.370000 2.8097, 1.4003, 0.7525, 0.9987, -0.0419, -0.0173, -0.0242
38 372 12.400000 2.8067, 1.4140, 0.7888, 0.9991, -0.0306, -0.0157, -0.0248
38 373 12.440000 2.8022, 1.4333, 0.8391, 0.9992, -0.0259, -0.0134, -0.0258
38 374 12.470000 2.7986, 1.4485, 0.8784, 0.9990, -0.0326, -0.0113, -0.0267
38 375 12.500000 2.7947, 1.4643, 0.9186, 0.9993, -0.0247, -0.0100, -0.0275
38 376 12.540000 2.7894, 1.4860, 0.9709, 0.9993, -0.0237, -0.0086, -0.0286
38 377 12.570000 2.7852, 1.5028, 1.0081, 0.9993, -0.0224, -0.0079, -0.0293
38 378 12.600000 2.7810, 1.5198, 1.0436, 0.9995, -0.0111, -0.0082, -0.0300
38 379 12.640000 2.7751, 1.5429, 1.0887, 0.9995, -0.0025, -0.0091, -0.0309
38 380 12.670000 2.7705, 1.5602, 1.1215, 0.9994, -0.0029, -0.0101, -0.0316
38 381 12.700000 2.7658, 1.5777, 1.1537, 0.9994, 0.0083, -0.0123, -0.0322
38 382 12.740000 2.7592, 1.6007, 1.1962, 0.9992, 0.0142, -0.0156, -0.0331
38 383 12.770000 2.7539, 1.6178, 1.2283, 0.9992, 0.0114, -0.0182, -0.0339
38 384 12.800000 2.7483, 1.6347, 1.2607, 0.9989, 0.0217, -0.0221, -0.0346
38 385 12.840000 2.7400, 1.6566, 1.3053, 0.9987, 0.0260, -0.0274, -0.0356
38 386 12.870000 2.7332, 1.6725, 1.3402, 0.9986, 0.0210, -0.0314, -0.0367
38 387 12.900000 2.7258, 1.6880, 1.3767, 0.9981, 0.0313, -0.0367, -0.0373
38 388 12.940000 2.7145, 1.7077, 1.4287, 0.9978, 0.0334, -0.0434, -0.0386
38 389 12.970000 2.7049, 1.7218, 1.4701, 0.9978, 0.0230, -0.0480, -0.0401
38 390 13.000000 2.6944, 1.7353, 1.5127, 0.9974, 0.0270, -0.0531, -0.0410
38 391 13.040000 2.6790, 1.7530, 1.5675, 0.9971, 0.0234, -0.0584, -0.0424
38 392 13.070000 2.6667, 1.7659, 1.6051, 0.9968, 0.0259, -0.0616, -0.0430
38 393 13.100000 2.6537, 1.7786, 1.6396, 0.9964, 0.0343, -0.0645, -0.0434
38 394 13.140000 2.6351, 1.7949, 1.6811, 0.9960, 0.0397, -0.0670, -0.0439
38 395 13.170000 2.6201, 1.8067, 1.7094, 0.9960, 0.0375, -0.0680, -0.0446
38 396 13.200000 2.6042, 1.8179, 1.7354, 0.9957, 0.0436, -0.0690, -0.0447
38 397 13.240000 2.5815, 1.8321, 1.7673, 0.9956, 0.0448, -0.0690, -0.0451
38 398 13.270000 2.5632, 1.8420, 1.7894, 0.9958, 0.0412, -0.0681, -0.0456
38 399 13.300000 2.5439, 1.8514, 1.8100, 0.9955, 0.0486, -0.0672, -0.0453
38 400 13.340000 2.5165, 1.8628, 1.8357, 0.9955, 0.0520, -0.0648, -0.0451
38 401 13.370000 2.4947, 1.8706, 1.8538, 0.9958, 0.0491, -0.0623, -0.0452
38 402 13.400000 2.4718, 1.8775, 1.8712, 0.9955, 0.0580, -0.0599, -0.0444
38 403 13.440000 2.4397, 1.8854, 1.8934, 0.9956, 0.0620, -0.0558, -0.0437
38 404 13.470000 2.4146, 1.8902, 1.9092, 0.9961, 0.0565, -0.0521, -0.0435
38 405 13.500000 2.3885, 1.8942, 1.9239, 0.9959, 0.0634, -0.0486, -0.0425
38 406 13.540000 2.3528, 1.8983, 1.9398, 0.9960, 0.0652, -0.0445, -0.0414
38 407 13.570000 2.3254, 1.9005, 1.9478, 0.9960, 0.0671, -0.0424, -0.0405
38 408 13.600000 2.2974, 1.9021, 1.9525, 0.9954, 0.0767, -0.0413, -0.0392
38 409 13.640000 2.2595, 1.9029, 1.9535, 0.9949, 0.0848, -0.0407, -0.0377
38 410 13.670000 2.2304, 1.9024, 1.9504, 0.9947, 0.0871, -0.0409, -0.0366
38 411 13.700000 2.2008, 1.9009, 1.9440, 0.9938, 0.0971, -0.0419, -0.0352
38 412 13.740000 2.1606, 1.8973, 1.9305, 0.9929, 0.1053, -0.0439, -0.0333
38 413 13.770000 2.1298, 1.8933, 1.9164, 0.9926, 0.1076, -0.0459, -0.0321
38 414 13.800000 2.0985, 1.8882, 1.8988, 0.9915, 0.1172, -0.0484, -0.0304
38 415 13.840000 2.0559, 1.8794, 1.8697, 0.9904, 0.1248, -0.0523, -0.0284
38 416 13.870000 2.0233, 1.8714, 1.8431, 0.9900, 0.1272, -0.0556, -0.0269
38 417 13.900000 1.9902, 1.8622, 1.8122, 0.9886, 0.1361, -0.0594, -0.0250
38 418 13.940000 1.9451, 1.8482, 1.7638, 0.9872, 0.1438, -0.0648, -0.0226
38 419 13.970000 1.9107, 1.8363, 1.7221, 0.9864, 0.1475, -0.0691, -0.0208
38 420 14.000000 1.8754, 1.8228, 1.6767, 0.9848, 0.1560, -0.0739, -0.0186
38 421 14.040000 1.8264, 1.8007, 1.6151, 0.9835, 0.1619, -0.0791, -0.0160
38 422 14.070000 1.7877, 1.7803, 1.5700, 0.9835, 0.1607, -0.0817, -0.0147
38 423 14.100000 1.7471, 1.7565, 1.5262, 0.9824, 0.1691, -0.0789, -0.0120
38 424 14.140000 1.6905, 1.7195, 1.4693, 0.9826, 0.1692, -0.0765, -0.0098
38 425 14.170000 1.6463, 1.6878, 1.4273, 0.9840, 0.1616, -0.0744, -0.0088
38 426 14.200000 1.6005, 1.6531, 1.3855, 0.9840, 0.1640, -0.0693, -0.0064
38 427 14.240000 1.5376, 1.6024, 1.3292, 0.9856, 0.1564, -0.0640, -0.0044
38 428 14.270000 1.4892, 1.5613, 1.2861, 0.9883, 0.1407, -0.0584, -0.0032
38 429 14.300000 1.4398, 1.5180, 1.2418, 0.9891, 0.1378, -0.0517, -0.0012
38 430 14.340000 1.3728, 1.4572, 1.1796, 0.9917, 0.1212, -0.0420, 0.0007
38 431 14.370000 1.3219, 1.4099, 1.1296, 0.9939, 0.1046, -0.0343, 0.0017
38 432 14.400000 1.2707, 1.3616, 1.0758, 0.9951, 0.0948, -0.0263, 0.0030
38 433 14.440000 1.2020, 1.2959, 0.9965, 0.9970, 0.0756, -0.0150, 0.0043
38 434 14.470000 1.1504, 1.2460, 0.9308, 0.9982, 0.0591, -0.0067, 0.0050
38 435 14.500000 1.0988, 1.1956, 0.8611, 0.9989, 0.0466, 0.0020, 0.0057
38 436 14.540000 1.0300, 1.1270, 0.7697, 0.9995, 0.0278, 0.0139, 0.0063
38 437 14.570000 0.9789, 1.0747, 0.7067, 0.9997, 0.0112, 0.0224, 0.0068
38 438 14.600000 0.9284, 1.0220, 0.6494, 0.9995, 0.0020, 0.0303, 0.0070
38 439 14.640000 0.8625, 0.9518, 0.5819, 0.9991, -0.0127, 0.0397, 0.0072
38 440 14.670000 0.8143, 0.8996, 0.5376, 0.9986, -0.0274, 0.0457, 0.0076
38 441 14.700000 0.7674, 0.8481, 0.4986, 0.9982, -0.0304, 0.0510, 0.0074
38 442 14.740000 0.7071, 0.7809, 0.4543, 0.9976, -0.0391, 0.0566, 0.0075
38 443 14.770000 0.6636, 0.7318, 0.4266, 0.9969, -0.0510, 0.0597, 0.0079
38 444 14.800000 0.6217, 0.6840, 0.4035, 0.9969, -0.0481, 0.0624, 0.0075
38 445 14.840000 0.5684, 0.6224, 0.3791, 0.9965, -0.0517, 0.0646, 0.0075
38 446 14.870000 0.5304, 0.5779, 0.3656, 0.9960, -0.0609, 0.0653, 0.0079
38 447 14.900000 0.4940, 0.5349, 0.3558, 0.9963, -0.0543, 0.0661, 0.0074
38 448 14.940000 0.4481, 0.4798, 0.3486, 0.9963, -0.0547, 0.0662, 0.0074
38 449 14.970000 0.4156, 0.4402, 0.3472, 0.9958, -0.0625, 0.0658, 0.0079
