42 0 0.010000 2.5856, -1.1801, 0.6073, 1.0000, 0.0000, 0.0000, 0.0000
42 1 0.040000 2.5856, -1.1801, 0.6000, 1.0000, 0.0000, 0.0000, 0.0000
42 2 0.070000 2.5856, -1.1801, 0.5840, 1.0000, 0.0000, 0.0000, 0.0000
42 3 0.110000 2.5856, -1.1801, 0.5489, 1.0000, 0.0000, 0.0000, 0.0000
42 4 0.140000 2.5856, -1.1801, 0.5122, 1.0000, 0.0000, 0.0000, 0.0000
42 5 0.170000 2.5853, -1.1801, 0.4714, 0.9963, -0.0164, -0.0846, 0.0028
42 6 0.200000 2.5815, -1.1794, 0.4410, 0.9868, -0.0380, -0.1573, 0.0062
42 7 0.240000 2.5637, -1.1755, 0.4252, 0.9752, -0.0563, -0.2138, 0.0110
42 8 0.270000 2.5386, -1.1695, 0.4295, 0.9700, -0.0680, -0.2330, 0.0132
42 9 0.310000 2.4910, -1.1576, 0.4492, 0.9685, -0.0849, -0.2338, 0.0141
42 10 0.340000 2.4468, -1.1462, 0.4698, 0.9728, -0.0660, -0.2213, 0.0195
42 11 0.370000 2.3972, -1.1331, 0.4926, 0.9747, -0.0724, -0.2104, 0.0199
42 12 0.400000 2.3435, -1.1188, 0.5155, 0.9793, -0.0566, -0.1927, 0.0239
42 13 0.440000 2.2669, -1.0983, 0.5441, 0.9835, -0.0531, -0.1709, 0.0262
42 14 0.470000 2.2067, -1.0821, 0.5629, 0.9868, -0.0499, -0.1517, 0.0272
42 15 0.500000 2.1447, -1.0654, 0.5785, 0.9901, -0.0384, -0.1314, 0.0295
42 16 0.540000 2.0599, -1.0426, 0.5932, 0.9934, -0.0317, -0.1060, 0.0314
42 17 0.570000 1.9952, -1.0251, 0.5991, 0.9951, -0.0288, -0.0885, 0.0323
42 18 0.610000 1.9075, -1.0015, 0.6009, 0.9970, -0.0240, -0.0658, 0.0338
42 19 0.640000 1.8409, -0.9835, 0.5980, 0.9980, -0.0162, -0.0492, 0.0348
42 20 0.670000 1.7737, -0.9653, 0.5922, 0.9987, -0.0167, -0.0339, 0.0354
42 21 0.700000 1.7061, -0.9469, 0.5838, 0.9991, -0.0107, -0.0188, 0.0359
42 22 0.740000 1.6155, -0.9222, 0.5691, 0.9993, -0.0081, -0.0009, 0.0363
42 23 0.770000 1.5475, -0.9036, 0.5557, 0.9992, -0.0093, 0.0118, 0.0363
42 24 0.800000 1.4797, -0.8848, 0.5404, 0.9990, -0.0047, 0.0241, 0.0360
42 25 0.840000 1.3899, -0.8595, 0.5172, 0.9986, -0.0042, 0.0396, 0.0355
42 26 0.870000 1.3231, -0.8405, 0.4976, 0.9981, -0.0079, 0.0494, 0.0349
42 27 0.900000 1.2569, -0.8214, 0.4761, 0.9977, -0.0051, 0.0581, 0.0340
42 28 0.940000 1.1701, -0.7956, 0.4450, 0.9971, -0.0065, 0.0683, 0.0325
42 29 0.970000 1.1062, -0.7761, 0.4204, 0.9966, -0.0134, 0.0745, 0.0315
42 30 1.000000 1.0436, -0.7564, 0.3961, 0.9963, -0.0103, 0.0797, 0.0297
42 31 1.040000 0.9630, -0.7295, 0.3672, 0.9960, -0.0116, 0.0847, 0.0276
42 32 1.070000 0.9051, -0.7088, 0.3500, 0.9955, -0.0220, 0.0882, 0.0270
42 33 1.110000 0.8315, -0.6804, 0.3342, 0.9952, -0.0231, 0.0916, 0.0249
42 34 1.140000 0.7793, -0.6585, 0.3277, 0.9953, -0.0117, 0.0930, 0.0223
42 35 1.170000 0.7295, -0.6360, 0.3259, 0.9951, -0.0214, 0.0941, 0.0217
42 36 1.210000 0.6671, -0.6053, 0.3305, 0.9951, -0.0208, 0.0943, 0.0195
42 37 1.240000 0.6233, -0.5818, 0.3394, 0.9953, -0.0112, 0.0944, 0.0171
42 38 1.270000 0.5821, -0.5577, 0.3531, 0.9950, -0.0259, 0.0946, 0.0169
42 39 1.310000 0.5312, -0.5246, 0.3790, 0.9949, -0.0314, 0.0949, 0.0154
42 40 1.340000 0.4963, -0.4989, 0.4046, 0.9952, -0.0215, 0.0945, 0.0129
42 41 1.370000 0.4641, -0.4723, 0.4358, 0.9949, -0.0346, 0.0944, 0.0126
42 42 1.410000 0.4254, -0.4356, 0.4863, 0.9950, -0.0344, 0.0933, 0.0106
42 43 1.440000 0.3996, -0.4070, 0.5307, 0.9955, -0.0221, 0.0921, 0.0080
42 44 1.470000 0.3763, -0.3777, 0.5799, 0.9952, -0.0337, 0.0913, 0.0075
42 45 1.510000 0.3487, -0.3375, 0.6500, 0.9953, -0.0347, 0.0899, 0.0055
42 46 1.540000 0.3297, -0.3067, 0.7023, 0.9958, -0.0214, 0.0890, 0.0026
42 47 1.570000 0.3120, -0.2757, 0.7523, 0.9959, -0.0162, 0.0889, 0.0007
42 48 1.610000 0.2900, -0.2340, 0.8143, 0.9960, -0.0026, 0.0892, -0.0025
42 49 1.640000 0.2747, -0.2027, 0.8574, 0.9960, 0.0121, 0.0885, -0.0052
42 50 1.670000 0.2606, -0.1716, 0.8980, 0.9960, 0.0149, 0.0881, -0.0068
42 51 1.710000 0.2436, -0.1304, 0.9488, 0.9959, 0.0248, 0.0865, -0.0092
42 52 1.740000 0.2323, -0.1000, 0.9850, 0.9957, 0.0348, 0.0850, -0.0113
42 53 1.770000 0.2223, -0.0701, 1.0200, 0.9958, 0.0342, 0.0835, -0.0122
42 54 1.810000 0.2111, -0.0312, 1.0653, 0.9959, 0.0384, 0.0804, -0.0139
42 55 1.840000 0.2043, -0.0029, 1.0989, 0.9957, 0.0483, 0.0772, -0.0156
42 56 1.870000 0.1988, 0.0246, 1.1323, 0.9961, 0.0441, 0.0743, -0.0161
42 57 1.910000 0.1936, 0.0599, 1.1770, 0.9963, 0.0467, 0.0697, -0.0173
42 58 1.940000 0.1911, 0.0853, 1.2108, 0.9961, 0.0553, 0.0657, -0.0186
42 59 1.970000 0.1898, 0.1097, 1.2444, 0.9968, 0.0474, 0.0620, -0.0187
42 60 2.010000 0.1896, 0.1411, 1.2878, 0.9971, 0.0473, 0.0567, -0.0194
42 61 2.040000 0.1903, 0.1638, 1.3176, 0.9969, 0.0537, 0.0530, -0.0202
42 62 2.070000 0.1915, 0.1859, 1.3442, 0.9971, 0.0532, 0.0499, -0.0206
42 63 2.110000 0.1940, 0.2144, 1.3743, 0.9970, 0.0585, 0.0459, -0.0214
42 64 2.140000 0.1965, 0.2350, 1.3930, 0.9966, 0.0662, 0.0431, -0.0221
42 65 2.170000 0.1994, 0.2549, 1.4084, 0.9967, 0.0665, 0.0409, -0.0224
42 66 2.210000 0.2041, 0.2801, 1.4243, 0.9965, 0.0713, 0.0383, -0.0230
42 67 2.240000 0.2080, 0.2980, 1.4328, 0.9960, 0.0782, 0.0366, -0.0235
42 68 2.270000 0.2124, 0.3150, 1.4385, 0.9962, 0.0757, 0.0354, -0.0236
42 69 2.310000 0.2189, 0.3361, 1.4416, 0.9962, 0.0767, 0.0342, -0.0238
42 70 2.340000 0.2243, 0.3508, 1.4406, 0.9959, 0.0806, 0.0336, -0.0239
42 71 2.370000 0.2300, 0.3646, 1.4367, 0.9963, 0.0752, 0.0335, -0.0237
42 72 2.410000 0.2382, 0.3816, 1.4268, 0.9965, 0.0724, 0.0337, -0.0234
42 73 2.440000 0.2448, 0.3933, 1.4161, 0.9964, 0.0734, 0.0342, -0.0232
42 74 2.470000 0.2518, 0.4040, 1.4030, 0.9970, 0.0651, 0.0353, -0.0227
42 75 2.510000 0.2620, 0.4167, 1.3836, 0.9974, 0.0577, 0.0366, -0.0219
42 76 2.540000 0.2704, 0.4248, 1.3695, 0.9972, 0.0603, 0.0382, -0.0216
42 77 2.570000 0.2795, 0.4318, 1.3571, 0.9976, 0.0528, 0.0392, -0.0207
42 78 2.610000 0.2930, 0.4391, 1.3437, 0.9976, 0.0532, 0.0401, -0.0198
42 79 2.640000 0.3042, 0.4431, 1.3362, 0.9972, 0.0607, 0.0405, -0.0193
42 80 2.670000 0.3162, 0.4459, 1.3307, 0.9978, 0.0496, 0.0407, -0.0180
42 81 2.710000 0.3336, 0.4477, 1.3267, 0.9980, 0.0449, 0.0408, -0.0165
42 82 2.740000 0.3476, 0.4478, 1.3262, 0.9979, 0.0484, 0.0406, -0.0155
42 83 2.770000 0.3626, 0.4468, 1.3278, 0.9985, 0.0348, 0.0402, -0.0137
42 84 2.800000 0.3784, 0.4450, 1.3316, 0.9984, 0.0382, 0.0398, -0.0124
42 85 2.840000 0.4009, 0.4415, 1.3404, 0.9988, 0.0293, 0.0389, -0.0101
42 86 2.870000 0.4187, 0.4381, 1.3499, 0.9991, 0.0143, 0.0381, -0.0078
42 87 2.900000 0.4375, 0.4343, 1.3619, 0.9991, 0.0169, 0.0377, -0.0061
42 88 2.940000 0.4638, 0.4287, 1.3817, 0.9993, 0.0099, 0.0369, -0.0032
42 89 2.970000 0.4845, 0.4244, 1.3990, 0.9993, -0.0024, 0.0362, -0.0006
42 90 3.000000 0.5058, 0.4201, 1.4174, 0.9993, 0.0053, 0.0364, 0.0014
42 91 3.040000 0.5353, 0.4142, 1.4406, 0.9993, 0.0006, 0.0362, 0.0046
42 92 3.070000 0.5579, 0.4099, 1.4556, 0.9993, -0.0111, 0.0345, 0.0069
42 93 3.100000 0.5810, 0.4057, 1.4681, 0.9994, -0.0122, 0.0326, 0.0088
42 94 3.140000 0.6124, 0.4003, 1.4806, 0.9993, -0.0193, 0.0284, 0.0111
42 95 3.170000 0.6363, 0.3966, 1.4869, 0.9992, -0.0279, 0.0242, 0.0128
42 96 3.200000 0.6606, 0.3933, 1.4908, 0.9993, -0.0271, 0.0197, 0.0140
42 97 3.240000 0.6933, 0.3894, 1.4921, 0.9993, -0.0307, 0.0122, 0.0155
42 98 3.270000 0.7180, 0.3869, 1.4901, 0.9991, -0.0378, 0.0057, 0.0164
42 99 3.300000 0.7428, 0.3849, 1.4856, 0.9992, -0.0350, -0.0009, 0.0171
42 100 3.340000 0.7758, 0.3829, 1.4752, 0.9991, -0.0374, -0.0106, 0.0177
42 101 3.370000 0.8004, 0.3820, 1.4640, 0.9987, -0.0430, -0.0185, 0.0179
42 102 3.400000 0.8248, 0.3815, 1.4497, 0.9987, -0.0405, -0.0266, 0.0180
42 103 3.440000 0.8569, 0.3817, 1.4257, 0.9982, -0.0428, -0.0383, 0.0177
42 104 3.470000 0.8804, 0.3824, 1.4043, 0.9975, -0.0487, -0.0473, 0.0171
42 105 3.500000 0.9032, 0.3837, 1.3809, 0.9972, -0.0467, -0.0559, 0.0166
42 106 3.540000 0.9321, 0.3868, 1.3495, 0.9965, -0.0476, -0.0672, 0.0158
42 107 3.570000 0.9521, 0.3902, 1.3273, 0.9956, -0.0533, -0.0755, 0.0149
42 108 3.600000 0.9706, 0.3948, 1.3069, 0.9953, -0.0467, -0.0834, 0.0149
42 109 3.640000 0.9924, 0.4024, 1.2824, 0.9946, -0.0480, -0.0907, 0.0140
42 110 3.670000 1.0064, 0.4094, 1.2660, 0.9936, -0.0611, -0.0943, 0.0121
42 111 3.700000 1.0185, 0.4176, 1.2511, 0.9937, -0.0558, -0.0966, 0.0119
42 112 3.740000 1.0315, 0.4304, 1.2334, 0.9935, -0.0569, -0.0979, 0.0108
42 113 3.770000 1.0389, 0.4414, 1.2215, 0.9931, -0.0640, -0.0979, 0.0092
42 114 3.800000 1.0442, 0.4536, 1.2106, 0.9938, -0.0531, -0.0972, 0.0093
42 115 3.840000 1.0484, 0.4716, 1.1975, 0.9943, -0.0470, -0.0951, 0.0084
42 116 3.870000 1.0494, 0.4862, 1.1886, 0.9945, -0.0473, -0.0929, 0.0073
42 117 3.900000 1.0486, 0.5017, 1.1802, 0.9953, -0.0334, -0.0903, 0.0075
42 118 3.940000 1.0448, 0.5233, 1.1698, 0.9960, -0.0215, -0.0860, 0.0070
42 119 3.970000 1.0401, 0.5401, 1.1624, 0.9964, -0.0197, -0.0824, 0.0061
42 120 4.000000 1.0339, 0.5572, 1.1554, 0.9969, -0.0025, -0.0784, 0.0066
42 121 4.040000 1.0233, 0.5801, 1.1468, 0.9972, 0.0100, -0.0737, 0.0063
42 122 4.070000 1.0137, 0.5972, 1.1409, 0.9974, 0.0117, -0.0705, 0.0056
42 123 4.100000 1.0028, 0.6139, 1.1356, 0.9973, 0.0273, -0.0674, 0.0060
42 124 4.140000 0.9862, 0.6356, 1.1295, 0.9973, 0.0373, -0.0636, 0.0058
42 125 4.170000 0.9724, 0.6510, 1.1256, 0.9974, 0.0387, -0.0612, 0.0053
42 126 4.200000 0.9575, 0.6657, 1.1223, 0.9969, 0.0523, -0.0592, 0.0057
42 127 4.240000 0.9358, 0.6838, 1.1187, 0.9964, 0.0629, -0.0569, 0.0057
42 128 4.270000 0.9182, 0.6961, 1.1168, 0.9965, 0.0616, -0.0554, 0.0053
42 129 4.300000 0.8996, 0.7071, 1.1154, 0.9958, 0.0741, -0.0543, 0.0057
42 130 4.340000 0.8732, 0.7197, 1.1146, 0.9952, 0.0818, -0.0531, 0.0057
42 131 4.370000 0.8522, 0.7274, 1.1148, 0.9954, 0.0795, -0.0524, 0.0054
42 132 4.400000 0.8303, 0.7335, 1.1156, 0.9944, 0.0918, -0.0517, 0.0059
42 133 4.440000 0.7994, 0.7389, 1.1178, 0.9939, 0.0973, -0.0511, 0.0061
42 134 4.470000 0.7752, 0.7409, 1.1200, 0.9942, 0.0945, -0.0508, 0.0059
42 135 4.500000 0.7500, 0.7412, 1.1221, 0.9929, 0.1078, -0.0506, 0.0065
42 136 4.540000 0.7152, 0.7389, 1.1235, 0.9917, 0.1182, -0.0502, 0.0070
42 137 4.570000 0.6883, 0.7352, 1.1227, 0.9914, 0.1208, -0.0499, 0.0071
42 138 4.600000 0.6606, 0.7298, 1.1200, 0.9901, 0.1308, -0.0493, 0.0076
42 139 4.640000 0.6227, 0.7196, 1.1134, 0.9896, 0.1353, -0.0483, 0.0079
42 140 4.670000 0.5935, 0.7099, 1.1061, 0.9902, 0.1314, -0.0474, 0.0079
42 141 4.700000 0.5636, 0.6982, 1.0968, 0.9895, 0.1368, -0.0464, 0.0082
42 142 4.740000 0.5228, 0.6798, 1.0811, 0.9898, 0.1352, -0.0449, 0.0084
42 143 4.770000 0.4915, 0.6639, 1.0668, 0.9908, 0.1279, -0.0436, 0.0082
42 144 4.800000 0.4597, 0.6462, 1.0500, 0.9907, 0.1295, -0.0421, 0.0085
42 145 4.840000 0.4164, 0.6202, 1.0234, 0.9916, 0.1231, -0.0398, 0.0086
42 146 4.870000 0.3834, 0.5989, 1.0000, 0.9928, 0.1133, -0.0381, 0.0084
42 147 4.900000 0.3499, 0.5764, 0.9734, 0.9932, 0.1105, -0.0362, 0.0086
42 148 4.940000 0.3047, 0.5444, 0.9327, 0.9943, 0.1006, -0.0335, 0.0086
42 149 4.970000 0.2704, 0.5190, 0.8988, 0.9955, 0.0891, -0.0314, 0.0085
42 150 5.000000 0.2356, 0.4924, 0.8630, 0.9959, 0.0847, -0.0296, 0.0086
42 151 5.040000 0.1883, 0.4543, 0.8164, 0.9968, 0.0746, -0.0260, 0.0086
42 152 5.070000 0.1522, 0.4239, 0.7843, 0.9980, 0.0587, -0.0215, 0.0087
42 153 5.100000 0.1156, 0.3920, 0.7551, 0.9976, 0.0660, -0.0185, 0.0092
42 154 5.140000 0.0660, 0.3471, 0.7206, 0.9981, 0.0582, -0.0156, 0.0096
42 155 5.170000 0.0285, 0.3119, 0.6977, 0.9989, 0.0445, -0.0140, 0.0098
42 156 5.200000 -0.0094, 0.2757, 0.6773, 0.9988, 0.0455, -0.0116, 0.0103
42 157 5.240000 -0.0602, 0.2260, 0.6533, 0.9994, 0.0309, -0.0079, 0.0108
42 158 5.270000 -0.0985, 0.1881, 0.6377, 0.9999, 0.0104, -0.0048, 0.0110
42 159 5.300000 -0.1370, 0.1498, 0.6240, 0.9999, 0.0052, -0.0026, 0.0115
42 160 5.340000 -0.1883, 0.0988, 0.6084, 0.9999, -0.0109, 0.0005, 0.0120
42 161 5.370000 -0.2268, 0.0607, 0.5985, 0.9995, -0.0301, 0.0022, 0.0126
42 162 5.400000 -0.2653, 0.0233, 0.5901, 0.9993, -0.0353, 0.0051, 0.0129
42 163 5.440000 -0.3164, -0.0253, 0.5810, 0.9984, -0.0546, 0.0087, 0.0134
42 164 5.470000 -0.3546, -0.0604, 0.5753, 0.9968, -0.0775, 0.0123, 0.0137
42 165 5.500000 -0.3925, -0.0941, 0.5703, 0.9962, -0.0844, 0.0148, 0.0140
42 166 5.540000 -0.4428, -0.1366, 0.5637, 0.9944, -0.1030, 0.0190, 0.0143
42 167 5.570000 -0.4801, -0.1664, 0.5585, 0.9925, -0.1195, 0.0218, 0.0145
42 168 5.600000 -0.5171, -0.1940, 0.5530, 0.9916, -0.1257, 0.0253, 0.0144
42 169 5.640000 -0.5657, -0.2275, 0.5452, 0.9896, -0.1402, 0.0298, 0.0142
42 170 5.670000 -0.6017, -0.2496, 0.5388, 0.9868, -0.1576, 0.0333, 0.0143
42 171 5.700000 -0.6371, -0.2691, 0.5320, 0.9870, -0.1559, 0.0376, 0.0134
42 172 5.740000 -0.6833, -0.2908, 0.5221, 0.9856, -0.1631, 0.0425, 0.0128
42 173 5.770000 -0.7172, -0.3038, 0.5137, 0.9845, -0.1685, 0.0462, 0.0121
42 174 5.800000 -0.7504, -0.3140, 0.5045, 0.9853, -0.1628, 0.0502, 0.0111
42 175 5.840000 -0.7934, -0.3235, 0.4904, 0.9857, -0.1584, 0.0562, 0.0095
42 176 5.870000 -0.8247, -0.3277, 0.4782, 0.9853, -0.1594, 0.0604, 0.0087
42 177 5.900000 -0.8550, -0.3295, 0.4644, 0.9870, -0.1471, 0.0645, 0.0072
42 178 5.940000 -0.8941, -0.3285, 0.4433, 0.9884, -0.1347, 0.0696, 0.0055
42 179 5.970000 -0.9222, -0.3254, 0.4254, 0.9890, -0.1287, 0.0734, 0.0045
42 180 6.000000 -0.9492, -0.3202, 0.4064, 0.9910, -0.1094, 0.0774, 0.0025
42 181 6.040000 -0.9829, -0.3101, 0.3815, 0.9922, -0.0933, 0.0821, 0.0008
42 182 6.070000 -1.0062, -0.3002, 0.3642, 0.9922, -0.0918, 0.0844, 0.0006
42 183 6.100000 -1.0277, -0.2884, 0.3486, 0.9935, -0.0742, 0.0864, -0.0009
42 184 6.140000 -1.0536, -0.2701, 0.3301, 0.9943, -0.0603, 0.0878, -0.0018
42 185 6.170000 -1.0708, -0.2548, 0.3180, 0.9945, -0.0566, 0.0881, -0.0018
42 186 6.200000 -1.0862, -0.2384, 0.3073, 0.9956, -0.0350, 0.0873, -0.0032
42 187 6.240000 -1.1039, -0.2153, 0.2952, 0.9962, -0.0164, 0.0853, -0.0041
42 188 6.270000 -1.1152, -0.1975, 0.2876, 0.9965, -0.0086, 0.0831, -0.0041
42 189 6.300000 -1.1247, -0.1796, 0.2812, 0.9967, 0.0130, 0.0803, -0.0055
42 190 6.340000 -1.1350, -0.1560, 0.2743, 0.9965, 0.0336, 0.0758, -0.0064
42 191 6.370000 -1.1409, -0.1390, 0.2703, 0.9966, 0.0393, 0.0722, -0.0066
42 192 6.400000 -1.1455, -0.1228, 0.2671, 0.9958, 0.0611, 0.0680, -0.0079
42 193 6.440000 -1.1495, -0.1030, 0.2639, 0.9950, 0.0776, 0.0627, -0.0091
42 194 6.470000 -1.1511, -0.0898, 0.2622, 0.9947, 0.0838, 0.0587, -0.0095
42 195 6.500000 -1.1516, -0.0782, 0.2608, 0.9932, 0.1025, 0.0542, -0.0110
42 196 6.540000 -1.1509, -0.0656, 0.2588, 0.9920, 0.1161, 0.0481, -0.0125
42 197 6.570000 -1.1494, -0.0584, 0.2571, 0.9917, 0.1200, 0.0441, -0.0134
42 198 6.600000 -1.1471, -0.0533, 0.2551, 0.9900, 0.1344, 0.0402, -0.0150
42 199 6.640000 -1.1430, -0.0503, 0.2523, 0.9883, 0.1469, 0.0362, -0.0168
42 200 6.670000 -1.1392, -0.0510, 0.2500, 0.9881, 0.1489, 0.0329, -0.0181
42 201 6.700000 -1.1348, -0.0545, 0.2477, 0.9860, 0.1631, 0.0299, -0.0199
42 202 6.740000 -1.1283, -0.0637, 0.2444, 0.9852, 0.1681, 0.0260, -0.0221
42 203 6.770000 -1.1229, -0.0741, 0.2418, 0.9861, 0.1626, 0.0247, -0.0233
42 204 6.800000 -1.1171, -0.0876, 0.2391, 0.9851, 0.1683, 0.0228, -0.0249
42 205 6.840000 -1.1089, -0.1102, 0.2354, 0.9860, 0.1631, 0.0211, -0.0268
42 206 6.870000 -1.1023, -0.1305, 0.2324, 0.9881, 0.1501, 0.0200, -0.0280
42 207 6.900000 -1.0955, -0.1536, 0.2293, 0.9884, 0.1477, 0.0191, -0.0294
42 208 6.940000 -1.0860, -0.1883, 0.2248, 0.9906, 0.1317, 0.0192, -0.0309
42 209 6.970000 -1.0786, -0.2171, 0.2211, 0.9931, 0.1108, 0.0206, -0.0318
42 210 7.000000 -1.0708, -0.2478, 0.2171, 0.9941, 0.1010, 0.0210, -0.0331
42 211 7.040000 -1.0600, -0.2914, 0.2113, 0.9959, 0.0808, 0.0220, -0.0345
42 212 7.070000 -1.0516, -0.3258, 0.2067, 0.9973, 0.0600, 0.0224, -0.0353
42 213 7.100000 -1.0427, -0.3612, 0.2019, 0.9977, 0.0520, 0.0221, -0.0364
42 214 7.140000 -1.0304, -0.4098, 0.1953, 0.9985, 0.0329, 0.0217, -0.0374
42 215 7.170000 -1.0207, -0.4468, 0.1902, 0.9990, 0.0109, 0.0229, -0.0380
42 216 7.200000 -1.0106, -0.4842, 0.1851, 0.9990, 0.0039, 0.0219, -0.0388
42 217 7.240000 -0.9966, -0.5340, 0.1781, 0.9989, -0.0136, 0.0213, -0.0395
42 218 7.270000 -0.9856, -0.5711, 0.1727, 0.9985, -0.0300, 0.0202, -0.0399
42 219 7.300000 -0.9743, -0.6077, 0.1670, 0.9984, -0.0349, 0.0190, -0.0405
42 220 7.340000 -0.9587, -0.6556, 0.1590, 0.9978, -0.0497, 0.0177, -0.0411
42 221 7.370000 -0.9465, -0.6904, 0.1525, 0.9967, -0.0671, 0.0174, -0.0415
42 222 7.400000 -0.9340, -0.7243, 0.1454, 0.9965, -0.0705, 0.0157, -0.0420
42 223 7.440000 -0.9169, -0.7675, 0.1350, 0.9955, -0.0831, 0.0135, -0.0425
42 224 7.470000 -0.9038, -0.7983, 0.1264, 0.9943, -0.0974, 0.0121, -0.0427
42 225 7.500000 -0.8903, -0.8275, 0.1174, 0.9939, -0.1012, 0.0099, -0.0431
42 226 7.540000 -0.8720, -0.8634, 0.1056, 0.9929, -0.1100, 0.0076, -0.0436
42 227 7.570000 -0.8579, -0.8878, 0.0976, 0.9916, -0.1218, 0.0067, -0.0441
42 228 7.600000 -0.8437, -0.9100, 0.0902, 0.9919, -0.1192, 0.0052, -0.0447
42 229 7.640000 -0.8243, -0.9358, 0.0815, 0.9908, -0.1270, 0.0043, -0.0457
42 230 7.670000 -0.8096, -0.9522, 0.0757, 0.9885, -0.1435, 0.0044, -0.0465
42 231 7.700000 -0.7946, -0.9659, 0.0705, 0.9878, -0.1483, 0.0042, -0.0475
42 232 7.740000 -0.7743, -0.9797, 0.0641, 0.9865, -0.1565, 0.0037, -0.0489
42 233 7.770000 -0.7588, -0.9865, 0.0597, 0.9844, -0.1687, 0.0038, -0.0501
42 234 7.800000 -0.7431, -0.9902, 0.0556, 0.9855, -0.1620, 0.0023, -0.0512
42 235 7.840000 -0.7218, -0.9903, 0.0505, 0.9855, -0.1610, 0.0017, -0.0531
42 236 7.870000 -0.7056, -0.9867, 0.0470, 0.9849, -0.1642, 0.0013, -0.0546
42 237 7.900000 -0.6892, -0.9801, 0.0438, 0.9868, -0.1520, -0.0007, -0.0561
42 238 7.940000 -0.6671, -0.9667, 0.0398, 0.9879, -0.1439, -0.0035, -0.0582
42 239 7.970000 -0.6504, -0.9535, 0.0371, 0.9882, -0.1409, -0.0052, -0.0599
42 240 8.000000 -0.6337, -0.9377, 0.0346, 0.9901, -0.1256, -0.0084, -0.0618
42 241 8.040000 -0.6113, -0.9130, 0.0312, 0.9918, -0.1097, -0.0114, -0.0640
42 242 8.070000 -0.5946, -0.8921, 0.0285, 0.9919, -0.1080, -0.0122, -0.0658
42 243 8.100000 -0.5781, -0.8693, 0.0257, 0.9935, -0.0913, -0.0139, -0.0670
42 244 8.140000 -0.5561, -0.8364, 0.0218, 0.9943, -0.0800, -0.0148, -0.0686
42 245 8.170000 -0.5399, -0.8100, 0.0187, 0.9946, -0.0762, -0.0147, -0.0696
42 246 8.200000 -0.5238, -0.7823, 0.0155, 0.9956, -0.0601, -0.0165, -0.0703
42 247 8.240000 -0.5027, -0.7436, 0.0109, 0.9962, -0.0478, -0.0166, -0.0710
42 248 8.270000 -0.4871, -0.7134, 0.0073, 0.9963, -0.0455, -0.0159, -0.0714
42 249 8.300000 -0.4717, -0.6826, 0.0034, 0.9968, -0.0319, -0.0162, -0.0713
42 250 8.340000 -0.4515, -0.6405, -0.0023, 0.9971, -0.0194, -0.0165, -0.0711
42 251 8.370000 -0.4367, -0.6084, -0.0070, 0.9972, -0.0165, -0.0160, -0.0709
42 252 8.400000 -0.4221, -0.5762, -0.0123, 0.9974, -0.0000, -0.0160, -0.0702
42 253 8.440000 -0.4031, -0.5330, -0.0202, 0.9974, 0.0117, -0.0155, -0.0690
42 254 8.470000 -0.3891, -0.5008, -0.0268, 0.9974, 0.0157, -0.0149, -0.0681
42 255 8.500000 -0.3755, -0.4688, -0.0338, 0.9972, 0.0297, -0.0149, -0.0668
42 256 8.540000 -0.3577, -0.4270, -0.0428, 0.9969, 0.0423, -0.0142, -0.0650
42 257 8.570000 -0.3447, -0.3964, -0.0488, 0.9970, 0.0406, -0.0136, -0.0637
42 258 8.600000 -0.3320, -0.3667, -0.0540, 0.9965, 0.0533, -0.0135, -0.0623
42 259 8.640000 -0.3156, -0.3285, -0.0598, 0.9964, 0.0570, -0.0137, -0.0605
42 260 8.670000 -0.3037, -0.3011, -0.0633, 0.9967, 0.0539, -0.0135, -0.0592
42 261 8.700000 -0.2921, -0.2747, -0.0661, 0.9960, 0.0664, -0.0140, -0.0577
42 262 8.740000 -0.2772, -0.2414, -0.0688, 0.9957, 0.0730, -0.0138, -0.0557
42 263 8.770000 -0.2664, -0.2179, -0.0701, 0.9958, 0.0721, -0.0136, -0.0542
42 264 8.800000 -0.2559, -0.1958, -0.0709, 0.9949, 0.0853, -0.0136, -0.0525
42 265 8.840000 -0.2425, -0.1687, -0.0711, 0.9945, 0.0912, -0.0133, -0.0503
42 266 8.870000 -0.2328, -0.1503, -0.0707, 0.9950, 0.0859, -0.0123, -0.0487
42 267 8.900000 -0.2234, -0.1336, -0.0699, 0.9945, 0.0930, -0.0113, -0.0468
42 268 8.940000 -0.2113, -0.1139, -0.0681, 0.9948, 0.0913, -0.0088, -0.0443
42 269 8.970000 -0.2025, -0.1010, -0.0660, 0.9958, 0.0804, -0.0067, -0.0425
42 270 9.000000 -0.1940, -0.0899, -0.0629, 0.9958, 0.0826, -0.0041, -0.0404
42 271 9.040000 -0.1828, -0.0775, -0.0561, 0.9963, 0.0769, -0.0007, -0.0381
42 272 9.070000 -0.1745, -0.0702, -0.0483, 0.9972, 0.0658, 0.0015, -0.0364
42 273 9.100000 -0.1663, -0.0645, -0.0380, 0.9969, 0.0711, 0.0035, -0.0348
42 274 9.140000 -0.1552, -0.0593, -0.0201, 0.9972, 0.0665, 0.0059, -0.0328
42 275 9.170000 -0.1468, -0.0571, -0.0035, 0.9981, 0.0533, 0.0076, -0.0315
42 276 9.200000 -0.1383, -0.0562, 0.0161, 0.9978, 0.0577, 0.0093, -0.0303
42 277 9.240000 -0.1266, -0.0570, 0.0469, 0.9982, 0.0507, 0.0114, -0.0288
42 278 9.270000 -0.1176, -0.0590, 0.0739, 0.9989, 0.0355, 0.0129, -0.0277
42 279 9.300000 -0.1083, -0.0620, 0.1045, 0.9988, 0.0391, 0.0142, -0.0269
42 280 9.340000 -0.0953, -0.0673, 0.1516, 0.9991, 0.0280, 0.0158, -0.0259
42 281 9.370000 -0.0851, -0.0721, 0.1923, 0.9995, 0.0071, 0.0169, -0.0250
42 282 9.400000 -0.0744, -0.0772, 0.2380, 0.9995, 0.0105, 0.0176, -0.0247
42 283 9.440000 -0.0595, -0.0843, 0.3074, 0.9995, 0.0046, 0.0178, -0.0241
42 284 9.470000 -0.0476, -0.0896, 0.3656, 0.9995, -0.0134, 0.0178, -0.0236
42 285 9.500000 -0.0354, -0.0947, 0.4273, 0.9995, -0.0091, 0.0170, -0.0235
42 286 9.540000 -0.0186, -0.1012, 0.5084, 0.9995, -0.0138, 0.0164, -0.0232
42 287 9.570000 -0.0058, -0.1059, 0.5652, 0.9996, -0.0102, 0.0160, -0.0232
42 288 9.600000 0.0072, -0.1104, 0.6179, 0.9996, 0.0025, 0.0158, -0.0233
42 289 9.640000 0.0247, -0.1166, 0.6827, 0.9995, 0.0153, 0.0157, -0.0234
42 290 9.670000 0.0381, -0.1214, 0.7278, 0.9994, 0.0206, 0.0158, -0.0235
42 291 9.700000 0.0516, -0.1265, 0.7705, 0.9990, 0.0346, 0.0157, -0.0238
42 292 9.740000 0.0700, -0.1340, 0.8243, 0.9985, 0.0467, 0.0155, -0.0241
42 293 9.770000 0.0841, -0.1403, 0.8630, 0.9984, 0.0489, 0.0154, -0.0243
42 294 9.800000 0.0983, -0.1475, 0.9006, 0.9977, 0.0607, 0.0149, -0.0246
42 295 9.840000 0.1177, -0.1586, 0.9498, 0.9974, 0.0668, 0.0142, -0.0251
42 296 9.870000 0.1325, -0.1681, 0.9866, 0.9976, 0.0629, 0.0136, -0.0253
42 297 9.900000 0.1475, -0.1790, 1.0237, 0.9971, 0.0707, 0.0126, -0.0258
42 298 9.940000 0.1678, -0.1954, 1.0742, 0.9971, 0.0706, 0.0114, -0.0264
42 299 9.970000 0.1833, -0.2092, 1.1129, 0.9977, 0.0619, 0.0106, -0.0268
42 300 10.000000 0.1989, -0.2242, 1.1515, 0.9971, 0.0703, 0.0098, -0.0274
42 301 10.040000 0.2199, -0.2455, 1.1997, 0.9977, 0.0612, 0.0092, -0.0280
42 302 10.070000 0.2358, -0.2623, 1.2319, 0.9984, 0.0481, 0.0088, -0.0285
42 303 10.100000 0.2517, -0.2796, 1.2604, 0.9986, 0.0424, 0.0081, -0.0291
42 304 10.140000 0.2731, -0.3034, 1.2933, 0.9990, 0.0312, 0.0073, -0.0299
42 305 10.170000 0.2892, -0.3216, 1.3143, 0.9993, 0.0195, 0.0067, -0.0304
42 306 10.200000 0.3053, -0.3401, 1.3325, 0.9994, 0.0170, 0.0059, -0.0311
42 307 10.240000 0.3270, -0.3650, 1.3528, 0.9994, 0.0090, 0.0050, -0.0320
42 308 10.270000 0.3433, -0.3839, 1.3651, 0.9995, -0.0012, 0.0045, -0.0327
42 309 10.300000 0.3597, -0.4027, 1.3751, 0.9994, -0.0016, 0.0036, -0.0335
42 310 10.340000 0.3817, -0.4277, 1.3849, 0.9994, -0.0080, 0.0027, -0.0347
42 311 10.370000 0.3982, -0.4464, 1.3896, 0.9992, -0.0172, 0.0021, -0.0356
42 312 10.400000 0.4147, -0.4648, 1.3921, 0.9992, -0.0168, 0.0009, -0.0365
42 313 10.440000 0.4367, -0.4890, 1.3920, 0.9990, -0.0220, -0.0006, -0.0379
42 314 10.470000 0.4533, -0.5067, 1.3894, 0.9988, -0.0300, -0.0018, -0.0390
42 315 10.500000 0.4699, -0.5241, 1.3850, 0.9988, -0.0281, -0.0038, -0.0402
42 316 10.540000 0.4919, -0.5466, 1.3769, 0.9987, -0.0296, -0.0063, -0.0416
42 317 10.570000 0.5083, -0.5628, 1.3696, 0.9984, -0.0368, -0.0072, -0.0425
42 318 10.600000 0.5246, -0.5786, 1.3612, 0.9985, -0.0324, -0.0087, -0.0432
42 319 10.640000 0.5462, -0.5987, 1.3482, 0.9984, -0.0353, -0.0100, -0.0440
42 320 10.670000 0.5623, -0.6131, 1.3370, 0.9980, -0.0435, -0.0105, -0.0445
42 321 10.700000 0.5782, -0.6269, 1.3244, 0.9981, -0.0411, -0.0117, -0.0447
42 322 10.740000 0.5993, -0.6442, 1.3054, 0.9979, -0.0457, -0.0127, -0.0449
42 323 10.770000 0.6149, -0.6565, 1.2892, 0.9974, -0.0549, -0.0132, -0.0449
42 324 10.800000 0.6303, -0.6679, 1.2712, 0.9974, -0.0541, -0.0143, -0.0446
42 325 10.840000 0.6506, -0.6820, 1.2441, 0.9971, -0.0605, -0.0152, -0.0441
42 326 10.870000 0.6657, -0.6916, 1.2210, 0.9965, -0.0702, -0.0157, -0.0435
42 327 10.900000 0.6806, -0.7003, 1.1952, 0.9964, -0.0716, -0.0164, -0.0427
42 328 10.940000 0.7003, -0.7106, 1.1563, 0.9958, -0.0803, -0.0168, -0.0414
42 329 10.970000 0.7148, -0.7171, 1.1239, 0.9950, -0.0904, -0.0168, -0.0403
42 330 11.000000 0.7292, -0.7224, 1.0897, 0.9948, -0.0926, -0.0167, -0.0388
42 331 11.040000 0.7479, -0.7265, 1.0452, 0.9943, -0.0988, -0.0169, -0.0368
42 332 11.070000 0.7616, -0.7269, 1.0146, 0.9932, -0.1094, -0.0189, -0.0358
42 333 11.100000 0.7750, -0.7248, 0.9866, 0.9934, -0.1074, -0.0196, -0.0345
42 334 11.140000 0.7922, -0.7180, 0.9529, 0.9923, -0.1174, -0.0208, -0.0328
42 335 11.170000 0.8047, -0.7098, 0.9299, 0.9910, -0.1286, -0.0216, -0.0317
42 336 11.200000 0.8169, -0.6989, 0.9087, 0.9918, -0.1222, -0.0223, -0.0304
42 337 11.240000 0.8325, -0.6802, 0.8827, 0.9920, -0.1209, -0.0224, -0.0289
42 338 11.270000 0.8437, -0.6631, 0.8646, 0.9913, -0.1269, -0.0223, -0.0280
42 339 11.300000 0.8545, -0.6435, 0.8477, 0.9926, -0.1162, -0.0221, -0.0268
42 340 11.340000 0.8684, -0.6137, 0.8266, 0.9934, -0.1099, -0.0217, -0.0256
42 341 11.370000 0.8784, -0.5887, 0.8117, 0.9930, -0.1132, -0.0207, -0.0248
42 342 11.400000 0.8880, -0.5616, 0.7974, 0.9946, -0.0988, -0.0191, -0.0240
42 343 11.440000 0.9004, -0.5224, 0.7792, 0.9952, -0.0934, -0.0164, -0.0231
42 344 11.470000 0.9094, -0.4908, 0.7661, 0.9955, -0.0914, -0.0143, -0.0227
42 345 11.500000 0.9181, -0.4575, 0.7538, 0.9965, -0.0801, -0.0119, -0.0219
42 346 11.540000 0.9294, -0.4105, 0.7395, 0.9973, -0.0691, -0.0074, -0.0215
42 347 11.570000 0.9377, -0.3733, 0.7310, 0.9968, -0.0765, -0.0037, -0.0211
42 348 11.600000 0.9460, -0.3346, 0.7244, 0.9979, -0.0610, 0.0001, -0.0210
42 349 11.640000 0.9570, -0.2809, 0.7186, 0.9982, -0.0564, 0.0039, -0.0206
42 350 11.670000 0.9655, -0.2390, 0.7163, 0.9981, -0.0583, 0.0072, -0.0207
42 351 11.700000 0.9741, -0.1960, 0.7159, 0.9987, -0.0450, 0.0108, -0.0208
42 352 11.740000 0.9860, -0.1370, 0.7182, 0.9988, -0.0400, 0.0170, -0.0211
42 353 11.770000 0.9953, -0.0917, 0.7221, 0.9988, -0.0387, 0.0210, -0.0213
42 354 11.800000 1.0051, -0.0456, 0.7279, 0.9991, -0.0295, 0.0238, -0.0214
42 355 11.840000 1.0190, 0.0169, 0.7388, 0.9992, -0.0170, 0.0285, -0.0223
42 356 11.870000 1.0302, 0.0643, 0.7494, 0.9990, -0.0228, 0.0324, -0.0222
42 357 11.900000 1.0421, 0.1121, 0.7623, 0.9991, -0.0070, 0.0358, -0.0230
42 358 11.940000 1.0592, 0.1762, 0.7833, 0.9989, 0.0004, 0.0396, -0.0236
42 359 11.970000 1.0731, 0.2244, 0.8018, 0.9988, -0.0018, 0.0421, -0.0239
42 360 12.000000 1.0878, 0.2725, 0.8219, 0.9986, 0.0113, 0.0443, -0.0248
42 361 12.040000 1.1088, 0.3364, 0.8488, 0.9984, 0.0203, 0.0473, -0.0254
42 362 12.070000 1.1253, 0.3841, 0.8679, 0.9982, 0.0239, 0.0493, -0.0256
42 363 12.100000 1.1426, 0.4313, 0.8859, 0.9976, 0.0385, 0.0505, -0.0263
42 364 12.140000 1.1669, 0.4933, 0.9086, 0.9970, 0.0498, 0.0526, -0.0265
42 365 12.170000 1.1861, 0.5388, 0.9249, 0.9969, 0.0499, 0.0540, -0.0263
42 366 12.200000 1.2062, 0.5835, 0.9408, 0.9963, 0.0612, 0.0548, -0.0265
42 367 12.240000 1.2344, 0.6414, 0.9617, 0.9959, 0.0675, 0.0551, -0.0262
42 368 12.270000 1.2567, 0.6835, 0.9773, 0.9960, 0.0658, 0.0549, -0.0256
42 369 12.300000 1.2800, 0.7243, 0.9930, 0.9953, 0.0769, 0.0538, -0.0258
42 370 12.340000 1.3125, 0.7766, 1.0145, 0.9949, 0.0831, 0.0516, -0.0254
42 371 12.370000 1.3379, 0.8140, 1.0311, 0.9952, 0.0807, 0.0493, -0.0248
42 372 12.400000 1.3643, 0.8498, 1.0483, 0.9943, 0.0931, 0.0462, -0.0250
42 373 12.440000 1.4008, 0.8948, 1.0725, 0.9937, 0.1013, 0.0412, -0.0249
42 374 12.470000 1.4290, 0.9263, 1.0914, 0.9940, 0.0995, 0.0371, -0.0245
42 375 12.500000 1.4579, 0.9559, 1.1106, 0.9928, 0.1128, 0.0326, -0.0248
42 376 12.540000 1.4972, 0.9925, 1.1351, 0.9927, 0.1152, 0.0275, -0.0247
42 377 12.570000 1.5271, 1.0180, 1.1519, 0.9936, 0.1080, 0.0235, -0.0246
42 378 12.600000 1.5574, 1.0417, 1.1674, 0.9931, 0.1134, 0.0191, -0.0248
42 379 12.640000 1.5980, 1.0707, 1.1861, 0.9936, 0.1097, 0.0131, -0.0250
42 380 12.670000 1.6288, 1.0905, 1.1989, 0.9944, 0.1026, 0.0087, -0.0251
42 381 12.700000 1.6596, 1.1086, 1.2108, 0.9939, 0.1069, 0.0040, -0.0255
42 382 12.740000 1.7007, 1.1300, 1.2255, 0.9942, 0.1045, -0.0026, -0.0260
42 383 12.770000 1.7315, 1.1441, 1.2358, 0.9948, 0.0976, -0.0075, -0.0265
42 384 12.800000 1.7621, 1.1566, 1.2454, 0.9943, 0.1022, -0.0127, -0.0270
42 385 12.840000 1.8025, 1.1706, 1.2574, 0.9943, 0.1012, -0.0195, -0.0278
42 386 12.870000 1.8323, 1.1792, 1.2659, 0.9950, 0.0928, -0.0247, -0.0288
42 387 12.900000 1.8617, 1.1861, 1.2739, 0.9942, 0.0990, -0.0303, -0.0294
42 388 12.940000 1.9000, 1.1929, 1.2839, 0.9941, 0.0966, -0.0374, -0.0308
42 389 12.970000 1.9279, 1.1961, 1.2909, 0.9945, 0.0905, -0.0423, -0.0319
42 390 13.000000 1.9551, 1.1978, 1.2974, 0.9937, 0.0958, -0.0475, -0.0329
42 391 13.040000 1.9900, 1.1976, 1.3050, 0.9934, 0.0946, -0.0551, -0.0344
42 392 13.070000 2.0151, 1.1959, 1.3098, 0.9939, 0.0852, -0.0604, -0.0360
42 393 13.100000 2.0392, 1.1927, 1.3138, 0.9933, 0.0873, -0.0665, -0.0371
42 394 13.140000 2.0695, 1.1863, 1.3180, 0.9931, 0.0836, -0.0729, -0.0386
42 395 13.170000 2.0908, 1.1800, 1.3204, 0.9935, 0.0717, -0.0786, -0.0406
42 396 13.200000 2.1106, 1.1725, 1.3223, 0.9926, 0.0766, -0.0847, -0.0411
42 397 13.240000 2.1348, 1.1607, 1.3238, 0.9924, 0.0675, -0.0929, -0.0433
42 398 13.270000 2.1511, 1.1506, 1.3243, 0.9924, 0.0600, -0.0978, -0.0446
42 399 13.300000 2.1657, 1.1396, 1.3243, 0.9919, 0.0576, -0.1031, -0.0459
42 400 13.340000 2.1824, 1.1236, 1.3234, 0.9914, 0.0530, -0.1104, -0.0471
42 401 13.370000 2.1927, 1.1107, 1.3221, 0.9913, 0.0399, -0.1154, -0.0492
42 402 13.400000 2.2010, 1.0971, 1.3202, 0.9906, 0.0418, -0.1207, -0.0495
42 403 13.440000 2.2090, 1.0783, 1.3165, 0.9902, 0.0340, -0.1259, -0.0509
42 404 13.470000 2.2124, 1.0636, 1.3130, 0.9899, 0.0227, -0.1298, -0.0526
42 405 13.500000 2.2137, 1.0486, 1.3089, 0.9893, 0.0242, -0.1342, -0.0525
42 406 13.540000 2.2117, 1.0283, 1.3028, 0.9887, 0.0152, -0.1393, -0.0540
42 407 13.570000 2.2073, 1.0129, 1.2981, 0.9884, 0.0063, -0.1415, -0.0553
42 408 13.600000 2.2003, 0.9975, 1.2933, 0.9880, 0.0110, -0.1438, -0.0548
42 409 13.640000 2.1870, 0.9770, 1.2869, 0.9879, 0.0073, -0.1449, -0.0556
42 410 13.670000 2.1739, 0.9617, 1.2820, 0.9878, -0.0040, -0.1447, -0.0575
42 411 13.700000 2.1582, 0.9466, 1.2771, 0.9878, -0.0046, -0.1446, -0.0579
42 412 13.740000 2.1333, 0.9269, 1.2703, 0.9878, -0.0120, -0.1433, -0.0597
42 413 13.770000 2.1116, 0.9126, 1.2650, 0.9878, -0.0216, -0.1413, -0.0617
42 414 13.800000 2.0875, 0.8988, 1.2595, 0.9881, -0.0154, -0.1399, -0.0617
42 415 13.840000 2.0515, 0.8811, 1.2517, 0.9886, -0.0134, -0.1365, -0.0627
42 416 13.870000 2.0218, 0.8684, 1.2454, 0.9889, -0.0151, -0.1332, -0.0642
42 417 13.900000 1.9898, 0.8560, 1.2386, 0.9894, -0.0037, -0.1301, -0.0638
42 418 13.940000 1.9437, 0.8398, 1.2286, 0.9901, 0.0054, -0.1249, -0.0645
42 419 13.970000 1.9068, 0.8279, 1.2203, 0.9906, 0.0052, -0.1201, -0.0658
42 420 14.000000 1.8679, 0.8159, 1.2108, 0.9909, 0.0180, -0.1162, -0.0657
42 421 14.040000 1.8134, 0.7997, 1.1958, 0.9913, 0.0296, -0.1101, -0.0661
42 422 14.070000 1.7706, 0.7873, 1.1823, 0.9918, 0.0315, -0.1043, -0.0667
42 423 14.100000 1.7264, 0.7745, 1.1669, 0.9919, 0.0443, -0.0991, -0.0660
42 424 14.140000 1.6652, 0.7567, 1.1432, 0.9924, 0.0514, -0.0905, -0.0655
42 425 14.170000 1.6179, 0.7427, 1.1230, 0.9930, 0.0519, -0.0836, -0.0654
42 426 14.200000 1.5693, 0.7280, 1.1007, 0.9932, 0.0596, -0.0768, -0.0643
42 427 14.240000 1.5029, 0.7073, 1.0675, 0.9937, 0.0638, -0.0666, -0.0632
42 428 14.270000 1.4520, 0.6909, 1.0397, 0.9946, 0.0591, -0.0579, -0.0624
42 429 14.300000 1.4003, 0.6739, 1.0092, 0.9948, 0.0646, -0.0495, -0.0610
42 430 14.340000 1.3305, 0.6500, 0.9637, 0.9956, 0.0623, -0.0377, -0.0592
42 431 14.370000 1.2777, 0.6315, 0.9252, 0.9963, 0.0566, -0.0283, -0.0579
42 432 14.400000 1.2245, 0.6124, 0.8823, 0.9967, 0.0561, -0.0192, -0.0562
42 433 14.440000 1.1534, 0.5864, 0.8170, 0.9973, 0.0491, -0.0062, -0.0539
42 434 14.470000 1.1000, 0.5665, 0.7619, 0.9978, 0.0407, 0.0034, -0.0520
42 435 14.500000 1.0466, 0.5461, 0.7029, 0.9980, 0.0354, 0.0129, -0.0500
42 436 14.540000 0.9758, 0.5180, 0.6261, 0.9982, 0.0258, 0.0256, -0.0475
42 437 14.570000 0.9234, 0.4960, 0.5737, 0.9982, 0.0156, 0.0342, -0.0457
42 438 14.600000 0.8720, 0.4735, 0.5267, 0.9980, 0.0126, 0.0423, -0.0443
42 439 14.640000 0.8052, 0.4430, 0.4720, 0.9978, 0.0052, 0.0514, -0.0425
42 440 14.670000 0.7567, 0.4200, 0.4366, 0.9976, -0.0046, 0.0563, -0.0410
42 441 14.700000 0.7098, 0.3969, 0.4056, 0.9972, -0.0036, 0.0622, -0.0402
42 442 14.740000 0.6497, 0.3663, 0.3706, 0.9969, -0.0081, 0.0674, -0.0390
42 443 14.770000 0.6065, 0.3436, 0.3488, 0.9968, -0.0167, 0.0689, -0.0378
42 444 14.800000 0.5652, 0.3211, 0.3305, 0.9965, -0.0119, 0.0735, -0.0376
42 445 14.840000 0.5128, 0.2917, 0.3112, 0.9963, -0.0135, 0.0760, -0.0370
42 446 14.870000 0.4756, 0.2699, 0.3004, 0.9963, -0.0212, 0.0746, -0.0361
42 447 14.900000 0.4402, 0.2486, 0.2925, 0.9962, -0.0152, 0.0772, -0.0363
42 448 14.940000 0.3959, 0.2207, 0.2866, 0.9962, -0.0156, 0.0773, -0.0361
42 449 14.970000 0.3648, 0.2003, 0.2854, 0.9963, -0.0224, 0.0748, -0.0355
