72 0 0.010000 2.6042, -2.3527, 0.0913, 1.0000, -0.0041, 0.0048, 0.0005
72 1 0.040000 2.6044, -2.3525, 0.0972, 0.9997, -0.0153, 0.0169, 0.0022
72 2 0.070000 2.6049, -2.3520, 0.1072, 0.9994, -0.0228, 0.0239, 0.0037
72 3 0.110000 2.6064, -2.3506, 0.1226, 0.9991, -0.0304, 0.0291, 0.0058
72 4 0.140000 2.6081, -2.3490, 0.1338, 0.9989, -0.0355, 0.0311, 0.0073
72 5 0.170000 2.6103, -2.3468, 0.1438, 0.9988, -0.0377, 0.0299, 0.0089
72 6 0.200000 2.6128, -2.3441, 0.1519, 0.9987, -0.0415, 0.0290, 0.0104
72 7 0.240000 2.6168, -2.3396, 0.1593, 0.9986, -0.0441, 0.0249, 0.0124
72 8 0.270000 2.6202, -2.3356, 0.1620, 0.9988, -0.0425, 0.0187, 0.0140
72 9 0.310000 2.6250, -2.3295, 0.1615, 0.9989, -0.0430, 0.0110, 0.0161
72 10 0.340000 2.6288, -2.3242, 0.1581, 0.9988, -0.0456, 0.0047, 0.0177
72 11 0.370000 2.6326, -2.3184, 0.1519, 0.9989, -0.0436, -0.0028, 0.0193
72 12 0.400000 2.6364, -2.3120, 0.1431, 0.9985, -0.0499, -0.0109, 0.0206
72 13 0.440000 2.6413, -2.3025, 0.1277, 0.9981, -0.0528, -0.0215, 0.0226
72 14 0.470000 2.6445, -2.2946, 0.1140, 0.9979, -0.0527, -0.0295, 0.0241
72 15 0.500000 2.6473, -2.2858, 0.0994, 0.9972, -0.0588, -0.0380, 0.0256
72 16 0.540000 2.6498, -2.2725, 0.0806, 0.9964, -0.0628, -0.0493, 0.0274
72 17 0.570000 2.6505, -2.2610, 0.0682, 0.9963, -0.0581, -0.0570, 0.0290
72 18 0.610000 2.6494, -2.2438, 0.0549, 0.9955, -0.0590, -0.0670, 0.0305
72 19 0.640000 2.6468, -2.2292, 0.0474, 0.9943, -0.0714, -0.0726, 0.0307
72 20 0.670000 2.6425, -2.2133, 0.0421, 0.9942, -0.0683, -0.0764, 0.0315
72 21 0.700000 2.6365, -2.1957, 0.0391, 0.9931, -0.0804, -0.0793, 0.0311
72 22 0.740000 2.6256, -2.1698, 0.0385, 0.9927, -0.0835, -0.0811, 0.0312
72 23 0.770000 2.6153, -2.1482, 0.0407, 0.9934, -0.0751, -0.0808, 0.0318
72 24 0.800000 2.6030, -2.1250, 0.0454, 0.9929, -0.0826, -0.0801, 0.0308
72 25 0.840000 2.5837, -2.0913, 0.0555, 0.9933, -0.0800, -0.0775, 0.0301
72 26 0.870000 2.5670, -2.0640, 0.0661, 0.9945, -0.0681, -0.0743, 0.0300
72 27 0.900000 2.5486, -2.0351, 0.0793, 0.9943, -0.0745, -0.0709, 0.0283
72 28 0.940000 2.5214, -1.9942, 0.1007, 0.9950, -0.0706, -0.0653, 0.0266
72 29 0.970000 2.4993, -1.9618, 0.1192, 0.9961, -0.0597, -0.0604, 0.0257
72 30 1.000000 2.4759, -1.9281, 0.1389, 0.9959, -0.0670, -0.0556, 0.0234
72 31 1.040000 2.4431, -1.8816, 0.1651, 0.9967, -0.0605, -0.0496, 0.0214
72 32 1.070000 2.4176, -1.8456, 0.1836, 0.9976, -0.0486, -0.0458, 0.0205
72 33 1.110000 2.3825, -1.7965, 0.2060, 0.9982, -0.0397, -0.0412, 0.0190
72 34 1.140000 2.3554, -1.7589, 0.2210, 0.9983, -0.0394, -0.0381, 0.0179
72 35 1.170000 2.3278, -1.7208, 0.2347, 0.9988, -0.0286, -0.0353, 0.0172
72 36 1.210000 2.2901, -1.6693, 0.2511, 0.9991, -0.0216, -0.0317, 0.0162
72 37 1.240000 2.2612, -1.6302, 0.2622, 0.9992, -0.0230, -0.0290, 0.0153
72 38 1.270000 2.2319, -1.5908, 0.2724, 0.9995, -0.0119, -0.0259, 0.0149
72 39 1.310000 2.1921, -1.5378, 0.2850, 0.9996, -0.0075, -0.0218, 0.0142
72 40 1.340000 2.1619, -1.4979, 0.2938, 0.9997, -0.0087, -0.0187, 0.0135
72 41 1.370000 2.1313, -1.4580, 0.3021, 0.9998, -0.0003, -0.0157, 0.0133
72 42 1.410000 2.0901, -1.4046, 0.3125, 0.9998, 0.0061, -0.0107, 0.0128
72 43 1.440000 2.0590, -1.3646, 0.3199, 0.9999, 0.0016, -0.0069, 0.0126
72 44 1.470000 2.0278, -1.3247, 0.3266, 0.9998, 0.0125, -0.0027, 0.0125
72 45 1.510000 1.9861, -1.2717, 0.3341, 0.9998, 0.0160, 0.0024, 0.0125
72 46 1.540000 1.9549, -1.2322, 0.3381, 0.9998, 0.0146, 0.0061, 0.0125
72 47 1.570000 1.9238, -1.1929, 0.3403, 0.9996, 0.0241, 0.0099, 0.0125
72 48 1.610000 1.8825, -1.1411, 0.3403, 0.9994, 0.0281, 0.0149, 0.0126
72 49 1.640000 1.8517, -1.1025, 0.3381, 0.9994, 0.0277, 0.0183, 0.0126
72 50 1.670000 1.8212, -1.0644, 0.3337, 0.9991, 0.0349, 0.0215, 0.0127
72 51 1.710000 1.7810, -1.0143, 0.3246, 0.9989, 0.0386, 0.0254, 0.0127
72 52 1.740000 1.7513, -0.9772, 0.3150, 0.9989, 0.0361, 0.0282, 0.0130
72 53 1.770000 1.7219, -0.9406, 0.3030, 0.9985, 0.0433, 0.0309, 0.0129
72 54 1.810000 1.6833, -0.8926, 0.2826, 0.9983, 0.0463, 0.0341, 0.0131
72 55 1.840000 1.6548, -0.8572, 0.2638, 0.9982, 0.0451, 0.0361, 0.0134
72 56 1.870000 1.6268, -0.8223, 0.2419, 0.9979, 0.0513, 0.0379, 0.0134
72 57 1.910000 1.5900, -0.7767, 0.2075, 0.9977, 0.0543, 0.0396, 0.0135
72 58 1.940000 1.5630, -0.7431, 0.1781, 0.9977, 0.0527, 0.0404, 0.0138
72 59 1.970000 1.5365, -0.7103, 0.1461, 0.9974, 0.0579, 0.0410, 0.0139
72 60 2.010000 1.5022, -0.6678, 0.1019, 0.9973, 0.0597, 0.0411, 0.0142
72 61 2.040000 1.4774, -0.6373, 0.0700, 0.9975, 0.0547, 0.0418, 0.0147
72 62 2.070000 1.4536, -0.6081, 0.0408, 0.9966, 0.0684, 0.0430, 0.0144
72 63 2.110000 1.4236, -0.5716, 0.0068, 0.9960, 0.0763, 0.0449, 0.0147
72 64 2.140000 1.4024, -0.5462, -0.0150, 0.9963, 0.0706, 0.0456, 0.0155
72 65 2.170000 1.3823, -0.5226, -0.0337, 0.9955, 0.0810, 0.0468, 0.0155
72 66 2.210000 1.3573, -0.4939, -0.0542, 0.9956, 0.0795, 0.0477, 0.0163
72 67 2.240000 1.3398, -0.4744, -0.0665, 0.9964, 0.0681, 0.0481, 0.0173
72 68 2.270000 1.3235, -0.4565, -0.0763, 0.9960, 0.0725, 0.0487, 0.0177
72 69 2.310000 1.3035, -0.4351, -0.0856, 0.9965, 0.0655, 0.0490, 0.0189
72 70 2.340000 1.2898, -0.4206, -0.0897, 0.9974, 0.0502, 0.0485, 0.0202
72 71 2.370000 1.2772, -0.4073, -0.0916, 0.9972, 0.0527, 0.0487, 0.0208
72 72 2.410000 1.2622, -0.3912, -0.0906, 0.9976, 0.0442, 0.0486, 0.0222
72 73 2.440000 1.2522, -0.3802, -0.0874, 0.9981, 0.0299, 0.0483, 0.0237
72 74 2.470000 1.2433, -0.3699, -0.0822, 0.9980, 0.0331, 0.0487, 0.0244
72 75 2.510000 1.2329, -0.3570, -0.0732, 0.9981, 0.0271, 0.0488, 0.0258
72 76 2.540000 1.2262, -0.3478, -0.0656, 0.9984, 0.0135, 0.0480, 0.0271
72 77 2.570000 1.2205, -0.3390, -0.0579, 0.9984, 0.0128, 0.0475, 0.0275
72 78 2.610000 1.2141, -0.3273, -0.0474, 0.9985, 0.0048, 0.0462, 0.0283
72 79 2.640000 1.2103, -0.3187, -0.0396, 0.9986, -0.0085, 0.0441, 0.0288
72 80 2.670000 1.2072, -0.3099, -0.0316, 0.9987, -0.0055, 0.0423, 0.0286
72 81 2.710000 1.2043, -0.2978, -0.0206, 0.9987, -0.0131, 0.0391, 0.0283
72 82 2.740000 1.2030, -0.2884, -0.0119, 0.9987, -0.0231, 0.0365, 0.0282
72 83 2.770000 1.2024, -0.2786, -0.0027, 0.9989, -0.0193, 0.0341, 0.0273
72 84 2.800000 1.2024, -0.2684, 0.0073, 0.9987, -0.0307, 0.0312, 0.0268
72 85 2.840000 1.2033, -0.2539, 0.0221, 0.9987, -0.0349, 0.0272, 0.0254
72 86 2.870000 1.2046, -0.2423, 0.0345, 0.9989, -0.0307, 0.0242, 0.0240
72 87 2.900000 1.2064, -0.2300, 0.0480, 0.9986, -0.0432, 0.0211, 0.0228
72 88 2.940000 1.2094, -0.2124, 0.0678, 0.9985, -0.0482, 0.0170, 0.0208
72 89 2.970000 1.2120, -0.1981, 0.0835, 0.9988, -0.0432, 0.0137, 0.0188
72 90 3.000000 1.2148, -0.1831, 0.0991, 0.9984, -0.0533, 0.0104, 0.0169
72 91 3.040000 1.2189, -0.1618, 0.1176, 0.9986, -0.0511, 0.0070, 0.0140
72 92 3.070000 1.2220, -0.1452, 0.1284, 0.9991, -0.0414, 0.0049, 0.0119
72 93 3.100000 1.2251, -0.1281, 0.1361, 0.9991, -0.0404, 0.0035, 0.0099
72 94 3.140000 1.2294, -0.1046, 0.1414, 0.9994, -0.0325, 0.0021, 0.0072
72 95 3.170000 1.2326, -0.0866, 0.1417, 0.9997, -0.0229, 0.0015, 0.0052
72 96 3.200000 1.2358, -0.0682, 0.1387, 0.9998, -0.0211, 0.0016, 0.0034
72 97 3.240000 1.2402, -0.0435, 0.1296, 0.9999, -0.0137, 0.0021, 0.0009
72 98 3.270000 1.2434, -0.0248, 0.1188, 1.0000, -0.0046, 0.0027, -0.0008
72 99 3.300000 1.2468, -0.0060, 0.1043, 1.0000, -0.0029, 0.0038, -0.0025
72 100 3.340000 1.2512, 0.0191, 0.0789, 1.0000, 0.0041, 0.0055, -0.0047
72 101 3.370000 1.2546, 0.0378, 0.0549, 0.9999, 0.0122, 0.0069, -0.0062
72 102 3.400000 1.2581, 0.0565, 0.0265, 0.9998, 0.0142, 0.0088, -0.0077
72 103 3.440000 1.2629, 0.0812, -0.0182, 0.9997, 0.0203, 0.0115, -0.0095
72 104 3.470000 1.2665, 0.0994, -0.0561, 0.9995, 0.0275, 0.0135, -0.0109
72 105 3.500000 1.2704, 0.1173, -0.0964, 0.9994, 0.0286, 0.0155, -0.0122
72 106 3.540000 1.2760, 0.1403, -0.1496, 0.9992, 0.0323, 0.0190, -0.0137
72 107 3.570000 1.2807, 0.1566, -0.1867, 0.9989, 0.0395, 0.0217, -0.0150
72 108 3.600000 1.2858, 0.1720, -0.2209, 0.9989, 0.0342, 0.0272, -0.0157
72 109 3.640000 1.2937, 0.1912, -0.2618, 0.9988, 0.0354, 0.0289, -0.0171
72 110 3.670000 1.3003, 0.2045, -0.2893, 0.9984, 0.0446, 0.0306, -0.0187
72 111 3.700000 1.3076, 0.2169, -0.3144, 0.9985, 0.0381, 0.0327, -0.0196
72 112 3.740000 1.3186, 0.2319, -0.3445, 0.9981, 0.0441, 0.0359, -0.0216
72 113 3.770000 1.3276, 0.2419, -0.3649, 0.9975, 0.0553, 0.0366, -0.0234
72 114 3.800000 1.3373, 0.2508, -0.3836, 0.9976, 0.0528, 0.0373, -0.0248
72 115 3.840000 1.3515, 0.2609, -0.4065, 0.9974, 0.0550, 0.0372, -0.0269
72 116 3.870000 1.3629, 0.2671, -0.4221, 0.9967, 0.0662, 0.0372, -0.0290
72 117 3.900000 1.3751, 0.2720, -0.4368, 0.9973, 0.0547, 0.0389, -0.0300
72 118 3.940000 1.3925, 0.2767, -0.4547, 0.9971, 0.0550, 0.0403, -0.0323
72 119 3.970000 1.4064, 0.2789, -0.4671, 0.9969, 0.0587, 0.0408, -0.0342
72 120 4.000000 1.4210, 0.2799, -0.4785, 0.9972, 0.0510, 0.0422, -0.0359
72 121 4.040000 1.4419, 0.2796, -0.4919, 0.9973, 0.0462, 0.0429, -0.0380
72 122 4.070000 1.4585, 0.2781, -0.5004, 0.9969, 0.0537, 0.0422, -0.0400
72 123 4.100000 1.4759, 0.2756, -0.5076, 0.9973, 0.0446, 0.0424, -0.0410
72 124 4.140000 1.5003, 0.2706, -0.5152, 0.9973, 0.0431, 0.0408, -0.0427
72 125 4.170000 1.5196, 0.2657, -0.5194, 0.9970, 0.0497, 0.0389, -0.0439
72 126 4.200000 1.5396, 0.2598, -0.5225, 0.9975, 0.0398, 0.0377, -0.0445
72 127 4.240000 1.5674, 0.2506, -0.5247, 0.9978, 0.0337, 0.0350, -0.0450
72 128 4.270000 1.5890, 0.2428, -0.5249, 0.9979, 0.0335, 0.0327, -0.0455
72 129 4.300000 1.6113, 0.2343, -0.5239, 0.9983, 0.0202, 0.0309, -0.0450
72 130 4.340000 1.6419, 0.2223, -0.5206, 0.9985, 0.0143, 0.0272, -0.0446
72 131 4.370000 1.6656, 0.2127, -0.5166, 0.9985, 0.0201, 0.0236, -0.0442
72 132 4.400000 1.6896, 0.2028, -0.5112, 0.9988, 0.0118, 0.0202, -0.0432
72 133 4.440000 1.7223, 0.1891, -0.5018, 0.9989, 0.0137, 0.0149, -0.0418
72 134 4.470000 1.7472, 0.1784, -0.4934, 0.9988, 0.0244, 0.0098, -0.0406
72 135 4.500000 1.7722, 0.1673, -0.4839, 0.9990, 0.0191, 0.0052, -0.0391
72 136 4.540000 1.8057, 0.1517, -0.4708, 0.9989, 0.0273, -0.0017, -0.0370
72 137 4.570000 1.8308, 0.1395, -0.4609, 0.9986, 0.0396, -0.0057, -0.0356
72 138 4.600000 1.8558, 0.1266, -0.4511, 0.9986, 0.0397, -0.0095, -0.0342
72 139 4.640000 1.8888, 0.1082, -0.4381, 0.9981, 0.0503, -0.0139, -0.0324
72 140 4.670000 1.9132, 0.0934, -0.4283, 0.9971, 0.0670, -0.0174, -0.0309
72 141 4.700000 1.9373, 0.0774, -0.4183, 0.9971, 0.0671, -0.0209, -0.0299
72 142 4.740000 1.9687, 0.0540, -0.4046, 0.9964, 0.0763, -0.0252, -0.0283
72 143 4.770000 1.9917, 0.0349, -0.3939, 0.9954, 0.0873, -0.0281, -0.0270
72 144 4.800000 2.0141, 0.0141, -0.3828, 0.9956, 0.0845, -0.0309, -0.0261
72 145 4.840000 2.0431, -0.0161, -0.3671, 0.9954, 0.0859, -0.0347, -0.0249
72 146 4.870000 2.0639, -0.0408, -0.3546, 0.9946, 0.0939, -0.0374, -0.0236
72 147 4.900000 2.0840, -0.0671, -0.3413, 0.9953, 0.0847, -0.0402, -0.0229
72 148 4.940000 2.1096, -0.1050, -0.3223, 0.9955, 0.0815, -0.0430, -0.0215
72 149 4.970000 2.1277, -0.1353, -0.3071, 0.9952, 0.0849, -0.0448, -0.0202
72 150 5.000000 2.1449, -0.1672, -0.2909, 0.9961, 0.0727, -0.0465, -0.0194
72 151 5.040000 2.1663, -0.2120, -0.2680, 0.9964, 0.0664, -0.0486, -0.0179
72 152 5.070000 2.1813, -0.2472, -0.2496, 0.9964, 0.0666, -0.0492, -0.0166
72 153 5.100000 2.1952, -0.2837, -0.2301, 0.9971, 0.0548, -0.0497, -0.0158
72 154 5.140000 2.2121, -0.3342, -0.2019, 0.9976, 0.0470, -0.0493, -0.0145
72 155 5.170000 2.2236, -0.3733, -0.1788, 0.9975, 0.0501, -0.0483, -0.0130
72 156 5.200000 2.2341, -0.4134, -0.1537, 0.9981, 0.0370, -0.0471, -0.0123
72 157 5.240000 2.2463, -0.4683, -0.1168, 0.9986, 0.0271, -0.0445, -0.0110
72 158 5.270000 2.2543, -0.5102, -0.0861, 0.9987, 0.0283, -0.0420, -0.0096
72 159 5.300000 2.2613, -0.5528, -0.0524, 0.9991, 0.0103, -0.0390, -0.0091
72 160 5.340000 2.2691, -0.6100, -0.0020, 0.9993, -0.0015, -0.0351, -0.0080
72 161 5.370000 2.2739, -0.6531, 0.0404, 0.9995, -0.0011, -0.0323, -0.0069
72 162 5.400000 2.2778, -0.6960, 0.0872, 0.9994, -0.0198, -0.0292, -0.0065
72 163 5.440000 2.2819, -0.7525, 0.1564, 0.9992, -0.0303, -0.0250, -0.0056
72 164 5.470000 2.2842, -0.7942, 0.2129, 0.9994, -0.0246, -0.0224, -0.0047
72 165 5.500000 2.2860, -0.8352, 0.2712, 0.9991, -0.0360, -0.0203, -0.0044
72 166 5.540000 2.2880, -0.8893, 0.3460, 0.9989, -0.0438, -0.0180, -0.0038
72 167 5.570000 2.2893, -0.9294, 0.3967, 0.9984, -0.0545, -0.0163, -0.0036
72 168 5.600000 2.2905, -0.9692, 0.4421, 0.9974, -0.0707, -0.0147, -0.0038
72 169 5.640000 2.2919, -1.0214, 0.4947, 0.9961, -0.0874, -0.0123, -0.0042
72 170 5.670000 2.2928, -1.0597, 0.5286, 0.9954, -0.0953, -0.0103, -0.0047
72 171 5.700000 2.2937, -1.0972, 0.5582, 0.9941, -0.1077, -0.0084, -0.0053
72 172 5.740000 2.2947, -1.1454, 0.5915, 0.9930, -0.1178, -0.0061, -0.0062
72 173 5.770000 2.2954, -1.1802, 0.6122, 0.9927, -0.1204, -0.0047, -0.0069
72 174 5.800000 2.2960, -1.2137, 0.6293, 0.9915, -0.1297, -0.0036, -0.0077
72 175 5.840000 2.2969, -1.2561, 0.6470, 0.9906, -0.1361, -0.0026, -0.0088
72 176 5.870000 2.2975, -1.2861, 0.6565, 0.9907, -0.1354, -0.0023, -0.0096
72 177 5.900000 2.2981, -1.3145, 0.6629, 0.9899, -0.1414, -0.0022, -0.0105
72 178 5.940000 2.2988, -1.3497, 0.6667, 0.9899, -0.1416, -0.0028, -0.0117
72 179 5.970000 2.2994, -1.3741, 0.6662, 0.9907, -0.1354, -0.0039, -0.0125
72 180 6.000000 2.2999, -1.3968, 0.6633, 0.9907, -0.1357, -0.0053, -0.0134
72 181 6.040000 2.3005, -1.4239, 0.6567, 0.9912, -0.1317, -0.0080, -0.0146
72 182 6.070000 2.3009, -1.4420, 0.6501, 0.9922, -0.1235, -0.0103, -0.0153
72 183 6.100000 2.3011, -1.4581, 0.6422, 0.9918, -0.1259, -0.0121, -0.0159
72 184 6.140000 2.3012, -1.4767, 0.6297, 0.9923, -0.1223, -0.0147, -0.0166
72 185 6.170000 2.3010, -1.4885, 0.6185, 0.9934, -0.1124, -0.0173, -0.0168
72 186 6.200000 2.3006, -1.4986, 0.6058, 0.9930, -0.1150, -0.0195, -0.0171
72 187 6.240000 2.2997, -1.5095, 0.5859, 0.9938, -0.1073, -0.0229, -0.0171
72 188 6.270000 2.2987, -1.5160, 0.5687, 0.9947, -0.0980, -0.0253, -0.0170
72 189 6.300000 2.2973, -1.5212, 0.5492, 0.9947, -0.0975, -0.0273, -0.0169
72 190 6.340000 2.2951, -1.5262, 0.5191, 0.9953, -0.0900, -0.0303, -0.0166
72 191 6.370000 2.2929, -1.5288, 0.4930, 0.9962, -0.0798, -0.0324, -0.0161
72 192 6.400000 2.2905, -1.5304, 0.4637, 0.9963, -0.0775, -0.0341, -0.0157
72 193 6.440000 2.2866, -1.5313, 0.4192, 0.9968, -0.0698, -0.0359, -0.0150
72 194 6.470000 2.2833, -1.5310, 0.3820, 0.9973, -0.0613, -0.0372, -0.0142
72 195 6.500000 2.2795, -1.5299, 0.3425, 0.9974, -0.0599, -0.0378, -0.0136
72 196 6.540000 2.2734, -1.5269, 0.2895, 0.9976, -0.0552, -0.0395, -0.0127
72 197 6.570000 2.2679, -1.5234, 0.2511, 0.9981, -0.0460, -0.0399, -0.0120
72 198 6.600000 2.2617, -1.5188, 0.2142, 0.9976, -0.0553, -0.0404, -0.0119
72 199 6.640000 2.2520, -1.5111, 0.1671, 0.9976, -0.0546, -0.0414, -0.0113
72 200 6.670000 2.2438, -1.5041, 0.1330, 0.9980, -0.0463, -0.0414, -0.0105
72 201 6.700000 2.2348, -1.4961, 0.0996, 0.9977, -0.0528, -0.0410, -0.0105
72 202 6.740000 2.2217, -1.4841, 0.0555, 0.9979, -0.0510, -0.0397, -0.0100
72 203 6.770000 2.2110, -1.4741, 0.0224, 0.9983, -0.0430, -0.0385, -0.0094
72 204 6.800000 2.1997, -1.4633, -0.0111, 0.9982, -0.0469, -0.0369, -0.0092
72 205 6.840000 2.1837, -1.4477, -0.0572, 0.9985, -0.0426, -0.0345, -0.0087
72 206 6.870000 2.1711, -1.4354, -0.0934, 0.9988, -0.0353, -0.0324, -0.0080
72 207 6.900000 2.1581, -1.4225, -0.1313, 0.9987, -0.0397, -0.0301, -0.0079
72 208 6.940000 2.1401, -1.4045, -0.1850, 0.9988, -0.0416, -0.0266, -0.0074
72 209 6.970000 2.1261, -1.3904, -0.2274, 0.9989, -0.0399, -0.0237, -0.0070
72 210 7.000000 2.1118, -1.3756, -0.2703, 0.9986, -0.0487, -0.0211, -0.0068
72 211 7.040000 2.0920, -1.3541, -0.3241, 0.9984, -0.0541, -0.0165, -0.0066
72 212 7.070000 2.0766, -1.3366, -0.3597, 0.9986, -0.0512, -0.0111, -0.0064
72 213 7.100000 2.0609, -1.3175, -0.3907, 0.9974, -0.0719, -0.0073, -0.0064
72 214 7.140000 2.0398, -1.2892, -0.4251, 0.9964, -0.0844, -0.0030, -0.0063
72 215 7.170000 2.0238, -1.2656, -0.4461, 0.9966, -0.0816, -0.0004, -0.0061
72 216 7.200000 2.0078, -1.2398, -0.4630, 0.9953, -0.0966, 0.0016, -0.0059
72 217 7.240000 1.9866, -1.2017, -0.4798, 0.9948, -0.1014, 0.0035, -0.0055
72 218 7.270000 1.9708, -1.1703, -0.4881, 0.9956, -0.0929, 0.0048, -0.0052
72 219 7.300000 1.9552, -1.1365, -0.4928, 0.9946, -0.1037, 0.0055, -0.0047
72 220 7.340000 1.9346, -1.0875, -0.4934, 0.9948, -0.1018, 0.0060, -0.0040
72 221 7.370000 1.9193, -1.0478, -0.4894, 0.9958, -0.0909, 0.0062, -0.0034
72 222 7.400000 1.9041, -1.0057, -0.4816, 0.9952, -0.0974, 0.0057, -0.0026
72 223 7.440000 1.8842, -0.9458, -0.4650, 0.9955, -0.0943, 0.0052, -0.0015
72 224 7.470000 1.8695, -0.8983, -0.4484, 0.9967, -0.0813, 0.0048, -0.0006
72 225 7.500000 1.8548, -0.8488, -0.4291, 0.9959, -0.0907, 0.0036, 0.0006
72 226 7.540000 1.8354, -0.7801, -0.4020, 0.9967, -0.0817, 0.0023, 0.0020
72 227 7.570000 1.8208, -0.7271, -0.3822, 0.9979, -0.0649, 0.0021, 0.0028
72 228 7.600000 1.8063, -0.6729, -0.3630, 0.9981, -0.0612, 0.0016, 0.0036
72 229 7.640000 1.7870, -0.5992, -0.3382, 0.9988, -0.0483, 0.0013, 0.0045
72 230 7.670000 1.7726, -0.5430, -0.3200, 0.9994, -0.0333, 0.0012, 0.0050
72 231 7.700000 1.7581, -0.4861, -0.3017, 0.9995, -0.0314, 0.0010, 0.0054
72 232 7.740000 1.7389, -0.4095, -0.2769, 0.9998, -0.0210, 0.0009, 0.0059
72 233 7.770000 1.7245, -0.3517, -0.2577, 1.0000, -0.0061, 0.0013, 0.0061
72 234 7.800000 1.7101, -0.2937, -0.2378, 1.0000, -0.0055, 0.0013, 0.0062
72 235 7.840000 1.6910, -0.2163, -0.2096, 1.0000, 0.0046, 0.0018, 0.0062
72 236 7.870000 1.6767, -0.1584, -0.1869, 0.9998, 0.0200, 0.0020, 0.0061
72 237 7.900000 1.6624, -0.1008, -0.1626, 0.9998, 0.0202, 0.0025, 0.0059
72 238 7.940000 1.6435, -0.0249, -0.1278, 0.9995, 0.0303, 0.0032, 0.0054
72 239 7.970000 1.6294, 0.0312, -0.0999, 0.9989, 0.0456, 0.0037, 0.0049
72 240 8.000000 1.6153, 0.0866, -0.0714, 0.9991, 0.0421, 0.0047, 0.0043
72 241 8.040000 1.5967, 0.1593, -0.0352, 0.9985, 0.0552, 0.0060, 0.0033
72 242 8.070000 1.5829, 0.2130, -0.0108, 0.9974, 0.0714, 0.0067, 0.0026
72 243 8.100000 1.5691, 0.2657, 0.0110, 0.9970, 0.0773, 0.0074, 0.0019
72 244 8.140000 1.5509, 0.3345, 0.0364, 0.9959, 0.0902, 0.0083, 0.0009
72 245 8.170000 1.5373, 0.3847, 0.0528, 0.9946, 0.1032, 0.0087, 0.0000
72 246 8.200000 1.5239, 0.4334, 0.0673, 0.9944, 0.1053, 0.0096, -0.0006
72 247 8.240000 1.5062, 0.4960, 0.0838, 0.9936, 0.1128, 0.0107, -0.0016
72 248 8.270000 1.4932, 0.5410, 0.0940, 0.9924, 0.1224, 0.0117, -0.0024
72 249 8.300000 1.4802, 0.5843, 0.1025, 0.9925, 0.1212, 0.0128, -0.0030
72 250 8.340000 1.4633, 0.6393, 0.1110, 0.9919, 0.1258, 0.0143, -0.0040
72 251 8.370000 1.4508, 0.6784, 0.1152, 0.9908, 0.1344, 0.0155, -0.0048
72 252 8.400000 1.4385, 0.7156, 0.1175, 0.9910, 0.1328, 0.0169, -0.0054
72 253 8.440000 1.4225, 0.7623, 0.1175, 0.9902, 0.1380, 0.0188, -0.0064
72 254 8.470000 1.4108, 0.7948, 0.1154, 0.9888, 0.1476, 0.0203, -0.0073
72 255 8.500000 1.3994, 0.8250, 0.1125, 0.9888, 0.1476, 0.0219, -0.0079
72 256 8.540000 1.3849, 0.8606, 0.1099, 0.9884, 0.1497, 0.0256, -0.0085
72 257 8.570000 1.3746, 0.8833, 0.1104, 0.9857, 0.1657, 0.0279, -0.0094
72 258 8.600000 1.3650, 0.9021, 0.1133, 0.9863, 0.1619, 0.0306, -0.0096
72 259 8.640000 1.3531, 0.9211, 0.1211, 0.9858, 0.1641, 0.0333, -0.0101
72 260 8.670000 1.3451, 0.9307, 0.1298, 0.9841, 0.1737, 0.0352, -0.0109
72 261 8.700000 1.3379, 0.9363, 0.1411, 0.9864, 0.1596, 0.0384, -0.0103
72 262 8.740000 1.3297, 0.9376, 0.1602, 0.9867, 0.1569, 0.0417, -0.0107
72 263 8.770000 1.3246, 0.9340, 0.1778, 0.9868, 0.1556, 0.0436, -0.0108
72 264 8.800000 1.3206, 0.9267, 0.1983, 0.9887, 0.1426, 0.0455, -0.0108
72 265 8.840000 1.3169, 0.9112, 0.2309, 0.9909, 0.1250, 0.0487, -0.0102
72 266 8.870000 1.3156, 0.8956, 0.2596, 0.9904, 0.1283, 0.0504, -0.0110
72 267 8.900000 1.3155, 0.8768, 0.2923, 0.9931, 0.1043, 0.0532, -0.0100
72 268 8.940000 1.3176, 0.8472, 0.3424, 0.9944, 0.0896, 0.0553, -0.0101
72 269 8.970000 1.3208, 0.8221, 0.3845, 0.9944, 0.0890, 0.0566, -0.0108
72 270 9.000000 1.3253, 0.7951, 0.4291, 0.9957, 0.0704, 0.0592, -0.0104
72 271 9.040000 1.3328, 0.7570, 0.4878, 0.9966, 0.0535, 0.0624, -0.0105
72 272 9.070000 1.3393, 0.7276, 0.5288, 0.9971, 0.0406, 0.0639, -0.0108
72 273 9.100000 1.3466, 0.6977, 0.5671, 0.9977, 0.0181, 0.0643, -0.0103
72 274 9.140000 1.3576, 0.6574, 0.6143, 0.9978, -0.0032, 0.0649, -0.0103
72 275 9.170000 1.3669, 0.6271, 0.6475, 0.9978, -0.0123, 0.0646, -0.0107
72 276 9.200000 1.3772, 0.5971, 0.6791, 0.9974, -0.0309, 0.0643, -0.0105
72 277 9.240000 1.3925, 0.5577, 0.7196, 0.9969, -0.0459, 0.0626, -0.0107
72 278 9.270000 1.4051, 0.5290, 0.7492, 0.9968, -0.0510, 0.0607, -0.0113
72 279 9.300000 1.4188, 0.5011, 0.7783, 0.9960, -0.0659, 0.0586, -0.0111
72 280 9.340000 1.4387, 0.4657, 0.8169, 0.9954, -0.0779, 0.0545, -0.0113
72 281 9.370000 1.4548, 0.4407, 0.8461, 0.9956, -0.0781, 0.0508, -0.0118
72 282 9.400000 1.4718, 0.4173, 0.8759, 0.9946, -0.0919, 0.0467, -0.0116
72 283 9.440000 1.4960, 0.3886, 0.9167, 0.9941, -0.1002, 0.0405, -0.0116
72 284 9.470000 1.5152, 0.3694, 0.9484, 0.9947, -0.0962, 0.0351, -0.0120
72 285 9.500000 1.5350, 0.3520, 0.9805, 0.9937, -0.1074, 0.0299, -0.0116
72 286 9.540000 1.5622, 0.3315, 1.0226, 0.9935, -0.1105, 0.0234, -0.0117
72 287 9.570000 1.5831, 0.3181, 1.0529, 0.9940, -0.1076, 0.0186, -0.0117
72 288 9.600000 1.6043, 0.3065, 1.0821, 0.9931, -0.1155, 0.0140, -0.0115
72 289 9.640000 1.6330, 0.2938, 1.1195, 0.9931, -0.1164, 0.0075, -0.0113
72 290 9.670000 1.6546, 0.2865, 1.1469, 0.9938, -0.1109, 0.0026, -0.0112
72 291 9.700000 1.6764, 0.2811, 1.1740, 0.9931, -0.1171, -0.0021, -0.0109
72 292 9.740000 1.7053, 0.2771, 1.2100, 0.9931, -0.1168, -0.0087, -0.0105
72 293 9.770000 1.7269, 0.2766, 1.2371, 0.9940, -0.1083, -0.0139, -0.0100
72 294 9.800000 1.7482, 0.2782, 1.2648, 0.9933, -0.1137, -0.0188, -0.0097
72 295 9.840000 1.7761, 0.2836, 1.3028, 0.9936, -0.1102, -0.0251, -0.0090
72 296 9.870000 1.7965, 0.2902, 1.3325, 0.9945, -0.0995, -0.0302, -0.0082
72 297 9.900000 1.8162, 0.2989, 1.3635, 0.9939, -0.1044, -0.0348, -0.0079
72 298 9.940000 1.8415, 0.3138, 1.4073, 0.9941, -0.0997, -0.0414, -0.0070
72 299 9.970000 1.8594, 0.3273, 1.4416, 0.9949, -0.0899, -0.0456, -0.0061
72 300 10.000000 1.8765, 0.3426, 1.4763, 0.9940, -0.0979, -0.0492, -0.0059
72 301 10.040000 1.8983, 0.3650, 1.5197, 0.9945, -0.0903, -0.0533, -0.0052
72 302 10.070000 1.9139, 0.3830, 1.5485, 0.9955, -0.0753, -0.0569, -0.0041
72 303 10.100000 1.9289, 0.4018, 1.5737, 0.9957, -0.0698, -0.0601, -0.0037
72 304 10.140000 1.9478, 0.4281, 1.6025, 0.9963, -0.0578, -0.0641, -0.0029
72 305 10.170000 1.9611, 0.4487, 1.6207, 0.9967, -0.0454, -0.0667, -0.0022
72 306 10.200000 1.9736, 0.4698, 1.6363, 0.9967, -0.0421, -0.0688, -0.0022
72 307 10.240000 1.9888, 0.4988, 1.6537, 0.9969, -0.0325, -0.0712, -0.0018
72 308 10.270000 1.9990, 0.5211, 1.6642, 0.9972, -0.0199, -0.0724, -0.0012
72 309 10.300000 2.0083, 0.5436, 1.6728, 0.9972, -0.0172, -0.0729, -0.0014
72 310 10.340000 2.0191, 0.5740, 1.6812, 0.9973, -0.0073, -0.0729, -0.0012
72 311 10.370000 2.0260, 0.5969, 1.6854, 0.9974, 0.0056, -0.0720, -0.0006
72 312 10.400000 2.0318, 0.6197, 1.6878, 0.9975, 0.0076, -0.0705, -0.0009
72 313 10.440000 2.0381, 0.6500, 1.6880, 0.9975, 0.0190, -0.0674, -0.0006
72 314 10.470000 2.0417, 0.6723, 1.6862, 0.9974, 0.0317, -0.0645, -0.0000
72 315 10.500000 2.0443, 0.6942, 1.6831, 0.9975, 0.0365, -0.0609, -0.0001
72 316 10.540000 2.0462, 0.7223, 1.6786, 0.9975, 0.0455, -0.0549, 0.0004
72 317 10.570000 2.0464, 0.7423, 1.6758, 0.9970, 0.0590, -0.0497, 0.0010
72 318 10.600000 2.0456, 0.7613, 1.6736, 0.9975, 0.0539, -0.0448, 0.0008
72 319 10.640000 2.0432, 0.7848, 1.6716, 0.9974, 0.0611, -0.0389, 0.0009
72 320 10.670000 2.0406, 0.8011, 1.6709, 0.9968, 0.0719, -0.0342, 0.0014
72 321 10.700000 2.0373, 0.8161, 1.6707, 0.9972, 0.0680, -0.0298, 0.0013
72 322 10.740000 2.0321, 0.8340, 1.6712, 0.9971, 0.0729, -0.0226, 0.0017
72 323 10.770000 2.0276, 0.8457, 1.6721, 0.9966, 0.0808, -0.0185, 0.0019
72 324 10.800000 2.0228, 0.8560, 1.6735, 0.9966, 0.0817, -0.0141, 0.0021
72 325 10.840000 2.0161, 0.8672, 1.6759, 0.9960, 0.0884, -0.0090, 0.0026
72 326 10.870000 2.0108, 0.8736, 1.6782, 0.9951, 0.0988, -0.0050, 0.0031
72 327 10.900000 2.0054, 0.8783, 1.6809, 0.9955, 0.0948, -0.0013, 0.0035
72 328 10.940000 1.9982, 0.8816, 1.6850, 0.9950, 0.0996, 0.0037, 0.0042
72 329 10.970000 1.9929, 0.8819, 1.6884, 0.9938, 0.1110, 0.0068, 0.0046
72 330 11.000000 1.9877, 0.8804, 1.6913, 0.9940, 0.1092, 0.0091, 0.0050
72 331 11.040000 1.9810, 0.8757, 1.6932, 0.9936, 0.1125, 0.0118, 0.0055
72 332 11.070000 1.9762, 0.8703, 1.6921, 0.9931, 0.1162, 0.0136, 0.0057
72 333 11.100000 1.9716, 0.8634, 1.6888, 0.9939, 0.1092, 0.0150, 0.0059
72 334 11.140000 1.9657, 0.8519, 1.6807, 0.9943, 0.1049, 0.0164, 0.0059
72 335 11.170000 1.9616, 0.8416, 1.6721, 0.9943, 0.1054, 0.0170, 0.0057
72 336 11.200000 1.9577, 0.8299, 1.6613, 0.9952, 0.0957, 0.0170, 0.0055
72 337 11.240000 1.9529, 0.8123, 1.6432, 0.9959, 0.0885, 0.0161, 0.0049
72 338 11.270000 1.9495, 0.7977, 1.6269, 0.9961, 0.0870, 0.0149, 0.0042
72 339 11.300000 1.9463, 0.7821, 1.6080, 0.9970, 0.0760, 0.0132, 0.0035
72 340 11.340000 1.9423, 0.7597, 1.5784, 0.9977, 0.0666, 0.0103, 0.0024
72 341 11.370000 1.9395, 0.7420, 1.5525, 0.9980, 0.0625, 0.0076, 0.0014
72 342 11.400000 1.9367, 0.7237, 1.5229, 0.9987, 0.0498, 0.0045, 0.0004
72 343 11.440000 1.9331, 0.6986, 1.4773, 0.9993, 0.0373, -0.0000, -0.0011
72 344 11.470000 1.9304, 0.6792, 1.4383, 0.9996, 0.0296, -0.0036, -0.0024
72 345 11.500000 1.9276, 0.6596, 1.3963, 0.9998, 0.0155, -0.0071, -0.0036
72 346 11.540000 1.9238, 0.6329, 1.3394, 0.9999, 0.0018, -0.0118, -0.0052
72 347 11.570000 1.9206, 0.6129, 1.2981, 0.9998, -0.0006, -0.0174, -0.0061
72 348 11.600000 1.9171, 0.5928, 1.2583, 0.9996, -0.0121, -0.0225, -0.0072
72 349 11.640000 1.9117, 0.5665, 1.2072, 0.9994, -0.0207, -0.0279, -0.0088
72 350 11.670000 1.9070, 0.5471, 1.1700, 0.9993, -0.0160, -0.0314, -0.0095
72 351 11.700000 1.9017, 0.5280, 1.1333, 0.9991, -0.0250, -0.0337, -0.0108
72 352 11.740000 1.8937, 0.5033, 1.0848, 0.9989, -0.0272, -0.0364, -0.0122
72 353 11.770000 1.8870, 0.4852, 1.0482, 0.9989, -0.0226, -0.0378, -0.0131
72 354 11.800000 1.8796, 0.4675, 1.0111, 0.9987, -0.0318, -0.0382, -0.0145
72 355 11.840000 1.8689, 0.4447, 0.9603, 0.9984, -0.0371, -0.0383, -0.0162
72 356 11.870000 1.8602, 0.4282, 0.9204, 0.9985, -0.0355, -0.0384, -0.0173
72 357 11.900000 1.8510, 0.4123, 0.8786, 0.9982, -0.0428, -0.0379, -0.0189
72 358 11.940000 1.8380, 0.3918, 0.8193, 0.9982, -0.0427, -0.0375, -0.0206
72 359 11.970000 1.8277, 0.3771, 0.7720, 0.9984, -0.0378, -0.0370, -0.0219
72 360 12.000000 1.8168, 0.3630, 0.7234, 0.9983, -0.0392, -0.0368, -0.0235
72 361 12.040000 1.8011, 0.3453, 0.6607, 0.9984, -0.0381, -0.0341, -0.0252
72 362 12.070000 1.7884, 0.3331, 0.6173, 0.9987, -0.0279, -0.0348, -0.0256
72 363 12.100000 1.7749, 0.3217, 0.5773, 0.9984, -0.0365, -0.0331, -0.0267
72 364 12.140000 1.7558, 0.3077, 0.5285, 0.9984, -0.0387, -0.0296, -0.0281
72 365 12.170000 1.7406, 0.2981, 0.4950, 0.9987, -0.0291, -0.0292, -0.0285
72 366 12.200000 1.7248, 0.2892, 0.4636, 0.9985, -0.0378, -0.0277, -0.0294
72 367 12.240000 1.7028, 0.2786, 0.4247, 0.9986, -0.0353, -0.0270, -0.0300
72 368 12.270000 1.6857, 0.2714, 0.3973, 0.9988, -0.0266, -0.0262, -0.0301
72 369 12.300000 1.6681, 0.2648, 0.3712, 0.9987, -0.0316, -0.0252, -0.0305
72 370 12.340000 1.6438, 0.2569, 0.3380, 0.9988, -0.0281, -0.0242, -0.0306
72 371 12.370000 1.6251, 0.2516, 0.3139, 0.9991, -0.0171, -0.0235, -0.0304
72 372 12.400000 1.6060, 0.2467, 0.2902, 0.9991, -0.0202, -0.0224, -0.0303
72 373 12.440000 1.5798, 0.2405, 0.2589, 0.9992, -0.0140, -0.0210, -0.0299
72 374 12.470000 1.5598, 0.2362, 0.2357, 0.9994, -0.0029, -0.0201, -0.0293
72 375 12.500000 1.5394, 0.2320, 0.2133, 0.9994, -0.0011, -0.0187, -0.0287
72 376 12.540000 1.5115, 0.2263, 0.1874, 0.9994, 0.0065, -0.0171, -0.0279
72 377 12.570000 1.4901, 0.2218, 0.1721, 0.9993, 0.0223, -0.0162, -0.0271
72 378 12.600000 1.4682, 0.2168, 0.1608, 0.9994, 0.0166, -0.0152, -0.0267
72 379 12.640000 1.4385, 0.2094, 0.1516, 0.9994, 0.0197, -0.0137, -0.0260
72 380 12.670000 1.4158, 0.2031, 0.1489, 0.9991, 0.0299, -0.0130, -0.0255
72 381 12.700000 1.3927, 0.1962, 0.1497, 0.9994, 0.0193, -0.0118, -0.0252
72 382 12.740000 1.3615, 0.1861, 0.1564, 0.9995, 0.0178, -0.0103, -0.0248
72 383 12.770000 1.3377, 0.1779, 0.1656, 0.9993, 0.0276, -0.0092, -0.0244
72 384 12.800000 1.3137, 0.1691, 0.1784, 0.9995, 0.0187, -0.0075, -0.0242
72 385 12.840000 1.2814, 0.1564, 0.2016, 0.9994, 0.0229, -0.0054, -0.0239
72 386 12.870000 1.2570, 0.1461, 0.2238, 0.9989, 0.0394, -0.0036, -0.0236
72 387 12.900000 1.2324, 0.1349, 0.2505, 0.9991, 0.0344, -0.0010, -0.0234
72 388 12.940000 1.1996, 0.1182, 0.2934, 0.9990, 0.0388, 0.0026, -0.0230
72 389 12.970000 1.1751, 0.1043, 0.3311, 0.9983, 0.0539, 0.0050, -0.0228
72 390 13.000000 1.1506, 0.0893, 0.3722, 0.9985, 0.0489, 0.0077, -0.0225
72 391 13.040000 1.1182, 0.0676, 0.4279, 0.9984, 0.0509, 0.0109, -0.0222
72 392 13.070000 1.0940, 0.0504, 0.4680, 0.9985, 0.0492, 0.0129, -0.0219
72 393 13.100000 1.0700, 0.0325, 0.5065, 0.9990, 0.0365, 0.0149, -0.0217
72 394 13.140000 1.0383, 0.0077, 0.5557, 0.9993, 0.0258, 0.0169, -0.0213
72 395 13.170000 1.0148, -0.0114, 0.5915, 0.9993, 0.0256, 0.0184, -0.0213
72 396 13.200000 0.9917, -0.0309, 0.6268, 0.9995, 0.0137, 0.0202, -0.0210
72 397 13.240000 0.9613, -0.0574, 0.6738, 0.9995, 0.0080, 0.0222, -0.0208
72 398 13.270000 0.9391, -0.0775, 0.7093, 0.9995, 0.0110, 0.0232, -0.0209
72 399 13.300000 0.9172, -0.0978, 0.7455, 0.9995, 0.0004, 0.0241, -0.0206
72 400 13.340000 0.8888, -0.1249, 0.7952, 0.9995, -0.0047, 0.0248, -0.0205
72 401 13.370000 0.8681, -0.1453, 0.8342, 0.9995, -0.0009, 0.0249, -0.0206
72 402 13.400000 0.8479, -0.1655, 0.8752, 0.9994, -0.0134, 0.0250, -0.0203
72 403 13.440000 0.8219, -0.1923, 0.9335, 0.9993, -0.0187, 0.0244, -0.0202
72 404 13.470000 0.8030, -0.2119, 0.9801, 0.9995, -0.0101, 0.0234, -0.0204
72 405 13.500000 0.7846, -0.2313, 1.0281, 0.9994, -0.0161, 0.0226, -0.0202
72 406 13.540000 0.7606, -0.2569, 1.0902, 0.9994, -0.0166, 0.0215, -0.0202
72 407 13.570000 0.7430, -0.2760, 1.1331, 0.9994, -0.0207, 0.0211, -0.0202
72 408 13.600000 0.7255, -0.2948, 1.1728, 0.9991, -0.0323, 0.0211, -0.0199
72 409 13.640000 0.7027, -0.3192, 1.2211, 0.9986, -0.0444, 0.0206, -0.0197
72 410 13.670000 0.6858, -0.3370, 1.2544, 0.9985, -0.0461, 0.0198, -0.0196
72 411 13.700000 0.6693, -0.3541, 1.2856, 0.9979, -0.0591, 0.0187, -0.0193
72 412 13.740000 0.6477, -0.3756, 1.3243, 0.9975, -0.0656, 0.0174, -0.0190
72 413 13.770000 0.6318, -0.3908, 1.3515, 0.9974, -0.0671, 0.0162, -0.0189
72 414 13.800000 0.6161, -0.4048, 1.3775, 0.9968, -0.0768, 0.0149, -0.0185
72 415 13.840000 0.5957, -0.4217, 1.4107, 0.9963, -0.0832, 0.0123, -0.0181
72 416 13.870000 0.5806, -0.4329, 1.4348, 0.9965, -0.0814, 0.0104, -0.0179
72 417 13.900000 0.5657, -0.4426, 1.4586, 0.9957, -0.0902, 0.0086, -0.0174
72 418 13.940000 0.5462, -0.4531, 1.4902, 0.9953, -0.0956, 0.0060, -0.0169
72 419 13.970000 0.5317, -0.4591, 1.5137, 0.9957, -0.0908, 0.0038, -0.0165
72 420 14.000000 0.5173, -0.4637, 1.5360, 0.9948, -0.1007, 0.0017, -0.0160
72 421 14.040000 0.4981, -0.4682, 1.5601, 0.9945, -0.1039, -0.0013, -0.0153
72 422 14.070000 0.4838, -0.4708, 1.5717, 0.9947, -0.1020, -0.0031, -0.0148
72 423 14.100000 0.4694, -0.4727, 1.5776, 0.9945, -0.1038, -0.0046, -0.0143
72 424 14.140000 0.4502, -0.4743, 1.5763, 0.9946, -0.1028, -0.0062, -0.0137
72 425 14.170000 0.4358, -0.4748, 1.5687, 0.9949, -0.0994, -0.0071, -0.0133
72 426 14.200000 0.4213, -0.4746, 1.5553, 0.9949, -0.0995, -0.0077, -0.0129
72 427 14.240000 0.4019, -0.4734, 1.5285, 0.9953, -0.0961, -0.0081, -0.0125
72 428 14.270000 0.3874, -0.4719, 1.5014, 0.9957, -0.0912, -0.0080, -0.0121
72 429 14.300000 0.3728, -0.4699, 1.4680, 0.9959, -0.0895, -0.0075, -0.0118
72 430 14.340000 0.3533, -0.4666, 1.4127, 0.9963, -0.0845, -0.0064, -0.0114
72 431 14.370000 0.3386, -0.4640, 1.3624, 0.9967, -0.0799, -0.0052, -0.0112
72 432 14.400000 0.3240, -0.4612, 1.3038, 0.9970, -0.0766, -0.0036, -0.0110
72 433 14.440000 0.3045, -0.4576, 1.2120, 0.9973, -0.0724, -0.0006, -0.0107
72 434 14.470000 0.2898, -0.4548, 1.1329, 0.9975, -0.0692, 0.0017, -0.0106
72 435 14.500000 0.2752, -0.4517, 1.0477, 0.9978, -0.0659, 0.0043, -0.0105
72 436 14.540000 0.2559, -0.4454, 0.9366, 0.9981, -0.0605, 0.0078, -0.0103
72 437 14.570000 0.2417, -0.4384, 0.8612, 0.9983, -0.0558, 0.0102, -0.0102
72 438 14.600000 0.2278, -0.4296, 0.7937, 0.9986, -0.0509, 0.0124, -0.0101
72 439 14.640000 0.2100, -0.4153, 0.7149, 0.9989, -0.0443, 0.0150, -0.0100
72 440 14.670000 0.1972, -0.4029, 0.6634, 0.9990, -0.0396, 0.0166, -0.0099
72 441 14.700000 0.1849, -0.3894, 0.6177, 0.9992, -0.0353, 0.0180, -0.0098
72 442 14.740000 0.1693, -0.3699, 0.5653, 0.9993, -0.0303, 0.0194, -0.0097
72 443 14.770000 0.1583, -0.3542, 0.5318, 0.9994, -0.0272, 0.0202, -0.0096
72 444 14.800000 0.1478, -0.3378, 0.5030, 0.9994, -0.0246, 0.0208, -0.0095
72 445 14.840000 0.1346, -0.3149, 0.4716, 0.9995, -0.0220, 0.0213, -0.0094
72 446 14.870000 0.1254, -0.2971, 0.4530, 0.9995, -0.0206, 0.0215, -0.0093
72 447 14.900000 0.1168, -0.2787, 0.4386, 0.9995, -0.0197, 0.0216, -0.0093
72 448 14.940000 0.1062, -0.2534, 0.4258, 0.9995, -0.0190, 0.0216, -0.0092
72 449 14.970000 0.0988, -0.2339, 0.4208, 0.9995, -0.0188, 0.0215, -0.0092
