84 0 0.010000 3.0735, -1.3620, 2.1556, 1.0000, 0.0000, 0.0000, 0.0000
84 1 0.040000 3.0735, -1.3620, 2.1484, 1.0000, 0.0000, 0.0000, 0.0000
84 2 0.070000 3.0735, -1.3620, 2.1324, 1.0000, 0.0000, 0.0000, 0.0000
84 3 0.110000 3.0735, -1.3620, 2.0973, 1.0000, 0.0000, 0.0000, 0.0000
84 4 0.140000 3.0735, -1.3620, 2.0606, 1.0000, 0.0000, 0.0000, 0.0000
84 5 0.170000 3.0735, -1.3620, 2.0152, 1.0000, 0.0000, 0.0000, 0.0000
84 6 0.200000 3.0735, -1.3620, 1.9615, 1.0000, -0.0094, -0.0026, 0.0014
84 7 0.240000 3.0734, -1.3616, 1.8876, 0.9992, -0.0367, -0.0176, 0.0052
84 8 0.270000 3.0727, -1.3602, 1.8374, 0.9983, -0.0522, -0.0266, 0.0077
84 9 0.310000 3.0706, -1.3559, 1.7809, 0.9972, -0.0653, -0.0336, 0.0105
84 10 0.340000 3.0677, -1.3503, 1.7465, 0.9969, -0.0701, -0.0348, 0.0122
84 11 0.370000 3.0638, -1.3426, 1.7182, 0.9966, -0.0717, -0.0373, 0.0138
84 12 0.400000 3.0588, -1.3328, 1.6952, 0.9968, -0.0703, -0.0345, 0.0149
84 13 0.440000 3.0507, -1.3170, 1.6714, 0.9972, -0.0652, -0.0320, 0.0161
84 14 0.470000 3.0435, -1.3032, 1.6577, 0.9974, -0.0628, -0.0296, 0.0170
84 15 0.500000 3.0357, -1.2880, 1.6469, 0.9978, -0.0579, -0.0257, 0.0169
84 16 0.540000 3.0243, -1.2656, 1.6360, 0.9985, -0.0483, -0.0185, 0.0174
84 17 0.570000 3.0151, -1.2477, 1.6301, 0.9987, -0.0402, -0.0240, 0.0177
84 18 0.610000 3.0022, -1.2224, 1.6249, 0.9993, -0.0286, -0.0153, 0.0185
84 19 0.640000 2.9922, -1.2027, 1.6230, 0.9996, -0.0188, -0.0058, 0.0188
84 20 0.670000 2.9821, -1.1826, 1.6229, 0.9998, -0.0080, -0.0050, 0.0199
84 21 0.700000 2.9718, -1.1624, 1.6248, 0.9998, 0.0025, 0.0038, 0.0203
84 22 0.740000 2.9582, -1.1355, 1.6305, 0.9995, 0.0165, 0.0143, 0.0221
84 23 0.770000 2.9483, -1.1157, 1.6376, 0.9993, 0.0285, 0.0052, 0.0226
84 24 0.800000 2.9385, -1.0965, 1.6473, 0.9988, 0.0385, 0.0178, 0.0246
84 25 0.840000 2.9261, -1.0724, 1.6647, 0.9980, 0.0534, 0.0225, 0.0262
84 26 0.870000 2.9173, -1.0559, 1.6814, 0.9975, 0.0640, 0.0152, 0.0278
84 27 0.900000 2.9091, -1.0408, 1.7015, 0.9965, 0.0721, 0.0291, 0.0297
84 28 0.940000 2.8991, -1.0235, 1.7334, 0.9955, 0.0821, 0.0341, 0.0328
84 29 0.970000 2.8925, -1.0127, 1.7608, 0.9952, 0.0875, 0.0287, 0.0337
84 30 1.000000 2.8866, -1.0037, 1.7901, 0.9945, 0.0896, 0.0403, 0.0370
84 31 1.040000 2.8800, -0.9942, 1.8293, 0.9943, 0.0903, 0.0406, 0.0392
84 32 1.070000 2.8757, -0.9888, 1.8573, 0.9945, 0.0928, 0.0273, 0.0395
84 33 1.110000 2.8707, -0.9835, 1.8919, 0.9944, 0.0952, 0.0196, 0.0405
84 34 1.140000 2.8675, -0.9812, 1.9160, 0.9943, 0.0957, 0.0228, 0.0417
84 35 1.170000 2.8646, -0.9803, 1.9386, 0.9944, 0.0960, 0.0163, 0.0421
84 36 1.210000 2.8612, -0.9813, 1.9669, 0.9945, 0.0956, 0.0090, 0.0421
84 37 1.240000 2.8590, -0.9839, 1.9871, 0.9945, 0.0946, 0.0136, 0.0431
84 38 1.270000 2.8571, -0.9880, 2.0067, 0.9947, 0.0934, 0.0086, 0.0427
84 39 1.310000 2.8549, -0.9959, 2.0320, 0.9949, 0.0913, 0.0061, 0.0426
84 40 1.340000 2.8535, -1.0038, 2.0508, 0.9950, 0.0888, 0.0127, 0.0429
84 41 1.370000 2.8524, -1.0131, 2.0695, 0.9954, 0.0863, 0.0053, 0.0419
84 42 1.410000 2.8513, -1.0280, 2.0946, 0.9959, 0.0812, 0.0035, 0.0409
84 43 1.440000 2.8506, -1.0409, 2.1136, 0.9962, 0.0770, 0.0096, 0.0406
84 44 1.470000 2.8501, -1.0552, 2.1327, 0.9966, 0.0727, 0.0013, 0.0390
84 45 1.510000 2.8497, -1.0762, 2.1578, 0.9971, 0.0666, 0.0031, 0.0375
84 46 1.540000 2.8495, -1.0932, 2.1756, 0.9974, 0.0612, 0.0057, 0.0366
84 47 1.570000 2.8494, -1.1112, 2.1922, 0.9978, 0.0556, -0.0022, 0.0349
84 48 1.610000 2.8494, -1.1364, 2.2125, 0.9983, 0.0476, -0.0098, 0.0333
84 49 1.640000 2.8492, -1.1562, 2.2264, 0.9986, 0.0414, -0.0067, 0.0323
84 50 1.670000 2.8490, -1.1767, 2.2393, 0.9987, 0.0357, -0.0183, 0.0309
84 51 1.710000 2.8483, -1.2048, 2.2553, 0.9990, 0.0265, -0.0218, 0.0293
84 52 1.740000 2.8474, -1.2265, 2.2664, 0.9992, 0.0196, -0.0212, 0.0286
84 53 1.770000 2.8461, -1.2485, 2.2771, 0.9990, 0.0129, -0.0333, 0.0272
84 54 1.810000 2.8436, -1.2782, 2.2909, 0.9990, 0.0044, -0.0370, 0.0260
84 55 1.840000 2.8411, -1.3006, 2.3009, 0.9991, -0.0026, -0.0353, 0.0249
84 56 1.870000 2.8379, -1.3230, 2.3109, 0.9987, -0.0097, -0.0438, 0.0240
84 57 1.910000 2.8325, -1.3526, 2.3241, 0.9984, -0.0193, -0.0470, 0.0227
84 58 1.940000 2.8275, -1.3744, 2.3340, 0.9986, -0.0267, -0.0413, 0.0218
84 59 1.970000 2.8218, -1.3957, 2.3439, 0.9980, -0.0339, -0.0491, 0.0210
84 60 2.010000 2.8129, -1.4234, 2.3562, 0.9976, -0.0436, -0.0505, 0.0201
84 61 2.040000 2.8054, -1.4433, 2.3641, 0.9974, -0.0507, -0.0475, 0.0190
84 62 2.070000 2.7971, -1.4626, 2.3704, 0.9965, -0.0574, -0.0577, 0.0188
84 63 2.110000 2.7848, -1.4870, 2.3763, 0.9959, -0.0659, -0.0588, 0.0174
84 64 2.140000 2.7746, -1.5042, 2.3788, 0.9957, -0.0720, -0.0560, 0.0165
84 65 2.170000 2.7636, -1.5203, 2.3795, 0.9951, -0.0776, -0.0598, 0.0157
84 66 2.210000 2.7475, -1.5402, 2.3780, 0.9946, -0.0837, -0.0594, 0.0145
84 67 2.240000 2.7345, -1.5537, 2.3748, 0.9947, -0.0880, -0.0518, 0.0130
84 68 2.270000 2.7207, -1.5659, 2.3698, 0.9942, -0.0920, -0.0537, 0.0123
84 69 2.310000 2.7011, -1.5802, 2.3603, 0.9940, -0.0970, -0.0497, 0.0109
84 70 2.340000 2.6857, -1.5894, 2.3507, 0.9941, -0.0999, -0.0402, 0.0092
84 71 2.370000 2.6697, -1.5972, 2.3390, 0.9939, -0.1023, -0.0402, 0.0085
84 72 2.410000 2.6475, -1.6056, 2.3197, 0.9940, -0.1047, -0.0319, 0.0067
84 73 2.440000 2.6304, -1.6103, 2.3024, 0.9942, -0.1058, -0.0201, 0.0049
84 74 2.470000 2.6130, -1.6135, 2.2830, 0.9942, -0.1065, -0.0162, 0.0038
84 75 2.510000 2.5895, -1.6153, 2.2547, 0.9943, -0.1064, -0.0039, 0.0017
84 76 2.540000 2.5718, -1.6146, 2.2331, 0.9943, -0.1061, 0.0086, -0.0002
84 77 2.570000 2.5542, -1.6118, 2.2120, 0.9944, -0.1053, 0.0064, -0.0005
84 78 2.610000 2.5310, -1.6050, 2.1850, 0.9945, -0.1036, 0.0123, -0.0016
84 79 2.640000 2.5140, -1.5975, 2.1655, 0.9946, -0.1014, 0.0230, -0.0031
84 80 2.670000 2.4974, -1.5881, 2.1465, 0.9949, -0.0986, 0.0207, -0.0031
84 81 2.710000 2.4759, -1.5727, 2.1218, 0.9952, -0.0938, 0.0268, -0.0041
84 82 2.740000 2.4605, -1.5591, 2.1034, 0.9952, -0.0897, 0.0391, -0.0055
84 83 2.770000 2.4456, -1.5440, 2.0848, 0.9956, -0.0851, 0.0394, -0.0059
84 84 2.800000 2.4315, -1.5274, 2.0659, 0.9953, -0.0799, 0.0532, -0.0073
84 85 2.840000 2.4140, -1.5032, 2.0396, 0.9957, -0.0730, 0.0562, -0.0082
84 86 2.870000 2.4019, -1.4838, 2.0187, 0.9963, -0.0670, 0.0537, -0.0083
84 87 2.900000 2.3907, -1.4633, 1.9965, 0.9964, -0.0608, 0.0590, -0.0093
84 88 2.940000 2.3770, -1.4346, 1.9647, 0.9968, -0.0525, 0.0589, -0.0098
84 89 2.970000 2.3677, -1.4121, 1.9393, 0.9976, -0.0469, 0.0503, -0.0099
84 90 3.000000 2.3593, -1.3889, 1.9132, 0.9977, -0.0412, 0.0526, -0.0104
84 91 3.040000 2.3496, -1.3567, 1.8793, 0.9982, -0.0340, 0.0487, -0.0107
84 92 3.070000 2.3434, -1.3318, 1.8557, 0.9987, -0.0282, 0.0412, -0.0108
84 93 3.100000 2.3382, -1.3062, 1.8340, 0.9985, -0.0222, 0.0492, -0.0116
84 94 3.140000 2.3327, -1.2714, 1.8077, 0.9987, -0.0156, 0.0465, -0.0123
84 95 3.170000 2.3297, -1.2449, 1.7899, 0.9991, -0.0096, 0.0384, -0.0128
84 96 3.200000 2.3275, -1.2183, 1.7737, 0.9991, -0.0040, 0.0389, -0.0138
84 97 3.240000 2.3258, -1.1826, 1.7543, 0.9993, 0.0036, 0.0353, -0.0146
84 98 3.270000 2.3252, -1.1559, 1.7412, 0.9996, 0.0077, 0.0228, -0.0155
84 99 3.300000 2.3251, -1.1294, 1.7294, 0.9995, 0.0121, 0.0258, -0.0163
84 100 3.340000 2.3257, -1.0945, 1.7155, 0.9995, 0.0161, 0.0194, -0.0175
84 101 3.370000 2.3266, -1.0686, 1.7062, 0.9996, 0.0186, 0.0057, -0.0187
84 102 3.400000 2.3276, -1.0431, 1.6980, 0.9996, 0.0213, 0.0054, -0.0197
84 103 3.440000 2.3289, -1.0098, 1.6883, 0.9995, 0.0240, -0.0022, -0.0213
84 104 3.470000 2.3298, -0.9853, 1.6819, 0.9994, 0.0248, -0.0101, -0.0226
84 105 3.500000 2.3306, -0.9613, 1.6758, 0.9994, 0.0258, -0.0050, -0.0237
84 106 3.540000 2.3314, -0.9300, 1.6677, 0.9993, 0.0261, -0.0053, -0.0252
84 107 3.570000 2.3319, -0.9070, 1.6613, 0.9993, 0.0257, -0.0107, -0.0263
84 108 3.600000 2.3321, -0.8845, 1.6543, 0.9993, 0.0256, -0.0028, -0.0270
84 109 3.640000 2.3324, -0.8550, 1.6439, 0.9993, 0.0248, 0.0005, -0.0277
84 110 3.670000 2.3325, -0.8334, 1.6353, 0.9993, 0.0239, -0.0013, -0.0283
84 111 3.700000 2.3326, -0.8122, 1.6260, 0.9993, 0.0233, 0.0107, -0.0283
84 112 3.740000 2.3329, -0.7845, 1.6120, 0.9992, 0.0223, 0.0200, -0.0283
84 113 3.770000 2.3334, -0.7641, 1.6003, 0.9992, 0.0216, 0.0194, -0.0283
84 114 3.800000 2.3343, -0.7441, 1.5874, 0.9990, 0.0213, 0.0285, -0.0281
84 115 3.840000 2.3360, -0.7179, 1.5681, 0.9989, 0.0212, 0.0316, -0.0277
84 116 3.870000 2.3378, -0.6986, 1.5516, 0.9990, 0.0214, 0.0271, -0.0274
84 117 3.900000 2.3400, -0.6797, 1.5334, 0.9989, 0.0221, 0.0318, -0.0269
84 118 3.940000 2.3435, -0.6549, 1.5063, 0.9989, 0.0238, 0.0293, -0.0262
84 119 3.970000 2.3466, -0.6367, 1.4839, 0.9991, 0.0256, 0.0212, -0.0256
84 120 4.000000 2.3500, -0.6189, 1.4604, 0.9991, 0.0281, 0.0206, -0.0248
84 121 4.040000 2.3550, -0.5960, 1.4290, 0.9991, 0.0319, 0.0144, -0.0238
84 122 4.070000 2.3590, -0.5795, 1.4065, 0.9991, 0.0338, 0.0060, -0.0235
84 123 4.100000 2.3632, -0.5637, 1.3850, 0.9990, 0.0354, 0.0125, -0.0226
84 124 4.140000 2.3691, -0.5437, 1.3577, 0.9990, 0.0362, 0.0113, -0.0221
84 125 4.170000 2.3736, -0.5295, 1.3381, 0.9991, 0.0364, 0.0024, -0.0221
84 126 4.200000 2.3782, -0.5160, 1.3190, 0.9991, 0.0363, 0.0072, -0.0216
84 127 4.240000 2.3845, -0.4991, 1.2939, 0.9991, 0.0359, 0.0029, -0.0217
84 128 4.270000 2.3891, -0.4871, 1.2750, 0.9991, 0.0345, -0.0080, -0.0220
84 129 4.300000 2.3937, -0.4757, 1.2558, 0.9992, 0.0328, -0.0065, -0.0222
84 130 4.340000 2.3996, -0.4613, 1.2294, 0.9992, 0.0293, -0.0121, -0.0227
84 131 4.370000 2.4037, -0.4510, 1.2087, 0.9992, 0.0261, -0.0204, -0.0236
84 132 4.400000 2.4075, -0.4412, 1.1868, 0.9993, 0.0230, -0.0162, -0.0240
84 133 4.440000 2.4121, -0.4286, 1.1558, 0.9994, 0.0182, -0.0170, -0.0252
84 134 4.470000 2.4152, -0.4195, 1.1314, 0.9993, 0.0138, -0.0224, -0.0261
84 135 4.500000 2.4179, -0.4106, 1.1067, 0.9994, 0.0097, -0.0167, -0.0272
84 136 4.540000 2.4210, -0.3990, 1.0760, 0.9995, 0.0044, -0.0144, -0.0286
84 137 4.570000 2.4228, -0.3905, 1.0560, 0.9993, 0.0002, -0.0228, -0.0294
84 138 4.600000 2.4242, -0.3819, 1.0387, 0.9994, -0.0032, -0.0143, -0.0301
84 139 4.640000 2.4253, -0.3703, 1.0201, 0.9994, -0.0078, -0.0157, -0.0306
84 140 4.670000 2.4256, -0.3614, 1.0093, 0.9991, -0.0110, -0.0258, -0.0309
84 141 4.700000 2.4254, -0.3523, 1.0010, 0.9993, -0.0133, -0.0178, -0.0309
84 142 4.740000 2.4245, -0.3396, 0.9937, 0.9992, -0.0161, -0.0182, -0.0310
84 143 4.770000 2.4232, -0.3296, 0.9909, 0.9990, -0.0174, -0.0262, -0.0304
84 144 4.800000 2.4214, -0.3192, 0.9906, 0.9993, -0.0177, -0.0161, -0.0303
84 145 4.840000 2.4183, -0.3048, 0.9937, 0.9994, -0.0160, -0.0133, -0.0293
84 146 4.870000 2.4156, -0.2936, 0.9989, 0.9993, -0.0149, -0.0197, -0.0284
84 147 4.900000 2.4125, -0.2819, 1.0066, 0.9995, -0.0129, -0.0086, -0.0274
84 148 4.940000 2.4079, -0.2659, 1.0206, 0.9996, -0.0116, -0.0079, -0.0259
84 149 4.970000 2.4042, -0.2536, 1.0338, 0.9995, -0.0084, -0.0162, -0.0246
84 150 5.000000 2.4002, -0.2411, 1.0489, 0.9997, -0.0047, -0.0078, -0.0231
84 151 5.040000 2.3945, -0.2244, 1.0705, 0.9997, 0.0033, -0.0094, -0.0215
84 152 5.070000 2.3900, -0.2119, 1.0870, 0.9997, 0.0072, -0.0157, -0.0199
84 153 5.100000 2.3852, -0.1995, 1.1036, 0.9997, 0.0110, -0.0110, -0.0193
84 154 5.140000 2.3784, -0.1833, 1.1261, 0.9997, 0.0157, -0.0107, -0.0178
84 155 5.170000 2.3731, -0.1714, 1.1435, 0.9995, 0.0188, -0.0181, -0.0179
84 156 5.200000 2.3674, -0.1599, 1.1615, 0.9996, 0.0218, -0.0113, -0.0169
84 157 5.240000 2.3594, -0.1452, 1.1868, 0.9995, 0.0242, -0.0094, -0.0171
84 158 5.270000 2.3530, -0.1347, 1.2071, 0.9994, 0.0260, -0.0175, -0.0169
84 159 5.300000 2.3464, -0.1248, 1.2287, 0.9994, 0.0282, -0.0077, -0.0173
84 160 5.340000 2.3372, -0.1125, 1.2600, 0.9993, 0.0304, -0.0089, -0.0176
84 161 5.370000 2.3299, -0.1040, 1.2858, 0.9992, 0.0301, -0.0168, -0.0186
84 162 5.400000 2.3223, -0.0961, 1.3139, 0.9994, 0.0289, -0.0092, -0.0191
84 163 5.440000 2.3118, -0.0867, 1.3550, 0.9994, 0.0264, -0.0073, -0.0205
84 164 5.470000 2.3036, -0.0802, 1.3882, 0.9993, 0.0227, -0.0177, -0.0219
84 165 5.500000 2.2951, -0.0742, 1.4223, 0.9995, 0.0189, -0.0094, -0.0232
84 166 5.540000 2.2834, -0.0666, 1.4649, 0.9996, 0.0141, -0.0073, -0.0248
84 167 5.570000 2.2746, -0.0611, 1.4926, 0.9996, 0.0115, -0.0029, -0.0258
84 168 5.600000 2.2657, -0.0557, 1.5161, 0.9996, 0.0100, 0.0092, -0.0267
84 169 5.640000 2.2540, -0.0487, 1.5412, 0.9994, 0.0090, 0.0203, -0.0279
84 170 5.670000 2.2455, -0.0435, 1.5557, 0.9993, 0.0088, 0.0241, -0.0288
84 171 5.700000 2.2372, -0.0384, 1.5665, 0.9989, 0.0097, 0.0342, -0.0296
84 172 5.740000 2.2266, -0.0318, 1.5757, 0.9986, 0.0117, 0.0418, -0.0307
84 173 5.770000 2.2192, -0.0270, 1.5786, 0.9985, 0.0139, 0.0428, -0.0315
84 174 5.800000 2.2123, -0.0224, 1.5782, 0.9980, 0.0171, 0.0507, -0.0323
84 175 5.840000 2.2039, -0.0166, 1.5722, 0.9977, 0.0224, 0.0553, -0.0335
84 176 5.870000 2.1983, -0.0125, 1.5635, 0.9976, 0.0271, 0.0545, -0.0344
84 177 5.900000 2.1932, -0.0087, 1.5511, 0.9970, 0.0329, 0.0603, -0.0352
84 178 5.940000 2.1873, -0.0042, 1.5286, 0.9965, 0.0415, 0.0627, -0.0364
84 179 5.970000 2.1836, -0.0013, 1.5075, 0.9963, 0.0487, 0.0607, -0.0374
84 180 6.000000 2.1806, 0.0009, 1.4837, 0.9955, 0.0570, 0.0649, -0.0383
84 181 6.040000 2.1782, 0.0023, 1.4507, 0.9949, 0.0662, 0.0649, -0.0393
84 182 6.070000 2.1777, 0.0019, 1.4265, 0.9949, 0.0712, 0.0581, -0.0404
84 183 6.100000 2.1784, 0.0001, 1.4031, 0.9941, 0.0769, 0.0645, -0.0406
84 184 6.140000 2.1810, -0.0047, 1.3731, 0.9933, 0.0843, 0.0671, -0.0410
84 185 6.170000 2.1842, -0.0103, 1.3511, 0.9935, 0.0884, 0.0578, -0.0424
84 186 6.200000 2.1886, -0.0175, 1.3293, 0.9928, 0.0928, 0.0631, -0.0423
84 187 6.240000 2.1959, -0.0298, 1.3003, 0.9926, 0.0973, 0.0577, -0.0431
84 188 6.270000 2.2024, -0.0410, 1.2782, 0.9930, 0.0994, 0.0458, -0.0445
84 189 6.300000 2.2096, -0.0539, 1.2556, 0.9928, 0.1013, 0.0454, -0.0446
84 190 6.340000 2.2202, -0.0738, 1.2242, 0.9932, 0.1022, 0.0330, -0.0457
84 191 6.370000 2.2287, -0.0905, 1.1992, 0.9935, 0.1019, 0.0177, -0.0472
84 192 6.400000 2.2374, -0.1088, 1.1728, 0.9936, 0.1017, 0.0117, -0.0477
84 193 6.440000 2.2490, -0.1356, 1.1350, 0.9937, 0.1008, -0.0056, -0.0492
84 194 6.470000 2.2576, -0.1573, 1.1047, 0.9934, 0.0996, -0.0254, -0.0510
84 195 6.500000 2.2657, -0.1806, 1.0735, 0.9931, 0.0980, -0.0370, -0.0518
84 196 6.540000 2.2751, -0.2146, 1.0328, 0.9925, 0.0955, -0.0541, -0.0534
84 197 6.570000 2.2806, -0.2423, 1.0043, 0.9913, 0.0934, -0.0747, -0.0548
84 198 6.600000 2.2845, -0.2721, 0.9778, 0.9916, 0.0903, -0.0740, -0.0549
84 199 6.640000 2.2867, -0.3147, 0.9454, 0.9909, 0.0847, -0.0891, -0.0556
84 200 6.670000 2.2861, -0.3487, 0.9229, 0.9900, 0.0785, -0.1029, -0.0570
84 201 6.700000 2.2832, -0.3841, 0.9019, 0.9906, 0.0717, -0.1019, -0.0564
84 202 6.740000 2.2759, -0.4335, 0.8757, 0.9909, 0.0603, -0.1061, -0.0571
84 203 6.770000 2.2678, -0.4718, 0.8573, 0.9898, 0.0512, -0.1199, -0.0575
84 204 6.800000 2.2573, -0.5110, 0.8398, 0.9914, 0.0429, -0.1093, -0.0572
84 205 6.840000 2.2398, -0.5643, 0.8175, 0.9915, 0.0289, -0.1133, -0.0565
84 206 6.870000 2.2241, -0.6049, 0.8013, 0.9919, 0.0178, -0.1122, -0.0569
84 207 6.900000 2.2064, -0.6456, 0.7854, 0.9930, 0.0063, -0.1044, -0.0557
84 208 6.940000 2.1797, -0.7000, 0.7644, 0.9939, -0.0101, -0.0955, -0.0552
84 209 6.970000 2.1575, -0.7405, 0.7488, 0.9934, -0.0231, -0.0989, -0.0539
84 210 7.000000 2.1336, -0.7804, 0.7337, 0.9943, -0.0363, -0.0845, -0.0532
84 211 7.040000 2.0989, -0.8323, 0.7160, 0.9945, -0.0524, -0.0751, -0.0518
84 212 7.070000 2.0709, -0.8697, 0.7056, 0.9939, -0.0635, -0.0750, -0.0506
84 213 7.100000 2.0413, -0.9056, 0.6979, 0.9939, -0.0742, -0.0649, -0.0496
84 214 7.140000 1.9994, -0.9506, 0.6918, 0.9933, -0.0875, -0.0574, -0.0487
84 215 7.170000 1.9665, -0.9819, 0.6904, 0.9923, -0.0964, -0.0614, -0.0470
84 216 7.200000 1.9323, -1.0109, 0.6916, 0.9924, -0.1033, -0.0471, -0.0471
84 217 7.240000 1.8850, -1.0457, 0.6974, 0.9920, -0.1115, -0.0379, -0.0465
84 218 7.270000 1.8485, -1.0687, 0.7048, 0.9914, -0.1166, -0.0377, -0.0454
84 219 7.300000 1.8114, -1.0890, 0.7149, 0.9914, -0.1207, -0.0180, -0.0465
84 220 7.340000 1.7613, -1.1115, 0.7328, 0.9911, -0.1243, -0.0048, -0.0466
84 221 7.370000 1.7236, -1.1248, 0.7497, 0.9910, -0.1256, -0.0028, -0.0457
84 222 7.400000 1.6860, -1.1351, 0.7697, 0.9909, -0.1255, 0.0150, -0.0471
84 223 7.440000 1.6366, -1.1441, 0.8014, 0.9906, -0.1248, 0.0295, -0.0477
84 224 7.470000 1.6004, -1.1472, 0.8287, 0.9909, -0.1238, 0.0261, -0.0467
84 225 7.500000 1.5650, -1.1476, 0.8583, 0.9904, -0.1220, 0.0443, -0.0483
84 226 7.540000 1.5192, -1.1446, 0.8988, 0.9905, -0.1175, 0.0522, -0.0488
84 227 7.570000 1.4859, -1.1399, 0.9287, 0.9905, -0.1129, 0.0609, -0.0489
84 228 7.600000 1.4538, -1.1334, 0.9580, 0.9897, -0.1075, 0.0799, -0.0509
84 229 7.640000 1.4133, -1.1220, 0.9964, 0.9891, -0.1005, 0.0944, -0.0517
84 230 7.670000 1.3848, -1.1114, 1.0252, 0.9895, -0.0948, 0.0962, -0.0517
84 231 7.700000 1.3583, -1.0991, 1.0542, 0.9886, -0.0883, 0.1100, -0.0525
84 232 7.740000 1.3263, -1.0803, 1.0937, 0.9884, -0.0789, 0.1185, -0.0530
84 233 7.770000 1.3051, -1.0645, 1.1244, 0.9893, -0.0716, 0.1162, -0.0524
84 234 7.800000 1.2864, -1.0473, 1.1563, 0.9884, -0.0638, 0.1273, -0.0530
84 235 7.840000 1.2658, -1.0224, 1.2015, 0.9885, -0.0539, 0.1310, -0.0526
84 236 7.870000 1.2537, -1.0026, 1.2379, 0.9900, -0.0466, 0.1223, -0.0518
84 237 7.900000 1.2446, -0.9817, 1.2769, 0.9894, -0.0383, 0.1303, -0.0516
84 238 7.940000 1.2373, -0.9528, 1.3335, 0.9901, -0.0266, 0.1283, -0.0508
84 239 7.970000 1.2354, -0.9305, 1.3793, 0.9917, -0.0185, 0.1172, -0.0497
84 240 8.000000 1.2361, -0.9079, 1.4271, 0.9906, -0.0094, 0.1277, -0.0490
84 241 8.040000 1.2403, -0.8777, 1.4898, 0.9924, 0.0009, 0.1134, -0.0473
84 242 8.070000 1.2452, -0.8551, 1.5342, 0.9943, 0.0077, 0.0955, -0.0459
84 243 8.100000 1.2514, -0.8327, 1.5762, 0.9954, 0.0131, 0.0844, -0.0441
84 244 8.140000 1.2613, -0.8031, 1.6288, 0.9966, 0.0190, 0.0682, -0.0418
84 245 8.170000 1.2698, -0.7813, 1.6662, 0.9977, 0.0225, 0.0491, -0.0398
84 246 8.200000 1.2791, -0.7599, 1.7023, 0.9980, 0.0245, 0.0442, -0.0376
84 247 8.240000 1.2925, -0.7319, 1.7489, 0.9987, 0.0252, 0.0288, -0.0346
84 248 8.270000 1.3030, -0.7115, 1.7832, 0.9991, 0.0247, 0.0139, -0.0326
84 249 8.300000 1.3138, -0.6915, 1.8172, 0.9992, 0.0229, 0.0104, -0.0301
84 250 8.340000 1.3284, -0.6654, 1.8625, 0.9994, 0.0200, -0.0017, -0.0269
84 251 8.370000 1.3392, -0.6463, 1.8968, 0.9994, 0.0162, -0.0157, -0.0247
84 252 8.400000 1.3498, -0.6275, 1.9318, 0.9995, 0.0103, -0.0187, -0.0220
84 253 8.440000 1.3632, -0.6026, 1.9798, 0.9995, 0.0015, -0.0257, -0.0187
84 254 8.470000 1.3727, -0.5841, 2.0169, 0.9991, -0.0054, -0.0399, -0.0159
84 255 8.500000 1.3814, -0.5654, 2.0544, 0.9993, -0.0141, -0.0309, -0.0135
84 256 8.540000 1.3923, -0.5401, 2.1026, 0.9988, -0.0258, -0.0405, -0.0098
84 257 8.570000 1.3997, -0.5208, 2.1366, 0.9982, -0.0345, -0.0491, -0.0075
84 258 8.600000 1.4065, -0.5010, 2.1686, 0.9978, -0.0426, -0.0508, -0.0051
84 259 8.640000 1.4144, -0.4736, 2.2087, 0.9969, -0.0529, -0.0576, -0.0021
84 260 8.670000 1.4192, -0.4521, 2.2373, 0.9960, -0.0595, -0.0661, 0.0002
84 261 8.700000 1.4231, -0.4297, 2.2649, 0.9959, -0.0660, -0.0621, 0.0018
84 262 8.740000 1.4265, -0.3981, 2.3009, 0.9952, -0.0725, -0.0653, 0.0043
84 263 8.770000 1.4277, -0.3730, 2.3276, 0.9943, -0.0764, -0.0734, 0.0067
84 264 8.800000 1.4275, -0.3464, 2.3545, 0.9943, -0.0797, -0.0699, 0.0080
84 265 8.840000 1.4252, -0.3087, 2.3911, 0.9936, -0.0827, -0.0756, 0.0106
84 266 8.870000 1.4215, -0.2785, 2.4196, 0.9928, -0.0826, -0.0856, 0.0131
84 267 8.900000 1.4162, -0.2466, 2.4495, 0.9935, -0.0818, -0.0782, 0.0141
84 268 8.940000 1.4064, -0.2015, 2.4919, 0.9940, -0.0766, -0.0766, 0.0165
84 269 8.970000 1.3970, -0.1658, 2.5254, 0.9937, -0.0705, -0.0848, 0.0190
84 270 9.000000 1.3860, -0.1287, 2.5591, 0.9949, -0.0634, -0.0754, 0.0203
84 271 9.040000 1.3699, -0.0782, 2.5998, 0.9956, -0.0528, -0.0745, 0.0225
84 272 9.070000 1.3571, -0.0398, 2.6248, 0.9964, -0.0446, -0.0678, 0.0236
84 273 9.100000 1.3438, -0.0010, 2.6446, 0.9974, -0.0368, -0.0575, 0.0242
84 274 9.140000 1.3253, 0.0510, 2.6630, 0.9982, -0.0271, -0.0474, 0.0251
84 275 9.170000 1.3110, 0.0903, 2.6711, 0.9985, -0.0203, -0.0438, 0.0255
84 276 9.200000 1.2964, 0.1297, 2.6744, 0.9990, -0.0141, -0.0352, 0.0257
84 277 9.240000 1.2763, 0.1825, 2.6717, 0.9992, -0.0065, -0.0285, 0.0257
84 278 9.270000 1.2610, 0.2221, 2.6642, 0.9993, -0.0012, -0.0268, 0.0255
84 279 9.300000 1.2455, 0.2618, 2.6519, 0.9995, 0.0036, -0.0201, 0.0252
84 280 9.340000 1.2245, 0.3146, 2.6276, 0.9995, 0.0094, -0.0156, 0.0245
84 281 9.370000 1.2087, 0.3541, 2.6032, 0.9995, 0.0132, -0.0150, 0.0238
84 282 9.400000 1.1928, 0.3935, 2.5729, 0.9995, 0.0166, -0.0108, 0.0230
84 283 9.440000 1.1714, 0.4460, 2.5231, 0.9995, 0.0204, -0.0090, 0.0216
84 284 9.470000 1.1554, 0.4852, 2.4789, 0.9995, 0.0228, -0.0099, 0.0204
84 285 9.500000 1.1392, 0.5242, 2.4304, 0.9995, 0.0246, -0.0080, 0.0190
84 286 9.540000 1.1175, 0.5755, 2.3652, 0.9995, 0.0272, -0.0072, 0.0172
84 287 9.570000 1.1009, 0.6133, 2.3186, 0.9994, 0.0291, -0.0093, 0.0157
84 288 9.600000 1.0842, 0.6505, 2.2744, 0.9994, 0.0318, -0.0049, 0.0145
84 289 9.640000 1.0618, 0.6989, 2.2187, 0.9994, 0.0328, -0.0059, 0.0123
84 290 9.670000 1.0447, 0.7346, 2.1788, 0.9993, 0.0328, -0.0121, 0.0104
84 291 9.700000 1.0274, 0.7695, 2.1399, 0.9993, 0.0350, -0.0081, 0.0086
84 292 9.740000 1.0041, 0.8151, 2.0891, 0.9992, 0.0388, -0.0077, 0.0064
84 293 9.770000 0.9864, 0.8484, 2.0513, 0.9990, 0.0426, -0.0105, 0.0054
84 294 9.800000 0.9685, 0.8811, 2.0133, 0.9989, 0.0470, -0.0022, 0.0041
84 295 9.840000 0.9446, 0.9234, 1.9615, 0.9986, 0.0535, 0.0000, 0.0027
84 296 9.870000 0.9266, 0.9542, 1.9214, 0.9982, 0.0591, -0.0044, 0.0009
84 297 9.900000 0.9086, 0.9841, 1.8795, 0.9978, 0.0658, 0.0029, 0.0001
84 298 9.940000 0.8846, 1.0226, 1.8203, 0.9971, 0.0757, 0.0049, -0.0017
84 299 9.970000 0.8666, 1.0503, 1.7735, 0.9965, 0.0840, 0.0039, -0.0031
84 300 10.000000 0.8488, 1.0767, 1.7256, 0.9956, 0.0929, 0.0111, -0.0039
84 301 10.040000 0.8252, 1.1087, 1.6647, 0.9945, 0.1032, 0.0155, -0.0052
84 302 10.070000 0.8079, 1.1297, 1.6234, 0.9940, 0.1088, 0.0110, -0.0078
84 303 10.100000 0.7910, 1.1478, 1.5863, 0.9931, 0.1153, 0.0190, -0.0083
84 304 10.140000 0.7689, 1.1672, 1.5426, 0.9922, 0.1232, 0.0191, -0.0103
84 305 10.170000 0.7527, 1.1782, 1.5139, 0.9919, 0.1262, 0.0115, -0.0121
84 306 10.200000 0.7369, 1.1862, 1.4881, 0.9914, 0.1282, 0.0252, -0.0118
84 307 10.240000 0.7165, 1.1921, 1.4579, 0.9916, 0.1261, 0.0257, -0.0126
84 308 10.270000 0.7018, 1.1932, 1.4380, 0.9921, 0.1230, 0.0183, -0.0148
84 309 10.300000 0.6875, 1.1915, 1.4203, 0.9925, 0.1185, 0.0255, -0.0143
84 310 10.340000 0.6692, 1.1852, 1.3997, 0.9933, 0.1122, 0.0239, -0.0157
84 311 10.370000 0.6559, 1.1776, 1.3862, 0.9943, 0.1040, 0.0136, -0.0170
84 312 10.400000 0.6429, 1.1678, 1.3744, 0.9951, 0.0951, 0.0205, -0.0170
84 313 10.440000 0.6260, 1.1518, 1.3606, 0.9967, 0.0770, 0.0169, -0.0177
84 314 10.470000 0.6137, 1.1379, 1.3517, 0.9977, 0.0637, 0.0089, -0.0192
84 315 10.500000 0.6016, 1.1227, 1.3437, 0.9985, 0.0498, 0.0151, -0.0193
84 316 10.540000 0.5857, 1.1010, 1.3348, 0.9992, 0.0332, 0.0123, -0.0202
84 317 10.570000 0.5740, 1.0838, 1.3292, 0.9996, 0.0190, 0.0040, -0.0208
84 318 10.600000 0.5625, 1.0664, 1.3248, 0.9997, 0.0046, 0.0073, -0.0209
84 319 10.640000 0.5472, 1.0430, 1.3207, 0.9996, -0.0153, 0.0091, -0.0214
84 320 10.670000 0.5359, 1.0257, 1.3189, 0.9994, -0.0286, -0.0003, -0.0216
84 321 10.700000 0.5246, 1.0090, 1.3184, 0.9989, -0.0406, 0.0096, -0.0221
84 322 10.740000 0.5099, 0.9880, 1.3196, 0.9982, -0.0546, 0.0090, -0.0224
84 323 10.770000 0.4989, 0.9736, 1.3219, 0.9976, -0.0651, 0.0037, -0.0220
84 324 10.800000 0.4882, 0.9604, 1.3255, 0.9969, -0.0744, 0.0105, -0.0226
84 325 10.840000 0.4742, 0.9452, 1.3323, 0.9960, -0.0858, 0.0107, -0.0225
84 326 10.870000 0.4638, 0.9359, 1.3390, 0.9954, -0.0928, 0.0022, -0.0219
84 327 10.900000 0.4537, 0.9284, 1.3472, 0.9949, -0.0982, 0.0104, -0.0224
84 328 10.940000 0.4404, 0.9218, 1.3605, 0.9944, -0.1033, 0.0099, -0.0223
84 329 10.970000 0.4307, 0.9192, 1.3722, 0.9942, -0.1055, 0.0017, -0.0211
84 330 11.000000 0.4211, 0.9188, 1.3849, 0.9941, -0.1060, 0.0101, -0.0217
84 331 11.040000 0.4086, 0.9212, 1.4016, 0.9942, -0.1049, 0.0109, -0.0214
84 332 11.070000 0.3993, 0.9249, 1.4128, 0.9944, -0.1036, 0.0094, -0.0210
84 333 11.100000 0.3903, 0.9302, 1.4229, 0.9944, -0.1016, 0.0211, -0.0218
84 334 11.140000 0.3789, 0.9397, 1.4345, 0.9945, -0.0983, 0.0281, -0.0222
84 335 11.170000 0.3707, 0.9487, 1.4420, 0.9948, -0.0951, 0.0291, -0.0219
84 336 11.200000 0.3631, 0.9592, 1.4486, 0.9948, -0.0911, 0.0394, -0.0227
84 337 11.240000 0.3540, 0.9754, 1.4562, 0.9949, -0.0853, 0.0488, -0.0230
84 338 11.270000 0.3481, 0.9892, 1.4611, 0.9954, -0.0803, 0.0477, -0.0229
84 339 11.300000 0.3430, 1.0044, 1.4653, 0.9952, -0.0748, 0.0594, -0.0235
84 340 11.340000 0.3378, 1.0264, 1.4700, 0.9954, -0.0664, 0.0649, -0.0240
84 341 11.370000 0.3351, 1.0443, 1.4729, 0.9959, -0.0594, 0.0632, -0.0237
84 342 11.400000 0.3335, 1.0631, 1.4753, 0.9956, -0.0518, 0.0747, -0.0247
84 343 11.440000 0.3334, 1.0895, 1.4779, 0.9956, -0.0408, 0.0802, -0.0252
84 344 11.470000 0.3348, 1.1101, 1.4791, 0.9962, -0.0322, 0.0770, -0.0255
84 345 11.500000 0.3374, 1.1311, 1.4795, 0.9956, -0.0228, 0.0871, -0.0262
84 346 11.540000 0.3429, 1.1597, 1.4773, 0.9957, -0.0105, 0.0876, -0.0270
84 347 11.570000 0.3484, 1.1812, 1.4732, 0.9962, -0.0012, 0.0828, -0.0274
84 348 11.600000 0.3550, 1.2028, 1.4667, 0.9959, 0.0079, 0.0859, -0.0279
84 349 11.640000 0.3654, 1.2313, 1.4544, 0.9958, 0.0197, 0.0844, -0.0283
84 350 11.670000 0.3745, 1.2524, 1.4424, 0.9962, 0.0277, 0.0776, -0.0287
84 351 11.700000 0.3846, 1.2730, 1.4279, 0.9957, 0.0356, 0.0806, -0.0287
84 352 11.740000 0.3996, 1.2999, 1.4046, 0.9956, 0.0453, 0.0770, -0.0290
84 353 11.770000 0.4119, 1.3193, 1.3840, 0.9957, 0.0522, 0.0707, -0.0292
84 354 11.800000 0.4251, 1.3381, 1.3604, 0.9953, 0.0589, 0.0717, -0.0293
84 355 11.840000 0.4438, 1.3621, 1.3239, 0.9949, 0.0673, 0.0685, -0.0293
84 356 11.870000 0.4586, 1.3793, 1.2922, 0.9950, 0.0731, 0.0618, -0.0297
84 357 11.900000 0.4740, 1.3958, 1.2564, 0.9945, 0.0788, 0.0626, -0.0295
84 358 11.940000 0.4954, 1.4166, 1.2015, 0.9941, 0.0859, 0.0591, -0.0297
84 359 11.970000 0.5120, 1.4314, 1.1551, 0.9939, 0.0909, 0.0544, -0.0299
84 360 12.000000 0.5292, 1.4451, 1.1055, 0.9935, 0.0954, 0.0550, -0.0297
84 361 12.040000 0.5535, 1.4606, 1.0395, 0.9932, 0.0999, 0.0525, -0.0295
84 362 12.070000 0.5730, 1.4696, 0.9925, 0.9933, 0.1023, 0.0457, -0.0298
84 363 12.100000 0.5936, 1.4761, 0.9481, 0.9928, 0.1040, 0.0513, -0.0288
84 364 12.140000 0.6225, 1.4812, 0.8922, 0.9922, 0.1085, 0.0553, -0.0280
84 365 12.170000 0.6454, 1.4824, 0.8520, 0.9926, 0.1086, 0.0465, -0.0286
84 366 12.200000 0.6692, 1.4813, 0.8130, 0.9922, 0.1090, 0.0530, -0.0277
84 367 12.240000 0.7023, 1.4766, 0.7620, 0.9927, 0.1068, 0.0494, -0.0277
84 368 12.270000 0.7281, 1.4707, 0.7241, 0.9934, 0.1046, 0.0373, -0.0288
84 369 12.300000 0.7546, 1.4628, 0.6861, 0.9935, 0.1020, 0.0417, -0.0282
84 370 12.340000 0.7908, 1.4497, 0.6347, 0.9941, 0.0976, 0.0369, -0.0285
84 371 12.370000 0.8186, 1.4380, 0.5950, 0.9949, 0.0925, 0.0280, -0.0292
84 372 12.400000 0.8468, 1.4249, 0.5540, 0.9954, 0.0870, 0.0295, -0.0289
84 373 12.440000 0.8849, 1.4055, 0.4963, 0.9962, 0.0774, 0.0254, -0.0292
84 374 12.470000 0.9138, 1.3897, 0.4508, 0.9970, 0.0695, 0.0189, -0.0298
84 375 12.500000 0.9431, 1.3728, 0.4038, 0.9974, 0.0609, 0.0227, -0.0296
84 376 12.540000 0.9826, 1.3485, 0.3422, 0.9980, 0.0517, 0.0217, -0.0298
84 377 12.570000 1.0126, 1.3290, 0.2983, 0.9984, 0.0455, 0.0137, -0.0302
84 378 12.600000 1.0430, 1.3084, 0.2564, 0.9985, 0.0385, 0.0236, -0.0296
84 379 12.640000 1.0842, 1.2798, 0.2030, 0.9988, 0.0281, 0.0268, -0.0293
84 380 12.670000 1.1156, 1.2576, 0.1644, 0.9992, 0.0210, 0.0186, -0.0291
84 381 12.700000 1.1474, 1.2349, 0.1265, 0.9991, 0.0148, 0.0273, -0.0286
84 382 12.740000 1.1905, 1.2043, 0.0768, 0.9993, 0.0075, 0.0224, -0.0280
84 383 12.770000 1.2232, 1.1812, 0.0396, 0.9995, 0.0018, 0.0149, -0.0277
84 384 12.800000 1.2562, 1.1580, 0.0022, 0.9995, -0.0030, 0.0179, -0.0270
84 385 12.840000 1.3006, 1.1271, -0.0489, 0.9995, -0.0089, 0.0142, -0.0263
84 386 12.870000 1.3341, 1.1042, -0.0886, 0.9996, -0.0125, 0.0041, -0.0255
84 387 12.900000 1.3677, 1.0813, -0.1301, 0.9996, -0.0155, 0.0046, -0.0249
84 388 12.940000 1.4125, 1.0512, -0.1888, 0.9995, -0.0185, -0.0042, -0.0239
84 389 12.970000 1.4461, 1.0289, -0.2356, 0.9994, -0.0203, -0.0153, -0.0230
84 390 13.000000 1.4794, 1.0069, -0.2833, 0.9994, -0.0211, -0.0190, -0.0222
84 391 13.040000 1.5231, 0.9784, -0.3434, 0.9992, -0.0219, -0.0276, -0.0210
84 392 13.070000 1.5550, 0.9577, -0.3830, 0.9987, -0.0198, -0.0422, -0.0192
84 393 13.100000 1.5859, 0.9376, -0.4178, 0.9991, -0.0202, -0.0334, -0.0185
84 394 13.140000 1.6254, 0.9118, -0.4570, 0.9988, -0.0240, -0.0387, -0.0171
84 395 13.170000 1.6538, 0.8931, -0.4814, 0.9984, -0.0236, -0.0479, -0.0167
84 396 13.200000 1.6810, 0.8751, -0.5020, 0.9984, -0.0235, -0.0492, -0.0153
84 397 13.240000 1.7152, 0.8520, -0.5239, 0.9982, -0.0222, -0.0532, -0.0147
84 398 13.270000 1.7392, 0.8353, -0.5362, 0.9977, -0.0213, -0.0630, -0.0130
84 399 13.300000 1.7618, 0.8191, -0.5454, 0.9981, -0.0199, -0.0575, -0.0128
84 400 13.340000 1.7897, 0.7983, -0.5526, 0.9978, -0.0171, -0.0634, -0.0112
84 401 13.370000 1.8086, 0.7832, -0.5544, 0.9969, -0.0156, -0.0763, -0.0104
84 402 13.400000 1.8259, 0.7685, -0.5530, 0.9976, -0.0135, -0.0677, -0.0094
84 403 13.440000 1.8461, 0.7495, -0.5462, 0.9974, -0.0110, -0.0707, -0.0084
84 404 13.470000 1.8592, 0.7356, -0.5375, 0.9966, -0.0075, -0.0815, -0.0074
84 405 13.500000 1.8705, 0.7218, -0.5263, 0.9974, -0.0037, -0.0714, -0.0066
84 406 13.540000 1.8833, 0.7036, -0.5097, 0.9970, 0.0014, -0.0774, -0.0053
84 407 13.570000 1.8911, 0.6899, -0.4971, 0.9957, 0.0051, -0.0926, -0.0043
84 408 13.600000 1.8973, 0.6762, -0.4844, 0.9955, 0.0080, -0.0940, -0.0033
84 409 13.640000 1.9029, 0.6576, -0.4672, 0.9944, 0.0113, -0.1046, -0.0020
84 410 13.670000 1.9047, 0.6434, -0.4541, 0.9926, 0.0135, -0.1208, -0.0011
84 411 13.700000 1.9043, 0.6290, -0.4405, 0.9921, 0.0150, -0.1248, -0.0001
84 412 13.740000 1.9000, 0.6093, -0.4215, 0.9900, 0.0167, -0.1403, 0.0012
84 413 13.770000 1.8934, 0.5942, -0.4066, 0.9875, 0.0175, -0.1564, 0.0020
84 414 13.800000 1.8839, 0.5787, -0.3908, 0.9877, 0.0176, -0.1550, 0.0031
84 415 13.840000 1.8661, 0.5575, -0.3684, 0.9870, 0.0170, -0.1596, 0.0043
84 416 13.870000 1.8488, 0.5412, -0.3501, 0.9855, 0.0159, -0.1688, 0.0051
84 417 13.900000 1.8280, 0.5244, -0.3303, 0.9869, 0.0138, -0.1605, 0.0061
84 418 13.940000 1.7945, 0.5017, -0.3011, 0.9873, 0.0098, -0.1583, 0.0071
84 419 13.970000 1.7652, 0.4843, -0.2770, 0.9861, 0.0059, -0.1660, 0.0078
84 420 14.000000 1.7325, 0.4667, -0.2518, 0.9876, 0.0004, -0.1568, 0.0084
84 421 14.040000 1.6848, 0.4433, -0.2194, 0.9887, -0.0069, -0.1495, 0.0087
84 422 14.070000 1.6464, 0.4258, -0.1974, 0.9895, -0.0119, -0.1441, 0.0090
84 423 14.100000 1.6061, 0.4085, -0.1776, 0.9915, -0.0166, -0.1286, 0.0092
84 424 14.140000 1.5494, 0.3857, -0.1542, 0.9932, -0.0222, -0.1143, 0.0094
84 425 14.170000 1.5049, 0.3689, -0.1386, 0.9937, -0.0256, -0.1087, 0.0097
84 426 14.200000 1.4588, 0.3526, -0.1244, 0.9953, -0.0290, -0.0923, 0.0095
84 427 14.240000 1.3951, 0.3314, -0.1074, 0.9964, -0.0325, -0.0780, 0.0096
84 428 14.270000 1.3458, 0.3161, -0.0960, 0.9967, -0.0344, -0.0735, 0.0097
84 429 14.300000 1.2954, 0.3013, -0.0857, 0.9976, -0.0359, -0.0578, 0.0094
84 430 14.340000 1.2267, 0.2825, -0.0735, 0.9983, -0.0374, -0.0437, 0.0091
84 431 14.370000 1.1743, 0.2690, -0.0655, 0.9985, -0.0379, -0.0388, 0.0090
84 432 14.400000 1.1213, 0.2562, -0.0586, 0.9990, -0.0385, -0.0215, 0.0084
84 433 14.440000 1.0501, 0.2400, -0.0510, 0.9992, -0.0381, -0.0076, 0.0078
84 434 14.470000 0.9965, 0.2285, -0.0466, 0.9993, -0.0370, -0.0026, 0.0075
84 435 14.500000 0.9429, 0.2176, -0.0432, 0.9993, -0.0351, 0.0131, 0.0068
84 436 14.540000 0.8716, 0.2039, -0.0401, 0.9991, -0.0331, 0.0273, 0.0060
84 437 14.570000 0.8186, 0.1943, -0.0384, 0.9990, -0.0318, 0.0308, 0.0057
84 438 14.600000 0.7662, 0.1853, -0.0369, 0.9985, -0.0308, 0.0457, 0.0050
84 439 14.640000 0.6975, 0.1740, -0.0353, 0.9980, -0.0296, 0.0561, 0.0045
84 440 14.670000 0.6470, 0.1662, -0.0340, 0.9979, -0.0288, 0.0575, 0.0043
84 441 14.700000 0.5976, 0.1589, -0.0328, 0.9971, -0.0281, 0.0711, 0.0037
84 442 14.740000 0.5337, 0.1500, -0.0309, 0.9966, -0.0275, 0.0782, 0.0034
84 443 14.770000 0.4873, 0.1439, -0.0295, 0.9968, -0.0271, 0.0755, 0.0034
84 444 14.800000 0.4423, 0.1383, -0.0280, 0.9960, -0.0267, 0.0851, 0.0030
84 445 14.840000 0.3845, 0.1316, -0.0258, 0.9958, -0.0264, 0.0877, 0.0028
84 446 14.870000 0.3430, 0.1271, -0.0242, 0.9963, -0.0262, 0.0821, 0.0029
84 447 14.900000 0.3030, 0.1231, -0.0226, 0.9957, -0.0260, 0.0893, 0.0027
84 448 14.940000 0.2520, 0.1184, -0.0206, 0.9956, -0.0258, 0.0895, 0.0026
84 449 14.970000 0.2155, 0.1155, -0.0192, 0.9962, -0.0257, 0.0828, 0.0028
