56 0 0.010000 0.7702, 0.4874, 3.8394, 1.0000, 0.0000, 0.0000, 0.0000
56 1 0.040000 0.7702, 0.4874, 3.8322, 1.0000, 0.0000, 0.0000, 0.0000
56 2 0.070000 0.7702, 0.4874, 3.8161, 1.0000, 0.0000, 0.0000, 0.0000
56 3 0.110000 0.7702, 0.4874, 3.7810, 1.0000, 0.0000, 0.0000, 0.0000
56 4 0.140000 0.7702, 0.4874, 3.7444, 1.0000, 0.0000, 0.0000, 0.0000
56 5 0.170000 0.7702, 0.4874, 3.6989, 1.0000, 0.0000, 0.0000, 0.0000
56 6 0.200000 0.7702, 0.4874, 3.6449, 0.9999, 0.0063, 0.0121, -0.0010
56 7 0.240000 0.7706, 0.4873, 3.5684, 0.9990, 0.0154, 0.0424, -0.0049
56 8 0.270000 0.7719, 0.4867, 3.5140, 0.9980, 0.0199, 0.0592, -0.0077
56 9 0.310000 0.7762, 0.4852, 3.4484, 0.9969, 0.0243, 0.0738, -0.0112
56 10 0.340000 0.7816, 0.4833, 3.4041, 0.9964, 0.0270, 0.0796, -0.0137
56 11 0.370000 0.7890, 0.4807, 3.3630, 0.9961, 0.0266, 0.0829, -0.0160
56 12 0.400000 0.7981, 0.4774, 3.3243, 0.9961, 0.0277, 0.0823, -0.0184
56 13 0.440000 0.8130, 0.4722, 3.2749, 0.9963, 0.0266, 0.0792, -0.0212
56 14 0.470000 0.8261, 0.4676, 3.2390, 0.9965, 0.0233, 0.0765, -0.0230
56 15 0.500000 0.8405, 0.4625, 3.2040, 0.9971, 0.0249, 0.0679, -0.0251
56 16 0.540000 0.8620, 0.4549, 3.1596, 0.9977, 0.0239, 0.0573, -0.0274
56 17 0.570000 0.8796, 0.4486, 3.1284, 0.9980, 0.0209, 0.0514, -0.0287
56 18 0.610000 0.9047, 0.4394, 3.0900, 0.9986, 0.0197, 0.0398, -0.0302
56 19 0.640000 0.9245, 0.4319, 3.0635, 0.9989, 0.0210, 0.0269, -0.0312
56 20 0.670000 0.9449, 0.4240, 3.0387, 0.9991, 0.0156, 0.0254, -0.0315
56 21 0.700000 0.9658, 0.4158, 3.0157, 0.9993, 0.0153, 0.0140, -0.0317
56 22 0.740000 0.9942, 0.4043, 2.9874, 0.9994, 0.0130, 0.0055, -0.0317
56 23 0.770000 1.0157, 0.3954, 2.9679, 0.9994, 0.0100, 0.0086, -0.0315
56 24 0.800000 1.0373, 0.3862, 2.9497, 0.9995, 0.0095, -0.0001, -0.0317
56 25 0.840000 1.0662, 0.3738, 2.9273, 0.9994, 0.0100, -0.0047, -0.0315
56 26 0.870000 1.0878, 0.3642, 2.9117, 0.9994, 0.0116, -0.0010, -0.0311
56 27 0.900000 1.1094, 0.3544, 2.8971, 0.9993, 0.0134, -0.0143, -0.0306
56 28 0.940000 1.1377, 0.3409, 2.8789, 0.9992, 0.0183, -0.0201, -0.0297
56 29 0.970000 1.1586, 0.3305, 2.8661, 0.9992, 0.0232, -0.0181, -0.0287
56 30 1.000000 1.1791, 0.3195, 2.8541, 0.9987, 0.0290, -0.0302, -0.0278
56 31 1.040000 1.2056, 0.3041, 2.8393, 0.9983, 0.0363, -0.0370, -0.0262
56 32 1.070000 1.2247, 0.2917, 2.8292, 0.9982, 0.0419, -0.0344, -0.0249
56 33 1.110000 1.2489, 0.2740, 2.8169, 0.9977, 0.0488, -0.0411, -0.0235
56 34 1.140000 1.2661, 0.2597, 2.8085, 0.9969, 0.0532, -0.0530, -0.0228
56 35 1.170000 1.2824, 0.2444, 2.8008, 0.9968, 0.0570, -0.0512, -0.0215
56 36 1.210000 1.3023, 0.2223, 2.7913, 0.9961, 0.0608, -0.0604, -0.0205
56 37 1.240000 1.3159, 0.2044, 2.7848, 0.9949, 0.0627, -0.0768, -0.0205
56 38 1.270000 1.3281, 0.1854, 2.7785, 0.9945, 0.0634, -0.0811, -0.0198
56 39 1.310000 1.3419, 0.1583, 2.7706, 0.9938, 0.0635, -0.0895, -0.0194
56 40 1.340000 1.3502, 0.1367, 2.7649, 0.9926, 0.0623, -0.1024, -0.0196
56 41 1.370000 1.3567, 0.1140, 2.7593, 0.9932, 0.0607, -0.0971, -0.0189
56 42 1.410000 1.3625, 0.0820, 2.7519, 0.9934, 0.0557, -0.0989, -0.0188
56 43 1.440000 1.3648, 0.0569, 2.7464, 0.9931, 0.0511, -0.1040, -0.0192
56 44 1.470000 1.3652, 0.0309, 2.7407, 0.9942, 0.0459, -0.0953, -0.0189
56 45 1.510000 1.3630, -0.0049, 2.7326, 0.9948, 0.0388, -0.0917, -0.0189
56 46 1.540000 1.3595, -0.0326, 2.7261, 0.9951, 0.0325, -0.0910, -0.0191
56 47 1.570000 1.3545, -0.0607, 2.7189, 0.9962, 0.0257, -0.0812, -0.0185
56 48 1.610000 1.3457, -0.0988, 2.7084, 0.9969, 0.0169, -0.0753, -0.0180
56 49 1.640000 1.3375, -0.1277, 2.6997, 0.9967, 0.0109, -0.0784, -0.0175
56 50 1.670000 1.3281, -0.1568, 2.6903, 0.9975, 0.0055, -0.0686, -0.0166
56 51 1.710000 1.3138, -0.1956, 2.6764, 0.9979, -0.0014, -0.0634, -0.0153
56 52 1.740000 1.3019, -0.2247, 2.6649, 0.9978, -0.0059, -0.0642, -0.0141
56 53 1.770000 1.2890, -0.2538, 2.6523, 0.9984, -0.0100, -0.0539, -0.0127
56 54 1.810000 1.2704, -0.2922, 2.6334, 0.9988, -0.0146, -0.0464, -0.0106
56 55 1.840000 1.2557, -0.3208, 2.6176, 0.9987, -0.0172, -0.0462, -0.0088
56 56 1.870000 1.2403, -0.3491, 2.6000, 0.9992, -0.0196, -0.0349, -0.0070
56 57 1.910000 1.2190, -0.3864, 2.5737, 0.9994, -0.0214, -0.0267, -0.0042
56 58 1.940000 1.2025, -0.4140, 2.5519, 0.9995, -0.0218, -0.0248, -0.0018
56 59 1.970000 1.1857, -0.4414, 2.5285, 0.9997, -0.0220, -0.0135, 0.0005
56 60 2.010000 1.1629, -0.4773, 2.4964, 0.9998, -0.0211, -0.0042, 0.0039
56 61 2.040000 1.1456, -0.5037, 2.4735, 0.9998, -0.0189, -0.0047, 0.0067
56 62 2.070000 1.1283, -0.5297, 2.4527, 0.9997, -0.0186, 0.0084, 0.0092
56 63 2.110000 1.1054, -0.5637, 2.4284, 0.9998, -0.0160, 0.0053, 0.0120
56 64 2.140000 1.0882, -0.5888, 2.4129, 0.9998, -0.0137, -0.0007, 0.0144
56 65 2.170000 1.0711, -0.6136, 2.3995, 0.9998, -0.0120, 0.0065, 0.0160
56 66 2.210000 1.0484, -0.6463, 2.3846, 0.9997, -0.0100, 0.0080, 0.0184
56 67 2.240000 1.0314, -0.6705, 2.3756, 0.9998, -0.0077, -0.0003, 0.0199
56 68 2.270000 1.0146, -0.6946, 2.3682, 0.9997, -0.0063, 0.0092, 0.0211
56 69 2.310000 0.9923, -0.7265, 2.3611, 0.9997, -0.0038, 0.0126, 0.0225
56 70 2.340000 0.9757, -0.7504, 2.3578, 0.9997, -0.0025, 0.0063, 0.0235
56 71 2.370000 0.9594, -0.7741, 2.3561, 0.9996, -0.0022, 0.0164, 0.0242
56 72 2.410000 0.9381, -0.8058, 2.3565, 0.9995, -0.0027, 0.0208, 0.0249
56 73 2.440000 0.9224, -0.8294, 2.3587, 0.9995, -0.0037, 0.0171, 0.0252
56 74 2.470000 0.9072, -0.8530, 2.3622, 0.9992, -0.0062, 0.0314, 0.0256
56 75 2.510000 0.8878, -0.8842, 2.3678, 0.9988, -0.0109, 0.0414, 0.0256
56 76 2.540000 0.8739, -0.9073, 2.3713, 0.9987, -0.0142, 0.0410, 0.0260
56 77 2.570000 0.8607, -0.9303, 2.3733, 0.9983, -0.0173, 0.0500, 0.0259
56 78 2.610000 0.8441, -0.9605, 2.3733, 0.9981, -0.0206, 0.0520, 0.0262
56 79 2.640000 0.8324, -0.9828, 2.3712, 0.9983, -0.0226, 0.0477, 0.0263
56 80 2.670000 0.8214, -1.0048, 2.3671, 0.9980, -0.0245, 0.0528, 0.0263
56 81 2.710000 0.8078, -1.0335, 2.3587, 0.9980, -0.0266, 0.0519, 0.0263
56 82 2.740000 0.7984, -1.0546, 2.3499, 0.9982, -0.0274, 0.0461, 0.0264
56 83 2.770000 0.7897, -1.0753, 2.3390, 0.9980, -0.0282, 0.0492, 0.0262
56 84 2.800000 0.7815, -1.0957, 2.3258, 0.9983, -0.0285, 0.0429, 0.0263
56 85 2.840000 0.7715, -1.1222, 2.3041, 0.9985, -0.0282, 0.0400, 0.0261
56 86 2.870000 0.7645, -1.1417, 2.2845, 0.9984, -0.0278, 0.0417, 0.0258
56 87 2.900000 0.7580, -1.1609, 2.2619, 0.9987, -0.0268, 0.0355, 0.0257
56 88 2.940000 0.7501, -1.1860, 2.2272, 0.9988, -0.0252, 0.0329, 0.0254
56 89 2.970000 0.7446, -1.2044, 2.1982, 0.9988, -0.0234, 0.0346, 0.0250
56 90 3.000000 0.7396, -1.2224, 2.1680, 0.9991, -0.0208, 0.0286, 0.0249
56 91 3.040000 0.7339, -1.2457, 2.1300, 0.9992, -0.0190, 0.0248, 0.0245
56 92 3.070000 0.7305, -1.2627, 2.1052, 0.9992, -0.0176, 0.0266, 0.0241
56 93 3.100000 0.7275, -1.2792, 2.0843, 0.9995, -0.0159, 0.0106, 0.0242
56 94 3.140000 0.7242, -1.3006, 2.0623, 0.9996, -0.0143, 0.0033, 0.0238
56 95 3.170000 0.7219, -1.3162, 2.0501, 0.9996, -0.0135, 0.0088, 0.0235
56 96 3.200000 0.7198, -1.3314, 2.0414, 0.9996, -0.0126, -0.0032, 0.0233
56 97 3.240000 0.7170, -1.3513, 2.0350, 0.9997, -0.0121, -0.0034, 0.0230
56 98 3.270000 0.7149, -1.3658, 2.0340, 0.9996, -0.0118, 0.0077, 0.0226
56 99 3.300000 0.7129, -1.3801, 2.0365, 0.9997, -0.0113, 0.0016, 0.0224
56 100 3.340000 0.7105, -1.3987, 2.0452, 0.9997, -0.0104, 0.0087, 0.0219
56 101 3.370000 0.7090, -1.4123, 2.0559, 0.9994, -0.0102, 0.0259, 0.0214
56 102 3.400000 0.7081, -1.4256, 2.0703, 0.9994, -0.0097, 0.0249, 0.0210
56 103 3.440000 0.7080, -1.4430, 2.0952, 0.9990, -0.0100, 0.0378, 0.0204
56 104 3.470000 0.7091, -1.4557, 2.1177, 0.9983, -0.0094, 0.0548, 0.0198
56 105 3.500000 0.7113, -1.4682, 2.1420, 0.9984, -0.0083, 0.0515, 0.0193
56 106 3.540000 0.7156, -1.4847, 2.1737, 0.9981, -0.0064, 0.0587, 0.0188
56 107 3.570000 0.7198, -1.4969, 2.1948, 0.9980, -0.0054, 0.0609, 0.0184
56 108 3.600000 0.7247, -1.5090, 2.2131, 0.9984, -0.0043, 0.0531, 0.0184
56 109 3.640000 0.7323, -1.5251, 2.2332, 0.9987, -0.0034, 0.0482, 0.0181
56 110 3.670000 0.7387, -1.5371, 2.2452, 0.9986, -0.0030, 0.0491, 0.0183
56 111 3.700000 0.7457, -1.5490, 2.2546, 0.9990, -0.0026, 0.0419, 0.0182
56 112 3.740000 0.7559, -1.5649, 2.2636, 0.9991, -0.0028, 0.0381, 0.0186
56 113 3.770000 0.7642, -1.5767, 2.2676, 0.9990, -0.0029, 0.0409, 0.0188
56 114 3.800000 0.7730, -1.5885, 2.2694, 0.9992, -0.0027, 0.0339, 0.0192
56 115 3.840000 0.7855, -1.6042, 2.2682, 0.9993, -0.0026, 0.0321, 0.0197
56 116 3.870000 0.7954, -1.6159, 2.2646, 0.9991, -0.0032, 0.0360, 0.0202
56 117 3.900000 0.8057, -1.6275, 2.2585, 0.9993, -0.0035, 0.0315, 0.0208
56 118 3.940000 0.8201, -1.6429, 2.2468, 0.9992, -0.0042, 0.0329, 0.0216
56 119 3.970000 0.8315, -1.6544, 2.2356, 0.9990, -0.0049, 0.0395, 0.0223
56 120 4.000000 0.8434, -1.6658, 2.2228, 0.9990, -0.0051, 0.0391, 0.0231
56 121 4.040000 0.8604, -1.6809, 2.2054, 0.9988, -0.0056, 0.0428, 0.0241
56 122 4.070000 0.8742, -1.6920, 2.1930, 0.9983, -0.0067, 0.0521, 0.0244
56 123 4.100000 0.8889, -1.7030, 2.1816, 0.9985, -0.0078, 0.0475, 0.0249
56 124 4.140000 0.9100, -1.7174, 2.1676, 0.9982, -0.0101, 0.0543, 0.0249
56 125 4.170000 0.9272, -1.7279, 2.1580, 0.9973, -0.0126, 0.0674, 0.0247
56 126 4.200000 0.9455, -1.7382, 2.1490, 0.9974, -0.0157, 0.0659, 0.0246
56 127 4.240000 0.9720, -1.7513, 2.1377, 0.9972, -0.0202, 0.0683, 0.0242
56 128 4.270000 0.9934, -1.7608, 2.1298, 0.9965, -0.0238, 0.0772, 0.0234
56 129 4.300000 1.0161, -1.7697, 2.1222, 0.9971, -0.0269, 0.0677, 0.0230
56 130 4.340000 1.0485, -1.7808, 2.1124, 0.9970, -0.0326, 0.0663, 0.0219
56 131 4.370000 1.0742, -1.7884, 2.1052, 0.9966, -0.0370, 0.0703, 0.0207
56 132 4.400000 1.1011, -1.7953, 2.0982, 0.9971, -0.0417, 0.0607, 0.0198
56 133 4.440000 1.1387, -1.8034, 2.0888, 0.9973, -0.0477, 0.0531, 0.0181
56 134 4.470000 1.1680, -1.8084, 2.0817, 0.9972, -0.0523, 0.0511, 0.0163
56 135 4.500000 1.1982, -1.8125, 2.0743, 0.9976, -0.0579, 0.0350, 0.0152
56 136 4.540000 1.2394, -1.8164, 2.0640, 0.9976, -0.0639, 0.0223, 0.0131
56 137 4.570000 1.2708, -1.8181, 2.0557, 0.9975, -0.0673, 0.0206, 0.0112
56 138 4.600000 1.3025, -1.8187, 2.0469, 0.9975, -0.0700, 0.0081, 0.0102
56 139 4.640000 1.3450, -1.8176, 2.0344, 0.9973, -0.0724, -0.0012, 0.0084
56 140 4.670000 1.3770, -1.8154, 2.0243, 0.9973, -0.0731, 0.0005, 0.0067
56 141 4.700000 1.4089, -1.8120, 2.0135, 0.9972, -0.0731, -0.0104, 0.0060
56 142 4.740000 1.4512, -1.8057, 1.9978, 0.9972, -0.0719, -0.0177, 0.0048
56 143 4.770000 1.4826, -1.7996, 1.9848, 0.9974, -0.0695, -0.0184, 0.0037
56 144 4.800000 1.5138, -1.7924, 1.9705, 0.9974, -0.0666, -0.0271, 0.0035
56 145 4.840000 1.5548, -1.7814, 1.9492, 0.9977, -0.0615, -0.0297, 0.0026
56 146 4.870000 1.5851, -1.7721, 1.9311, 0.9981, -0.0573, -0.0231, 0.0017
56 147 4.900000 1.6150, -1.7620, 1.9109, 0.9983, -0.0525, -0.0260, 0.0014
56 148 4.940000 1.6544, -1.7475, 1.8806, 0.9988, -0.0454, -0.0197, 0.0006
56 149 4.970000 1.6837, -1.7359, 1.8552, 0.9992, -0.0400, -0.0095, -0.0001
56 150 5.000000 1.7129, -1.7237, 1.8281, 0.9994, -0.0346, -0.0057, -0.0004
56 151 5.040000 1.7516, -1.7066, 1.7907, 0.9996, -0.0286, 0.0022, -0.0011
56 152 5.070000 1.7808, -1.6932, 1.7626, 0.9997, -0.0232, 0.0113, -0.0016
56 153 5.100000 1.8101, -1.6794, 1.7347, 0.9998, -0.0180, 0.0100, -0.0017
56 154 5.140000 1.8496, -1.6605, 1.6974, 0.9998, -0.0110, 0.0142, -0.0022
56 155 5.170000 1.8796, -1.6460, 1.6693, 0.9997, -0.0065, 0.0247, -0.0026
56 156 5.200000 1.9099, -1.6315, 1.6407, 0.9997, -0.0024, 0.0244, -0.0028
56 157 5.240000 1.9510, -1.6120, 1.6016, 0.9994, 0.0019, 0.0344, -0.0031
56 158 5.270000 1.9825, -1.5974, 1.5711, 0.9990, 0.0048, 0.0454, -0.0033
56 159 5.300000 2.0147, -1.5829, 1.5393, 0.9990, 0.0074, 0.0440, -0.0034
56 160 5.340000 2.0586, -1.5638, 1.4941, 0.9988, 0.0099, 0.0468, -0.0036
56 161 5.370000 2.0923, -1.5496, 1.4577, 0.9986, 0.0114, 0.0514, -0.0037
56 162 5.400000 2.1265, -1.5355, 1.4187, 0.9989, 0.0126, 0.0453, -0.0038
56 163 5.440000 2.1731, -1.5170, 1.3621, 0.9991, 0.0138, 0.0408, -0.0038
56 164 5.470000 2.2087, -1.5033, 1.3162, 0.9991, 0.0145, 0.0391, -0.0038
56 165 5.500000 2.2447, -1.4898, 1.2685, 0.9995, 0.0154, 0.0290, -0.0039
56 166 5.540000 2.2936, -1.4722, 1.2053, 0.9997, 0.0150, 0.0196, -0.0039
56 167 5.570000 2.3309, -1.4594, 1.1599, 0.9996, 0.0144, 0.0237, -0.0039
56 168 5.600000 2.3686, -1.4469, 1.1166, 0.9998, 0.0138, 0.0150, -0.0036
56 169 5.640000 2.4194, -1.4308, 1.0617, 0.9999, 0.0137, 0.0079, -0.0039
56 170 5.670000 2.4579, -1.4190, 1.0221, 0.9998, 0.0142, 0.0133, -0.0037
56 171 5.700000 2.4965, -1.4074, 0.9836, 0.9999, 0.0148, 0.0000, -0.0040
56 172 5.740000 2.5481, -1.3925, 0.9330, 0.9998, 0.0175, -0.0085, -0.0041
56 173 5.770000 2.5867, -1.3817, 0.8952, 0.9998, 0.0197, -0.0083, -0.0041
56 174 5.800000 2.6251, -1.3712, 0.8569, 0.9995, 0.0223, -0.0225, -0.0045
56 175 5.840000 2.6759, -1.3578, 0.8045, 0.9992, 0.0260, -0.0310, -0.0046
56 176 5.870000 2.7134, -1.3481, 0.7635, 0.9990, 0.0297, -0.0344, -0.0046
56 177 5.900000 2.7505, -1.3389, 0.7203, 0.9983, 0.0339, -0.0469, -0.0048
56 178 5.940000 2.7991, -1.3272, 0.6590, 0.9975, 0.0402, -0.0582, -0.0049
56 179 5.970000 2.8346, -1.3191, 0.6103, 0.9971, 0.0449, -0.0620, -0.0048
56 180 6.000000 2.8692, -1.3116, 0.5602, 0.9960, 0.0497, -0.0738, -0.0050
56 181 6.040000 2.9130, -1.3032, 0.4953, 0.9951, 0.0549, -0.0825, -0.0050
56 182 6.070000 2.9437, -1.2985, 0.4501, 0.9952, 0.0579, -0.0787, -0.0046
56 183 6.100000 2.9723, -1.2951, 0.4082, 0.9937, 0.0621, -0.0932, -0.0048
56 184 6.140000 3.0070, -1.2930, 0.3573, 0.9920, 0.0679, -0.1059, -0.0051
56 185 6.170000 3.0303, -1.2933, 0.3223, 0.9922, 0.0708, -0.1030, -0.0045
56 186 6.200000 3.0511, -1.2951, 0.2898, 0.9904, 0.0733, -0.1171, -0.0051
56 187 6.240000 3.0749, -1.3001, 0.2496, 0.9901, 0.0758, -0.1180, -0.0049
56 188 6.270000 3.0898, -1.3058, 0.2214, 0.9909, 0.0761, -0.1105, -0.0042
56 189 6.300000 3.1024, -1.3130, 0.1947, 0.9905, 0.0759, -0.1147, -0.0046
56 190 6.340000 3.1156, -1.3251, 0.1607, 0.9911, 0.0745, -0.1103, -0.0042
56 191 6.370000 3.1231, -1.3359, 0.1361, 0.9927, 0.0729, -0.0955, -0.0033
56 192 6.400000 3.1287, -1.3480, 0.1119, 0.9928, 0.0699, -0.0974, -0.0036
56 193 6.440000 3.1335, -1.3661, 0.0799, 0.9942, 0.0640, -0.0866, -0.0033
56 194 6.470000 3.1352, -1.3811, 0.0560, 0.9956, 0.0593, -0.0723, -0.0025
56 195 6.500000 3.1356, -1.3971, 0.0325, 0.9960, 0.0548, -0.0710, -0.0024
56 196 6.540000 3.1339, -1.4204, 0.0035, 0.9970, 0.0505, -0.0586, -0.0016
56 197 6.570000 3.1312, -1.4391, -0.0157, 0.9979, 0.0438, -0.0474, -0.0006
56 198 6.600000 3.1273, -1.4588, -0.0326, 0.9982, 0.0374, -0.0458, -0.0006
56 199 6.640000 3.1208, -1.4863, -0.0517, 0.9987, 0.0267, -0.0424, 0.0007
56 200 6.670000 3.1149, -1.5076, -0.0637, 0.9996, 0.0199, -0.0185, 0.0015
56 201 6.700000 3.1085, -1.5294, -0.0735, 0.9997, 0.0124, -0.0225, 0.0027
56 202 6.740000 3.0993, -1.5589, -0.0837, 0.9999, 0.0021, -0.0099, 0.0039
56 203 6.770000 3.0923, -1.5811, -0.0891, 1.0000, -0.0066, -0.0000, 0.0055
56 204 6.800000 3.0852, -1.6032, -0.0926, 0.9999, -0.0146, 0.0042, 0.0063
56 205 6.840000 3.0760, -1.6321, -0.0943, 0.9996, -0.0250, 0.0113, 0.0083
56 206 6.870000 3.0694, -1.6532, -0.0933, 0.9991, -0.0329, 0.0264, 0.0096
56 207 6.900000 3.0634, -1.6736, -0.0902, 0.9988, -0.0400, 0.0264, 0.0111
56 208 6.940000 3.0563, -1.6994, -0.0829, 0.9981, -0.0485, 0.0355, 0.0132
56 209 6.970000 3.0520, -1.7175, -0.0754, 0.9971, -0.0550, 0.0503, 0.0143
56 210 7.000000 3.0486, -1.7346, -0.0671, 0.9969, -0.0611, 0.0479, 0.0162
56 211 7.040000 3.0453, -1.7558, -0.0574, 0.9957, -0.0702, 0.0581, 0.0182
56 212 7.070000 3.0437, -1.7705, -0.0525, 0.9942, -0.0763, 0.0731, 0.0187
56 213 7.100000 3.0431, -1.7843, -0.0499, 0.9934, -0.0819, 0.0772, 0.0199
56 214 7.140000 3.0438, -1.8009, -0.0503, 0.9920, -0.0889, 0.0877, 0.0207
56 215 7.170000 3.0457, -1.8120, -0.0534, 0.9905, -0.0939, 0.0986, 0.0209
56 216 7.200000 3.0489, -1.8218, -0.0588, 0.9900, -0.0985, 0.0988, 0.0219
56 217 7.240000 3.0551, -1.8328, -0.0698, 0.9890, -0.1041, 0.1021, 0.0226
56 218 7.270000 3.0613, -1.8395, -0.0810, 0.9880, -0.1082, 0.1081, 0.0225
56 219 7.300000 3.0688, -1.8447, -0.0950, 0.9881, -0.1121, 0.1026, 0.0236
56 220 7.340000 3.0808, -1.8496, -0.1183, 0.9878, -0.1173, 0.0998, 0.0242
56 221 7.370000 3.0910, -1.8517, -0.1397, 0.9873, -0.1212, 0.0997, 0.0242
56 222 7.400000 3.1023, -1.8524, -0.1649, 0.9877, -0.1251, 0.0900, 0.0252
56 223 7.440000 3.1186, -1.8515, -0.2047, 0.9879, -0.1304, 0.0793, 0.0260
56 224 7.470000 3.1319, -1.8492, -0.2390, 0.9879, -0.1346, 0.0719, 0.0263
56 225 7.500000 3.1459, -1.8451, -0.2760, 0.9883, -0.1386, 0.0569, 0.0275
56 226 7.540000 3.1662, -1.8357, -0.3252, 0.9885, -0.1428, 0.0407, 0.0285
56 227 7.570000 3.1825, -1.8248, -0.3597, 0.9884, -0.1456, 0.0330, 0.0284
56 228 7.600000 3.1994, -1.8105, -0.3917, 0.9883, -0.1490, 0.0130, 0.0297
56 229 7.640000 3.2223, -1.7860, -0.4304, 0.9883, -0.1494, 0.0106, 0.0292
56 230 7.670000 3.2398, -1.7636, -0.4570, 0.9884, -0.1488, 0.0061, 0.0285
56 231 7.700000 3.2573, -1.7379, -0.4815, 0.9887, -0.1467, -0.0100, 0.0304
56 232 7.740000 3.2802, -1.6986, -0.5116, 0.9886, -0.1455, -0.0237, 0.0310
56 233 7.770000 3.2968, -1.6655, -0.5323, 0.9892, -0.1410, -0.0248, 0.0311
56 234 7.800000 3.3128, -1.6295, -0.5517, 0.9894, -0.1358, -0.0400, 0.0327
56 235 7.840000 3.3327, -1.5773, -0.5757, 0.9906, -0.1238, -0.0469, 0.0338
56 236 7.870000 3.3466, -1.5352, -0.5927, 0.9918, -0.1145, -0.0458, 0.0334
56 237 7.900000 3.3595, -1.4909, -0.6089, 0.9923, -0.1038, -0.0571, 0.0351
56 238 7.940000 3.3749, -1.4288, -0.6297, 0.9931, -0.0919, -0.0630, 0.0358
56 239 7.970000 3.3851, -1.3802, -0.6447, 0.9946, -0.0795, -0.0556, 0.0361
56 240 8.000000 3.3941, -1.3301, -0.6589, 0.9951, -0.0635, -0.0660, 0.0376
56 241 8.040000 3.4039, -1.2614, -0.6746, 0.9963, -0.0432, -0.0626, 0.0388
56 242 8.070000 3.4095, -1.2086, -0.6832, 0.9970, -0.0294, -0.0605, 0.0387
56 243 8.100000 3.4136, -1.1552, -0.6887, 0.9971, -0.0157, -0.0633, 0.0399
56 244 8.140000 3.4168, -1.0835, -0.6911, 0.9970, 0.0000, -0.0660, 0.0400
56 245 8.170000 3.4175, -1.0297, -0.6891, 0.9978, 0.0110, -0.0504, 0.0412
56 246 8.200000 3.4169, -0.9763, -0.6840, 0.9972, 0.0242, -0.0578, 0.0412
56 247 8.240000 3.4141, -0.9061, -0.6721, 0.9967, 0.0434, -0.0542, 0.0428
56 248 8.270000 3.4105, -0.8548, -0.6594, 0.9964, 0.0553, -0.0473, 0.0433
56 249 8.300000 3.4057, -0.8048, -0.6434, 0.9954, 0.0674, -0.0525, 0.0441
56 250 8.340000 3.3977, -0.7408, -0.6166, 0.9946, 0.0792, -0.0492, 0.0450
56 251 8.370000 3.3904, -0.6952, -0.5922, 0.9944, 0.0877, -0.0360, 0.0470
56 252 8.400000 3.3822, -0.6520, -0.5639, 0.9935, 0.0964, -0.0371, 0.0477
56 253 8.440000 3.3702, -0.5983, -0.5198, 0.9926, 0.1062, -0.0340, 0.0489
56 254 8.470000 3.3604, -0.5613, -0.4821, 0.9924, 0.1097, -0.0199, 0.0512
56 255 8.500000 3.3502, -0.5269, -0.4415, 0.9917, 0.1133, -0.0358, 0.0500
56 256 8.540000 3.3359, -0.4844, -0.3869, 0.9917, 0.1150, -0.0244, 0.0523
56 257 8.570000 3.3248, -0.4545, -0.3476, 0.9916, 0.1169, -0.0092, 0.0541
56 258 8.600000 3.3137, -0.4264, -0.3100, 0.9914, 0.1188, -0.0028, 0.0549
56 259 8.640000 3.2991, -0.3917, -0.2618, 0.9911, 0.1204, 0.0110, 0.0562
56 260 8.670000 3.2885, -0.3680, -0.2267, 0.9906, 0.1217, 0.0264, 0.0574
56 261 8.700000 3.2784, -0.3463, -0.1921, 0.9904, 0.1230, 0.0291, 0.0569
56 262 8.740000 3.2660, -0.3208, -0.1459, 0.9899, 0.1242, 0.0391, 0.0566
56 263 8.770000 3.2579, -0.3044, -0.1108, 0.9891, 0.1248, 0.0537, 0.0570
56 264 8.800000 3.2508, -0.2903, -0.0748, 0.9891, 0.1254, 0.0541, 0.0555
56 265 8.840000 3.2436, -0.2756, -0.0247, 0.9885, 0.1257, 0.0645, 0.0542
56 266 8.870000 3.2401, -0.2677, 0.0149, 0.9873, 0.1256, 0.0809, 0.0541
56 267 8.900000 3.2384, -0.2625, 0.0568, 0.9875, 0.1249, 0.0806, 0.0517
56 268 8.940000 3.2397, -0.2601, 0.1168, 0.9869, 0.1237, 0.0910, 0.0496
56 269 8.970000 3.2434, -0.2616, 0.1648, 0.9855, 0.1226, 0.1068, 0.0488
56 270 9.000000 3.2494, -0.2656, 0.2142, 0.9866, 0.1215, 0.0993, 0.0451
56 271 9.040000 3.2601, -0.2737, 0.2780, 0.9863, 0.1194, 0.1059, 0.0423
56 272 9.070000 3.2696, -0.2813, 0.3221, 0.9855, 0.1168, 0.1163, 0.0410
56 273 9.100000 3.2805, -0.2902, 0.3626, 0.9856, 0.1136, 0.1194, 0.0390
56 274 9.140000 3.2972, -0.3040, 0.4114, 0.9853, 0.1091, 0.1264, 0.0368
56 275 9.170000 3.3116, -0.3159, 0.4447, 0.9846, 0.1056, 0.1346, 0.0355
56 276 9.200000 3.3278, -0.3290, 0.4754, 0.9853, 0.1019, 0.1329, 0.0332
56 277 9.240000 3.3524, -0.3487, 0.5128, 0.9858, 0.0965, 0.1342, 0.0307
56 278 9.270000 3.3732, -0.3649, 0.5385, 0.9856, 0.0922, 0.1387, 0.0292
56 279 9.300000 3.3960, -0.3825, 0.5626, 0.9872, 0.0873, 0.1309, 0.0266
56 280 9.340000 3.4297, -0.4080, 0.5924, 0.9885, 0.0811, 0.1256, 0.0237
56 281 9.370000 3.4573, -0.4285, 0.6133, 0.9889, 0.0762, 0.1258, 0.0218
56 282 9.400000 3.4870, -0.4502, 0.6333, 0.9909, 0.0710, 0.1131, 0.0190
56 283 9.440000 3.5296, -0.4809, 0.6587, 0.9926, 0.0637, 0.1024, 0.0157
56 284 9.470000 3.5636, -0.5051, 0.6768, 0.9931, 0.0583, 0.1005, 0.0136
56 285 9.500000 3.5992, -0.5303, 0.6940, 0.9949, 0.0524, 0.0851, 0.0107
56 286 9.540000 3.6486, -0.5650, 0.7143, 0.9964, 0.0445, 0.0712, 0.0073
56 287 9.570000 3.6869, -0.5918, 0.7274, 0.9971, 0.0387, 0.0646, 0.0049
56 288 9.600000 3.7261, -0.6191, 0.7385, 0.9983, 0.0328, 0.0491, 0.0021
56 289 9.640000 3.7795, -0.6562, 0.7509, 0.9991, 0.0253, 0.0350, -0.0013
56 290 9.670000 3.8203, -0.6845, 0.7586, 0.9993, 0.0202, 0.0308, -0.0037
56 291 9.700000 3.8614, -0.7132, 0.7650, 0.9998, 0.0142, 0.0148, -0.0064
56 292 9.740000 3.9167, -0.7517, 0.7719, 0.9999, 0.0074, 0.0034, -0.0098
56 293 9.770000 3.9583, -0.7807, 0.7758, 0.9999, 0.0029, 0.0007, -0.0124
56 294 9.800000 3.9999, -0.8098, 0.7788, 0.9998, -0.0018, -0.0122, -0.0151
56 295 9.840000 4.0550, -0.8485, 0.7813, 0.9996, -0.0078, -0.0218, -0.0185
56 296 9.870000 4.0961, -0.8774, 0.7821, 0.9994, -0.0115, -0.0231, -0.0212
56 297 9.900000 4.1367, -0.9061, 0.7819, 0.9989, -0.0164, -0.0365, -0.0237
56 298 9.940000 4.1901, -0.9439, 0.7802, 0.9984, -0.0214, -0.0453, -0.0272
56 299 9.970000 4.2294, -0.9719, 0.7777, 0.9982, -0.0242, -0.0459, -0.0300
56 300 10.000000 4.2680, -0.9995, 0.7742, 0.9974, -0.0275, -0.0573, -0.0326
56 301 10.040000 4.3180, -1.0356, 0.7679, 0.9966, -0.0318, -0.0676, -0.0361
56 302 10.070000 4.3544, -1.0621, 0.7619, 0.9965, -0.0342, -0.0663, -0.0385
56 303 10.100000 4.3898, -1.0879, 0.7548, 0.9956, -0.0371, -0.0759, -0.0405
56 304 10.140000 4.4352, -1.1215, 0.7433, 0.9949, -0.0403, -0.0814, -0.0428
56 305 10.170000 4.4679, -1.1459, 0.7332, 0.9949, -0.0421, -0.0798, -0.0447
56 306 10.200000 4.4995, -1.1696, 0.7215, 0.9939, -0.0445, -0.0895, -0.0456
56 307 10.240000 4.5396, -1.2002, 0.7035, 0.9934, -0.0464, -0.0936, -0.0471
56 308 10.270000 4.5682, -1.2222, 0.6879, 0.9935, -0.0479, -0.0914, -0.0480
56 309 10.300000 4.5955, -1.2435, 0.6703, 0.9928, -0.0497, -0.0976, -0.0485
56 310 10.340000 4.6300, -1.2708, 0.6433, 0.9925, -0.0523, -0.0988, -0.0490
56 311 10.370000 4.6545, -1.2905, 0.6200, 0.9929, -0.0532, -0.0938, -0.0494
56 312 10.400000 4.6779, -1.3094, 0.5939, 0.9926, -0.0546, -0.0968, -0.0492
56 313 10.440000 4.7074, -1.3336, 0.5540, 0.9928, -0.0560, -0.0934, -0.0489
56 314 10.470000 4.7284, -1.3510, 0.5204, 0.9934, -0.0572, -0.0864, -0.0487
56 315 10.500000 4.7482, -1.3675, 0.4844, 0.9935, -0.0582, -0.0858, -0.0479
56 316 10.540000 4.7725, -1.3878, 0.4364, 0.9939, -0.0594, -0.0799, -0.0470
56 317 10.570000 4.7888, -1.4016, 0.4019, 0.9948, -0.0611, -0.0671, -0.0466
56 318 10.600000 4.8038, -1.4139, 0.3690, 0.9942, -0.0611, -0.0767, -0.0448
56 319 10.640000 4.8214, -1.4284, 0.3270, 0.9945, -0.0580, -0.0755, -0.0431
56 320 10.670000 4.8331, -1.4379, 0.2965, 0.9954, -0.0553, -0.0653, -0.0423
56 321 10.700000 4.8435, -1.4462, 0.2665, 0.9952, -0.0524, -0.0724, -0.0407
56 322 10.740000 4.8555, -1.4558, 0.2267, 0.9961, -0.0485, -0.0632, -0.0391
56 323 10.770000 4.8633, -1.4619, 0.1966, 0.9968, -0.0435, -0.0550, -0.0381
56 324 10.800000 4.8702, -1.4673, 0.1658, 0.9971, -0.0384, -0.0542, -0.0363
56 325 10.840000 4.8781, -1.4735, 0.1233, 0.9976, -0.0306, -0.0506, -0.0346
56 326 10.870000 4.8833, -1.4776, 0.0897, 0.9984, -0.0253, -0.0384, -0.0333
56 327 10.900000 4.8879, -1.4813, 0.0541, 0.9985, -0.0197, -0.0389, -0.0319
56 328 10.940000 4.8933, -1.4858, 0.0031, 0.9990, -0.0123, -0.0295, -0.0299
56 329 10.970000 4.8970, -1.4890, -0.0377, 0.9994, -0.0068, -0.0188, -0.0286
56 330 11.000000 4.9003, -1.4921, -0.0795, 0.9995, -0.0014, -0.0156, -0.0272
56 331 11.040000 4.9043, -1.4961, -0.1315, 0.9996, 0.0044, -0.0070, -0.0254
56 332 11.070000 4.9071, -1.4993, -0.1650, 0.9997, 0.0059, 0.0078, -0.0237
56 333 11.100000 4.9100, -1.5026, -0.1935, 0.9997, 0.0116, 0.0012, -0.0215
56 334 11.140000 4.9142, -1.5076, -0.2239, 0.9996, 0.0199, -0.0011, -0.0204
56 335 11.170000 4.9174, -1.5119, -0.2414, 0.9995, 0.0235, 0.0143, -0.0183
56 336 11.200000 4.9209, -1.5168, -0.2545, 0.9994, 0.0275, 0.0081, -0.0175
56 337 11.240000 4.9261, -1.5243, -0.2655, 0.9994, 0.0279, 0.0102, -0.0153
56 338 11.270000 4.9304, -1.5309, -0.2690, 0.9992, 0.0293, 0.0224, -0.0135
56 339 11.300000 4.9352, -1.5383, -0.2684, 0.9994, 0.0304, 0.0074, -0.0125
56 340 11.340000 4.9420, -1.5495, -0.2612, 0.9994, 0.0331, 0.0090, -0.0103
56 341 11.370000 4.9475, -1.5588, -0.2509, 0.9994, 0.0315, 0.0142, -0.0092
56 342 11.400000 4.9533, -1.5690, -0.2360, 0.9995, 0.0282, 0.0069, -0.0077
56 343 11.440000 4.9614, -1.5837, -0.2090, 0.9998, 0.0203, 0.0027, -0.0059
56 344 11.470000 4.9677, -1.5954, -0.1837, 0.9998, 0.0137, 0.0146, -0.0040
56 345 11.500000 4.9742, -1.6074, -0.1554, 1.0000, 0.0062, 0.0042, -0.0023
56 346 11.540000 4.9832, -1.6236, -0.1177, 1.0000, -0.0038, 0.0069, -0.0003
56 347 11.570000 4.9901, -1.6357, -0.0921, 0.9999, -0.0132, 0.0043, 0.0012
56 348 11.600000 4.9970, -1.6477, -0.0691, 0.9997, -0.0213, -0.0077, 0.0028
56 349 11.640000 5.0061, -1.6632, -0.0421, 0.9993, -0.0323, -0.0168, 0.0045
56 350 11.670000 5.0127, -1.6744, -0.0242, 0.9990, -0.0399, -0.0175, 0.0058
56 351 11.700000 5.0190, -1.6849, -0.0081, 0.9985, -0.0468, -0.0281, 0.0071
56 352 11.740000 5.0268, -1.6980, 0.0109, 0.9979, -0.0550, -0.0325, 0.0086
56 353 11.770000 5.0322, -1.7068, 0.0235, 0.9976, -0.0611, -0.0298, 0.0093
56 354 11.800000 5.0370, -1.7148, 0.0348, 0.9970, -0.0664, -0.0372, 0.0107
56 355 11.840000 5.0426, -1.7237, 0.0480, 0.9965, -0.0730, -0.0397, 0.0118
56 356 11.870000 5.0462, -1.7291, 0.0566, 0.9963, -0.0777, -0.0357, 0.0125
56 357 11.900000 5.0491, -1.7334, 0.0641, 0.9956, -0.0816, -0.0435, 0.0137
56 358 11.940000 5.0520, -1.7370, 0.0726, 0.9950, -0.0868, -0.0474, 0.0152
56 359 11.970000 5.0532, -1.7381, 0.0779, 0.9948, -0.0900, -0.0453, 0.0157
56 360 12.000000 5.0537, -1.7377, 0.0828, 0.9943, -0.0927, -0.0504, 0.0171
56 361 12.040000 5.0528, -1.7343, 0.0904, 0.9939, -0.0949, -0.0534, 0.0184
56 362 12.070000 5.0509, -1.7296, 0.0978, 0.9941, -0.0966, -0.0462, 0.0187
56 363 12.100000 5.0479, -1.7227, 0.1067, 0.9935, -0.0964, -0.0571, 0.0206
56 364 12.140000 5.0420, -1.7105, 0.1213, 0.9936, -0.0957, -0.0560, 0.0220
56 365 12.170000 5.0363, -1.6989, 0.1343, 0.9942, -0.0938, -0.0486, 0.0223
56 366 12.200000 5.0294, -1.6853, 0.1492, 0.9941, -0.0903, -0.0551, 0.0244
56 367 12.240000 5.0183, -1.6641, 0.1720, 0.9947, -0.0842, -0.0535, 0.0259
56 368 12.270000 5.0087, -1.6461, 0.1916, 0.9956, -0.0794, -0.0413, 0.0264
56 369 12.300000 4.9980, -1.6263, 0.2135, 0.9958, -0.0724, -0.0473, 0.0283
56 370 12.340000 4.9822, -1.5973, 0.2467, 0.9967, -0.0624, -0.0425, 0.0302
56 371 12.370000 4.9692, -1.5739, 0.2749, 0.9975, -0.0543, -0.0315, 0.0309
56 372 12.400000 4.9553, -1.5492, 0.3063, 0.9978, -0.0447, -0.0374, 0.0331
56 373 12.440000 4.9354, -1.5146, 0.3539, 0.9982, -0.0321, -0.0356, 0.0349
56 374 12.470000 4.9195, -1.4877, 0.3936, 0.9988, -0.0227, -0.0235, 0.0364
56 375 12.500000 4.9031, -1.4603, 0.4355, 0.9987, -0.0111, -0.0334, 0.0381
56 376 12.540000 4.8804, -1.4235, 0.4894, 0.9988, 0.0048, -0.0290, 0.0402
56 377 12.570000 4.8631, -1.3960, 0.5258, 0.9987, 0.0173, -0.0264, 0.0412
56 378 12.600000 4.8455, -1.3686, 0.5583, 0.9983, 0.0293, -0.0286, 0.0425
56 379 12.640000 4.8216, -1.3327, 0.5964, 0.9976, 0.0444, -0.0296, 0.0437
56 380 12.670000 4.8033, -1.3064, 0.6216, 0.9972, 0.0542, -0.0252, 0.0448
56 381 12.700000 4.7847, -1.2807, 0.6442, 0.9965, 0.0634, -0.0306, 0.0450
56 382 12.740000 4.7594, -1.2479, 0.6710, 0.9958, 0.0742, -0.0292, 0.0458
56 383 12.770000 4.7400, -1.2245, 0.6889, 0.9953, 0.0816, -0.0245, 0.0463
56 384 12.800000 4.7203, -1.2023, 0.7051, 0.9945, 0.0888, -0.0311, 0.0460
56 385 12.840000 4.6934, -1.1747, 0.7242, 0.9936, 0.0977, -0.0341, 0.0455
56 386 12.870000 4.6728, -1.1558, 0.7369, 0.9932, 0.1030, -0.0301, 0.0457
56 387 12.900000 4.6518, -1.1384, 0.7483, 0.9925, 0.1081, -0.0371, 0.0444
56 388 12.940000 4.6230, -1.1179, 0.7614, 0.9919, 0.1128, -0.0388, 0.0433
56 389 12.970000 4.6009, -1.1046, 0.7700, 0.9917, 0.1163, -0.0332, 0.0430
56 390 13.000000 4.5783, -1.0932, 0.7778, 0.9913, 0.1194, -0.0377, 0.0414
56 391 13.040000 4.5473, -1.0815, 0.7881, 0.9910, 0.1233, -0.0342, 0.0403
56 392 13.070000 4.5234, -1.0755, 0.7963, 0.9911, 0.1240, -0.0256, 0.0403
56 393 13.100000 4.4991, -1.0718, 0.8051, 0.9910, 0.1239, -0.0317, 0.0386
56 394 13.140000 4.4660, -1.0707, 0.8177, 0.9913, 0.1210, -0.0350, 0.0372
56 395 13.170000 4.4406, -1.0726, 0.8278, 0.9919, 0.1176, -0.0305, 0.0370
56 396 13.200000 4.4145, -1.0767, 0.8385, 0.9918, 0.1141, -0.0459, 0.0348
56 397 13.240000 4.3787, -1.0858, 0.8536, 0.9924, 0.1073, -0.0508, 0.0332
56 398 13.270000 4.3509, -1.0950, 0.8658, 0.9929, 0.1004, -0.0546, 0.0326
56 399 13.300000 4.3219, -1.1063, 0.8788, 0.9931, 0.0925, -0.0651, 0.0303
56 400 13.340000 4.2815, -1.1242, 0.8974, 0.9931, 0.0803, -0.0800, 0.0286
56 401 13.370000 4.2495, -1.1396, 0.9127, 0.9943, 0.0704, -0.0749, 0.0277
56 402 13.400000 4.2159, -1.1565, 0.9292, 0.9933, 0.0606, -0.0944, 0.0260
56 403 13.440000 4.1683, -1.1810, 0.9535, 0.9940, 0.0443, -0.0974, 0.0237
56 404 13.470000 4.1302, -1.2006, 0.9734, 0.9938, 0.0318, -0.1037, 0.0234
56 405 13.500000 4.0901, -1.2209, 0.9943, 0.9935, 0.0189, -0.1100, 0.0211
56 406 13.540000 4.0338, -1.2484, 1.0216, 0.9930, -0.0010, -0.1166, 0.0200
56 407 13.570000 3.9895, -1.2692, 1.0407, 0.9930, -0.0163, -0.1155, 0.0186
56 408 13.600000 3.9433, -1.2897, 1.0586, 0.9911, -0.0310, -0.1282, 0.0178
56 409 13.640000 3.8787, -1.3164, 1.0809, 0.9898, -0.0513, -0.1322, 0.0160
56 410 13.670000 3.8276, -1.3354, 1.0969, 0.9886, -0.0665, -0.1342, 0.0153
56 411 13.700000 3.7742, -1.3533, 1.1124, 0.9867, -0.0809, -0.1399, 0.0141
56 412 13.740000 3.6990, -1.3751, 1.1327, 0.9843, -0.0981, -0.1460, 0.0138
56 413 13.770000 3.6396, -1.3893, 1.1479, 0.9838, -0.1113, -0.1403, 0.0122
56 414 13.800000 3.5774, -1.4015, 1.1634, 0.9812, -0.1234, -0.1482, 0.0126
56 415 13.840000 3.4899, -1.4139, 1.1848, 0.9782, -0.1420, -0.1509, 0.0118
56 416 13.870000 3.4207, -1.4198, 1.2019, 0.9773, -0.1543, -0.1447, 0.0103
56 417 13.900000 3.3483, -1.4225, 1.2201, 0.9741, -0.1656, -0.1533, 0.0114
56 418 13.940000 3.2465, -1.4205, 1.2465, 0.9719, -0.1793, -0.1520, 0.0110
56 419 13.970000 3.1664, -1.4145, 1.2678, 0.9719, -0.1888, -0.1400, 0.0090
56 420 14.000000 3.0834, -1.4048, 1.2891, 0.9694, -0.1956, -0.1476, 0.0111
56 421 14.040000 2.9698, -1.3880, 1.3131, 0.9697, -0.2016, -0.1372, 0.0101
56 422 14.070000 2.8832, -1.3733, 1.3255, 0.9712, -0.2051, -0.1208, 0.0079
56 423 14.100000 2.7955, -1.3569, 1.3328, 0.9720, -0.2067, -0.1113, 0.0070
56 424 14.140000 2.6772, -1.3324, 1.3349, 0.9738, -0.2070, -0.0938, 0.0050
56 425 14.170000 2.5875, -1.3118, 1.3309, 0.9756, -0.2055, -0.0776, 0.0029
56 426 14.200000 2.4970, -1.2893, 1.3224, 0.9770, -0.2022, -0.0681, 0.0023
56 427 14.240000 2.3754, -1.2565, 1.3040, 0.9794, -0.1957, -0.0507, 0.0004
56 428 14.270000 2.2837, -1.2299, 1.2845, 0.9813, -0.1892, -0.0352, -0.0015
56 429 14.300000 2.1917, -1.2018, 1.2601, 0.9831, -0.1811, -0.0258, -0.0022
56 430 14.340000 2.0688, -1.1625, 1.2186, 0.9857, -0.1682, -0.0084, -0.0042
56 431 14.370000 1.9766, -1.1320, 1.1800, 0.9876, -0.1568, 0.0065, -0.0060
56 432 14.400000 1.8844, -1.1011, 1.1338, 0.9893, -0.1444, 0.0189, -0.0074
56 433 14.440000 1.7615, -1.0597, 1.0591, 0.9912, -0.1263, 0.0374, -0.0096
56 434 14.470000 1.6693, -1.0286, 0.9928, 0.9923, -0.1123, 0.0515, -0.0114
56 435 14.500000 1.5773, -0.9972, 0.9195, 0.9930, -0.0975, 0.0656, -0.0131
56 436 14.540000 1.4566, -0.9527, 0.8214, 0.9934, -0.0775, 0.0837, -0.0154
56 437 14.570000 1.3687, -0.9168, 0.7534, 0.9932, -0.0630, 0.0960, -0.0170
56 438 14.600000 1.2839, -0.8790, 0.6917, 0.9928, -0.0494, 0.1071, -0.0184
56 439 14.640000 1.1759, -0.8264, 0.6190, 0.9921, -0.0329, 0.1197, -0.0200
56 440 14.670000 1.0991, -0.7858, 0.5715, 0.9914, -0.0221, 0.1275, -0.0210
56 441 14.700000 1.0262, -0.7446, 0.5297, 0.9907, -0.0126, 0.1338, -0.0219
56 442 14.740000 0.9350, -0.6893, 0.4824, 0.9899, -0.0023, 0.1402, -0.0227
56 443 14.770000 0.8714, -0.6478, 0.4530, 0.9894, 0.0038, 0.1436, -0.0231
56 444 14.800000 0.8117, -0.6064, 0.4284, 0.9890, 0.0087, 0.1460, -0.0235
56 445 14.840000 0.7385, -0.5519, 0.4027, 0.9886, 0.0133, 0.1479, -0.0237
56 446 14.870000 0.6883, -0.5115, 0.3885, 0.9885, 0.0155, 0.1485, -0.0237
56 447 14.900000 0.6420, -0.4716, 0.3784, 0.9885, 0.0169, 0.1486, -0.0238
56 448 14.940000 0.5864, -0.4192, 0.3710, 0.9885, 0.0177, 0.1483, -0.0237
56 449 14.970000 0.5492, -0.3806, 0.3698, 0.9885, 0.0178, 0.1480, -0.0236
