90 0 0.010000 1.8221, 0.7322, 3.6584, 1.0000, 0.0000, 0.0000, 0.0000
90 1 0.040000 1.8221, 0.7322, 3.6512, 1.0000, 0.0000, 0.0000, 0.0000
90 2 0.070000 1.8221, 0.7322, 3.6352, 1.0000, 0.0000, 0.0000, 0.0000
90 3 0.110000 1.8221, 0.7322, 3.6001, 1.0000, 0.0000, 0.0000, 0.0000
90 4 0.140000 1.8221, 0.7322, 3.5637, 0.9998, -0.0187, 0.0043, 0.0003
90 5 0.170000 1.8221, 0.7326, 3.5243, 0.9978, -0.0652, 0.0133, 0.0012
90 6 0.200000 1.8225, 0.7345, 3.4882, 0.9950, -0.0973, 0.0209, 0.0020
90 7 0.240000 1.8240, 0.7414, 3.4482, 0.9920, -0.1233, 0.0285, 0.0029
90 8 0.270000 1.8259, 0.7503, 3.4228, 0.9905, -0.1337, 0.0323, 0.0036
90 9 0.310000 1.8296, 0.7666, 3.3916, 0.9901, -0.1355, 0.0364, 0.0042
90 10 0.340000 1.8330, 0.7815, 3.3674, 0.9908, -0.1292, 0.0396, 0.0045
90 11 0.370000 1.8369, 0.7981, 3.3406, 0.9912, -0.1267, 0.0387, 0.0053
90 12 0.400000 1.8412, 0.8159, 3.3099, 0.9925, -0.1152, 0.0410, 0.0052
90 13 0.440000 1.8475, 0.8412, 3.2617, 0.9940, -0.1003, 0.0430, 0.0057
90 14 0.470000 1.8526, 0.8612, 3.2204, 0.9950, -0.0892, 0.0450, 0.0061
90 15 0.500000 1.8583, 0.8823, 3.1759, 0.9963, -0.0717, 0.0471, 0.0063
90 16 0.540000 1.8671, 0.9122, 3.1161, 0.9976, -0.0496, 0.0489, 0.0064
90 17 0.570000 1.8749, 0.9361, 3.0736, 0.9982, -0.0386, 0.0463, 0.0068
90 18 0.610000 1.8871, 0.9692, 3.0217, 0.9989, -0.0179, 0.0426, 0.0069
90 19 0.640000 1.8974, 0.9945, 2.9868, 0.9992, 0.0041, 0.0401, 0.0068
90 20 0.670000 1.9088, 1.0198, 2.9557, 0.9993, 0.0131, 0.0347, 0.0072
90 21 0.700000 1.9211, 1.0447, 2.9284, 0.9989, 0.0344, 0.0308, 0.0075
90 22 0.740000 1.9386, 1.0766, 2.8983, 0.9984, 0.0499, 0.0246, 0.0082
90 23 0.770000 1.9526, 1.0991, 2.8807, 0.9983, 0.0551, 0.0196, 0.0090
90 24 0.800000 1.9670, 1.1201, 2.8675, 0.9968, 0.0786, 0.0143, 0.0090
90 25 0.840000 1.9870, 1.1449, 2.8571, 0.9954, 0.0953, 0.0079, 0.0096
90 26 0.870000 2.0022, 1.1608, 2.8547, 0.9952, 0.0975, 0.0033, 0.0098
90 27 0.900000 2.0176, 1.1738, 2.8569, 0.9924, 0.1227, -0.0005, 0.0099
90 28 0.940000 2.0381, 1.1863, 2.8665, 0.9902, 0.1394, -0.0044, 0.0100
90 29 0.970000 2.0534, 1.1917, 2.8778, 0.9904, 0.1378, -0.0077, 0.0098
90 30 1.000000 2.0685, 1.1939, 2.8913, 0.9876, 0.1564, -0.0101, 0.0098
90 31 1.040000 2.0885, 1.1924, 2.9098, 0.9881, 0.1529, -0.0138, 0.0094
90 32 1.070000 2.1032, 1.1885, 2.9224, 0.9893, 0.1449, -0.0160, 0.0095
90 33 1.110000 2.1225, 1.1799, 2.9362, 0.9908, 0.1340, -0.0189, 0.0093
90 34 1.140000 2.1367, 1.1713, 2.9443, 0.9906, 0.1347, -0.0211, 0.0097
90 35 1.170000 2.1507, 1.1607, 2.9506, 0.9923, 0.1216, -0.0235, 0.0096
90 36 1.210000 2.1687, 1.1438, 2.9561, 0.9932, 0.1132, -0.0258, 0.0101
90 37 1.240000 2.1819, 1.1292, 2.9582, 0.9934, 0.1104, -0.0275, 0.0106
90 38 1.270000 2.1946, 1.1130, 2.9587, 0.9947, 0.0981, -0.0294, 0.0108
90 39 1.310000 2.2110, 1.0891, 2.9568, 0.9955, 0.0883, -0.0321, 0.0115
90 40 1.340000 2.2227, 1.0696, 2.9534, 0.9957, 0.0856, -0.0336, 0.0122
90 41 1.370000 2.2340, 1.0489, 2.9484, 0.9966, 0.0729, -0.0350, 0.0127
90 42 1.410000 2.2483, 1.0196, 2.9391, 0.9973, 0.0615, -0.0367, 0.0136
90 43 1.440000 2.2584, 0.9965, 2.9300, 0.9975, 0.0586, -0.0377, 0.0145
90 44 1.470000 2.2680, 0.9727, 2.9191, 0.9981, 0.0446, -0.0391, 0.0151
90 45 1.510000 2.2799, 0.9398, 2.9021, 0.9985, 0.0331, -0.0406, 0.0162
90 46 1.540000 2.2881, 0.9145, 2.8876, 0.9986, 0.0305, -0.0409, 0.0171
90 47 1.570000 2.2958, 0.8887, 2.8718, 0.9988, 0.0184, -0.0415, 0.0175
90 48 1.610000 2.3050, 0.8539, 2.8484, 0.9989, 0.0104, -0.0412, 0.0181
90 49 1.640000 2.3113, 0.8276, 2.8292, 0.9990, 0.0099, -0.0405, 0.0187
90 50 1.670000 2.3169, 0.8011, 2.8082, 0.9990, -0.0012, -0.0397, 0.0187
90 51 1.710000 2.3236, 0.7658, 2.7772, 0.9991, -0.0090, -0.0379, 0.0187
90 52 1.740000 2.3281, 0.7394, 2.7513, 0.9991, -0.0099, -0.0361, 0.0187
90 53 1.770000 2.3321, 0.7131, 2.7227, 0.9991, -0.0188, -0.0343, 0.0183
90 54 1.810000 2.3368, 0.6783, 2.6798, 0.9991, -0.0233, -0.0316, 0.0178
90 55 1.840000 2.3399, 0.6525, 2.6434, 0.9992, -0.0221, -0.0293, 0.0173
90 56 1.870000 2.3428, 0.6269, 2.6030, 0.9991, -0.0268, -0.0270, 0.0165
90 57 1.910000 2.3462, 0.5931, 2.5425, 0.9992, -0.0273, -0.0235, 0.0155
90 58 1.940000 2.3485, 0.5681, 2.4923, 0.9994, -0.0238, -0.0206, 0.0146
90 59 1.970000 2.3506, 0.5433, 2.4386, 0.9994, -0.0251, -0.0178, 0.0135
90 60 2.010000 2.3529, 0.5108, 2.3650, 0.9996, -0.0219, -0.0142, 0.0120
90 61 2.040000 2.3543, 0.4869, 2.3122, 0.9998, -0.0152, -0.0117, 0.0109
90 62 2.070000 2.3554, 0.4635, 2.2639, 0.9997, -0.0212, -0.0061, 0.0099
90 63 2.110000 2.3565, 0.4331, 2.2075, 0.9997, -0.0235, 0.0016, 0.0086
90 64 2.140000 2.3574, 0.4110, 2.1712, 0.9999, -0.0136, 0.0058, 0.0077
90 65 2.170000 2.3585, 0.3893, 2.1397, 0.9998, -0.0181, 0.0094, 0.0067
90 66 2.210000 2.3602, 0.3609, 2.1049, 0.9999, -0.0080, 0.0133, 0.0056
90 67 2.240000 2.3619, 0.3397, 2.0837, 0.9999, 0.0051, 0.0153, 0.0047
90 68 2.270000 2.3640, 0.3186, 2.0665, 0.9998, -0.0017, 0.0170, 0.0041
90 69 2.310000 2.3675, 0.2902, 2.0493, 0.9998, -0.0039, 0.0191, 0.0033
90 70 2.340000 2.3706, 0.2690, 2.0407, 0.9998, 0.0036, 0.0203, 0.0025
90 71 2.370000 2.3743, 0.2478, 2.0356, 0.9997, -0.0118, 0.0221, 0.0021
90 72 2.410000 2.3800, 0.2198, 2.0340, 0.9996, -0.0188, 0.0233, 0.0013
90 73 2.440000 2.3849, 0.1992, 2.0364, 0.9996, -0.0164, 0.0239, 0.0005
90 74 2.470000 2.3904, 0.1790, 2.0417, 0.9992, -0.0322, 0.0248, 0.0002
90 75 2.510000 2.3985, 0.1531, 2.0521, 0.9989, -0.0393, 0.0263, -0.0008
90 76 2.540000 2.4053, 0.1345, 2.0613, 0.9988, -0.0422, 0.0267, -0.0015
90 77 2.570000 2.4125, 0.1167, 2.0711, 0.9979, -0.0582, 0.0273, -0.0020
90 78 2.610000 2.4229, 0.0947, 2.0848, 0.9971, -0.0716, 0.0274, -0.0026
90 79 2.640000 2.4314, 0.0796, 2.0957, 0.9970, -0.0730, 0.0270, -0.0033
90 80 2.670000 2.4403, 0.0660, 2.1072, 0.9959, -0.0868, 0.0266, -0.0036
90 81 2.710000 2.4531, 0.0503, 2.1239, 0.9950, -0.0961, 0.0256, -0.0041
90 82 2.740000 2.4632, 0.0407, 2.1377, 0.9950, -0.0965, 0.0246, -0.0046
90 83 2.770000 2.4739, 0.0332, 2.1527, 0.9930, -0.1160, 0.0237, -0.0046
90 84 2.800000 2.4851, 0.0280, 2.1691, 0.9924, -0.1210, 0.0227, -0.0048
90 85 2.840000 2.5008, 0.0253, 2.1937, 0.9913, -0.1299, 0.0211, -0.0048
90 86 2.870000 2.5132, 0.0266, 2.2143, 0.9894, -0.1437, 0.0200, -0.0047
90 87 2.900000 2.5260, 0.0311, 2.2370, 0.9907, -0.1350, 0.0181, -0.0047
90 88 2.940000 2.5437, 0.0419, 2.2702, 0.9907, -0.1350, 0.0166, -0.0046
90 89 2.970000 2.5574, 0.0534, 2.2968, 0.9899, -0.1409, 0.0155, -0.0043
90 90 3.000000 2.5714, 0.0674, 2.3235, 0.9912, -0.1315, 0.0140, -0.0042
90 91 3.040000 2.5904, 0.0889, 2.3556, 0.9919, -0.1263, 0.0119, -0.0038
90 92 3.070000 2.6048, 0.1066, 2.3751, 0.9929, -0.1185, 0.0103, -0.0036
90 93 3.100000 2.6193, 0.1253, 2.3899, 0.9945, -0.1047, 0.0086, -0.0036
90 94 3.140000 2.6388, 0.1515, 2.4025, 0.9959, -0.0903, 0.0058, -0.0034
90 95 3.170000 2.6534, 0.1722, 2.4065, 0.9965, -0.0830, 0.0032, -0.0032
90 96 3.200000 2.6681, 0.1936, 2.4061, 0.9976, -0.0697, 0.0001, -0.0031
90 97 3.240000 2.6876, 0.2230, 2.3984, 0.9983, -0.0573, -0.0047, -0.0029
90 98 3.270000 2.7023, 0.2457, 2.3873, 0.9987, -0.0506, -0.0085, -0.0028
90 99 3.300000 2.7168, 0.2687, 2.3714, 0.9992, -0.0389, -0.0126, -0.0027
90 100 3.340000 2.7361, 0.3000, 2.3422, 0.9995, -0.0267, -0.0183, -0.0026
90 101 3.370000 2.7504, 0.3236, 2.3138, 0.9995, -0.0198, -0.0230, -0.0025
90 102 3.400000 2.7646, 0.3474, 2.2796, 0.9996, -0.0087, -0.0280, -0.0024
90 103 3.440000 2.7833, 0.3791, 2.2250, 0.9994, 0.0038, -0.0351, -0.0023
90 104 3.470000 2.7970, 0.4029, 2.1778, 0.9991, 0.0115, -0.0404, -0.0023
90 105 3.500000 2.8102, 0.4266, 2.1273, 0.9987, 0.0228, -0.0459, -0.0022
90 106 3.540000 2.8266, 0.4575, 2.0598, 0.9980, 0.0343, -0.0526, -0.0023
90 107 3.570000 2.8375, 0.4799, 2.0121, 0.9977, 0.0381, -0.0568, -0.0027
90 108 3.600000 2.8471, 0.5013, 1.9676, 0.9970, 0.0481, -0.0605, -0.0028
90 109 3.640000 2.8575, 0.5280, 1.9132, 0.9962, 0.0570, -0.0659, -0.0031
90 110 3.670000 2.8635, 0.5467, 1.8758, 0.9964, 0.0506, -0.0673, -0.0041
90 111 3.700000 2.8681, 0.5641, 1.8408, 0.9960, 0.0578, -0.0678, -0.0043
90 112 3.740000 2.8718, 0.5856, 1.7971, 0.9963, 0.0543, -0.0660, -0.0054
90 113 3.770000 2.8730, 0.6004, 1.7662, 0.9966, 0.0514, -0.0647, -0.0061
90 114 3.800000 2.8729, 0.6141, 1.7365, 0.9959, 0.0638, -0.0632, -0.0060
90 115 3.840000 2.8708, 0.6306, 1.6978, 0.9957, 0.0692, -0.0613, -0.0065
90 116 3.870000 2.8679, 0.6416, 1.6693, 0.9960, 0.0661, -0.0591, -0.0074
90 117 3.900000 2.8639, 0.6514, 1.6407, 0.9955, 0.0747, -0.0572, -0.0075
90 118 3.940000 2.8571, 0.6625, 1.6021, 0.9957, 0.0749, -0.0536, -0.0084
90 119 3.970000 2.8509, 0.6694, 1.5729, 0.9963, 0.0677, -0.0516, -0.0095
90 120 4.000000 2.8437, 0.6750, 1.5437, 0.9964, 0.0686, -0.0496, -0.0102
90 121 4.040000 2.8326, 0.6805, 1.5059, 0.9965, 0.0679, -0.0469, -0.0114
90 122 4.070000 2.8232, 0.6832, 1.4792, 0.9975, 0.0557, -0.0428, -0.0124
90 123 4.100000 2.8128, 0.6846, 1.4539, 0.9971, 0.0638, -0.0397, -0.0126
90 124 4.140000 2.7978, 0.6846, 1.4220, 0.9977, 0.0565, -0.0351, -0.0131
90 125 4.170000 2.7856, 0.6834, 1.3993, 0.9983, 0.0475, -0.0317, -0.0137
90 126 4.200000 2.7729, 0.6812, 1.3774, 0.9983, 0.0488, -0.0285, -0.0136
90 127 4.240000 2.7550, 0.6770, 1.3490, 0.9987, 0.0431, -0.0225, -0.0136
90 128 4.270000 2.7411, 0.6730, 1.3282, 0.9993, 0.0298, -0.0187, -0.0137
90 129 4.300000 2.7269, 0.6684, 1.3075, 0.9994, 0.0285, -0.0149, -0.0133
90 130 4.340000 2.7074, 0.6616, 1.2798, 0.9996, 0.0213, -0.0111, -0.0129
90 131 4.370000 2.6926, 0.6562, 1.2585, 0.9999, 0.0074, -0.0071, -0.0124
90 132 4.400000 2.6777, 0.6505, 1.2367, 0.9999, 0.0079, -0.0034, -0.0117
90 133 4.440000 2.6577, 0.6429, 1.2064, 0.9999, -0.0028, 0.0017, -0.0107
90 134 4.470000 2.6428, 0.6372, 1.1830, 0.9998, -0.0154, 0.0058, -0.0098
90 135 4.500000 2.6279, 0.6318, 1.1593, 0.9997, -0.0189, 0.0099, -0.0088
90 136 4.540000 2.6084, 0.6253, 1.1290, 0.9995, -0.0262, 0.0144, -0.0076
90 137 4.570000 2.5941, 0.6210, 1.1080, 0.9991, -0.0392, 0.0161, -0.0067
90 138 4.600000 2.5802, 0.6176, 1.0886, 0.9992, -0.0353, 0.0172, -0.0061
90 139 4.640000 2.5622, 0.6142, 1.0654, 0.9990, -0.0413, 0.0174, -0.0054
90 140 4.670000 2.5491, 0.6128, 1.0496, 0.9984, -0.0540, 0.0168, -0.0047
90 141 4.700000 2.5363, 0.6123, 1.0352, 0.9985, -0.0522, 0.0158, -0.0044
90 142 4.740000 2.5198, 0.6135, 1.0177, 0.9978, -0.0644, 0.0138, -0.0037
90 143 4.770000 2.5078, 0.6160, 1.0057, 0.9966, -0.0818, 0.0121, -0.0031
90 144 4.800000 2.4960, 0.6199, 0.9945, 0.9968, -0.0791, 0.0101, -0.0027
90 145 4.840000 2.4806, 0.6276, 0.9807, 0.9964, -0.0841, 0.0075, -0.0022
90 146 4.870000 2.4692, 0.6353, 0.9709, 0.9960, -0.0895, 0.0053, -0.0017
90 147 4.900000 2.4579, 0.6446, 0.9615, 0.9967, -0.0810, 0.0029, -0.0015
90 148 4.940000 2.4429, 0.6595, 0.9495, 0.9972, -0.0753, -0.0009, -0.0010
90 149 4.970000 2.4316, 0.6723, 0.9406, 0.9970, -0.0769, -0.0035, -0.0009
90 150 5.000000 2.4203, 0.6864, 0.9318, 0.9979, -0.0645, -0.0055, -0.0008
90 151 5.040000 2.4051, 0.7071, 0.9200, 0.9985, -0.0536, -0.0078, -0.0008
90 152 5.070000 2.3935, 0.7237, 0.9111, 0.9985, -0.0535, -0.0096, -0.0011
90 153 5.100000 2.3818, 0.7413, 0.9019, 0.9993, -0.0366, -0.0118, -0.0011
90 154 5.140000 2.3658, 0.7657, 0.8893, 0.9995, -0.0277, -0.0135, -0.0016
90 155 5.170000 2.3536, 0.7847, 0.8796, 0.9996, -0.0252, -0.0143, -0.0021
90 156 5.200000 2.3411, 0.8041, 0.8694, 0.9998, -0.0122, -0.0150, -0.0026
90 157 5.240000 2.3241, 0.8303, 0.8551, 0.9999, -0.0024, -0.0156, -0.0034
90 158 5.270000 2.3110, 0.8500, 0.8437, 0.9999, -0.0011, -0.0156, -0.0043
90 159 5.300000 2.2977, 0.8698, 0.8316, 0.9998, 0.0118, -0.0155, -0.0050
90 160 5.340000 2.2795, 0.8959, 0.8142, 0.9997, 0.0203, -0.0148, -0.0061
90 161 5.370000 2.2656, 0.9151, 0.7999, 0.9997, 0.0205, -0.0137, -0.0072
90 162 5.400000 2.2515, 0.9341, 0.7845, 0.9994, 0.0322, -0.0127, -0.0081
90 163 5.440000 2.2324, 0.9586, 0.7620, 0.9991, 0.0403, -0.0107, -0.0095
90 164 5.470000 2.2179, 0.9763, 0.7437, 0.9991, 0.0409, -0.0087, -0.0106
90 165 5.500000 2.2033, 0.9934, 0.7243, 0.9986, 0.0516, -0.0066, -0.0117
90 166 5.540000 2.1835, 1.0149, 0.6976, 0.9981, 0.0597, -0.0030, -0.0132
90 167 5.570000 2.1686, 1.0298, 0.6774, 0.9981, 0.0595, 0.0000, -0.0143
90 168 5.600000 2.1537, 1.0437, 0.6570, 0.9974, 0.0708, 0.0028, -0.0153
90 169 5.640000 2.1339, 1.0605, 0.6293, 0.9971, 0.0745, 0.0072, -0.0167
90 170 5.670000 2.1192, 1.0716, 0.6080, 0.9974, 0.0696, 0.0109, -0.0178
90 171 5.700000 2.1046, 1.0816, 0.5859, 0.9969, 0.0752, 0.0142, -0.0189
90 172 5.740000 2.0855, 1.0931, 0.5550, 0.9969, 0.0733, 0.0192, -0.0204
90 173 5.770000 2.0714, 1.1004, 0.5303, 0.9974, 0.0647, 0.0235, -0.0214
90 174 5.800000 2.0577, 1.1068, 0.5040, 0.9972, 0.0665, 0.0273, -0.0227
90 175 5.840000 2.0400, 1.1139, 0.4658, 0.9974, 0.0597, 0.0329, -0.0243
90 176 5.870000 2.0271, 1.1184, 0.4343, 0.9978, 0.0493, 0.0374, -0.0255
90 177 5.900000 2.0147, 1.1222, 0.4000, 0.9977, 0.0467, 0.0415, -0.0271
90 178 5.940000 1.9989, 1.1265, 0.3493, 0.9978, 0.0370, 0.0471, -0.0292
90 179 5.970000 1.9876, 1.1292, 0.3079, 0.9979, 0.0253, 0.0517, -0.0307
90 180 6.000000 1.9771, 1.1315, 0.2646, 0.9977, 0.0214, 0.0554, -0.0327
90 181 6.040000 1.9647, 1.1340, 0.2078, 0.9975, 0.0113, 0.0608, -0.0351
90 182 6.070000 1.9570, 1.1356, 0.1679, 0.9971, -0.0025, 0.0669, -0.0360
90 183 6.100000 1.9508, 1.1370, 0.1306, 0.9970, -0.0010, 0.0680, -0.0374
90 184 6.140000 1.9449, 1.1390, 0.0849, 0.9967, 0.0011, 0.0708, -0.0394
90 185 6.170000 1.9424, 1.1405, 0.0533, 0.9966, -0.0046, 0.0719, -0.0401
90 186 6.200000 1.9414, 1.1420, 0.0236, 0.9966, 0.0027, 0.0716, -0.0416
90 187 6.240000 1.9424, 1.1439, -0.0135, 0.9966, 0.0013, 0.0707, -0.0425
90 188 6.270000 1.9449, 1.1453, -0.0397, 0.9966, -0.0100, 0.0701, -0.0421
90 189 6.300000 1.9487, 1.1468, -0.0649, 0.9967, -0.0100, 0.0683, -0.0425
90 190 6.340000 1.9560, 1.1491, -0.0971, 0.9968, -0.0196, 0.0657, -0.0416
90 191 6.370000 1.9629, 1.1513, -0.1207, 0.9967, -0.0311, 0.0635, -0.0404
90 192 6.400000 1.9710, 1.1539, -0.1441, 0.9970, -0.0271, 0.0603, -0.0398
90 193 6.440000 1.9835, 1.1582, -0.1753, 0.9974, -0.0271, 0.0553, -0.0383
90 194 6.470000 1.9940, 1.1620, -0.1988, 0.9976, -0.0304, 0.0510, -0.0367
90 195 6.500000 2.0054, 1.1662, -0.2222, 0.9981, -0.0189, 0.0455, -0.0357
90 196 6.540000 2.0221, 1.1724, -0.2524, 0.9986, -0.0121, 0.0394, -0.0338
90 197 6.570000 2.0355, 1.1774, -0.2737, 0.9987, -0.0170, 0.0354, -0.0321
90 198 6.600000 2.0496, 1.1827, -0.2937, 0.9990, -0.0065, 0.0317, -0.0311
90 199 6.640000 2.0695, 1.1900, -0.3188, 0.9992, -0.0018, 0.0277, -0.0295
90 200 6.670000 2.0850, 1.1955, -0.3364, 0.9993, -0.0051, 0.0252, -0.0282
90 201 6.700000 2.1010, 1.2011, -0.3533, 0.9993, 0.0068, 0.0231, -0.0274
90 202 6.740000 2.1230, 1.2085, -0.3748, 0.9994, 0.0130, 0.0206, -0.0262
90 203 6.770000 2.1400, 1.2138, -0.3903, 0.9994, 0.0109, 0.0192, -0.0253
90 204 6.800000 2.1573, 1.2188, -0.4055, 0.9993, 0.0228, 0.0179, -0.0247
90 205 6.840000 2.1809, 1.2250, -0.4257, 0.9991, 0.0300, 0.0166, -0.0238
90 206 6.870000 2.1989, 1.2290, -0.4409, 0.9991, 0.0305, 0.0157, -0.0231
90 207 6.900000 2.2171, 1.2325, -0.4564, 0.9986, 0.0456, 0.0149, -0.0227
90 208 6.940000 2.2418, 1.2360, -0.4777, 0.9980, 0.0573, 0.0142, -0.0220
90 209 6.970000 2.2606, 1.2376, -0.4938, 0.9981, 0.0562, 0.0138, -0.0215
90 210 7.000000 2.2797, 1.2380, -0.5095, 0.9976, 0.0644, 0.0135, -0.0210
90 211 7.040000 2.3055, 1.2365, -0.5274, 0.9974, 0.0685, 0.0130, -0.0205
90 212 7.070000 2.3252, 1.2336, -0.5372, 0.9976, 0.0645, 0.0124, -0.0199
90 213 7.100000 2.3451, 1.2290, -0.5437, 0.9967, 0.0775, 0.0116, -0.0195
90 214 7.140000 2.3721, 1.2201, -0.5471, 0.9965, 0.0804, 0.0099, -0.0189
90 215 7.170000 2.3926, 1.2112, -0.5458, 0.9972, 0.0715, 0.0089, -0.0183
90 216 7.200000 2.4132, 1.2005, -0.5412, 0.9968, 0.0779, 0.0079, -0.0178
90 217 7.240000 2.4410, 1.1834, -0.5298, 0.9970, 0.0751, 0.0069, -0.0169
90 218 7.270000 2.4621, 1.1686, -0.5173, 0.9980, 0.0605, 0.0057, -0.0162
90 219 7.300000 2.4832, 1.1521, -0.5011, 0.9977, 0.0661, 0.0048, -0.0155
90 220 7.340000 2.5115, 1.1277, -0.4735, 0.9982, 0.0578, 0.0036, -0.0145
90 221 7.370000 2.5329, 1.1077, -0.4478, 0.9990, 0.0419, 0.0028, -0.0136
90 222 7.400000 2.5543, 1.0865, -0.4175, 0.9989, 0.0461, 0.0024, -0.0128
90 223 7.440000 2.5829, 1.0565, -0.3697, 0.9992, 0.0387, 0.0020, -0.0115
90 224 7.470000 2.6044, 1.0329, -0.3285, 0.9997, 0.0239, 0.0017, -0.0105
90 225 7.500000 2.6259, 1.0087, -0.2840, 0.9993, 0.0366, 0.0020, -0.0095
90 226 7.540000 2.6547, 0.9754, -0.2237, 0.9996, 0.0257, 0.0027, -0.0081
90 227 7.570000 2.6763, 0.9500, -0.1801, 0.9999, 0.0066, 0.0021, -0.0073
90 228 7.600000 2.6980, 0.9245, -0.1382, 1.0000, 0.0005, 0.0017, -0.0064
90 229 7.640000 2.7269, 0.8906, -0.0846, 0.9999, -0.0154, 0.0003, -0.0055
90 230 7.670000 2.7486, 0.8654, -0.0455, 0.9995, -0.0307, -0.0007, -0.0048
90 231 7.700000 2.7702, 0.8407, -0.0070, 0.9994, -0.0349, -0.0016, -0.0043
90 232 7.740000 2.7991, 0.8088, 0.0441, 0.9990, -0.0452, -0.0032, -0.0036
90 233 7.770000 2.8207, 0.7859, 0.0828, 0.9982, -0.0599, -0.0045, -0.0033
90 234 7.800000 2.8422, 0.7641, 0.1223, 0.9982, -0.0598, -0.0055, -0.0030
90 235 7.840000 2.8706, 0.7371, 0.1767, 0.9976, -0.0684, -0.0067, -0.0028
90 236 7.870000 2.8919, 0.7186, 0.2196, 0.9966, -0.0822, -0.0078, -0.0028
90 237 7.900000 2.9129, 0.7018, 0.2648, 0.9968, -0.0790, -0.0085, -0.0029
90 238 7.940000 2.9407, 0.6824, 0.3290, 0.9965, -0.0835, -0.0095, -0.0032
90 239 7.970000 2.9612, 0.6702, 0.3798, 0.9955, -0.0938, -0.0101, -0.0036
90 240 8.000000 2.9816, 0.6597, 0.4315, 0.9967, -0.0802, -0.0104, -0.0040
90 241 8.040000 3.0086, 0.6475, 0.4965, 0.9962, -0.0859, -0.0104, -0.0049
90 242 8.070000 3.0287, 0.6391, 0.5397, 0.9952, -0.0968, -0.0109, -0.0055
90 243 8.100000 3.0488, 0.6314, 0.5777, 0.9947, -0.1021, -0.0118, -0.0060
90 244 8.140000 3.0754, 0.6225, 0.6205, 0.9939, -0.1095, -0.0138, -0.0066
90 245 8.170000 3.0953, 0.6169, 0.6473, 0.9930, -0.1168, -0.0160, -0.0069
90 246 8.200000 3.1149, 0.6124, 0.6699, 0.9930, -0.1162, -0.0188, -0.0071
90 247 8.240000 3.1409, 0.6082, 0.6940, 0.9927, -0.1181, -0.0234, -0.0072
90 248 8.270000 3.1601, 0.6065, 0.7076, 0.9922, -0.1215, -0.0271, -0.0072
90 249 8.300000 3.1791, 0.6061, 0.7176, 0.9926, -0.1170, -0.0312, -0.0070
90 250 8.340000 3.2038, 0.6074, 0.7252, 0.9928, -0.1136, -0.0373, -0.0067
90 251 8.370000 3.2219, 0.6099, 0.7264, 0.9926, -0.1136, -0.0421, -0.0066
90 252 8.400000 3.2396, 0.6134, 0.7237, 0.9933, -0.1053, -0.0472, -0.0061
90 253 8.440000 3.2626, 0.6197, 0.7136, 0.9938, -0.0967, -0.0544, -0.0054
90 254 8.470000 3.2791, 0.6256, 0.7016, 0.9940, -0.0913, -0.0600, -0.0050
90 255 8.500000 3.2949, 0.6326, 0.6868, 0.9947, -0.0790, -0.0654, -0.0042
90 256 8.540000 3.3143, 0.6441, 0.6663, 0.9952, -0.0659, -0.0717, -0.0034
90 257 8.570000 3.3272, 0.6543, 0.6523, 0.9952, -0.0602, -0.0765, -0.0030
90 258 8.600000 3.3384, 0.6658, 0.6400, 0.9955, -0.0511, -0.0794, -0.0025
90 259 8.640000 3.3507, 0.6829, 0.6264, 0.9956, -0.0463, -0.0815, -0.0025
90 260 8.670000 3.3579, 0.6970, 0.6181, 0.9954, -0.0500, -0.0815, -0.0032
90 261 8.700000 3.3634, 0.7121, 0.6114, 0.9961, -0.0352, -0.0805, -0.0025
90 262 8.740000 3.3681, 0.7335, 0.6048, 0.9966, -0.0271, -0.0782, -0.0024
90 263 8.770000 3.3697, 0.7503, 0.6016, 0.9968, -0.0271, -0.0757, -0.0029
90 264 8.800000 3.3698, 0.7676, 0.6000, 0.9973, -0.0117, -0.0727, -0.0020
90 265 8.840000 3.3675, 0.7911, 0.6003, 0.9977, -0.0023, -0.0677, -0.0017
90 266 8.870000 3.3641, 0.8090, 0.6025, 0.9980, -0.0006, -0.0638, -0.0017
90 267 8.900000 3.3593, 0.8268, 0.6063, 0.9980, 0.0195, -0.0599, -0.0003
90 268 8.940000 3.3510, 0.8500, 0.6140, 0.9981, 0.0278, -0.0548, 0.0007
90 269 8.970000 3.3435, 0.8668, 0.6213, 0.9984, 0.0255, -0.0509, 0.0010
90 270 9.000000 3.3350, 0.8832, 0.6290, 0.9981, 0.0382, -0.0474, 0.0022
90 271 9.040000 3.3225, 0.9041, 0.6373, 0.9985, 0.0350, -0.0428, 0.0028
90 272 9.070000 3.3126, 0.9194, 0.6406, 0.9988, 0.0263, -0.0402, 0.0030
90 273 9.100000 3.3021, 0.9343, 0.6410, 0.9990, 0.0250, -0.0376, 0.0035
90 274 9.140000 3.2875, 0.9537, 0.6371, 0.9992, 0.0182, -0.0348, 0.0040
90 275 9.170000 3.2760, 0.9680, 0.6310, 0.9994, 0.0091, -0.0330, 0.0042
90 276 9.200000 3.2642, 0.9822, 0.6221, 0.9995, 0.0083, -0.0315, 0.0048
90 277 9.240000 3.2478, 1.0010, 0.6059, 0.9995, 0.0017, -0.0302, 0.0055
90 278 9.270000 3.2350, 1.0151, 0.5904, 0.9995, -0.0070, -0.0297, 0.0059
90 279 9.300000 3.2219, 1.0293, 0.5720, 0.9995, -0.0071, -0.0294, 0.0067
90 280 9.340000 3.2040, 1.0483, 0.5422, 0.9995, -0.0118, -0.0297, 0.0077
90 281 9.370000 3.1902, 1.0628, 0.5156, 0.9993, -0.0179, -0.0302, 0.0085
90 282 9.400000 3.1760, 1.0774, 0.4851, 0.9993, -0.0165, -0.0309, 0.0096
90 283 9.440000 3.1568, 1.0971, 0.4377, 0.9993, -0.0179, -0.0322, 0.0112
90 284 9.470000 3.1420, 1.1120, 0.3974, 0.9992, -0.0204, -0.0334, 0.0125
90 285 9.500000 3.1267, 1.1272, 0.3543, 0.9992, -0.0163, -0.0347, 0.0140
90 286 9.540000 3.1054, 1.1480, 0.2976, 0.9991, -0.0143, -0.0361, 0.0161
90 287 9.570000 3.0885, 1.1640, 0.2580, 0.9988, -0.0205, -0.0402, 0.0172
90 288 9.600000 3.0706, 1.1804, 0.2215, 0.9990, -0.0119, -0.0392, 0.0187
90 289 9.640000 3.0453, 1.2028, 0.1770, 0.9989, -0.0081, -0.0422, 0.0206
90 290 9.670000 3.0251, 1.2200, 0.1463, 0.9987, -0.0164, -0.0432, 0.0215
90 291 9.700000 3.0041, 1.2374, 0.1177, 0.9987, -0.0121, -0.0431, 0.0233
90 292 9.740000 2.9746, 1.2610, 0.0820, 0.9987, -0.0122, -0.0424, 0.0253
90 293 9.770000 2.9514, 1.2792, 0.0569, 0.9986, -0.0196, -0.0420, 0.0265
90 294 9.800000 2.9274, 1.2976, 0.0329, 0.9987, -0.0124, -0.0409, 0.0284
90 295 9.840000 2.8942, 1.3226, 0.0020, 0.9987, -0.0086, -0.0394, 0.0307
90 296 9.870000 2.8684, 1.3416, -0.0205, 0.9986, -0.0142, -0.0383, 0.0322
90 297 9.900000 2.8419, 1.3608, -0.0428, 0.9988, -0.0026, -0.0359, 0.0343
90 298 9.940000 2.8055, 1.3864, -0.0725, 0.9988, 0.0019, -0.0334, 0.0369
90 299 9.970000 2.7776, 1.4057, -0.0947, 0.9987, 0.0026, -0.0317, 0.0388
90 300 10.000000 2.7490, 1.4248, -0.1162, 0.9986, 0.0153, -0.0289, 0.0412
90 301 10.040000 2.7100, 1.4498, -0.1413, 0.9984, 0.0261, -0.0241, 0.0438
90 302 10.070000 2.6800, 1.4680, -0.1561, 0.9985, 0.0201, -0.0216, 0.0453
90 303 10.100000 2.6496, 1.4855, -0.1673, 0.9983, 0.0302, -0.0179, 0.0470
90 304 10.140000 2.6083, 1.5078, -0.1766, 0.9982, 0.0309, -0.0140, 0.0488
90 305 10.170000 2.5769, 1.5237, -0.1794, 0.9984, 0.0219, -0.0119, 0.0497
90 306 10.200000 2.5453, 1.5390, -0.1788, 0.9981, 0.0329, -0.0086, 0.0509
90 307 10.240000 2.5029, 1.5583, -0.1726, 0.9980, 0.0352, -0.0052, 0.0521
90 308 10.270000 2.4709, 1.5718, -0.1639, 0.9982, 0.0280, -0.0035, 0.0528
90 309 10.300000 2.4389, 1.5846, -0.1516, 0.9978, 0.0403, -0.0007, 0.0535
90 310 10.340000 2.3963, 1.6002, -0.1292, 0.9975, 0.0449, 0.0017, 0.0542
90 311 10.370000 2.3645, 1.6107, -0.1076, 0.9978, 0.0382, 0.0026, 0.0546
90 312 10.400000 2.3328, 1.6201, -0.0815, 0.9970, 0.0535, 0.0046, 0.0549
90 313 10.440000 2.2908, 1.6305, -0.0393, 0.9965, 0.0619, 0.0062, 0.0551
90 314 10.470000 2.2595, 1.6366, -0.0025, 0.9968, 0.0576, 0.0065, 0.0552
90 315 10.500000 2.2286, 1.6413, 0.0371, 0.9955, 0.0771, 0.0079, 0.0550
90 316 10.540000 2.1875, 1.6457, 0.0884, 0.9952, 0.0811, 0.0084, 0.0548
90 317 10.570000 2.1569, 1.6481, 0.1228, 0.9956, 0.0762, 0.0087, 0.0547
90 318 10.600000 2.1264, 1.6497, 0.1532, 0.9956, 0.0760, 0.0096, 0.0544
90 319 10.640000 2.0860, 1.6507, 0.1878, 0.9959, 0.0716, 0.0109, 0.0540
90 320 10.670000 2.0559, 1.6506, 0.2097, 0.9964, 0.0645, 0.0119, 0.0536
90 321 10.700000 2.0259, 1.6497, 0.2285, 0.9964, 0.0652, 0.0136, 0.0531
90 322 10.740000 1.9863, 1.6474, 0.2490, 0.9966, 0.0613, 0.0157, 0.0523
90 323 10.770000 1.9568, 1.6448, 0.2614, 0.9970, 0.0544, 0.0172, 0.0516
90 324 10.800000 1.9276, 1.6415, 0.2711, 0.9969, 0.0569, 0.0192, 0.0507
90 325 10.840000 1.8891, 1.6360, 0.2803, 0.9970, 0.0553, 0.0219, 0.0494
90 326 10.870000 1.8606, 1.6311, 0.2843, 0.9973, 0.0502, 0.0239, 0.0484
90 327 10.900000 1.8324, 1.6256, 0.2859, 0.9970, 0.0548, 0.0264, 0.0471
90 328 10.940000 1.7954, 1.6172, 0.2842, 0.9970, 0.0560, 0.0299, 0.0452
90 329 10.970000 1.7681, 1.6101, 0.2802, 0.9971, 0.0535, 0.0328, 0.0439
90 330 11.000000 1.7413, 1.6023, 0.2741, 0.9966, 0.0606, 0.0362, 0.0421
90 331 11.040000 1.7065, 1.5905, 0.2638, 0.9962, 0.0665, 0.0402, 0.0399
90 332 11.070000 1.6812, 1.5805, 0.2550, 0.9963, 0.0636, 0.0430, 0.0386
90 333 11.100000 1.6566, 1.5695, 0.2453, 0.9957, 0.0723, 0.0455, 0.0369
90 334 11.140000 1.6250, 1.5532, 0.2307, 0.9956, 0.0726, 0.0484, 0.0352
90 335 11.170000 1.6022, 1.5397, 0.2184, 0.9959, 0.0668, 0.0503, 0.0343
90 336 11.200000 1.5803, 1.5252, 0.2048, 0.9957, 0.0695, 0.0522, 0.0332
90 337 11.240000 1.5522, 1.5043, 0.1844, 0.9958, 0.0651, 0.0549, 0.0320
90 338 11.270000 1.5321, 1.4877, 0.1672, 0.9964, 0.0542, 0.0571, 0.0317
90 339 11.300000 1.5129, 1.4703, 0.1481, 0.9963, 0.0538, 0.0593, 0.0309
90 340 11.340000 1.4884, 1.4460, 0.1191, 0.9966, 0.0446, 0.0619, 0.0303
90 341 11.370000 1.4710, 1.4272, 0.0943, 0.9970, 0.0322, 0.0640, 0.0303
90 342 11.400000 1.4544, 1.4080, 0.0663, 0.9970, 0.0280, 0.0663, 0.0298
90 343 11.440000 1.4333, 1.3821, 0.0236, 0.9970, 0.0136, 0.0696, 0.0299
90 344 11.470000 1.4183, 1.3625, -0.0126, 0.9970, -0.0010, 0.0717, 0.0302
90 345 11.500000 1.4043, 1.3429, -0.0512, 0.9968, -0.0096, 0.0737, 0.0301
90 346 11.540000 1.3878, 1.3173, -0.1014, 0.9964, -0.0238, 0.0761, 0.0302
90 347 11.570000 1.3776, 1.2988, -0.1356, 0.9955, -0.0408, 0.0799, 0.0308
90 348 11.600000 1.3692, 1.2813, -0.1663, 0.9955, -0.0385, 0.0810, 0.0302
90 349 11.640000 1.3612, 1.2598, -0.2020, 0.9951, -0.0419, 0.0844, 0.0295
90 350 11.670000 1.3575, 1.2450, -0.2252, 0.9944, -0.0541, 0.0852, 0.0302
90 351 11.700000 1.3559, 1.2314, -0.2455, 0.9946, -0.0516, 0.0857, 0.0292
90 352 11.740000 1.3566, 1.2155, -0.2682, 0.9939, -0.0630, 0.0849, 0.0299
90 353 11.770000 1.3595, 1.2055, -0.2824, 0.9928, -0.0798, 0.0836, 0.0309
90 354 11.800000 1.3641, 1.1972, -0.2941, 0.9932, -0.0753, 0.0829, 0.0304
90 355 11.840000 1.3732, 1.1890, -0.3063, 0.9935, -0.0738, 0.0816, 0.0302
90 356 11.870000 1.3821, 1.1849, -0.3130, 0.9931, -0.0798, 0.0801, 0.0307
90 357 11.900000 1.3926, 1.1826, -0.3176, 0.9944, -0.0637, 0.0784, 0.0297
90 358 11.940000 1.4094, 1.1819, -0.3207, 0.9952, -0.0545, 0.0761, 0.0292
90 359 11.970000 1.4237, 1.1829, -0.3210, 0.9955, -0.0506, 0.0744, 0.0292
90 360 12.000000 1.4396, 1.1849, -0.3200, 0.9964, -0.0328, 0.0727, 0.0281
90 361 12.040000 1.4629, 1.1886, -0.3182, 0.9971, -0.0149, 0.0701, 0.0272
90 362 12.070000 1.4817, 1.1919, -0.3170, 0.9973, -0.0082, 0.0681, 0.0268
90 363 12.100000 1.5018, 1.1953, -0.3161, 0.9974, 0.0113, 0.0666, 0.0256
90 364 12.140000 1.5303, 1.1996, -0.3150, 0.9973, 0.0268, 0.0645, 0.0247
90 365 12.170000 1.5531, 1.2024, -0.3142, 0.9973, 0.0307, 0.0627, 0.0245
90 366 12.200000 1.5770, 1.2046, -0.3133, 0.9968, 0.0470, 0.0608, 0.0235
90 367 12.240000 1.6106, 1.2064, -0.3120, 0.9964, 0.0568, 0.0582, 0.0229
90 368 12.270000 1.6370, 1.2067, -0.3109, 0.9965, 0.0576, 0.0562, 0.0230
90 369 12.300000 1.6645, 1.2058, -0.3095, 0.9958, 0.0696, 0.0547, 0.0222
90 370 12.340000 1.7028, 1.2029, -0.3073, 0.9954, 0.0775, 0.0527, 0.0219
90 371 12.370000 1.7327, 1.1991, -0.3053, 0.9954, 0.0778, 0.0509, 0.0219
90 372 12.400000 1.7635, 1.1938, -0.3030, 0.9941, 0.0947, 0.0494, 0.0212
90 373 12.440000 1.8062, 1.1842, -0.2994, 0.9932, 0.1048, 0.0472, 0.0207
90 374 12.470000 1.8392, 1.1748, -0.2965, 0.9934, 0.1028, 0.0454, 0.0209
90 375 12.500000 1.8731, 1.1636, -0.2935, 0.9924, 0.1131, 0.0442, 0.0205
90 376 12.540000 1.9195, 1.1458, -0.2906, 0.9924, 0.1135, 0.0421, 0.0206
90 377 12.570000 1.9551, 1.1304, -0.2896, 0.9935, 0.1045, 0.0397, 0.0208
90 378 12.600000 1.9914, 1.1133, -0.2898, 0.9933, 0.1079, 0.0372, 0.0206
90 379 12.640000 2.0407, 1.0880, -0.2917, 0.9942, 0.1004, 0.0333, 0.0204
90 380 12.670000 2.0783, 1.0672, -0.2943, 0.9953, 0.0902, 0.0298, 0.0205
90 381 12.700000 2.1165, 1.0450, -0.2979, 0.9955, 0.0893, 0.0264, 0.0200
90 382 12.740000 2.1681, 1.0132, -0.3043, 0.9963, 0.0817, 0.0205, 0.0195
90 383 12.770000 2.2071, 0.9879, -0.3103, 0.9973, 0.0691, 0.0162, 0.0192
90 384 12.800000 2.2465, 0.9615, -0.3173, 0.9976, 0.0660, 0.0114, 0.0186
90 385 12.840000 2.2993, 0.9248, -0.3285, 0.9982, 0.0571, 0.0058, 0.0180
90 386 12.870000 2.3390, 0.8963, -0.3384, 0.9990, 0.0416, -0.0000, 0.0174
90 387 12.900000 2.3787, 0.8671, -0.3497, 0.9990, 0.0413, -0.0055, 0.0168
90 388 12.940000 2.4316, 0.8274, -0.3673, 0.9994, 0.0272, -0.0136, 0.0158
90 389 12.970000 2.4710, 0.7971, -0.3824, 0.9996, 0.0149, -0.0195, 0.0152
90 390 13.000000 2.5102, 0.7666, -0.3989, 0.9995, 0.0071, -0.0255, 0.0143
90 391 13.040000 2.5617, 0.7259, -0.4216, 0.9993, -0.0036, -0.0346, 0.0137
90 392 13.070000 2.5996, 0.6954, -0.4383, 0.9990, -0.0158, -0.0401, 0.0129
90 393 13.100000 2.6367, 0.6651, -0.4545, 0.9988, -0.0149, -0.0453, 0.0128
90 394 13.140000 2.6850, 0.6253, -0.4755, 0.9984, -0.0200, -0.0513, 0.0123
90 395 13.170000 2.7200, 0.5959, -0.4909, 0.9980, -0.0286, -0.0551, 0.0117
90 396 13.200000 2.7541, 0.5670, -0.5064, 0.9979, -0.0250, -0.0585, 0.0117
90 397 13.240000 2.7980, 0.5291, -0.5270, 0.9975, -0.0293, -0.0627, 0.0112
90 398 13.270000 2.8296, 0.5014, -0.5429, 0.9970, -0.0392, -0.0656, 0.0104
90 399 13.300000 2.8602, 0.4742, -0.5592, 0.9969, -0.0381, -0.0683, 0.0103
90 400 13.340000 2.8991, 0.4391, -0.5821, 0.9963, -0.0461, -0.0718, 0.0096
90 401 13.370000 2.9270, 0.4136, -0.6004, 0.9957, -0.0545, -0.0742, 0.0089
90 402 13.400000 2.9537, 0.3888, -0.6200, 0.9957, -0.0513, -0.0765, 0.0090
90 403 13.440000 2.9876, 0.3571, -0.6486, 0.9955, -0.0510, -0.0795, 0.0089
90 404 13.470000 3.0116, 0.3342, -0.6719, 0.9951, -0.0541, -0.0819, 0.0085
90 405 13.500000 3.0344, 0.3121, -0.6962, 0.9954, -0.0449, -0.0841, 0.0091
90 406 13.540000 3.0621, 0.2840, -0.7276, 0.9952, -0.0394, -0.0887, 0.0094
90 407 13.570000 3.0808, 0.2640, -0.7493, 0.9946, -0.0428, -0.0938, 0.0091
90 408 13.600000 3.0974, 0.2448, -0.7691, 0.9945, -0.0321, -0.0989, 0.0100
90 409 13.640000 3.1162, 0.2204, -0.7931, 0.9937, -0.0319, -0.1065, 0.0099
90 410 13.670000 3.1278, 0.2029, -0.8094, 0.9929, -0.0371, -0.1124, 0.0093
90 411 13.700000 3.1371, 0.1861, -0.8247, 0.9925, -0.0285, -0.1183, 0.0101
90 412 13.740000 3.1457, 0.1646, -0.8436, 0.9916, -0.0260, -0.1267, 0.0104
90 413 13.770000 3.1494, 0.1492, -0.8569, 0.9905, -0.0317, -0.1333, 0.0096
90 414 13.800000 3.1504, 0.1343, -0.8696, 0.9898, -0.0227, -0.1399, 0.0107
90 415 13.840000 3.1476, 0.1151, -0.8861, 0.9886, -0.0198, -0.1491, 0.0109
90 416 13.870000 3.1424, 0.1012, -0.8983, 0.9875, -0.0236, -0.1558, 0.0101
90 417 13.900000 3.1343, 0.0876, -0.9107, 0.9866, -0.0139, -0.1623, 0.0114
90 418 13.940000 3.1191, 0.0700, -0.9278, 0.9852, -0.0110, -0.1706, 0.0115
90 419 13.970000 3.1041, 0.0570, -0.9410, 0.9841, -0.0168, -0.1768, 0.0102
90 420 14.000000 3.0858, 0.0442, -0.9540, 0.9831, -0.0129, -0.1823, 0.0105
90 421 14.040000 3.0548, 0.0277, -0.9680, 0.9823, -0.0145, -0.1867, 0.0099
90 422 14.070000 3.0260, 0.0159, -0.9745, 0.9819, -0.0261, -0.1872, 0.0075
90 423 14.100000 2.9920, 0.0045, -0.9771, 0.9825, -0.0167, -0.1855, 0.0091
90 424 14.140000 2.9389, -0.0097, -0.9741, 0.9834, -0.0207, -0.1800, 0.0080
90 425 14.170000 2.8933, -0.0196, -0.9668, 0.9841, -0.0348, -0.1739, 0.0051
90 426 14.200000 2.8428, -0.0287, -0.9552, 0.9857, -0.0269, -0.1662, 0.0062
90 427 14.240000 2.7683, -0.0395, -0.9327, 0.9876, -0.0293, -0.1541, 0.0051
90 428 14.270000 2.7073, -0.0465, -0.9103, 0.9887, -0.0405, -0.1444, 0.0027
90 429 14.300000 2.6423, -0.0525, -0.8831, 0.9904, -0.0307, -0.1344, 0.0037
90 430 14.340000 2.5497, -0.0590, -0.8394, 0.9922, -0.0303, -0.1205, 0.0029
90 431 14.370000 2.4762, -0.0627, -0.8008, 0.9932, -0.0406, -0.1095, 0.0011
90 432 14.400000 2.3996, -0.0654, -0.7572, 0.9948, -0.0293, -0.0976, 0.0018
90 433 14.440000 2.2933, -0.0675, -0.6914, 0.9964, -0.0283, -0.0800, 0.0011
90 434 14.470000 2.2111, -0.0681, -0.6373, 0.9971, -0.0373, -0.0661, -0.0002
90 435 14.500000 2.1274, -0.0680, -0.5816, 0.9983, -0.0256, -0.0528, 0.0002
90 436 14.540000 2.0150, -0.0673, -0.5131, 0.9989, -0.0307, -0.0363, -0.0007
90 437 14.570000 1.9305, -0.0667, -0.4697, 0.9992, -0.0306, -0.0244, -0.0010
90 438 14.600000 1.8459, -0.0660, -0.4328, 0.9995, -0.0282, -0.0131, -0.0013
90 439 14.640000 1.7330, -0.0647, -0.3920, 0.9996, -0.0265, 0.0013, -0.0016
90 440 14.670000 1.6483, -0.0634, -0.3664, 0.9996, -0.0268, 0.0112, -0.0019
90 441 14.700000 1.5637, -0.0619, -0.3439, 0.9995, -0.0244, 0.0201, -0.0021
90 442 14.740000 1.4514, -0.0593, -0.3179, 0.9993, -0.0232, 0.0300, -0.0023
90 443 14.770000 1.3676, -0.0570, -0.3007, 0.9991, -0.0240, 0.0361, -0.0024
90 444 14.800000 1.2843, -0.0543, -0.2852, 0.9989, -0.0218, 0.0408, -0.0025
90 445 14.840000 1.1742, -0.0503, -0.2671, 0.9987, -0.0211, 0.0453, -0.0026
90 446 14.870000 1.0923, -0.0469, -0.2555, 0.9986, -0.0223, 0.0475, -0.0025
90 447 14.900000 1.0112, -0.0432, -0.2456, 0.9986, -0.0204, 0.0488, -0.0026
90 448 14.940000 0.9040, -0.0378, -0.2353, 0.9986, -0.0201, 0.0496, -0.0026
90 449 14.970000 0.8245, -0.0334, -0.2297, 0.9985, -0.0218, 0.0497, -0.0026
