7 0 0.010000 2.9711, -0.2304, 0.7250, 0.9999, 0.0080, -0.0063, 0.0009
7 1 0.040000 2.9708, -0.2308, 0.7385, 0.9993, 0.0298, -0.0219, 0.0042
7 2 0.070000 2.9698, -0.2323, 0.7624, 0.9985, 0.0451, -0.0304, 0.0072
7 3 0.110000 2.9670, -0.2363, 0.8032, 0.9974, 0.0611, -0.0365, 0.0111
7 4 0.140000 2.9639, -0.2410, 0.8373, 0.9966, 0.0722, -0.0383, 0.0141
7 5 0.170000 2.9600, -0.2472, 0.8731, 0.9962, 0.0772, -0.0370, 0.0168
7 6 0.200000 2.9554, -0.2550, 0.9101, 0.9955, 0.0865, -0.0342, 0.0196
7 7 0.240000 2.9483, -0.2680, 0.9609, 0.9949, 0.0947, -0.0239, 0.0234
7 8 0.270000 2.9424, -0.2800, 1.0004, 0.9952, 0.0933, -0.0161, 0.0261
7 9 0.310000 2.9342, -0.2990, 1.0552, 0.9949, 0.0963, -0.0042, 0.0296
7 10 0.340000 2.9279, -0.3158, 1.0985, 0.9942, 0.1021, 0.0060, 0.0323
7 11 0.370000 2.9219, -0.3348, 1.1439, 0.9947, 0.0949, 0.0157, 0.0350
7 12 0.400000 2.9163, -0.3560, 1.1917, 0.9938, 0.1015, 0.0267, 0.0374
7 13 0.440000 2.9100, -0.3876, 1.2592, 0.9935, 0.0974, 0.0417, 0.0410
7 14 0.470000 2.9063, -0.4138, 1.3122, 0.9935, 0.0926, 0.0508, 0.0433
7 15 0.500000 2.9037, -0.4418, 1.3661, 0.9918, 0.1038, 0.0595, 0.0451
7 16 0.540000 2.9019, -0.4816, 1.4368, 0.9912, 0.1031, 0.0673, 0.0476
7 17 0.570000 2.9017, -0.5130, 1.4872, 0.9919, 0.0926, 0.0717, 0.0499
7 18 0.610000 2.9029, -0.5568, 1.5507, 0.9921, 0.0840, 0.0766, 0.0521
7 19 0.640000 2.9051, -0.5909, 1.5957, 0.9921, 0.0816, 0.0794, 0.0530
7 20 0.670000 2.9085, -0.6260, 1.6389, 0.9928, 0.0696, 0.0806, 0.0543
7 21 0.700000 2.9132, -0.6622, 1.6807, 0.9929, 0.0678, 0.0813, 0.0545
7 22 0.740000 2.9216, -0.7120, 1.7353, 0.9936, 0.0577, 0.0800, 0.0549
7 23 0.770000 2.9296, -0.7504, 1.7760, 0.9945, 0.0433, 0.0773, 0.0553
7 24 0.800000 2.9391, -0.7896, 1.8170, 0.9948, 0.0425, 0.0747, 0.0544
7 25 0.840000 2.9540, -0.8428, 1.8728, 0.9956, 0.0327, 0.0693, 0.0534
7 26 0.870000 2.9669, -0.8834, 1.9161, 0.9964, 0.0183, 0.0641, 0.0528
7 27 0.900000 2.9811, -0.9243, 1.9608, 0.9968, 0.0199, 0.0591, 0.0509
7 28 0.940000 3.0019, -0.9793, 2.0225, 0.9974, 0.0134, 0.0515, 0.0485
7 29 0.970000 3.0187, -1.0207, 2.0698, 0.9979, 0.0014, 0.0453, 0.0469
7 30 1.000000 3.0363, -1.0622, 2.1168, 0.9982, 0.0077, 0.0399, 0.0440
7 31 1.040000 3.0607, -1.1175, 2.1763, 0.9986, -0.0014, 0.0331, 0.0409
7 32 1.070000 3.0793, -1.1589, 2.2169, 0.9988, -0.0142, 0.0278, 0.0389
7 33 1.110000 3.1047, -1.2139, 2.2649, 0.9988, -0.0270, 0.0211, 0.0362
7 34 1.140000 3.1239, -1.2549, 2.2965, 0.9987, -0.0330, 0.0161, 0.0342
7 35 1.170000 3.1433, -1.2956, 2.3244, 0.9984, -0.0452, 0.0112, 0.0325
7 36 1.210000 3.1693, -1.3489, 2.3567, 0.9980, -0.0561, 0.0047, 0.0302
7 37 1.240000 3.1888, -1.3882, 2.3775, 0.9979, -0.0587, -0.0000, 0.0286
7 38 1.270000 3.2084, -1.4268, 2.3956, 0.9972, -0.0694, -0.0044, 0.0270
7 39 1.310000 3.2343, -1.4768, 2.4159, 0.9967, -0.0769, -0.0100, 0.0250
7 40 1.340000 3.2535, -1.5133, 2.4284, 0.9966, -0.0772, -0.0138, 0.0236
7 41 1.370000 3.2726, -1.5486, 2.4387, 0.9958, -0.0867, -0.0173, 0.0222
7 42 1.410000 3.2976, -1.5939, 2.4493, 0.9952, -0.0929, -0.0214, 0.0203
7 43 1.440000 3.3160, -1.6265, 2.4551, 0.9952, -0.0925, -0.0241, 0.0191
7 44 1.470000 3.3340, -1.6577, 2.4590, 0.9943, -0.1022, -0.0263, 0.0177
7 45 1.510000 3.3573, -1.6970, 2.4616, 0.9936, -0.1085, -0.0284, 0.0159
7 46 1.540000 3.3743, -1.7247, 2.4620, 0.9936, -0.1074, -0.0303, 0.0149
7 47 1.570000 3.3908, -1.7506, 2.4610, 0.9924, -0.1182, -0.0321, 0.0135
7 48 1.610000 3.4121, -1.7825, 2.4576, 0.9914, -0.1257, -0.0347, 0.0119
7 49 1.640000 3.4273, -1.8043, 2.4534, 0.9916, -0.1235, -0.0367, 0.0111
7 50 1.670000 3.4420, -1.8242, 2.4477, 0.9906, -0.1311, -0.0385, 0.0099
7 51 1.710000 3.4607, -1.8477, 2.4374, 0.9904, -0.1317, -0.0407, 0.0086
7 52 1.740000 3.4740, -1.8633, 2.4275, 0.9911, -0.1256, -0.0425, 0.0079
7 53 1.770000 3.4867, -1.8771, 2.4155, 0.9906, -0.1291, -0.0441, 0.0069
7 54 1.810000 3.5028, -1.8929, 2.3957, 0.9911, -0.1249, -0.0465, 0.0058
7 55 1.840000 3.5141, -1.9029, 2.3778, 0.9920, -0.1168, -0.0482, 0.0052
7 56 1.870000 3.5248, -1.9114, 2.3571, 0.9920, -0.1163, -0.0499, 0.0043
7 57 1.910000 3.5382, -1.9207, 2.3250, 0.9926, -0.1095, -0.0521, 0.0033
7 58 1.940000 3.5474, -1.9261, 2.2977, 0.9935, -0.1002, -0.0538, 0.0028
7 59 1.970000 3.5559, -1.9300, 2.2683, 0.9936, -0.0985, -0.0553, 0.0019
7 60 2.010000 3.5659, -1.9329, 2.2279, 0.9942, -0.0919, -0.0566, 0.0008
7 61 2.040000 3.5719, -1.9329, 2.1990, 0.9951, -0.0813, -0.0569, 0.0003
7 62 2.070000 3.5767, -1.9309, 2.1729, 0.9946, -0.0886, -0.0550, -0.0012
7 63 2.110000 3.5810, -1.9251, 2.1432, 0.9951, -0.0848, -0.0511, -0.0026
7 64 2.140000 3.5827, -1.9184, 2.1249, 0.9962, -0.0733, -0.0474, -0.0030
7 65 2.170000 3.5833, -1.9098, 2.1098, 0.9961, -0.0773, -0.0434, -0.0044
7 66 2.210000 3.5824, -1.8956, 2.0948, 0.9967, -0.0716, -0.0368, -0.0053
7 67 2.240000 3.5807, -1.8830, 2.0872, 0.9979, -0.0566, -0.0318, -0.0056
7 68 2.270000 3.5782, -1.8690, 2.0826, 0.9979, -0.0583, -0.0264, -0.0062
7 69 2.310000 3.5740, -1.8483, 2.0811, 0.9985, -0.0514, -0.0201, -0.0063
7 70 2.340000 3.5702, -1.8314, 2.0835, 0.9993, -0.0347, -0.0144, -0.0061
7 71 2.370000 3.5661, -1.8136, 2.0888, 0.9991, -0.0412, -0.0090, -0.0059
7 72 2.410000 3.5604, -1.7886, 2.1004, 0.9995, -0.0305, -0.0015, -0.0052
7 73 2.440000 3.5560, -1.7691, 2.1123, 0.9998, -0.0202, 0.0031, -0.0040
7 74 2.470000 3.5517, -1.7491, 2.1262, 0.9997, -0.0217, 0.0072, -0.0031
7 75 2.510000 3.5463, -1.7218, 2.1466, 0.9998, -0.0164, 0.0130, -0.0008
7 76 2.540000 3.5424, -1.7012, 2.1612, 0.9999, -0.0038, 0.0167, 0.0006
7 77 2.570000 3.5387, -1.6804, 2.1742, 0.9998, -0.0005, 0.0201, 0.0024
7 78 2.610000 3.5343, -1.6527, 2.1883, 0.9997, 0.0070, 0.0239, 0.0047
7 79 2.640000 3.5313, -1.6321, 2.1966, 0.9995, 0.0154, 0.0273, 0.0064
7 80 2.670000 3.5287, -1.6117, 2.2028, 0.9994, 0.0130, 0.0301, 0.0084
7 81 2.710000 3.5259, -1.5848, 2.2082, 0.9992, 0.0158, 0.0342, 0.0108
7 82 2.740000 3.5244, -1.5649, 2.2101, 0.9990, 0.0214, 0.0365, 0.0125
7 83 2.770000 3.5234, -1.5453, 2.2103, 0.9990, 0.0179, 0.0382, 0.0144
7 84 2.800000 3.5229, -1.5259, 2.2088, 0.9988, 0.0227, 0.0397, 0.0161
7 85 2.840000 3.5232, -1.5005, 2.2042, 0.9988, 0.0224, 0.0406, 0.0185
7 86 2.870000 3.5241, -1.4818, 2.1988, 0.9988, 0.0167, 0.0405, 0.0205
7 87 2.900000 3.5256, -1.4634, 2.1917, 0.9987, 0.0215, 0.0404, 0.0221
7 88 2.940000 3.5284, -1.4392, 2.1796, 0.9987, 0.0212, 0.0390, 0.0246
7 89 2.970000 3.5313, -1.4214, 2.1688, 0.9988, 0.0160, 0.0370, 0.0266
7 90 3.000000 3.5346, -1.4038, 2.1565, 0.9988, 0.0209, 0.0349, 0.0282
7 91 3.040000 3.5400, -1.3808, 2.1387, 0.9988, 0.0210, 0.0312, 0.0306
7 92 3.070000 3.5447, -1.3639, 2.1245, 0.9990, 0.0151, 0.0280, 0.0326
7 93 3.100000 3.5498, -1.3472, 2.1096, 0.9989, 0.0219, 0.0256, 0.0341
7 94 3.140000 3.5572, -1.3255, 2.0883, 0.9988, 0.0248, 0.0221, 0.0362
7 95 3.170000 3.5632, -1.3095, 2.0712, 0.9989, 0.0215, 0.0188, 0.0379
7 96 3.200000 3.5695, -1.2940, 2.0528, 0.9986, 0.0315, 0.0162, 0.0392
7 97 3.240000 3.5783, -1.2739, 2.0258, 0.9984, 0.0366, 0.0122, 0.0409
7 98 3.270000 3.5851, -1.2593, 2.0034, 0.9984, 0.0369, 0.0091, 0.0421
7 99 3.300000 3.5921, -1.2453, 1.9788, 0.9979, 0.0473, 0.0067, 0.0431
7 100 3.340000 3.6016, -1.2274, 1.9420, 0.9974, 0.0561, 0.0034, 0.0444
7 101 3.370000 3.6087, -1.2148, 1.9109, 0.9972, 0.0598, 0.0008, 0.0451
7 102 3.400000 3.6159, -1.2028, 1.8766, 0.9964, 0.0719, -0.0009, 0.0458
7 103 3.440000 3.6256, -1.1881, 1.8257, 0.9954, 0.0835, -0.0030, 0.0464
7 104 3.470000 3.6329, -1.1782, 1.7842, 0.9949, 0.0898, -0.0042, 0.0468
7 105 3.500000 3.6401, -1.1696, 1.7408, 0.9935, 0.1035, -0.0043, 0.0471
7 106 3.540000 3.6498, -1.1611, 1.6837, 0.9922, 0.1151, -0.0060, 0.0471
7 107 3.570000 3.6570, -1.1577, 1.6431, 0.9924, 0.1134, -0.0090, 0.0469
7 108 3.600000 3.6642, -1.1569, 1.6050, 0.9902, 0.1313, -0.0099, 0.0468
7 109 3.640000 3.6736, -1.1604, 1.5580, 0.9885, 0.1434, -0.0109, 0.0467
7 110 3.670000 3.6806, -1.1667, 1.5251, 0.9890, 0.1400, -0.0122, 0.0465
7 111 3.700000 3.6874, -1.1761, 1.4939, 0.9875, 0.1498, -0.0122, 0.0465
7 112 3.740000 3.6964, -1.1934, 1.4544, 0.9880, 0.1465, -0.0125, 0.0464
7 113 3.770000 3.7029, -1.2098, 1.4260, 0.9900, 0.1329, -0.0126, 0.0463
7 114 3.800000 3.7094, -1.2288, 1.3982, 0.9900, 0.1325, -0.0122, 0.0464
7 115 3.840000 3.7178, -1.2580, 1.3616, 0.9917, 0.1191, -0.0118, 0.0463
7 116 3.870000 3.7240, -1.2823, 1.3341, 0.9937, 0.1012, -0.0119, 0.0461
7 117 3.900000 3.7300, -1.3084, 1.3063, 0.9945, 0.0938, -0.0113, 0.0460
7 118 3.940000 3.7379, -1.3456, 1.2683, 0.9963, 0.0725, -0.0108, 0.0457
7 119 3.970000 3.7437, -1.3749, 1.2393, 0.9978, 0.0480, -0.0102, 0.0452
7 120 4.000000 3.7493, -1.4051, 1.2104, 0.9984, 0.0343, -0.0101, 0.0448
7 121 4.040000 3.7565, -1.4463, 1.1742, 0.9989, 0.0118, -0.0080, 0.0438
7 122 4.070000 3.7617, -1.4775, 1.1499, 0.9990, -0.0099, -0.0064, 0.0431
7 123 4.100000 3.7668, -1.5085, 1.1285, 0.9990, -0.0143, -0.0043, 0.0426
7 124 4.140000 3.7733, -1.5493, 1.1043, 0.9987, -0.0285, -0.0020, 0.0417
7 125 4.170000 3.7781, -1.5790, 1.0894, 0.9980, -0.0489, -0.0000, 0.0411
7 126 4.200000 3.7829, -1.6076, 1.0770, 0.9980, -0.0485, 0.0021, 0.0405
7 127 4.240000 3.7893, -1.6440, 1.0645, 0.9972, -0.0626, 0.0043, 0.0398
7 128 4.270000 3.7941, -1.6695, 1.0580, 0.9962, -0.0776, 0.0055, 0.0391
7 129 4.300000 3.7989, -1.6933, 1.0540, 0.9962, -0.0778, 0.0066, 0.0386
7 130 4.340000 3.8056, -1.7221, 1.0526, 0.9952, -0.0897, 0.0080, 0.0378
7 131 4.370000 3.8106, -1.7412, 1.0546, 0.9935, -0.1070, 0.0082, 0.0374
7 132 4.400000 3.8158, -1.7579, 1.0592, 0.9932, -0.1100, 0.0084, 0.0368
7 133 4.440000 3.8228, -1.7760, 1.0692, 0.9913, -0.1262, 0.0080, 0.0363
7 134 4.470000 3.8282, -1.7862, 1.0792, 0.9890, -0.1436, 0.0076, 0.0360
7 135 4.500000 3.8336, -1.7935, 1.0903, 0.9895, -0.1397, 0.0077, 0.0356
7 136 4.540000 3.8409, -1.7996, 1.1041, 0.9895, -0.1402, 0.0077, 0.0352
7 137 4.570000 3.8464, -1.8016, 1.1124, 0.9895, -0.1401, 0.0075, 0.0350
7 138 4.600000 3.8520, -1.8019, 1.1184, 0.9910, -0.1293, 0.0074, 0.0348
7 139 4.640000 3.8594, -1.7994, 1.1227, 0.9921, -0.1203, 0.0066, 0.0346
7 140 4.670000 3.8651, -1.7957, 1.1231, 0.9924, -0.1178, 0.0055, 0.0346
7 141 4.700000 3.8707, -1.7905, 1.1212, 0.9938, -0.1060, 0.0044, 0.0345
7 142 4.740000 3.8782, -1.7813, 1.1149, 0.9947, -0.0967, 0.0025, 0.0344
7 143 4.770000 3.8839, -1.7729, 1.1074, 0.9949, -0.0946, 0.0008, 0.0344
7 144 4.800000 3.8895, -1.7634, 1.0971, 0.9959, -0.0831, -0.0009, 0.0344
7 145 4.840000 3.8969, -1.7490, 1.0791, 0.9967, -0.0735, -0.0034, 0.0345
7 146 4.870000 3.9024, -1.7372, 1.0621, 0.9969, -0.0701, -0.0057, 0.0345
7 147 4.900000 3.9077, -1.7246, 1.0417, 0.9976, -0.0590, -0.0077, 0.0346
7 148 4.940000 3.9148, -1.7069, 1.0094, 0.9981, -0.0500, -0.0108, 0.0346
7 149 4.970000 3.9198, -1.6928, 0.9816, 0.9982, -0.0471, -0.0132, 0.0347
7 150 5.000000 3.9247, -1.6782, 0.9517, 0.9986, -0.0372, -0.0151, 0.0348
7 151 5.040000 3.9308, -1.6577, 0.9111, 0.9988, -0.0284, -0.0192, 0.0349
7 152 5.070000 3.9349, -1.6416, 0.8816, 0.9987, -0.0282, -0.0237, 0.0349
7 153 5.100000 3.9385, -1.6250, 0.8533, 0.9988, -0.0187, -0.0275, 0.0352
7 154 5.140000 3.9425, -1.6022, 0.8173, 0.9987, -0.0162, -0.0325, 0.0354
7 155 5.170000 3.9447, -1.5847, 0.7912, 0.9985, -0.0193, -0.0361, 0.0355
7 156 5.200000 3.9463, -1.5669, 0.7657, 0.9985, -0.0095, -0.0389, 0.0360
7 157 5.240000 3.9472, -1.5429, 0.7320, 0.9984, -0.0027, -0.0426, 0.0366
7 158 5.270000 3.9470, -1.5248, 0.7067, 0.9983, -0.0063, -0.0456, 0.0367
7 159 5.300000 3.9461, -1.5067, 0.6810, 0.9981, 0.0049, -0.0479, 0.0375
7 160 5.340000 3.9436, -1.4826, 0.6458, 0.9979, 0.0102, -0.0509, 0.0381
7 161 5.370000 3.9408, -1.4647, 0.6183, 0.9978, 0.0089, -0.0531, 0.0384
7 162 5.400000 3.9372, -1.4470, 0.5897, 0.9975, 0.0188, -0.0549, 0.0393
7 163 5.440000 3.9311, -1.4239, 0.5493, 0.9972, 0.0248, -0.0573, 0.0402
7 164 5.470000 3.9256, -1.4069, 0.5176, 0.9971, 0.0248, -0.0591, 0.0406
7 165 5.500000 3.9191, -1.3905, 0.4853, 0.9967, 0.0357, -0.0598, 0.0417
7 166 5.540000 3.9086, -1.3696, 0.4432, 0.9964, 0.0436, -0.0595, 0.0428
7 167 5.570000 3.8994, -1.3550, 0.4134, 0.9967, 0.0370, -0.0586, 0.0428
7 168 5.600000 3.8890, -1.3413, 0.3854, 0.9964, 0.0462, -0.0559, 0.0436
7 169 5.640000 3.8733, -1.3245, 0.3505, 0.9965, 0.0476, -0.0518, 0.0440
7 170 5.670000 3.8604, -1.3130, 0.3260, 0.9970, 0.0422, -0.0483, 0.0438
7 171 5.700000 3.8465, -1.3024, 0.3025, 0.9967, 0.0522, -0.0433, 0.0444
7 172 5.740000 3.8268, -1.2899, 0.2726, 0.9968, 0.0551, -0.0362, 0.0446
7 173 5.770000 3.8112, -1.2817, 0.2509, 0.9972, 0.0510, -0.0307, 0.0445
7 174 5.800000 3.7951, -1.2744, 0.2294, 0.9969, 0.0600, -0.0242, 0.0448
7 175 5.840000 3.7730, -1.2664, 0.2006, 0.9969, 0.0633, -0.0155, 0.0449
7 176 5.870000 3.7562, -1.2616, 0.1786, 0.9972, 0.0593, -0.0088, 0.0449
7 177 5.900000 3.7393, -1.2578, 0.1558, 0.9967, 0.0678, -0.0012, 0.0451
7 178 5.940000 3.7168, -1.2543, 0.1238, 0.9964, 0.0707, 0.0089, 0.0453
7 179 5.970000 3.7002, -1.2528, 0.0983, 0.9965, 0.0678, 0.0164, 0.0455
7 180 6.000000 3.6838, -1.2525, 0.0717, 0.9958, 0.0752, 0.0246, 0.0457
7 181 6.040000 3.6627, -1.2538, 0.0351, 0.9953, 0.0786, 0.0343, 0.0460
7 182 6.070000 3.6476, -1.2563, 0.0072, 0.9954, 0.0740, 0.0404, 0.0463
7 183 6.100000 3.6332, -1.2601, -0.0211, 0.9946, 0.0810, 0.0458, 0.0462
7 184 6.140000 3.6154, -1.2671, -0.0595, 0.9944, 0.0799, 0.0512, 0.0463
7 185 6.170000 3.6030, -1.2738, -0.0892, 0.9949, 0.0719, 0.0538, 0.0465
7 186 6.200000 3.5916, -1.2816, -0.1199, 0.9946, 0.0740, 0.0563, 0.0460
7 187 6.240000 3.5777, -1.2936, -0.1627, 0.9950, 0.0670, 0.0579, 0.0457
7 188 6.270000 3.5684, -1.3037, -0.1968, 0.9958, 0.0546, 0.0584, 0.0456
7 189 6.300000 3.5599, -1.3145, -0.2330, 0.9959, 0.0520, 0.0584, 0.0449
7 190 6.340000 3.5497, -1.3299, -0.2854, 0.9966, 0.0389, 0.0570, 0.0441
7 191 6.370000 3.5428, -1.3418, -0.3285, 0.9972, 0.0236, 0.0551, 0.0437
7 192 6.400000 3.5364, -1.3540, -0.3755, 0.9976, 0.0148, 0.0528, 0.0428
7 193 6.440000 3.5288, -1.3704, -0.4447, 0.9979, -0.0024, 0.0487, 0.0416
7 194 6.470000 3.5236, -1.3827, -0.5012, 0.9980, -0.0189, 0.0450, 0.0408
7 195 6.500000 3.5190, -1.3946, -0.5599, 0.9979, -0.0299, 0.0415, 0.0396
7 196 6.540000 3.5141, -1.4095, -0.6360, 0.9975, -0.0468, 0.0365, 0.0382
7 197 6.570000 3.5115, -1.4192, -0.6883, 0.9970, -0.0603, 0.0309, 0.0376
7 198 6.600000 3.5097, -1.4272, -0.7358, 0.9971, -0.0616, 0.0241, 0.0369
7 199 6.640000 3.5083, -1.4351, -0.7916, 0.9966, -0.0714, 0.0184, 0.0362
7 200 6.670000 3.5077, -1.4386, -0.8282, 0.9947, -0.0946, 0.0171, 0.0356
7 201 6.700000 3.5076, -1.4398, -0.8607, 0.9944, -0.0988, 0.0160, 0.0347
7 202 6.740000 3.5079, -1.4372, -0.8980, 0.9934, -0.1085, 0.0155, 0.0336
7 203 6.770000 3.5085, -1.4320, -0.9219, 0.9913, -0.1265, 0.0155, 0.0328
7 204 6.800000 3.5094, -1.4237, -0.9425, 0.9921, -0.1202, 0.0160, 0.0319
7 205 6.840000 3.5110, -1.4079, -0.9652, 0.9916, -0.1246, 0.0172, 0.0305
7 206 6.870000 3.5125, -1.3925, -0.9788, 0.9908, -0.1308, 0.0185, 0.0297
7 207 6.900000 3.5144, -1.3740, -0.9897, 0.9922, -0.1200, 0.0198, 0.0285
7 208 6.940000 3.5176, -1.3449, -1.0003, 0.9931, -0.1122, 0.0215, 0.0271
7 209 6.970000 3.5204, -1.3199, -1.0053, 0.9927, -0.1158, 0.0227, 0.0262
7 210 7.000000 3.5237, -1.2923, -1.0081, 0.9944, -0.0993, 0.0240, 0.0251
7 211 7.040000 3.5289, -1.2520, -1.0085, 0.9955, -0.0879, 0.0255, 0.0238
7 212 7.070000 3.5333, -1.2194, -1.0063, 0.9957, -0.0859, 0.0256, 0.0231
7 213 7.100000 3.5383, -1.1849, -1.0020, 0.9973, -0.0651, 0.0242, 0.0221
7 214 7.140000 3.5457, -1.1365, -0.9928, 0.9982, -0.0522, 0.0215, 0.0212
7 215 7.170000 3.5518, -1.0987, -0.9832, 0.9985, -0.0475, 0.0191, 0.0208
7 216 7.200000 3.5583, -1.0599, -0.9711, 0.9991, -0.0322, 0.0169, 0.0199
7 217 7.240000 3.5675, -1.0069, -0.9509, 0.9996, -0.0135, 0.0121, 0.0194
7 218 7.270000 3.5748, -0.9666, -0.9325, 0.9997, -0.0167, 0.0078, 0.0188
7 219 7.300000 3.5822, -0.9261, -0.9110, 0.9998, 0.0076, 0.0024, 0.0183
7 220 7.340000 3.5923, -0.8721, -0.8771, 0.9997, 0.0163, -0.0032, 0.0174
7 221 7.370000 3.5997, -0.8320, -0.8475, 0.9996, 0.0196, -0.0075, 0.0172
7 222 7.400000 3.6070, -0.7925, -0.8139, 0.9991, 0.0373, -0.0130, 0.0166
7 223 7.440000 3.6161, -0.7411, -0.7630, 0.9987, 0.0435, -0.0213, 0.0158
7 224 7.470000 3.6224, -0.7036, -0.7207, 0.9987, 0.0400, -0.0265, 0.0150
7 225 7.500000 3.6282, -0.6671, -0.6763, 0.9984, 0.0463, -0.0304, 0.0142
7 226 7.540000 3.6351, -0.6195, -0.6187, 0.9981, 0.0492, -0.0348, 0.0134
7 227 7.570000 3.6399, -0.5844, -0.5791, 0.9978, 0.0536, -0.0379, 0.0129
7 228 7.600000 3.6443, -0.5500, -0.5429, 0.9969, 0.0656, -0.0410, 0.0125
7 229 7.640000 3.6494, -0.5051, -0.4998, 0.9960, 0.0765, -0.0454, 0.0117
7 230 7.670000 3.6526, -0.4725, -0.4707, 0.9956, 0.0793, -0.0481, 0.0109
7 231 7.700000 3.6552, -0.4410, -0.4440, 0.9947, 0.0891, -0.0506, 0.0105
7 232 7.740000 3.6576, -0.4009, -0.4114, 0.9940, 0.0956, -0.0530, 0.0097
7 233 7.770000 3.6585, -0.3724, -0.3889, 0.9941, 0.0930, -0.0542, 0.0087
7 234 7.800000 3.6586, -0.3454, -0.3677, 0.9932, 0.1017, -0.0552, 0.0083
7 235 7.840000 3.6574, -0.3118, -0.3413, 0.9930, 0.1044, -0.0557, 0.0075
7 236 7.870000 3.6554, -0.2884, -0.3226, 0.9934, 0.1000, -0.0554, 0.0065
7 237 7.900000 3.6526, -0.2668, -0.3047, 0.9926, 0.1079, -0.0548, 0.0063
7 238 7.940000 3.6474, -0.2407, -0.2819, 0.9923, 0.1117, -0.0534, 0.0057
7 239 7.970000 3.6425, -0.2233, -0.2655, 0.9925, 0.1107, -0.0521, 0.0051
7 240 8.000000 3.6367, -0.2078, -0.2498, 0.9909, 0.1244, -0.0508, 0.0053
7 241 8.040000 3.6278, -0.1901, -0.2304, 0.9902, 0.1302, -0.0496, 0.0050
7 242 8.070000 3.6201, -0.1792, -0.2172, 0.9907, 0.1269, -0.0486, 0.0046
7 243 8.100000 3.6117, -0.1703, -0.2051, 0.9898, 0.1341, -0.0481, 0.0046
7 244 8.140000 3.5994, -0.1618, -0.1907, 0.9899, 0.1336, -0.0474, 0.0044
7 245 8.170000 3.5892, -0.1578, -0.1809, 0.9908, 0.1264, -0.0477, 0.0039
7 246 8.200000 3.5783, -0.1560, -0.1720, 0.9903, 0.1302, -0.0480, 0.0039
7 247 8.240000 3.5625, -0.1569, -0.1612, 0.9909, 0.1255, -0.0488, 0.0035
7 248 8.270000 3.5497, -0.1600, -0.1539, 0.9921, 0.1149, -0.0494, 0.0029
7 249 8.300000 3.5360, -0.1651, -0.1472, 0.9921, 0.1152, -0.0503, 0.0028
7 250 8.340000 3.5165, -0.1748, -0.1391, 0.9930, 0.1060, -0.0521, 0.0023
7 251 8.370000 3.5009, -0.1841, -0.1336, 0.9943, 0.0920, -0.0536, 0.0015
7 252 8.400000 3.4843, -0.1951, -0.1285, 0.9944, 0.0899, -0.0549, 0.0015
7 253 8.440000 3.4608, -0.2120, -0.1226, 0.9952, 0.0793, -0.0566, 0.0012
7 254 8.470000 3.4420, -0.2262, -0.1187, 0.9962, 0.0647, -0.0578, 0.0006
7 255 8.500000 3.4223, -0.2415, -0.1153, 0.9962, 0.0634, -0.0590, 0.0008
7 256 8.540000 3.3944, -0.2635, -0.1116, 0.9969, 0.0519, -0.0600, 0.0007
7 257 8.570000 3.3724, -0.2810, -0.1096, 0.9975, 0.0368, -0.0607, 0.0003
7 258 8.600000 3.3493, -0.2991, -0.1079, 0.9976, 0.0343, -0.0606, 0.0007
7 259 8.640000 3.3170, -0.3242, -0.1064, 0.9979, 0.0231, -0.0598, 0.0008
7 260 8.670000 3.2915, -0.3433, -0.1055, 0.9983, 0.0074, -0.0584, 0.0005
7 261 8.700000 3.2650, -0.3627, -0.1049, 0.9984, 0.0055, -0.0565, 0.0011
7 262 8.740000 3.2282, -0.3886, -0.1041, 0.9986, -0.0064, -0.0529, 0.0014
7 263 8.770000 3.1994, -0.4078, -0.1037, 0.9986, -0.0202, -0.0498, 0.0012
7 264 8.800000 3.1698, -0.4267, -0.1032, 0.9987, -0.0221, -0.0460, 0.0019
7 265 8.840000 3.1291, -0.4513, -0.1026, 0.9987, -0.0307, -0.0400, 0.0022
7 266 8.870000 3.0977, -0.4690, -0.1022, 0.9984, -0.0446, -0.0350, 0.0022
7 267 8.900000 3.0657, -0.4860, -0.1020, 0.9986, -0.0440, -0.0295, 0.0027
7 268 8.940000 3.0222, -0.5073, -0.1018, 0.9984, -0.0524, -0.0223, 0.0031
7 269 8.970000 2.9891, -0.5222, -0.1017, 0.9977, -0.0650, -0.0162, 0.0031
7 270 9.000000 2.9557, -0.5360, -0.1012, 0.9979, -0.0644, -0.0098, 0.0034
7 271 9.040000 2.9109, -0.5522, -0.0986, 0.9974, -0.0715, 0.0003, 0.0034
7 272 9.070000 2.8773, -0.5624, -0.0943, 0.9966, -0.0817, 0.0067, 0.0035
7 273 9.100000 2.8438, -0.5709, -0.0878, 0.9970, -0.0762, 0.0129, 0.0037
7 274 9.140000 2.7995, -0.5794, -0.0754, 0.9965, -0.0807, 0.0197, 0.0040
7 275 9.170000 2.7669, -0.5836, -0.0634, 0.9953, -0.0938, 0.0244, 0.0044
7 276 9.200000 2.7348, -0.5856, -0.0489, 0.9957, -0.0882, 0.0290, 0.0045
7 277 9.240000 2.6930, -0.5851, -0.0255, 0.9951, -0.0930, 0.0342, 0.0048
7 278 9.270000 2.6625, -0.5820, -0.0047, 0.9939, -0.1032, 0.0371, 0.0054
7 279 9.300000 2.6330, -0.5765, 0.0190, 0.9946, -0.0961, 0.0398, 0.0055
7 280 9.340000 2.5951, -0.5653, 0.0559, 0.9945, -0.0957, 0.0422, 0.0060
7 281 9.370000 2.5679, -0.5540, 0.0879, 0.9935, -0.1053, 0.0432, 0.0070
7 282 9.400000 2.5418, -0.5399, 0.1241, 0.9947, -0.0925, 0.0445, 0.0071
7 283 9.440000 2.5089, -0.5171, 0.1794, 0.9949, -0.0901, 0.0448, 0.0082
7 284 9.470000 2.4856, -0.4969, 0.2259, 0.9940, -0.0999, 0.0442, 0.0097
7 285 9.500000 2.4633, -0.4746, 0.2752, 0.9949, -0.0900, 0.0442, 0.0104
7 286 9.540000 2.4348, -0.4422, 0.3403, 0.9956, -0.0826, 0.0438, 0.0119
7 287 9.570000 2.4140, -0.4166, 0.3861, 0.9962, -0.0748, 0.0433, 0.0128
7 288 9.600000 2.3937, -0.3902, 0.4288, 0.9973, -0.0578, 0.0429, 0.0133
7 289 9.640000 2.3674, -0.3538, 0.4814, 0.9982, -0.0410, 0.0411, 0.0140
7 290 9.670000 2.3483, -0.3259, 0.5182, 0.9985, -0.0352, 0.0389, 0.0147
7 291 9.700000 2.3298, -0.2974, 0.5532, 0.9990, -0.0205, 0.0363, 0.0150
7 292 9.740000 2.3059, -0.2590, 0.5975, 0.9993, -0.0107, 0.0316, 0.0156
7 293 9.770000 2.2885, -0.2299, 0.6294, 0.9995, -0.0089, 0.0275, 0.0161
7 294 9.800000 2.2716, -0.2007, 0.6604, 0.9996, 0.0020, 0.0232, 0.0161
7 295 9.840000 2.2496, -0.1617, 0.7009, 0.9997, 0.0088, 0.0167, 0.0164
7 296 9.870000 2.2335, -0.1326, 0.7308, 0.9998, 0.0056, 0.0112, 0.0165
7 297 9.900000 2.2175, -0.1036, 0.7607, 0.9997, 0.0150, 0.0057, 0.0165
7 298 9.940000 2.1964, -0.0653, 0.8007, 0.9997, 0.0173, -0.0019, 0.0164
7 299 9.970000 2.1806, -0.0368, 0.8308, 0.9998, 0.0098, -0.0076, 0.0163
7 300 10.000000 2.1646, -0.0086, 0.8608, 0.9997, 0.0145, -0.0129, 0.0161
7 301 10.040000 2.1430, 0.0288, 0.8992, 0.9996, 0.0113, -0.0192, 0.0160
7 302 10.070000 2.1265, 0.0567, 0.9264, 0.9996, 0.0060, -0.0234, 0.0159
7 303 10.100000 2.1097, 0.0844, 0.9523, 0.9995, 0.0107, -0.0269, 0.0160
7 304 10.140000 2.0865, 0.1212, 0.9851, 0.9993, 0.0106, -0.0307, 0.0160
7 305 10.170000 2.0686, 0.1486, 1.0089, 0.9993, 0.0031, -0.0329, 0.0158
7 306 10.200000 2.0501, 0.1759, 1.0323, 0.9993, 0.0077, -0.0343, 0.0160
7 307 10.240000 2.0245, 0.2122, 1.0634, 0.9993, 0.0065, -0.0346, 0.0160
7 308 10.270000 2.0046, 0.2393, 1.0871, 0.9993, -0.0004, -0.0340, 0.0158
7 309 10.300000 1.9840, 0.2663, 1.1113, 0.9993, 0.0075, -0.0320, 0.0160
7 310 10.340000 1.9557, 0.3023, 1.1452, 0.9994, 0.0101, -0.0281, 0.0161
7 311 10.370000 1.9337, 0.3291, 1.1721, 0.9996, 0.0049, -0.0242, 0.0159
7 312 10.400000 1.9112, 0.3557, 1.2008, 0.9996, 0.0158, -0.0190, 0.0162
7 313 10.440000 1.8807, 0.3907, 1.2420, 0.9996, 0.0196, -0.0110, 0.0163
7 314 10.470000 1.8575, 0.4166, 1.2753, 0.9998, 0.0119, -0.0045, 0.0164
7 315 10.500000 1.8341, 0.4422, 1.3098, 0.9997, 0.0190, 0.0023, 0.0166
7 316 10.540000 1.8031, 0.4759, 1.3551, 0.9996, 0.0179, 0.0103, 0.0165
7 317 10.570000 1.7800, 0.5010, 1.3873, 0.9996, 0.0175, 0.0159, 0.0163
7 318 10.600000 1.7571, 0.5257, 1.4179, 0.9993, 0.0253, 0.0215, 0.0162
7 319 10.640000 1.7272, 0.5582, 1.4564, 0.9990, 0.0299, 0.0289, 0.0157
7 320 10.670000 1.7052, 0.5821, 1.4840, 0.9990, 0.0242, 0.0348, 0.0158
7 321 10.700000 1.6838, 0.6055, 1.5107, 0.9985, 0.0330, 0.0411, 0.0149
7 322 10.740000 1.6563, 0.6361, 1.5455, 0.9982, 0.0320, 0.0491, 0.0145
7 323 10.770000 1.6367, 0.6584, 1.5712, 0.9980, 0.0271, 0.0549, 0.0139
7 324 10.800000 1.6180, 0.6802, 1.5968, 0.9975, 0.0329, 0.0607, 0.0129
7 325 10.840000 1.5949, 0.7085, 1.6312, 0.9970, 0.0320, 0.0691, 0.0115
7 326 10.870000 1.5790, 0.7291, 1.6574, 0.9968, 0.0248, 0.0751, 0.0109
7 327 10.900000 1.5646, 0.7492, 1.6843, 0.9962, 0.0299, 0.0808, 0.0091
7 328 10.940000 1.5478, 0.7752, 1.7213, 0.9957, 0.0295, 0.0878, 0.0070
7 329 10.970000 1.5371, 0.7942, 1.7499, 0.9955, 0.0198, 0.0930, 0.0059
7 330 11.000000 1.5282, 0.8127, 1.7786, 0.9949, 0.0244, 0.0974, 0.0035
7 331 11.040000 1.5186, 0.8369, 1.8149, 0.9946, 0.0198, 0.1024, 0.0012
7 332 11.070000 1.5130, 0.8548, 1.8397, 0.9942, 0.0183, 0.1059, -0.0005
7 333 11.100000 1.5089, 0.8724, 1.8623, 0.9938, 0.0253, 0.1084, -0.0029
7 334 11.140000 1.5057, 0.8953, 1.8894, 0.9934, 0.0320, 0.1103, -0.0056
7 335 11.170000 1.5052, 0.9120, 1.9078, 0.9933, 0.0300, 0.1113, -0.0067
7 336 11.200000 1.5064, 0.9282, 1.9248, 0.9929, 0.0407, 0.1110, -0.0090
7 337 11.240000 1.5107, 0.9489, 1.9456, 0.9927, 0.0483, 0.1102, -0.0111
7 338 11.270000 1.5160, 0.9635, 1.9601, 0.9929, 0.0480, 0.1085, -0.0119
7 339 11.300000 1.5230, 0.9772, 1.9738, 0.9925, 0.0621, 0.1048, -0.0141
7 340 11.340000 1.5351, 0.9940, 1.9910, 0.9926, 0.0680, 0.0989, -0.0157
7 341 11.370000 1.5461, 1.0053, 2.0032, 0.9928, 0.0720, 0.0939, -0.0165
7 342 11.400000 1.5587, 1.0153, 2.0150, 0.9926, 0.0810, 0.0884, -0.0181
7 343 11.440000 1.5777, 1.0265, 2.0299, 0.9922, 0.0942, 0.0790, -0.0196
7 344 11.470000 1.5936, 1.0331, 2.0404, 0.9930, 0.0914, 0.0715, -0.0202
7 345 11.500000 1.6105, 1.0382, 2.0497, 0.9924, 0.1033, 0.0631, -0.0214
7 346 11.540000 1.6344, 1.0428, 2.0589, 0.9923, 0.1092, 0.0540, -0.0224
7 347 11.570000 1.6531, 1.0446, 2.0627, 0.9924, 0.1108, 0.0482, -0.0226
7 348 11.600000 1.6724, 1.0450, 2.0639, 0.9918, 0.1184, 0.0425, -0.0234
7 349 11.640000 1.6989, 1.0432, 2.0617, 0.9914, 0.1236, 0.0354, -0.0238
7 350 11.670000 1.7192, 1.0400, 2.0573, 0.9920, 0.1199, 0.0310, -0.0239
7 351 11.700000 1.7400, 1.0351, 2.0506, 0.9915, 0.1252, 0.0269, -0.0241
7 352 11.740000 1.7682, 1.0260, 2.0381, 0.9917, 0.1243, 0.0231, -0.0238
7 353 11.770000 1.7897, 1.0173, 2.0260, 0.9926, 0.1174, 0.0203, -0.0234
7 354 11.800000 1.8114, 1.0070, 2.0114, 0.9924, 0.1199, 0.0177, -0.0229
7 355 11.840000 1.8406, 0.9911, 1.9875, 0.9934, 0.1118, 0.0143, -0.0221
7 356 11.870000 1.8626, 0.9776, 1.9659, 0.9944, 0.1025, 0.0128, -0.0211
7 357 11.900000 1.8848, 0.9631, 1.9407, 0.9949, 0.0978, 0.0114, -0.0201
7 358 11.940000 1.9145, 0.9422, 1.9008, 0.9961, 0.0855, 0.0101, -0.0182
7 359 11.970000 1.9369, 0.9256, 1.8662, 0.9973, 0.0713, 0.0095, -0.0166
7 360 12.000000 1.9594, 0.9082, 1.8284, 0.9979, 0.0626, 0.0092, -0.0148
7 361 12.040000 1.9896, 0.8835, 1.7769, 0.9988, 0.0476, 0.0088, -0.0124
7 362 12.070000 2.0124, 0.8638, 1.7396, 0.9995, 0.0298, 0.0053, -0.0109
7 363 12.100000 2.0353, 0.8435, 1.7037, 0.9996, 0.0248, 0.0046, -0.0098
7 364 12.140000 2.0660, 0.8157, 1.6581, 0.9999, 0.0110, 0.0006, -0.0083
7 365 12.170000 2.0891, 0.7946, 1.6252, 1.0000, -0.0011, -0.0031, -0.0069
7 366 12.200000 2.1121, 0.7735, 1.5933, 1.0000, 0.0001, -0.0066, -0.0057
7 367 12.240000 2.1426, 0.7454, 1.5517, 0.9999, -0.0058, -0.0119, -0.0039
7 368 12.270000 2.1652, 0.7245, 1.5211, 0.9997, -0.0177, -0.0161, -0.0027
7 369 12.300000 2.1875, 0.7039, 1.4905, 0.9997, -0.0157, -0.0202, -0.0013
7 370 12.340000 2.2167, 0.6770, 1.4493, 0.9994, -0.0217, -0.0256, 0.0004
7 371 12.370000 2.2382, 0.6572, 1.4175, 0.9990, -0.0319, -0.0299, 0.0017
7 372 12.400000 2.2592, 0.6379, 1.3845, 0.9990, -0.0307, -0.0337, 0.0033
7 373 12.440000 2.2864, 0.6128, 1.3382, 0.9985, -0.0374, -0.0388, 0.0053
7 374 12.470000 2.3061, 0.5947, 1.3016, 0.9980, -0.0460, -0.0425, 0.0067
7 375 12.500000 2.3251, 0.5774, 1.2646, 0.9980, -0.0438, -0.0451, 0.0086
7 376 12.540000 2.3489, 0.5559, 1.2193, 0.9976, -0.0462, -0.0502, 0.0107
7 377 12.570000 2.3651, 0.5413, 1.1906, 0.9967, -0.0566, -0.0570, 0.0116
7 378 12.600000 2.3797, 0.5281, 1.1667, 0.9969, -0.0494, -0.0606, 0.0133
7 379 12.640000 2.3967, 0.5127, 1.1421, 0.9963, -0.0539, -0.0655, 0.0144
7 380 12.670000 2.4074, 0.5029, 1.1286, 0.9955, -0.0637, -0.0688, 0.0146
7 381 12.700000 2.4162, 0.4947, 1.1192, 0.9960, -0.0526, -0.0710, 0.0158
7 382 12.740000 2.4252, 0.4859, 1.1126, 0.9961, -0.0460, -0.0733, 0.0165
7 383 12.770000 2.4297, 0.4808, 1.1123, 0.9958, -0.0511, -0.0744, 0.0158
7 384 12.800000 2.4322, 0.4769, 1.1158, 0.9965, -0.0350, -0.0746, 0.0164
7 385 12.840000 2.4326, 0.4732, 1.1269, 0.9968, -0.0247, -0.0740, 0.0158
7 386 12.870000 2.4305, 0.4713, 1.1403, 0.9969, -0.0267, -0.0727, 0.0142
7 387 12.900000 2.4265, 0.4700, 1.1584, 0.9973, -0.0074, -0.0712, 0.0139
7 388 12.940000 2.4180, 0.4688, 1.1902, 0.9976, 0.0046, -0.0681, 0.0121
7 389 12.970000 2.4095, 0.4679, 1.2197, 0.9978, -0.0005, -0.0649, 0.0094
7 390 13.000000 2.3993, 0.4669, 1.2528, 0.9979, 0.0149, -0.0618, 0.0078
7 391 13.040000 2.3839, 0.4652, 1.2977, 0.9981, 0.0176, -0.0587, 0.0048
7 392 13.070000 2.3714, 0.4637, 1.3295, 0.9981, 0.0224, -0.0568, 0.0030
7 393 13.100000 2.3581, 0.4619, 1.3593, 0.9977, 0.0377, -0.0560, 0.0022
7 394 13.140000 2.3391, 0.4587, 1.3962, 0.9973, 0.0490, -0.0554, 0.0010
7 395 13.170000 2.3239, 0.4554, 1.4224, 0.9971, 0.0512, -0.0555, -0.0000
7 396 13.200000 2.3079, 0.4514, 1.4474, 0.9965, 0.0625, -0.0563, -0.0002
7 397 13.240000 2.2850, 0.4445, 1.4796, 0.9960, 0.0683, -0.0576, -0.0007
7 398 13.270000 2.2668, 0.4380, 1.5031, 0.9962, 0.0644, -0.0589, -0.0012
7 399 13.300000 2.2475, 0.4304, 1.5264, 0.9957, 0.0701, -0.0605, -0.0010
7 400 13.340000 2.2201, 0.4184, 1.5573, 0.9958, 0.0669, -0.0631, -0.0010
7 401 13.370000 2.1982, 0.4080, 1.5807, 0.9963, 0.0553, -0.0652, -0.0014
7 402 13.400000 2.1751, 0.3966, 1.6047, 0.9962, 0.0563, -0.0672, -0.0007
7 403 13.440000 2.1422, 0.3797, 1.6377, 0.9964, 0.0474, -0.0697, 0.0000
7 404 13.470000 2.1160, 0.3661, 1.6633, 0.9969, 0.0330, -0.0721, 0.0003
7 405 13.500000 2.0886, 0.3518, 1.6888, 0.9965, 0.0376, -0.0742, 0.0022
7 406 13.540000 2.0503, 0.3320, 1.7201, 0.9968, 0.0253, -0.0760, 0.0036
7 407 13.570000 2.0205, 0.3168, 1.7403, 0.9970, 0.0090, -0.0772, 0.0038
7 408 13.600000 1.9898, 0.3014, 1.7576, 0.9970, 0.0031, -0.0776, 0.0049
7 409 13.640000 1.9474, 0.2809, 1.7762, 0.9969, -0.0101, -0.0775, 0.0057
7 410 13.670000 1.9144, 0.2657, 1.7873, 0.9968, -0.0224, -0.0768, 0.0059
7 411 13.700000 1.8805, 0.2508, 1.7960, 0.9968, -0.0247, -0.0754, 0.0068
7 412 13.740000 1.8336, 0.2314, 1.8042, 0.9967, -0.0337, -0.0729, 0.0073
7 413 13.770000 1.7973, 0.2175, 1.8079, 0.9964, -0.0462, -0.0708, 0.0071
7 414 13.800000 1.7600, 0.2041, 1.8097, 0.9964, -0.0492, -0.0681, 0.0075
7 415 13.840000 1.7088, 0.1874, 1.8089, 0.9963, -0.0565, -0.0641, 0.0074
7 416 13.870000 1.6694, 0.1758, 1.8060, 0.9960, -0.0658, -0.0608, 0.0069
7 417 13.900000 1.6291, 0.1650, 1.8011, 0.9964, -0.0629, -0.0569, 0.0070
7 418 13.940000 1.5741, 0.1520, 1.7912, 0.9966, -0.0645, -0.0515, 0.0066
7 419 13.970000 1.5321, 0.1433, 1.7812, 0.9965, -0.0685, -0.0471, 0.0059
7 420 14.000000 1.4895, 0.1355, 1.7688, 0.9972, -0.0620, -0.0422, 0.0056
7 421 14.040000 1.4318, 0.1263, 1.7483, 0.9977, -0.0576, -0.0353, 0.0047
7 422 14.070000 1.3880, 0.1203, 1.7298, 0.9978, -0.0591, -0.0304, 0.0040
7 423 14.100000 1.3439, 0.1150, 1.7085, 0.9983, -0.0513, -0.0256, 0.0036
7 424 14.140000 1.2845, 0.1088, 1.6755, 0.9987, -0.0468, -0.0194, 0.0030
7 425 14.170000 1.2398, 0.1049, 1.6471, 0.9988, -0.0472, -0.0147, 0.0024
7 426 14.200000 1.1948, 0.1014, 1.6152, 0.9992, -0.0398, -0.0099, 0.0021
7 427 14.240000 1.1348, 0.0975, 1.5671, 0.9994, -0.0356, -0.0032, 0.0015
7 428 14.270000 1.0897, 0.0949, 1.5263, 0.9994, -0.0357, 0.0017, 0.0011
7 429 14.300000 1.0446, 0.0927, 1.4811, 0.9995, -0.0295, 0.0065, 0.0008
7 430 14.340000 0.9845, 0.0901, 1.4130, 0.9996, -0.0255, 0.0130, 0.0004
7 431 14.370000 0.9396, 0.0884, 1.3552, 0.9995, -0.0246, 0.0180, 0.0001
7 432 14.400000 0.8947, 0.0867, 1.2907, 0.9995, -0.0199, 0.0230, -0.0002
7 433 14.440000 0.8350, 0.0846, 1.1931, 0.9994, -0.0160, 0.0297, -0.0006
7 434 14.470000 0.7903, 0.0831, 1.1113, 0.9993, -0.0132, 0.0348, -0.0008
7 435 14.500000 0.7459, 0.0816, 1.0248, 0.9992, -0.0095, 0.0401, -0.0010
7 436 14.540000 0.6882, 0.0801, 0.9133, 0.9989, -0.0059, 0.0469, -0.0012
7 437 14.570000 0.6466, 0.0791, 0.8382, 0.9987, -0.0047, 0.0516, -0.0013
7 438 14.600000 0.6068, 0.0783, 0.7712, 0.9984, -0.0022, 0.0557, -0.0015
7 439 14.640000 0.5565, 0.0774, 0.6934, 0.9982, -0.0006, 0.0605, -0.0015
7 440 14.670000 0.5211, 0.0768, 0.6429, 0.9980, -0.0012, 0.0635, -0.0015
7 441 14.700000 0.4874, 0.0761, 0.5984, 0.9978, 0.0008, 0.0658, -0.0016
7 442 14.740000 0.4456, 0.0753, 0.5477, 0.9977, 0.0013, 0.0682, -0.0016
7 443 14.770000 0.4164, 0.0746, 0.5155, 0.9976, -0.0002, 0.0696, -0.0015
7 444 14.800000 0.3891, 0.0740, 0.4879, 0.9975, 0.0017, 0.0704, -0.0016
7 445 14.840000 0.3557, 0.0730, 0.4581, 0.9975, 0.0018, 0.0710, -0.0016
7 446 14.870000 0.3328, 0.0723, 0.4407, 0.9975, -0.0002, 0.0713, -0.0015
7 447 14.900000 0.3117, 0.0715, 0.4275, 0.9975, 0.0019, 0.0712, -0.0016
7 448 14.940000 0.2865, 0.0705, 0.4161, 0.9975, 0.0019, 0.0710, -0.0016
7 449 14.970000 0.2697, 0.0697, 0.4120, 0.9975, -0.0002, 0.0709, -0.0015
