41 0 0.010000 -2.0868, -0.8502, 0.3891, 1.0000, 0.0000, 0.0000, 0.0000
41 1 0.040000 -2.0868, -0.8502, 0.3819, 1.0000, -0.0038, 0.0015, 0.0000
41 2 0.070000 -2.0867, -0.8497, 0.3722, 0.9954, -0.0898, 0.0333, -0.0005
41 3 0.110000 -2.0839, -0.8424, 0.3786, 0.9846, -0.1635, 0.0611, -0.0011
41 4 0.140000 -2.0785, -0.8277, 0.4013, 0.9783, -0.1936, 0.0732, -0.0017
41 5 0.170000 -2.0698, -0.8048, 0.4357, 0.9763, -0.2024, 0.0773, -0.0021
41 6 0.200000 -2.0585, -0.7749, 0.4772, 0.9752, -0.2064, 0.0800, -0.0027
41 7 0.240000 -2.0405, -0.7273, 0.5364, 0.9768, -0.1986, 0.0796, -0.0029
41 8 0.270000 -2.0253, -0.6877, 0.5797, 0.9807, -0.1813, 0.0736, -0.0030
41 9 0.310000 -2.0037, -0.6314, 0.6326, 0.9836, -0.1673, 0.0672, -0.0033
41 10 0.340000 -1.9867, -0.5872, 0.6674, 0.9858, -0.1558, 0.0620, -0.0033
41 11 0.370000 -1.9691, -0.5417, 0.6977, 0.9887, -0.1386, 0.0563, -0.0039
41 12 0.400000 -1.9510, -0.4949, 0.7233, 0.9911, -0.1231, 0.0505, -0.0040
41 13 0.440000 -1.9262, -0.4309, 0.7505, 0.9940, -0.1011, 0.0422, -0.0045
41 14 0.470000 -1.9072, -0.3818, 0.7660, 0.9961, -0.0800, 0.0357, -0.0049
41 15 0.500000 -1.8878, -0.3319, 0.7774, 0.9973, -0.0676, 0.0294, -0.0050
41 16 0.540000 -1.8614, -0.2644, 0.7862, 0.9988, -0.0447, 0.0216, -0.0054
41 17 0.570000 -1.8414, -0.2132, 0.7881, 0.9996, -0.0248, 0.0158, -0.0058
41 18 0.610000 -1.8145, -0.1446, 0.7852, 0.9999, -0.0024, 0.0084, -0.0061
41 19 0.640000 -1.7942, -0.0931, 0.7794, 0.9999, 0.0093, 0.0033, -0.0065
41 20 0.670000 -1.7739, -0.0417, 0.7707, 0.9996, 0.0276, -0.0014, -0.0069
41 21 0.700000 -1.7535, 0.0094, 0.7594, 0.9993, 0.0371, -0.0056, -0.0072
41 22 0.740000 -1.7265, 0.0767, 0.7408, 0.9985, 0.0523, -0.0102, -0.0078
41 23 0.770000 -1.7064, 0.1263, 0.7241, 0.9976, 0.0681, -0.0135, -0.0082
41 24 0.800000 -1.6865, 0.1751, 0.7050, 0.9972, 0.0728, -0.0161, -0.0088
41 25 0.840000 -1.6603, 0.2387, 0.6758, 0.9961, 0.0851, -0.0188, -0.0095
41 26 0.870000 -1.6410, 0.2851, 0.6510, 0.9949, 0.0981, -0.0204, -0.0100
41 27 0.900000 -1.6219, 0.3303, 0.6235, 0.9944, 0.1025, -0.0213, -0.0106
41 28 0.940000 -1.5969, 0.3884, 0.5831, 0.9933, 0.1128, -0.0220, -0.0114
41 29 0.970000 -1.5785, 0.4302, 0.5505, 0.9920, 0.1235, -0.0220, -0.0120
41 30 1.000000 -1.5605, 0.4699, 0.5171, 0.9920, 0.1235, -0.0213, -0.0128
41 31 1.040000 -1.5373, 0.5189, 0.4746, 0.9916, 0.1267, -0.0197, -0.0135
41 32 1.070000 -1.5205, 0.5520, 0.4459, 0.9892, 0.1445, -0.0193, -0.0139
41 33 1.110000 -1.4989, 0.5907, 0.4125, 0.9882, 0.1512, -0.0191, -0.0146
41 34 1.140000 -1.4833, 0.6156, 0.3910, 0.9890, 0.1463, -0.0187, -0.0153
41 35 1.170000 -1.4682, 0.6369, 0.3724, 0.9877, 0.1542, -0.0187, -0.0156
41 36 1.210000 -1.4488, 0.6599, 0.3515, 0.9881, 0.1518, -0.0181, -0.0163
41 37 1.240000 -1.4349, 0.6731, 0.3385, 0.9900, 0.1387, -0.0173, -0.0169
41 38 1.270000 -1.4214, 0.6831, 0.3278, 0.9896, 0.1415, -0.0174, -0.0173
41 39 1.310000 -1.4040, 0.6916, 0.3168, 0.9908, 0.1327, -0.0172, -0.0181
41 40 1.340000 -1.3916, 0.6946, 0.3108, 0.9928, 0.1173, -0.0169, -0.0187
41 41 1.370000 -1.3795, 0.6950, 0.3069, 0.9927, 0.1181, -0.0172, -0.0191
41 42 1.410000 -1.3641, 0.6916, 0.3047, 0.9938, 0.1080, -0.0173, -0.0198
41 43 1.440000 -1.3530, 0.6865, 0.3052, 0.9954, 0.0921, -0.0171, -0.0204
41 44 1.470000 -1.3423, 0.6792, 0.3073, 0.9952, 0.0939, -0.0178, -0.0207
41 45 1.510000 -1.3287, 0.6668, 0.3120, 0.9959, 0.0863, -0.0186, -0.0212
41 46 1.540000 -1.3189, 0.6556, 0.3161, 0.9970, 0.0721, -0.0187, -0.0217
41 47 1.570000 -1.3096, 0.6431, 0.3204, 0.9971, 0.0705, -0.0187, -0.0218
41 48 1.610000 -1.2976, 0.6246, 0.3259, 0.9978, 0.0602, -0.0180, -0.0221
41 49 1.640000 -1.2890, 0.6096, 0.3300, 0.9986, 0.0455, -0.0167, -0.0223
41 50 1.670000 -1.2807, 0.5937, 0.3341, 0.9986, 0.0460, -0.0158, -0.0222
41 51 1.710000 -1.2701, 0.5713, 0.3398, 0.9990, 0.0376, -0.0138, -0.0222
41 52 1.740000 -1.2625, 0.5537, 0.3442, 0.9993, 0.0269, -0.0124, -0.0222
41 53 1.770000 -1.2552, 0.5357, 0.3489, 0.9993, 0.0289, -0.0109, -0.0219
41 54 1.810000 -1.2456, 0.5109, 0.3557, 0.9994, 0.0249, -0.0083, -0.0217
41 55 1.840000 -1.2387, 0.4918, 0.3612, 0.9996, 0.0146, -0.0059, -0.0215
41 56 1.870000 -1.2319, 0.4724, 0.3673, 0.9996, 0.0200, -0.0039, -0.0212
41 57 1.910000 -1.2229, 0.4460, 0.3761, 0.9996, 0.0184, -0.0014, -0.0207
41 58 1.940000 -1.2162, 0.4259, 0.3834, 0.9997, 0.0098, 0.0011, -0.0204
41 59 1.970000 -1.2095, 0.4056, 0.3913, 0.9996, 0.0180, 0.0034, -0.0200
41 60 2.010000 -1.2004, 0.3780, 0.4025, 0.9996, 0.0175, 0.0069, -0.0193
41 61 2.040000 -1.1935, 0.3570, 0.4113, 0.9997, 0.0114, 0.0092, -0.0190
41 62 2.070000 -1.1864, 0.3358, 0.4204, 0.9996, 0.0186, 0.0112, -0.0188
41 63 2.110000 -1.1767, 0.3070, 0.4330, 0.9995, 0.0191, 0.0139, -0.0186
41 64 2.140000 -1.1691, 0.2851, 0.4429, 0.9996, 0.0124, 0.0157, -0.0185
41 65 2.170000 -1.1612, 0.2629, 0.4532, 0.9995, 0.0186, 0.0173, -0.0186
41 66 2.210000 -1.1502, 0.2328, 0.4678, 0.9995, 0.0184, 0.0190, -0.0189
41 67 2.240000 -1.1415, 0.2100, 0.4797, 0.9996, 0.0097, 0.0209, -0.0190
41 68 2.270000 -1.1324, 0.1868, 0.4923, 0.9994, 0.0167, 0.0221, -0.0196
41 69 2.310000 -1.1197, 0.1555, 0.5109, 0.9994, 0.0133, 0.0242, -0.0203
41 70 2.340000 -1.1095, 0.1318, 0.5262, 0.9994, 0.0048, 0.0256, -0.0208
41 71 2.370000 -1.0988, 0.1080, 0.5430, 0.9994, 0.0085, 0.0267, -0.0217
41 72 2.410000 -1.0838, 0.0760, 0.5678, 0.9993, 0.0056, 0.0287, -0.0230
41 73 2.440000 -1.0717, 0.0519, 0.5882, 0.9992, -0.0072, 0.0307, -0.0238
41 74 2.470000 -1.0591, 0.0279, 0.6101, 0.9992, -0.0025, 0.0317, -0.0253
41 75 2.510000 -1.0413, -0.0039, 0.6406, 0.9991, -0.0080, 0.0329, -0.0273
41 76 2.540000 -1.0272, -0.0276, 0.6634, 0.9988, -0.0200, 0.0340, -0.0283
41 77 2.570000 -1.0126, -0.0510, 0.6856, 0.9988, -0.0192, 0.0338, -0.0296
41 78 2.610000 -0.9923, -0.0816, 0.7141, 0.9986, -0.0261, 0.0336, -0.0308
41 79 2.640000 -0.9764, -0.1041, 0.7347, 0.9983, -0.0371, 0.0328, -0.0313
41 80 2.670000 -0.9599, -0.1260, 0.7549, 0.9984, -0.0353, 0.0310, -0.0320
41 81 2.710000 -0.9370, -0.1542, 0.7816, 0.9982, -0.0414, 0.0283, -0.0323
41 82 2.740000 -0.9192, -0.1744, 0.8016, 0.9977, -0.0541, 0.0261, -0.0320
41 83 2.770000 -0.9009, -0.1938, 0.8219, 0.9978, -0.0542, 0.0229, -0.0319
41 84 2.800000 -0.8822, -0.2121, 0.8427, 0.9971, -0.0658, 0.0199, -0.0311
41 85 2.840000 -0.8566, -0.2346, 0.8716, 0.9970, -0.0698, 0.0147, -0.0300
41 86 2.870000 -0.8369, -0.2500, 0.8944, 0.9975, -0.0632, 0.0101, -0.0289
41 87 2.900000 -0.8171, -0.2640, 0.9184, 0.9971, -0.0702, 0.0057, -0.0275
41 88 2.940000 -0.7904, -0.2807, 0.9522, 0.9973, -0.0688, -0.0006, -0.0253
41 89 2.970000 -0.7703, -0.2917, 0.9786, 0.9980, -0.0585, -0.0060, -0.0235
41 90 3.000000 -0.7503, -0.3016, 1.0050, 0.9975, -0.0659, -0.0110, -0.0215
41 91 3.040000 -0.7239, -0.3134, 1.0379, 0.9981, -0.0562, -0.0171, -0.0185
41 92 3.070000 -0.7043, -0.3214, 1.0595, 0.9987, -0.0438, -0.0213, -0.0164
41 93 3.100000 -0.6849, -0.3289, 1.0782, 0.9988, -0.0389, -0.0252, -0.0145
41 94 3.140000 -0.6595, -0.3383, 1.0986, 0.9991, -0.0274, -0.0299, -0.0120
41 95 3.170000 -0.6409, -0.3449, 1.1107, 0.9993, -0.0148, -0.0330, -0.0102
41 96 3.200000 -0.6227, -0.3512, 1.1202, 0.9992, -0.0115, -0.0361, -0.0086
41 97 3.240000 -0.5992, -0.3596, 1.1291, 0.9992, -0.0017, -0.0397, -0.0065
41 98 3.270000 -0.5821, -0.3658, 1.1329, 0.9991, 0.0098, -0.0421, -0.0048
41 99 3.300000 -0.5656, -0.3722, 1.1343, 0.9989, 0.0120, -0.0445, -0.0035
41 100 3.340000 -0.5445, -0.3809, 1.1325, 0.9987, 0.0208, -0.0474, -0.0015
41 101 3.370000 -0.5293, -0.3878, 1.1281, 0.9983, 0.0318, -0.0493, 0.0002
41 102 3.400000 -0.5148, -0.3950, 1.1213, 0.9981, 0.0340, -0.0514, 0.0014
41 103 3.440000 -0.4964, -0.4054, 1.1082, 0.9976, 0.0426, -0.0539, 0.0033
41 104 3.470000 -0.4834, -0.4139, 1.0957, 0.9970, 0.0530, -0.0558, 0.0050
41 105 3.500000 -0.4713, -0.4231, 1.0814, 0.9968, 0.0548, -0.0579, 0.0061
41 106 3.540000 -0.4565, -0.4368, 1.0613, 0.9963, 0.0604, -0.0604, 0.0077
41 107 3.570000 -0.4467, -0.4484, 1.0463, 0.9955, 0.0715, -0.0616, 0.0094
41 108 3.600000 -0.4380, -0.4613, 1.0315, 0.9955, 0.0699, -0.0630, 0.0101
41 109 3.640000 -0.4282, -0.4806, 1.0121, 0.9947, 0.0790, -0.0641, 0.0118
41 110 3.670000 -0.4222, -0.4968, 0.9975, 0.9937, 0.0902, -0.0646, 0.0133
41 111 3.700000 -0.4173, -0.5146, 0.9829, 0.9939, 0.0875, -0.0653, 0.0139
41 112 3.740000 -0.4124, -0.5408, 0.9630, 0.9936, 0.0899, -0.0660, 0.0151
41 113 3.770000 -0.4101, -0.5623, 0.9475, 0.9930, 0.0967, -0.0660, 0.0163
41 114 3.800000 -0.4088, -0.5854, 0.9314, 0.9937, 0.0891, -0.0663, 0.0165
41 115 3.840000 -0.4088, -0.6185, 0.9085, 0.9940, 0.0859, -0.0662, 0.0173
41 116 3.870000 -0.4100, -0.6450, 0.8900, 0.9938, 0.0876, -0.0657, 0.0181
41 117 3.900000 -0.4121, -0.6728, 0.8703, 0.9947, 0.0769, -0.0653, 0.0181
41 118 3.940000 -0.4165, -0.7118, 0.8421, 0.9955, 0.0673, -0.0641, 0.0184
41 119 3.970000 -0.4209, -0.7423, 0.8197, 0.9959, 0.0632, -0.0625, 0.0189
41 120 4.000000 -0.4264, -0.7740, 0.7971, 0.9969, 0.0469, -0.0606, 0.0186
41 121 4.040000 -0.4357, -0.8178, 0.7689, 0.9976, 0.0338, -0.0577, 0.0186
41 122 4.070000 -0.4441, -0.8516, 0.7506, 0.9975, 0.0380, -0.0558, 0.0193
41 123 4.100000 -0.4538, -0.8863, 0.7351, 0.9981, 0.0232, -0.0541, 0.0191
41 124 4.140000 -0.4687, -0.9336, 0.7187, 0.9983, 0.0162, -0.0518, 0.0194
41 125 4.170000 -0.4813, -0.9697, 0.7095, 0.9984, 0.0168, -0.0500, 0.0201
41 126 4.200000 -0.4950, -1.0061, 0.7029, 0.9986, 0.0011, -0.0481, 0.0198
41 127 4.240000 -0.5149, -1.0547, 0.6981, 0.9987, -0.0106, -0.0449, 0.0200
41 128 4.270000 -0.5311, -1.0911, 0.6973, 0.9989, -0.0096, -0.0422, 0.0205
41 129 4.300000 -0.5483, -1.1273, 0.6990, 0.9987, -0.0263, -0.0399, 0.0202
41 130 4.340000 -0.5726, -1.1746, 0.7052, 0.9984, -0.0385, -0.0365, 0.0203
41 131 4.370000 -0.5918, -1.2093, 0.7127, 0.9985, -0.0372, -0.0334, 0.0207
41 132 4.400000 -0.6117, -1.2430, 0.7229, 0.9977, -0.0569, -0.0299, 0.0204
41 133 4.440000 -0.6395, -1.2862, 0.7403, 0.9974, -0.0638, -0.0251, 0.0205
41 134 4.470000 -0.6610, -1.3170, 0.7560, 0.9976, -0.0632, -0.0215, 0.0208
41 135 4.500000 -0.6829, -1.3464, 0.7733, 0.9968, -0.0748, -0.0186, 0.0206
41 136 4.540000 -0.7128, -1.3836, 0.7970, 0.9961, -0.0847, -0.0144, 0.0207
41 137 4.570000 -0.7356, -1.4099, 0.8146, 0.9958, -0.0884, -0.0113, 0.0206
41 138 4.600000 -0.7586, -1.4346, 0.8317, 0.9944, -0.1031, -0.0086, 0.0202
41 139 4.640000 -0.7895, -1.4649, 0.8539, 0.9933, -0.1137, -0.0055, 0.0198
41 140 4.670000 -0.8129, -1.4854, 0.8704, 0.9931, -0.1159, -0.0027, 0.0194
41 141 4.700000 -0.8363, -1.5037, 0.8869, 0.9914, -0.1293, -0.0004, 0.0189
41 142 4.740000 -0.8676, -1.5245, 0.9092, 0.9905, -0.1365, 0.0033, 0.0181
41 143 4.770000 -0.8911, -1.5371, 0.9265, 0.9911, -0.1321, 0.0055, 0.0176
41 144 4.800000 -0.9146, -1.5472, 0.9445, 0.9900, -0.1398, 0.0075, 0.0170
41 145 4.840000 -0.9457, -1.5563, 0.9698, 0.9901, -0.1392, 0.0097, 0.0163
41 146 4.870000 -0.9688, -1.5599, 0.9902, 0.9916, -0.1277, 0.0119, 0.0156
41 147 4.900000 -0.9917, -1.5607, 1.0119, 0.9911, -0.1313, 0.0135, 0.0151
41 148 4.940000 -1.0219, -1.5576, 1.0433, 0.9922, -0.1230, 0.0158, 0.0142
41 149 4.970000 -1.0442, -1.5524, 1.0685, 0.9939, -0.1079, 0.0176, 0.0133
41 150 5.000000 -1.0662, -1.5449, 1.0947, 0.9938, -0.1087, 0.0190, 0.0127
41 151 5.040000 -1.0950, -1.5321, 1.1294, 0.9953, -0.0937, 0.0215, 0.0117
41 152 5.070000 -1.1163, -1.5207, 1.1543, 0.9969, -0.0747, 0.0236, 0.0109
41 153 5.100000 -1.1371, -1.5081, 1.1781, 0.9973, -0.0684, 0.0254, 0.0104
41 154 5.140000 -1.1644, -1.4897, 1.2084, 0.9981, -0.0537, 0.0279, 0.0097
41 155 5.170000 -1.1843, -1.4749, 1.2303, 0.9988, -0.0381, 0.0298, 0.0090
41 156 5.200000 -1.2037, -1.4595, 1.2518, 0.9988, -0.0357, 0.0319, 0.0089
41 157 5.240000 -1.2287, -1.4380, 1.2800, 0.9991, -0.0239, 0.0351, 0.0084
41 158 5.270000 -1.2468, -1.4214, 1.3012, 0.9992, -0.0105, 0.0376, 0.0079
41 159 5.300000 -1.2641, -1.4045, 1.3225, 0.9991, -0.0104, 0.0399, 0.0080
41 160 5.340000 -1.2861, -1.3819, 1.3518, 0.9990, -0.0030, 0.0434, 0.0079
41 161 5.370000 -1.3017, -1.3649, 1.3745, 0.9989, 0.0090, 0.0460, 0.0075
41 162 5.400000 -1.3163, -1.3479, 1.3982, 0.9988, 0.0067, 0.0485, 0.0079
41 163 5.440000 -1.3343, -1.3257, 1.4313, 0.9986, 0.0109, 0.0517, 0.0081
41 164 5.470000 -1.3467, -1.3094, 1.4574, 0.9983, 0.0213, 0.0543, 0.0079
41 165 5.500000 -1.3580, -1.2933, 1.4841, 0.9983, 0.0137, 0.0564, 0.0087
41 166 5.540000 -1.3715, -1.2724, 1.5190, 0.9981, 0.0185, 0.0588, 0.0089
41 167 5.570000 -1.3806, -1.2571, 1.5441, 0.9977, 0.0287, 0.0606, 0.0087
41 168 5.600000 -1.3887, -1.2422, 1.5681, 0.9977, 0.0265, 0.0618, 0.0092
41 169 5.640000 -1.3981, -1.2230, 1.5986, 0.9974, 0.0316, 0.0634, 0.0093
41 170 5.670000 -1.4038, -1.2093, 1.6207, 0.9971, 0.0405, 0.0641, 0.0090
41 171 5.700000 -1.4085, -1.1962, 1.6424, 0.9972, 0.0365, 0.0642, 0.0095
41 172 5.740000 -1.4130, -1.1797, 1.6709, 0.9971, 0.0399, 0.0639, 0.0096
41 173 5.770000 -1.4150, -1.1683, 1.6923, 0.9967, 0.0492, 0.0633, 0.0091
41 174 5.800000 -1.4159, -1.1577, 1.7140, 0.9970, 0.0453, 0.0622, 0.0094
41 175 5.840000 -1.4152, -1.1450, 1.7438, 0.9968, 0.0510, 0.0602, 0.0091
41 176 5.870000 -1.4133, -1.1367, 1.7671, 0.9962, 0.0645, 0.0583, 0.0081
41 177 5.900000 -1.4102, -1.1296, 1.7915, 0.9965, 0.0616, 0.0557, 0.0080
41 178 5.940000 -1.4043, -1.1221, 1.8259, 0.9965, 0.0653, 0.0519, 0.0073
41 179 5.970000 -1.3987, -1.1182, 1.8531, 0.9960, 0.0748, 0.0488, 0.0062
41 180 6.000000 -1.3921, -1.1156, 1.8808, 0.9966, 0.0679, 0.0455, 0.0060
41 181 6.040000 -1.3821, -1.1139, 1.9166, 0.9970, 0.0658, 0.0414, 0.0053
41 182 6.070000 -1.3740, -1.1137, 1.9414, 0.9972, 0.0644, 0.0383, 0.0047
41 183 6.100000 -1.3652, -1.1145, 1.9643, 0.9979, 0.0539, 0.0354, 0.0046
41 184 6.140000 -1.3529, -1.1167, 1.9920, 0.9986, 0.0436, 0.0309, 0.0043
41 185 6.170000 -1.3430, -1.1192, 2.0109, 0.9987, 0.0437, 0.0274, 0.0039
41 186 6.200000 -1.3328, -1.1222, 2.0284, 0.9992, 0.0306, 0.0236, 0.0039
41 187 6.240000 -1.3186, -1.1271, 2.0497, 0.9995, 0.0232, 0.0190, 0.0037
41 188 6.270000 -1.3075, -1.1312, 2.0645, 0.9996, 0.0218, 0.0155, 0.0034
41 189 6.300000 -1.2963, -1.1356, 2.0782, 0.9999, 0.0097, 0.0117, 0.0035
41 190 6.340000 -1.2810, -1.1419, 2.0951, 1.0000, 0.0028, 0.0062, 0.0034
41 191 6.370000 -1.2694, -1.1466, 2.1068, 1.0000, 0.0010, 0.0026, 0.0033
41 192 6.400000 -1.2578, -1.1514, 2.1177, 1.0000, -0.0091, -0.0007, 0.0035
41 193 6.440000 -1.2423, -1.1576, 2.1312, 0.9998, -0.0168, -0.0045, 0.0035
41 194 6.470000 -1.2307, -1.1619, 2.1405, 0.9999, -0.0136, -0.0073, 0.0037
41 195 6.500000 -1.2193, -1.1660, 2.1494, 0.9996, -0.0255, -0.0101, 0.0037
41 196 6.540000 -1.2043, -1.1709, 2.1609, 0.9994, -0.0332, -0.0132, 0.0040
41 197 6.570000 -1.1934, -1.1739, 2.1695, 0.9994, -0.0324, -0.0150, 0.0042
41 198 6.600000 -1.1827, -1.1763, 2.1783, 0.9988, -0.0466, -0.0166, 0.0043
41 199 6.640000 -1.1690, -1.1782, 2.1905, 0.9983, -0.0561, -0.0179, 0.0044
41 200 6.670000 -1.1590, -1.1786, 2.2003, 0.9984, -0.0531, -0.0183, 0.0047
41 201 6.700000 -1.1495, -1.1778, 2.2108, 0.9979, -0.0617, -0.0184, 0.0047
41 202 6.740000 -1.1373, -1.1751, 2.2260, 0.9980, -0.0606, -0.0178, 0.0048
41 203 6.770000 -1.1285, -1.1717, 2.2384, 0.9986, -0.0498, -0.0166, 0.0049
41 204 6.800000 -1.1201, -1.1673, 2.2519, 0.9985, -0.0520, -0.0154, 0.0049
41 205 6.840000 -1.1094, -1.1600, 2.2716, 0.9990, -0.0420, -0.0131, 0.0049
41 206 6.870000 -1.1017, -1.1536, 2.2878, 0.9996, -0.0256, -0.0109, 0.0051
41 207 6.900000 -1.0942, -1.1466, 2.3052, 0.9997, -0.0230, -0.0090, 0.0050
41 208 6.940000 -1.0844, -1.1367, 2.3301, 0.9999, -0.0090, -0.0058, 0.0052
41 209 6.970000 -1.0773, -1.1291, 2.3497, 0.9999, 0.0090, -0.0034, 0.0054
41 210 7.000000 -1.0702, -1.1216, 2.3691, 0.9999, 0.0105, -0.0015, 0.0056
41 211 7.040000 -1.0607, -1.1119, 2.3922, 0.9996, 0.0279, 0.0007, 0.0060
41 212 7.070000 -1.0536, -1.1051, 2.4063, 0.9989, 0.0473, 0.0026, 0.0063
41 213 7.100000 -1.0465, -1.0988, 2.4173, 0.9984, 0.0565, 0.0040, 0.0067
41 214 7.140000 -1.0369, -1.0914, 2.4277, 0.9974, 0.0719, 0.0054, 0.0071
41 215 7.170000 -1.0297, -1.0870, 2.4326, 0.9962, 0.0861, 0.0062, 0.0074
41 216 7.200000 -1.0223, -1.0837, 2.4352, 0.9959, 0.0900, 0.0065, 0.0077
41 217 7.240000 -1.0123, -1.0813, 2.4353, 0.9949, 0.1008, 0.0065, 0.0079
41 218 7.270000 -1.0047, -1.0811, 2.4329, 0.9933, 0.1148, 0.0062, 0.0080
41 219 7.300000 -0.9970, -1.0824, 2.4285, 0.9931, 0.1172, 0.0056, 0.0081
41 220 7.340000 -0.9867, -1.0867, 2.4193, 0.9923, 0.1235, 0.0043, 0.0080
41 221 7.370000 -0.9788, -1.0919, 2.4096, 0.9914, 0.1306, 0.0031, 0.0079
41 222 7.400000 -0.9708, -1.0987, 2.3974, 0.9920, 0.1260, 0.0015, 0.0077
41 223 7.440000 -0.9602, -1.1103, 2.3770, 0.9924, 0.1228, -0.0008, 0.0073
41 224 7.470000 -0.9523, -1.1209, 2.3586, 0.9926, 0.1211, -0.0026, 0.0070
41 225 7.500000 -0.9443, -1.1331, 2.3383, 0.9941, 0.1083, -0.0046, 0.0066
41 226 7.540000 -0.9338, -1.1524, 2.3105, 0.9952, 0.0973, -0.0063, 0.0062
41 227 7.570000 -0.9261, -1.1690, 2.2903, 0.9951, 0.0988, -0.0070, 0.0061
41 228 7.600000 -0.9184, -1.1876, 2.2710, 0.9962, 0.0864, -0.0072, 0.0060
41 229 7.640000 -0.9085, -1.2150, 2.2466, 0.9970, 0.0769, -0.0061, 0.0062
41 230 7.670000 -0.9011, -1.2375, 2.2291, 0.9970, 0.0765, -0.0045, 0.0064
41 231 7.700000 -0.8939, -1.2613, 2.2123, 0.9982, 0.0603, -0.0022, 0.0066
41 232 7.740000 -0.8842, -1.2949, 2.1905, 0.9988, 0.0489, 0.0014, 0.0070
41 233 7.770000 -0.8770, -1.3212, 2.1744, 0.9989, 0.0467, 0.0046, 0.0073
41 234 7.800000 -0.8696, -1.3483, 2.1585, 0.9994, 0.0317, 0.0082, 0.0077
41 235 7.840000 -0.8596, -1.3854, 2.1371, 0.9996, 0.0211, 0.0139, 0.0081
41 236 7.870000 -0.8518, -1.4137, 2.1207, 0.9996, 0.0187, 0.0184, 0.0084
41 237 7.900000 -0.8437, -1.4423, 2.1037, 0.9997, 0.0057, 0.0230, 0.0088
41 238 7.940000 -0.8323, -1.4806, 2.0798, 0.9995, -0.0042, 0.0293, 0.0092
41 239 7.970000 -0.8233, -1.5093, 2.0608, 0.9994, -0.0044, 0.0342, 0.0092
41 240 8.000000 -0.8136, -1.5379, 2.0409, 0.9990, -0.0169, 0.0392, 0.0096
41 241 8.040000 -0.7998, -1.5756, 2.0136, 0.9987, -0.0235, 0.0452, 0.0096
41 242 8.070000 -0.7885, -1.6035, 1.9929, 0.9985, -0.0214, 0.0494, 0.0093
41 243 8.100000 -0.7764, -1.6309, 1.9719, 0.9980, -0.0318, 0.0531, 0.0096
41 244 8.140000 -0.7589, -1.6668, 1.9435, 0.9977, -0.0358, 0.0576, 0.0093
41 245 8.170000 -0.7446, -1.6930, 1.9215, 0.9976, -0.0343, 0.0602, 0.0088
41 246 8.200000 -0.7293, -1.7186, 1.8989, 0.9971, -0.0433, 0.0619, 0.0088
41 247 8.240000 -0.7074, -1.7518, 1.8675, 0.9968, -0.0486, 0.0636, 0.0084
41 248 8.270000 -0.6898, -1.7758, 1.8427, 0.9968, -0.0467, 0.0643, 0.0076
41 249 8.300000 -0.6712, -1.7990, 1.8167, 0.9963, -0.0567, 0.0645, 0.0076
41 250 8.340000 -0.6451, -1.8287, 1.7794, 0.9959, -0.0632, 0.0640, 0.0070
41 251 8.370000 -0.6244, -1.8501, 1.7490, 0.9959, -0.0640, 0.0631, 0.0063
41 252 8.400000 -0.6029, -1.8706, 1.7163, 0.9952, -0.0751, 0.0618, 0.0061
41 253 8.440000 -0.5731, -1.8964, 1.6684, 0.9946, -0.0846, 0.0594, 0.0055
41 254 8.470000 -0.5498, -1.9146, 1.6295, 0.9945, -0.0881, 0.0572, 0.0048
41 255 8.500000 -0.5257, -1.9314, 1.5891, 0.9935, -0.0993, 0.0552, 0.0046
41 256 8.540000 -0.4919, -1.9508, 1.5368, 0.9929, -0.1070, 0.0511, 0.0040
41 257 8.570000 -0.4651, -1.9625, 1.5008, 0.9934, -0.1054, 0.0457, 0.0034
41 258 8.600000 -0.4373, -1.9715, 1.4680, 0.9921, -0.1189, 0.0400, 0.0037
41 259 8.640000 -0.3986, -1.9792, 1.4290, 0.9910, -0.1296, 0.0328, 0.0037
41 260 8.670000 -0.3687, -1.9815, 1.4028, 0.9920, -0.1232, 0.0278, 0.0034
41 261 8.700000 -0.3382, -1.9809, 1.3790, 0.9908, -0.1333, 0.0233, 0.0035
41 262 8.740000 -0.2966, -1.9757, 1.3506, 0.9907, -0.1344, 0.0191, 0.0032
41 263 8.770000 -0.2650, -1.9684, 1.3314, 0.9922, -0.1237, 0.0148, 0.0030
41 264 8.800000 -0.2331, -1.9583, 1.3138, 0.9909, -0.1341, 0.0109, 0.0029
41 265 8.840000 -0.1902, -1.9407, 1.2926, 0.9924, -0.1233, 0.0043, 0.0030
41 266 8.870000 -0.1579, -1.9246, 1.2782, 0.9933, -0.1152, 0.0009, 0.0026
41 267 8.900000 -0.1256, -1.9061, 1.2648, 0.9933, -0.1152, -0.0026, 0.0027
41 268 8.940000 -0.0826, -1.8780, 1.2483, 0.9937, -0.1121, -0.0077, 0.0023
41 269 8.970000 -0.0506, -1.8545, 1.2369, 0.9952, -0.0974, -0.0123, 0.0025
41 270 9.000000 -0.0188, -1.8289, 1.2266, 0.9947, -0.1010, -0.0161, 0.0023
41 271 9.040000 0.0231, -1.7915, 1.2160, 0.9952, -0.0956, -0.0194, 0.0021
41 272 9.070000 0.0540, -1.7609, 1.2109, 0.9962, -0.0847, -0.0224, 0.0020
41 273 9.100000 0.0844, -1.7283, 1.2086, 0.9954, -0.0927, -0.0247, 0.0014
41 274 9.140000 0.1239, -1.6815, 1.2098, 0.9959, -0.0857, -0.0288, 0.0012
41 275 9.170000 0.1528, -1.6443, 1.2141, 0.9968, -0.0745, -0.0299, 0.0009
41 276 9.200000 0.1809, -1.6051, 1.2212, 0.9964, -0.0791, -0.0308, 0.0002
41 277 9.240000 0.2173, -1.5502, 1.2353, 0.9968, -0.0733, -0.0320, -0.0005
41 278 9.270000 0.2437, -1.5070, 1.2496, 0.9977, -0.0589, -0.0325, -0.0007
41 279 9.300000 0.2693, -1.4623, 1.2672, 0.9975, -0.0626, -0.0322, -0.0017
41 280 9.340000 0.3022, -1.4005, 1.2963, 0.9980, -0.0550, -0.0316, -0.0026
41 281 9.370000 0.3259, -1.3526, 1.3227, 0.9987, -0.0392, -0.0313, -0.0031
41 282 9.400000 0.3488, -1.3035, 1.3535, 0.9986, -0.0434, -0.0302, -0.0042
41 283 9.440000 0.3781, -1.2365, 1.4018, 0.9989, -0.0365, -0.0288, -0.0053
41 284 9.470000 0.3992, -1.1852, 1.4432, 0.9993, -0.0224, -0.0278, -0.0059
41 285 9.500000 0.4196, -1.1333, 1.4877, 0.9990, -0.0358, -0.0263, -0.0073
41 286 9.540000 0.4460, -1.0632, 1.5472, 0.9993, -0.0246, -0.0251, -0.0082
41 287 9.570000 0.4655, -1.0103, 1.5896, 0.9996, -0.0069, -0.0253, -0.0085
41 288 9.600000 0.4846, -0.9572, 1.6297, 0.9996, 0.0002, -0.0254, -0.0089
41 289 9.640000 0.5095, -0.8865, 1.6801, 0.9995, 0.0147, -0.0262, -0.0091
41 290 9.670000 0.5278, -0.8338, 1.7163, 0.9992, 0.0290, -0.0274, -0.0091
41 291 9.700000 0.5456, -0.7814, 1.7514, 0.9991, 0.0307, -0.0284, -0.0092
41 292 9.740000 0.5686, -0.7125, 1.7972, 0.9987, 0.0386, -0.0305, -0.0092
41 293 9.770000 0.5852, -0.6616, 1.8313, 0.9982, 0.0496, -0.0322, -0.0089
41 294 9.800000 0.6013, -0.6116, 1.8655, 0.9983, 0.0470, -0.0338, -0.0090
41 295 9.840000 0.6217, -0.5463, 1.9119, 0.9980, 0.0513, -0.0360, -0.0087
41 296 9.870000 0.6362, -0.4986, 1.9478, 0.9974, 0.0617, -0.0376, -0.0081
41 297 9.900000 0.6499, -0.4521, 1.9849, 0.9976, 0.0564, -0.0390, -0.0080
41 298 9.940000 0.6668, -0.3920, 2.0370, 0.9974, 0.0584, -0.0405, -0.0074
41 299 9.970000 0.6786, -0.3485, 2.0779, 0.9969, 0.0668, -0.0413, -0.0066
41 300 10.000000 0.6895, -0.3061, 2.1196, 0.9976, 0.0540, -0.0421, -0.0066
41 301 10.040000 0.7030, -0.2511, 2.1733, 0.9975, 0.0557, -0.0431, -0.0057
41 302 10.070000 0.7125, -0.2107, 2.2106, 0.9969, 0.0661, -0.0428, -0.0048
41 303 10.100000 0.7215, -0.1710, 2.2453, 0.9969, 0.0658, -0.0421, -0.0041
41 304 10.140000 0.7326, -0.1196, 2.2877, 0.9966, 0.0726, -0.0401, -0.0031
41 305 10.170000 0.7403, -0.0821, 2.3171, 0.9959, 0.0815, -0.0380, -0.0021
41 306 10.200000 0.7475, -0.0458, 2.3447, 0.9962, 0.0795, -0.0354, -0.0016
41 307 10.240000 0.7562, 0.0007, 2.3792, 0.9961, 0.0830, -0.0311, -0.0004
41 308 10.270000 0.7622, 0.0340, 2.4035, 0.9956, 0.0898, -0.0271, 0.0005
41 309 10.300000 0.7678, 0.0660, 2.4267, 0.9962, 0.0840, -0.0229, 0.0011
41 310 10.340000 0.7746, 0.1066, 2.4562, 0.9963, 0.0844, -0.0165, 0.0021
41 311 10.370000 0.7794, 0.1353, 2.4774, 0.9958, 0.0908, -0.0116, 0.0031
41 312 10.400000 0.7841, 0.1626, 2.4979, 0.9963, 0.0851, -0.0067, 0.0037
41 313 10.440000 0.7901, 0.1966, 2.5244, 0.9962, 0.0873, -0.0005, 0.0047
41 314 10.470000 0.7946, 0.2204, 2.5437, 0.9952, 0.0974, 0.0043, 0.0055
41 315 10.500000 0.7992, 0.2427, 2.5621, 0.9956, 0.0931, 0.0087, 0.0063
41 316 10.540000 0.8055, 0.2700, 2.5847, 0.9953, 0.0951, 0.0138, 0.0073
41 317 10.570000 0.8105, 0.2889, 2.5997, 0.9950, 0.0984, 0.0171, 0.0079
41 318 10.600000 0.8157, 0.3064, 2.6131, 0.9956, 0.0916, 0.0197, 0.0086
41 319 10.640000 0.8232, 0.3275, 2.6288, 0.9959, 0.0875, 0.0227, 0.0094
41 320 10.670000 0.8292, 0.3417, 2.6393, 0.9958, 0.0881, 0.0241, 0.0097
41 321 10.700000 0.8357, 0.3545, 2.6487, 0.9967, 0.0764, 0.0243, 0.0103
41 322 10.740000 0.8448, 0.3697, 2.6600, 0.9974, 0.0674, 0.0236, 0.0107
41 323 10.770000 0.8522, 0.3797, 2.6676, 0.9975, 0.0656, 0.0225, 0.0108
41 324 10.800000 0.8600, 0.3887, 2.6746, 0.9984, 0.0520, 0.0207, 0.0111
41 325 10.840000 0.8708, 0.3993, 2.6828, 0.9990, 0.0389, 0.0171, 0.0113
41 326 10.870000 0.8793, 0.4064, 2.6883, 0.9992, 0.0360, 0.0138, 0.0114
41 327 10.900000 0.8880, 0.4130, 2.6930, 0.9997, 0.0181, 0.0091, 0.0116
41 328 10.940000 0.8999, 0.4213, 2.6980, 0.9999, 0.0059, 0.0030, 0.0119
41 329 10.970000 0.9088, 0.4273, 2.7007, 0.9999, -0.0004, -0.0019, 0.0121
41 330 11.000000 0.9178, 0.4334, 2.7024, 0.9998, -0.0147, -0.0070, 0.0125
41 331 11.040000 0.9295, 0.4418, 2.7026, 0.9994, -0.0292, -0.0148, 0.0127
41 332 11.070000 0.9380, 0.4486, 2.7014, 0.9991, -0.0338, -0.0200, 0.0132
41 333 11.100000 0.9463, 0.4558, 2.6989, 0.9986, -0.0454, -0.0246, 0.0133
41 334 11.140000 0.9567, 0.4666, 2.6940, 0.9978, -0.0577, -0.0301, 0.0135
41 335 11.170000 0.9639, 0.4757, 2.6892, 0.9977, -0.0560, -0.0341, 0.0140
41 336 11.200000 0.9706, 0.4856, 2.6833, 0.9970, -0.0660, -0.0379, 0.0140
41 337 11.240000 0.9785, 0.5005, 2.6740, 0.9964, -0.0721, -0.0426, 0.0142
41 338 11.270000 0.9836, 0.5129, 2.6658, 0.9963, -0.0721, -0.0448, 0.0144
41 339 11.300000 0.9881, 0.5264, 2.6566, 0.9955, -0.0815, -0.0471, 0.0142
41 340 11.340000 0.9928, 0.5464, 2.6426, 0.9951, -0.0843, -0.0488, 0.0140
41 341 11.370000 0.9955, 0.5628, 2.6306, 0.9956, -0.0784, -0.0497, 0.0142
41 342 11.400000 0.9974, 0.5805, 2.6172, 0.9952, -0.0825, -0.0500, 0.0136
41 343 11.440000 0.9987, 0.6058, 2.5970, 0.9957, -0.0777, -0.0495, 0.0132
41 344 11.470000 0.9989, 0.6260, 2.5799, 0.9965, -0.0673, -0.0483, 0.0129
41 345 11.500000 0.9983, 0.6473, 2.5614, 0.9968, -0.0643, -0.0464, 0.0122
41 346 11.540000 0.9964, 0.6772, 2.5351, 0.9975, -0.0545, -0.0436, 0.0113
41 347 11.570000 0.9941, 0.7006, 2.5146, 0.9982, -0.0419, -0.0412, 0.0109
41 348 11.600000 0.9911, 0.7247, 2.4934, 0.9984, -0.0401, -0.0386, 0.0099
41 349 11.640000 0.9862, 0.7577, 2.4638, 0.9989, -0.0304, -0.0346, 0.0090
41 350 11.670000 0.9819, 0.7831, 2.4405, 0.9993, -0.0166, -0.0313, 0.0085
41 351 11.700000 0.9770, 0.8087, 2.4160, 0.9995, -0.0141, -0.0276, 0.0076
41 352 11.740000 0.9699, 0.8431, 2.3812, 0.9997, -0.0041, -0.0225, 0.0067
41 353 11.770000 0.9643, 0.8689, 2.3531, 0.9998, 0.0092, -0.0182, 0.0061
41 354 11.800000 0.9583, 0.8947, 2.3230, 0.9998, 0.0118, -0.0135, 0.0054
41 355 11.840000 0.9501, 0.9287, 2.2790, 0.9997, 0.0220, -0.0072, 0.0047
41 356 11.870000 0.9439, 0.9539, 2.2425, 0.9994, 0.0328, -0.0026, 0.0042
41 357 11.900000 0.9376, 0.9788, 2.2024, 0.9993, 0.0360, 0.0020, 0.0037
41 358 11.940000 0.9293, 1.0115, 2.1426, 0.9990, 0.0446, 0.0077, 0.0031
41 359 11.970000 0.9231, 1.0354, 2.0931, 0.9985, 0.0537, 0.0115, 0.0026
41 360 12.000000 0.9171, 1.0587, 2.0414, 0.9983, 0.0565, 0.0148, 0.0022
41 361 12.040000 0.9096, 1.0877, 1.9759, 0.9979, 0.0623, 0.0195, 0.0019
41 362 12.070000 0.9047, 1.1073, 1.9330, 0.9973, 0.0684, 0.0249, 0.0019
41 363 12.100000 0.9005, 1.1250, 1.8958, 0.9974, 0.0639, 0.0326, 0.0023
41 364 12.140000 0.8964, 1.1455, 1.8551, 0.9969, 0.0651, 0.0447, 0.0026
41 365 12.170000 0.8947, 1.1586, 1.8307, 0.9960, 0.0739, 0.0506, 0.0024
41 366 12.200000 0.8945, 1.1698, 1.8111, 0.9962, 0.0678, 0.0550, 0.0027
41 367 12.240000 0.8964, 1.1816, 1.7922, 0.9952, 0.0782, 0.0590, 0.0022
41 368 12.270000 0.8998, 1.1879, 1.7832, 0.9940, 0.0915, 0.0606, 0.0014
41 369 12.300000 0.9047, 1.1918, 1.7785, 0.9946, 0.0837, 0.0615, 0.0018
41 370 12.340000 0.9139, 1.1934, 1.7790, 0.9946, 0.0841, 0.0614, 0.0016
41 371 12.370000 0.9228, 1.1918, 1.7845, 0.9939, 0.0920, 0.0603, 0.0007
41 372 12.400000 0.9332, 1.1878, 1.7947, 0.9953, 0.0767, 0.0585, 0.0012
41 373 12.440000 0.9497, 1.1790, 1.8158, 0.9961, 0.0686, 0.0554, 0.0010
41 374 12.470000 0.9639, 1.1701, 1.8370, 0.9957, 0.0756, 0.0526, 0.0000
41 375 12.500000 0.9794, 1.1593, 1.8619, 0.9969, 0.0618, 0.0497, 0.0002
41 376 12.540000 1.0015, 1.1429, 1.8965, 0.9974, 0.0550, 0.0461, -0.0002
41 377 12.570000 1.0190, 1.1295, 1.9217, 0.9979, 0.0477, 0.0439, -0.0004
41 378 12.600000 1.0373, 1.1153, 1.9459, 0.9987, 0.0307, 0.0417, 0.0001
41 379 12.640000 1.0626, 1.0956, 1.9772, 0.9991, 0.0147, 0.0389, 0.0004
41 380 12.670000 1.0824, 1.0804, 2.0001, 0.9993, 0.0120, 0.0361, 0.0004
41 381 12.700000 1.1028, 1.0651, 2.0230, 0.9995, -0.0025, 0.0330, 0.0008
41 382 12.740000 1.1310, 1.0446, 2.0538, 0.9995, -0.0112, 0.0283, 0.0012
41 383 12.770000 1.1527, 1.0294, 2.0775, 0.9996, -0.0098, 0.0247, 0.0013
41 384 12.800000 1.1749, 1.0145, 2.1019, 0.9996, -0.0209, 0.0208, 0.0018
41 385 12.840000 1.2052, 0.9951, 2.1360, 0.9996, -0.0249, 0.0154, 0.0022
41 386 12.870000 1.2282, 0.9811, 2.1632, 0.9998, -0.0174, 0.0104, 0.0025
41 387 12.900000 1.2515, 0.9675, 2.1923, 0.9997, -0.0252, 0.0050, 0.0030
41 388 12.940000 1.2827, 0.9500, 2.2342, 0.9997, -0.0225, -0.0034, 0.0035
41 389 12.970000 1.3060, 0.9374, 2.2679, 0.9999, -0.0131, -0.0099, 0.0039
41 390 13.000000 1.3292, 0.9252, 2.3022, 0.9995, -0.0250, -0.0167, 0.0042
41 391 13.040000 1.3597, 0.9092, 2.3437, 0.9995, -0.0206, -0.0240, 0.0046
41 392 13.070000 1.3824, 0.8974, 2.3690, 0.9995, -0.0113, -0.0291, 0.0052
41 393 13.100000 1.4050, 0.8857, 2.3888, 0.9994, -0.0079, -0.0341, 0.0056
41 394 13.140000 1.4346, 0.8701, 2.4071, 0.9991, -0.0004, -0.0408, 0.0063
41 395 13.170000 1.4565, 0.8585, 2.4149, 0.9989, 0.0066, -0.0460, 0.0068
41 396 13.200000 1.4780, 0.8467, 2.4179, 0.9986, 0.0085, -0.0513, 0.0072
41 397 13.240000 1.5060, 0.8310, 2.4145, 0.9982, 0.0134, -0.0587, 0.0078
41 398 13.270000 1.5265, 0.8190, 2.4063, 0.9977, 0.0195, -0.0642, 0.0085
41 399 13.300000 1.5464, 0.8069, 2.3932, 0.9973, 0.0194, -0.0697, 0.0088
41 400 13.340000 1.5722, 0.7905, 2.3677, 0.9968, 0.0223, -0.0767, 0.0096
41 401 13.370000 1.5910, 0.7781, 2.3422, 0.9963, 0.0260, -0.0818, 0.0104
41 402 13.400000 1.6093, 0.7655, 2.3108, 0.9959, 0.0251, -0.0866, 0.0109
41 403 13.440000 1.6330, 0.7484, 2.2589, 0.9953, 0.0260, -0.0927, 0.0119
41 404 13.470000 1.6502, 0.7355, 2.2128, 0.9949, 0.0270, -0.0968, 0.0127
41 405 13.500000 1.6666, 0.7223, 2.1621, 0.9945, 0.0248, -0.1008, 0.0134
41 406 13.540000 1.6857, 0.7040, 2.0944, 0.9940, 0.0229, -0.1064, 0.0143
41 407 13.570000 1.6970, 0.6895, 2.0470, 0.9935, 0.0237, -0.1106, 0.0151
41 408 13.600000 1.7057, 0.6745, 2.0028, 0.9930, 0.0190, -0.1153, 0.0151
41 409 13.640000 1.7129, 0.6536, 1.9484, 0.9924, 0.0157, -0.1210, 0.0152
41 410 13.670000 1.7151, 0.6374, 1.9105, 0.9920, 0.0187, -0.1235, 0.0155
41 411 13.700000 1.7145, 0.6208, 1.8745, 0.9916, 0.0106, -0.1284, 0.0143
41 412 13.740000 1.7095, 0.5982, 1.8291, 0.9914, 0.0095, -0.1295, 0.0139
41 413 13.770000 1.7026, 0.5808, 1.7965, 0.9912, 0.0181, -0.1302, 0.0151
41 414 13.800000 1.6931, 0.5631, 1.7649, 0.9913, 0.0122, -0.1306, 0.0140
41 415 13.840000 1.6764, 0.5391, 1.7240, 0.9914, 0.0070, -0.1300, 0.0131
41 416 13.870000 1.6610, 0.5207, 1.6938, 0.9916, 0.0136, -0.1279, 0.0134
41 417 13.900000 1.6433, 0.5022, 1.6639, 0.9921, -0.0011, -0.1246, 0.0111
41 418 13.940000 1.6161, 0.4774, 1.6239, 0.9928, -0.0081, -0.1193, 0.0092
41 419 13.970000 1.5933, 0.4588, 1.5936, 0.9934, -0.0057, -0.1146, 0.0086
41 420 14.000000 1.5685, 0.4404, 1.5630, 0.9939, -0.0154, -0.1090, 0.0062
41 421 14.040000 1.5324, 0.4161, 1.5218, 0.9946, -0.0204, -0.1012, 0.0040
41 422 14.070000 1.5033, 0.3983, 1.4907, 0.9953, -0.0167, -0.0952, 0.0031
41 423 14.100000 1.4725, 0.3808, 1.4592, 0.9957, -0.0263, -0.0887, 0.0010
41 424 14.140000 1.4292, 0.3580, 1.4162, 0.9964, -0.0301, -0.0798, -0.0009
41 425 14.170000 1.3952, 0.3414, 1.3829, 0.9970, -0.0269, -0.0732, -0.0017
41 426 14.200000 1.3601, 0.3253, 1.3483, 0.9972, -0.0346, -0.0661, -0.0034
41 427 14.240000 1.3119, 0.3046, 1.2996, 0.9977, -0.0369, -0.0568, -0.0048
41 428 14.270000 1.2747, 0.2895, 1.2607, 0.9982, -0.0331, -0.0497, -0.0055
41 429 14.300000 1.2370, 0.2750, 1.2192, 0.9983, -0.0388, -0.0424, -0.0066
41 430 14.340000 1.1859, 0.2562, 1.1592, 0.9987, -0.0390, -0.0330, -0.0075
41 431 14.370000 1.1472, 0.2426, 1.1097, 0.9990, -0.0355, -0.0265, -0.0079
41 432 14.400000 1.1082, 0.2292, 1.0557, 0.9990, -0.0380, -0.0204, -0.0085
41 433 14.440000 1.0561, 0.2119, 0.9753, 0.9992, -0.0364, -0.0131, -0.0088
41 434 14.470000 1.0168, 0.1991, 0.9087, 0.9994, -0.0331, -0.0085, -0.0088
41 435 14.500000 0.9775, 0.1868, 0.8386, 0.9994, -0.0335, -0.0041, -0.0087
41 436 14.540000 0.9250, 0.1714, 0.7483, 0.9995, -0.0318, 0.0023, -0.0086
41 437 14.570000 0.8857, 0.1608, 0.6872, 0.9996, -0.0274, 0.0075, -0.0085
41 438 14.600000 0.8466, 0.1512, 0.6324, 0.9994, -0.0300, 0.0128, -0.0084
41 439 14.640000 0.7951, 0.1396, 0.5685, 0.9993, -0.0292, 0.0195, -0.0083
41 440 14.670000 0.7572, 0.1318, 0.5267, 0.9994, -0.0236, 0.0242, -0.0084
41 441 14.700000 0.7198, 0.1247, 0.4899, 0.9992, -0.0285, 0.0281, -0.0081
41 442 14.740000 0.6712, 0.1163, 0.4477, 0.9990, -0.0281, 0.0327, -0.0080
41 443 14.770000 0.6358, 0.1108, 0.4210, 0.9991, -0.0212, 0.0359, -0.0082
41 444 14.800000 0.6013, 0.1059, 0.3982, 0.9989, -0.0277, 0.0377, -0.0079
41 445 14.840000 0.5567, 0.1003, 0.3737, 0.9988, -0.0275, 0.0398, -0.0078
41 446 14.870000 0.5245, 0.0967, 0.3594, 0.9989, -0.0198, 0.0413, -0.0080
41 447 14.900000 0.4932, 0.0938, 0.3486, 0.9987, -0.0272, 0.0413, -0.0077
41 448 14.940000 0.4532, 0.0907, 0.3394, 0.9987, -0.0271, 0.0416, -0.0076
41 449 14.970000 0.4243, 0.0890, 0.3363, 0.9989, -0.0193, 0.0421, -0.0079
