92 0 0.010000 0.8865, 0.3512, 3.7112, 1.0000, 0.0000, 0.0000, 0.0000
92 1 0.040000 0.8865, 0.3512, 3.7039, 1.0000, 0.0000, 0.0000, 0.0000
92 2 0.070000 0.8865, 0.3512, 3.6879, 1.0000, 0.0000, 0.0000, 0.0000
92 3 0.110000 0.8865, 0.3512, 3.6528, 1.0000, 0.0000, 0.0000, 0.0000
92 4 0.140000 0.8865, 0.3512, 3.6161, 1.0000, 0.0000, 0.0000, 0.0000
92 5 0.170000 0.8865, 0.3512, 3.5707, 1.0000, 0.0000, 0.0000, 0.0000
92 6 0.200000 0.8865, 0.3512, 3.5164, 1.0000, 0.0000, 0.0000, 0.0000
92 7 0.240000 0.8865, 0.3512, 3.4302, 1.0000, 0.0000, 0.0000, 0.0000
92 8 0.270000 0.8865, 0.3512, 3.3553, 1.0000, 0.0000, 0.0000, 0.0000
92 9 0.310000 0.8865, 0.3512, 3.2417, 1.0000, 0.0000, 0.0000, 0.0000
92 10 0.340000 0.8865, 0.3512, 3.1469, 0.9996, -0.0170, -0.0223, -0.0010
92 11 0.370000 0.8856, 0.3518, 3.0564, 0.9964, -0.0478, -0.0695, -0.0043
92 12 0.400000 0.8812, 0.3549, 2.9828, 0.9928, -0.0655, -0.1000, -0.0073
92 13 0.440000 0.8674, 0.3643, 2.9100, 0.9899, -0.0719, -0.1215, -0.0110
92 14 0.470000 0.8514, 0.3748, 2.8686, 0.9892, -0.0681, -0.1288, -0.0134
92 15 0.500000 0.8313, 0.3875, 2.8337, 0.9896, -0.0602, -0.1299, -0.0158
92 16 0.540000 0.7990, 0.4071, 2.7940, 0.9908, -0.0454, -0.1261, -0.0185
92 17 0.570000 0.7713, 0.4232, 2.7678, 0.9919, -0.0328, -0.1211, -0.0201
92 18 0.610000 0.7300, 0.4458, 2.7362, 0.9936, -0.0152, -0.1097, -0.0219
92 19 0.640000 0.6964, 0.4633, 2.7146, 0.9950, -0.0014, -0.0970, -0.0230
92 20 0.670000 0.6606, 0.4809, 2.6947, 0.9956, 0.0096, -0.0895, -0.0243
92 21 0.700000 0.6229, 0.4983, 2.6768, 0.9966, 0.0226, -0.0752, -0.0252
92 22 0.740000 0.5699, 0.5207, 2.6565, 0.9972, 0.0376, -0.0597, -0.0263
92 23 0.770000 0.5285, 0.5367, 2.6447, 0.9972, 0.0461, -0.0528, -0.0274
92 24 0.800000 0.4857, 0.5515, 2.6362, 0.9973, 0.0576, -0.0371, -0.0277
92 25 0.840000 0.4271, 0.5690, 2.6310, 0.9968, 0.0711, -0.0211, -0.0288
92 26 0.870000 0.3823, 0.5800, 2.6324, 0.9965, 0.0762, -0.0178, -0.0302
92 27 0.900000 0.3370, 0.5889, 2.6388, 0.9958, 0.0863, -0.0004, -0.0305
92 28 0.940000 0.2763, 0.5969, 2.6553, 0.9951, 0.0931, 0.0113, -0.0316
92 29 0.970000 0.2308, 0.6000, 2.6733, 0.9948, 0.0967, -0.0028, -0.0332
92 30 1.000000 0.1853, 0.6006, 2.6950, 0.9944, 0.0998, 0.0043, -0.0339
92 31 1.040000 0.1246, 0.5985, 2.7250, 0.9942, 0.1018, 0.0020, -0.0344
92 32 1.070000 0.0789, 0.5950, 2.7462, 0.9942, 0.1016, 0.0040, -0.0352
92 33 1.110000 0.0181, 0.5882, 2.7717, 0.9943, 0.1000, 0.0098, -0.0347
92 34 1.140000 -0.0273, 0.5813, 2.7888, 0.9942, 0.0994, 0.0229, -0.0337
92 35 1.170000 -0.0725, 0.5730, 2.8045, 0.9944, 0.0977, 0.0208, -0.0337
92 36 1.210000 -0.1323, 0.5595, 2.8233, 0.9946, 0.0950, 0.0252, -0.0330
92 37 1.240000 -0.1767, 0.5477, 2.8361, 0.9946, 0.0921, 0.0346, -0.0316
92 38 1.270000 -0.2206, 0.5344, 2.8479, 0.9951, 0.0885, 0.0322, -0.0312
92 39 1.310000 -0.2784, 0.5144, 2.8622, 0.9956, 0.0823, 0.0331, -0.0298
92 40 1.340000 -0.3211, 0.4978, 2.8720, 0.9958, 0.0778, 0.0401, -0.0280
92 41 1.370000 -0.3632, 0.4799, 2.8811, 0.9964, 0.0730, 0.0322, -0.0273
92 42 1.410000 -0.4185, 0.4541, 2.8925, 0.9970, 0.0668, 0.0308, -0.0253
92 43 1.440000 -0.4594, 0.4334, 2.9006, 0.9972, 0.0610, 0.0354, -0.0232
92 44 1.470000 -0.4997, 0.4117, 2.9083, 0.9978, 0.0552, 0.0285, -0.0217
92 45 1.510000 -0.5527, 0.3813, 2.9174, 0.9984, 0.0463, 0.0269, -0.0190
92 46 1.540000 -0.5919, 0.3577, 2.9227, 0.9986, 0.0398, 0.0318, -0.0167
92 47 1.570000 -0.6307, 0.3335, 2.9263, 0.9989, 0.0336, 0.0278, -0.0151
92 48 1.610000 -0.6818, 0.3004, 2.9282, 0.9991, 0.0257, 0.0308, -0.0127
92 49 1.640000 -0.7196, 0.2752, 2.9275, 0.9990, 0.0201, 0.0389, -0.0110
92 50 1.670000 -0.7568, 0.2497, 2.9250, 0.9992, 0.0150, 0.0351, -0.0096
92 51 1.710000 -0.8057, 0.2154, 2.9188, 0.9992, 0.0083, 0.0372, -0.0080
92 52 1.740000 -0.8418, 0.1895, 2.9119, 0.9991, 0.0034, 0.0427, -0.0067
92 53 1.770000 -0.8772, 0.1636, 2.9031, 0.9992, -0.0012, 0.0385, -0.0058
92 54 1.810000 -0.9237, 0.1290, 2.8882, 0.9992, -0.0074, 0.0385, -0.0045
92 55 1.840000 -0.9578, 0.1032, 2.8744, 0.9990, -0.0119, 0.0432, -0.0039
92 56 1.870000 -0.9915, 0.0775, 2.8581, 0.9991, -0.0165, 0.0379, -0.0032
92 57 1.910000 -1.0357, 0.0436, 2.8320, 0.9991, -0.0227, 0.0368, -0.0026
92 58 1.940000 -1.0682, 0.0184, 2.8091, 0.9989, -0.0275, 0.0388, -0.0023
92 59 1.970000 -1.1003, -0.0064, 2.7835, 0.9989, -0.0326, 0.0336, -0.0021
92 60 2.010000 -1.1423, -0.0387, 2.7469, 0.9988, -0.0394, 0.0303, -0.0019
92 61 2.040000 -1.1731, -0.0621, 2.7200, 0.9985, -0.0432, 0.0339, -0.0022
92 62 2.070000 -1.2033, -0.0845, 2.6951, 0.9986, -0.0469, 0.0236, -0.0020
92 63 2.110000 -1.2425, -0.1129, 2.6650, 0.9985, -0.0508, 0.0207, -0.0020
92 64 2.140000 -1.2713, -0.1329, 2.6445, 0.9983, -0.0524, 0.0256, -0.0025
92 65 2.170000 -1.2997, -0.1518, 2.6255, 0.9985, -0.0531, 0.0150, -0.0021
92 66 2.210000 -1.3369, -0.1754, 2.6022, 0.9985, -0.0523, 0.0140, -0.0024
92 67 2.240000 -1.3644, -0.1919, 2.5859, 0.9985, -0.0508, 0.0222, -0.0030
92 68 2.270000 -1.3915, -0.2074, 2.5703, 0.9987, -0.0486, 0.0155, -0.0030
92 69 2.310000 -1.4271, -0.2266, 2.5505, 0.9988, -0.0447, 0.0205, -0.0035
92 70 2.340000 -1.4532, -0.2401, 2.5361, 0.9987, -0.0405, 0.0304, -0.0043
92 71 2.370000 -1.4789, -0.2528, 2.5220, 0.9990, -0.0357, 0.0268, -0.0045
92 72 2.410000 -1.5123, -0.2688, 2.5032, 0.9991, -0.0278, 0.0318, -0.0053
92 73 2.440000 -1.5367, -0.2802, 2.4890, 0.9988, -0.0214, 0.0431, -0.0061
92 74 2.470000 -1.5603, -0.2913, 2.4746, 0.9989, -0.0146, 0.0432, -0.0068
92 75 2.510000 -1.5906, -0.3056, 2.4556, 0.9987, -0.0057, 0.0492, -0.0079
92 76 2.540000 -1.6121, -0.3162, 2.4419, 0.9983, 0.0013, 0.0581, -0.0087
92 77 2.570000 -1.6326, -0.3269, 2.4291, 0.9984, 0.0079, 0.0554, -0.0094
92 78 2.610000 -1.6581, -0.3414, 2.4132, 0.9980, 0.0163, 0.0600, -0.0105
92 79 2.640000 -1.6758, -0.3526, 2.4022, 0.9972, 0.0215, 0.0704, -0.0110
92 80 2.670000 -1.6923, -0.3642, 2.3918, 0.9975, 0.0253, 0.0642, -0.0117
92 81 2.710000 -1.7123, -0.3805, 2.3789, 0.9974, 0.0297, 0.0643, -0.0124
92 82 2.740000 -1.7258, -0.3934, 2.3697, 0.9970, 0.0319, 0.0696, -0.0127
92 83 2.770000 -1.7381, -0.4069, 2.3608, 0.9976, 0.0328, 0.0599, -0.0133
92 84 2.800000 -1.7492, -0.4210, 2.3522, 0.9974, 0.0331, 0.0628, -0.0134
92 85 2.840000 -1.7624, -0.4407, 2.3409, 0.9978, 0.0315, 0.0571, -0.0139
92 86 2.870000 -1.7712, -0.4562, 2.3324, 0.9985, 0.0295, 0.0450, -0.0143
92 87 2.900000 -1.7792, -0.4722, 2.3235, 0.9984, 0.0266, 0.0470, -0.0144
92 88 2.940000 -1.7887, -0.4942, 2.3112, 0.9989, 0.0214, 0.0391, -0.0147
92 89 2.970000 -1.7951, -0.5112, 2.3015, 0.9993, 0.0163, 0.0284, -0.0151
92 90 3.000000 -1.8010, -0.5284, 2.2917, 0.9995, 0.0111, 0.0265, -0.0151
92 91 3.040000 -1.8081, -0.5518, 2.2801, 0.9996, 0.0042, 0.0214, -0.0157
92 92 3.070000 -1.8130, -0.5694, 2.2732, 0.9998, -0.0011, 0.0095, -0.0160
92 93 3.100000 -1.8177, -0.5870, 2.2681, 0.9997, -0.0065, 0.0152, -0.0165
92 94 3.140000 -1.8235, -0.6103, 2.2639, 0.9997, -0.0144, 0.0099, -0.0170
92 95 3.170000 -1.8276, -0.6274, 2.2628, 0.9997, -0.0198, -0.0013, -0.0174
92 96 3.200000 -1.8318, -0.6441, 2.2634, 0.9995, -0.0245, 0.0032, -0.0180
92 97 3.240000 -1.8373, -0.6656, 2.2668, 0.9994, -0.0304, -0.0031, -0.0187
92 98 3.270000 -1.8416, -0.6809, 2.2713, 0.9991, -0.0345, -0.0157, -0.0190
92 99 3.300000 -1.8461, -0.6955, 2.2778, 0.9990, -0.0378, -0.0122, -0.0199
92 100 3.340000 -1.8527, -0.7137, 2.2894, 0.9987, -0.0420, -0.0196, -0.0207
92 101 3.370000 -1.8582, -0.7263, 2.3007, 0.9982, -0.0450, -0.0341, -0.0211
92 102 3.400000 -1.8643, -0.7378, 2.3143, 0.9981, -0.0468, -0.0320, -0.0221
92 103 3.440000 -1.8738, -0.7515, 2.3365, 0.9977, -0.0492, -0.0404, -0.0231
92 104 3.470000 -1.8820, -0.7604, 2.3559, 0.9968, -0.0512, -0.0564, -0.0235
92 105 3.500000 -1.8913, -0.7683, 2.3767, 0.9968, -0.0523, -0.0544, -0.0247
92 106 3.540000 -1.9052, -0.7774, 2.4034, 0.9960, -0.0532, -0.0669, -0.0255
92 107 3.570000 -1.9166, -0.7834, 2.4206, 0.9953, -0.0532, -0.0760, -0.0259
92 108 3.600000 -1.9289, -0.7887, 2.4352, 0.9956, -0.0522, -0.0737, -0.0268
92 109 3.640000 -1.9467, -0.7947, 2.4506, 0.9955, -0.0506, -0.0746, -0.0277
92 110 3.670000 -1.9613, -0.7984, 2.4593, 0.9953, -0.0490, -0.0789, -0.0281
92 111 3.700000 -1.9768, -0.8014, 2.4658, 0.9958, -0.0466, -0.0732, -0.0288
92 112 3.740000 -1.9991, -0.8044, 2.4712, 0.9961, -0.0432, -0.0706, -0.0295
92 113 3.770000 -2.0170, -0.8060, 2.4728, 0.9961, -0.0402, -0.0729, -0.0297
92 114 3.800000 -2.0358, -0.8069, 2.4724, 0.9968, -0.0365, -0.0646, -0.0303
92 115 3.840000 -2.0622, -0.8073, 2.4687, 0.9973, -0.0309, -0.0593, -0.0307
92 116 3.870000 -2.0831, -0.8071, 2.4635, 0.9974, -0.0262, -0.0598, -0.0308
92 117 3.900000 -2.1047, -0.8066, 2.4561, 0.9981, -0.0206, -0.0500, -0.0311
92 118 3.940000 -2.1345, -0.8053, 2.4429, 0.9985, -0.0123, -0.0431, -0.0312
92 119 3.970000 -2.1576, -0.8042, 2.4306, 0.9987, -0.0053, -0.0410, -0.0311
92 120 4.000000 -2.1813, -0.8029, 2.4166, 0.9991, 0.0029, -0.0298, -0.0312
92 121 4.040000 -2.2137, -0.8014, 2.3969, 0.9993, 0.0121, -0.0188, -0.0308
92 122 4.070000 -2.2384, -0.8004, 2.3822, 0.9991, 0.0186, -0.0232, -0.0309
92 123 4.100000 -2.2635, -0.7997, 2.3675, 0.9991, 0.0251, -0.0119, -0.0305
92 124 4.140000 -2.2974, -0.7995, 2.3477, 0.9990, 0.0333, -0.0039, -0.0301
92 125 4.170000 -2.3230, -0.8000, 2.3324, 0.9988, 0.0384, -0.0046, -0.0300
92 126 4.200000 -2.3487, -0.8012, 2.3165, 0.9986, 0.0431, 0.0091, -0.0294
92 127 4.240000 -2.3827, -0.8037, 2.2940, 0.9982, 0.0489, 0.0189, -0.0287
92 128 4.270000 -2.4080, -0.8066, 2.2760, 0.9980, 0.0525, 0.0211, -0.0285
92 129 4.300000 -2.4329, -0.8102, 2.2568, 0.9975, 0.0557, 0.0347, -0.0276
92 130 4.340000 -2.4654, -0.8164, 2.2290, 0.9968, 0.0589, 0.0459, -0.0268
92 131 4.370000 -2.4892, -0.8220, 2.2059, 0.9966, 0.0604, 0.0499, -0.0263
92 132 4.400000 -2.5122, -0.8285, 2.1808, 0.9957, 0.0614, 0.0643, -0.0253
92 133 4.440000 -2.5417, -0.8383, 2.1434, 0.9948, 0.0616, 0.0780, -0.0240
92 134 4.470000 -2.5627, -0.8467, 2.1126, 0.9942, 0.0608, 0.0860, -0.0232
92 135 4.500000 -2.5825, -0.8560, 2.0801, 0.9927, 0.0590, 0.1026, -0.0218
92 136 4.540000 -2.6058, -0.8702, 2.0377, 0.9912, 0.0577, 0.1170, -0.0204
92 137 4.570000 -2.6203, -0.8824, 2.0084, 0.9912, 0.0567, 0.1177, -0.0202
92 138 4.600000 -2.6321, -0.8960, 1.9814, 0.9896, 0.0554, 0.1318, -0.0189
92 139 4.640000 -2.6434, -0.9161, 1.9489, 0.9883, 0.0535, 0.1419, -0.0182
92 140 4.670000 -2.6483, -0.9327, 1.9268, 0.9884, 0.0515, 0.1417, -0.0177
92 141 4.700000 -2.6500, -0.9505, 1.9064, 0.9860, 0.0496, 0.1581, -0.0167
92 142 4.740000 -2.6473, -0.9759, 1.8816, 0.9861, 0.0458, 0.1587, -0.0159
92 143 4.770000 -2.6414, -0.9962, 1.8645, 0.9871, 0.0426, 0.1538, -0.0160
92 144 4.800000 -2.6323, -1.0175, 1.8485, 0.9866, 0.0390, 0.1574, -0.0151
92 145 4.840000 -2.6153, -1.0471, 1.8287, 0.9873, 0.0341, 0.1547, -0.0149
92 146 4.870000 -2.5991, -1.0701, 1.8148, 0.9897, 0.0296, 0.1395, -0.0146
92 147 4.900000 -2.5801, -1.0938, 1.8014, 0.9899, 0.0245, 0.1391, -0.0141
92 148 4.940000 -2.5508, -1.1261, 1.7841, 0.9916, 0.0152, 0.1280, -0.0135
92 149 4.970000 -2.5262, -1.1507, 1.7712, 0.9935, 0.0085, 0.1129, -0.0132
92 150 5.000000 -2.4995, -1.1755, 1.7581, 0.9937, 0.0016, 0.1112, -0.0128
92 151 5.040000 -2.4610, -1.2086, 1.7402, 0.9952, -0.0061, 0.0965, -0.0125
92 152 5.070000 -2.4303, -1.2334, 1.7262, 0.9965, -0.0141, 0.0815, -0.0122
92 153 5.100000 -2.3982, -1.2579, 1.7117, 0.9966, -0.0212, 0.0781, -0.0120
92 154 5.140000 -2.3534, -1.2901, 1.6916, 0.9971, -0.0317, 0.0679, -0.0119
92 155 5.170000 -2.3185, -1.3136, 1.6758, 0.9978, -0.0388, 0.0528, -0.0114
92 156 5.200000 -2.2827, -1.3366, 1.6593, 0.9974, -0.0456, 0.0543, -0.0118
92 157 5.240000 -2.2336, -1.3660, 1.6363, 0.9975, -0.0540, 0.0442, -0.0117
92 158 5.270000 -2.1961, -1.3871, 1.6180, 0.9974, -0.0611, 0.0350, -0.0117
92 159 5.300000 -2.1579, -1.4072, 1.5986, 0.9970, -0.0676, 0.0355, -0.0120
92 160 5.340000 -2.1061, -1.4325, 1.5709, 0.9965, -0.0760, 0.0313, -0.0126
92 161 5.370000 -2.0668, -1.4501, 1.5483, 0.9963, -0.0822, 0.0225, -0.0125
92 162 5.400000 -2.0272, -1.4666, 1.5238, 0.9957, -0.0878, 0.0248, -0.0134
92 163 5.440000 -1.9738, -1.4868, 1.4878, 0.9951, -0.0953, 0.0207, -0.0141
92 164 5.470000 -1.9334, -1.5005, 1.4582, 0.9947, -0.1008, 0.0138, -0.0143
92 165 5.500000 -1.8928, -1.5125, 1.4275, 0.9941, -0.1060, 0.0153, -0.0153
92 166 5.540000 -1.8382, -1.5251, 1.3891, 0.9936, -0.1109, 0.0137, -0.0164
92 167 5.570000 -1.7968, -1.5313, 1.3644, 0.9931, -0.1163, 0.0029, -0.0170
92 168 5.600000 -1.7552, -1.5345, 1.3434, 0.9925, -0.1195, 0.0169, -0.0190
92 169 5.640000 -1.6992, -1.5341, 1.3210, 0.9921, -0.1224, 0.0154, -0.0209
92 170 5.670000 -1.6567, -1.5303, 1.3082, 0.9921, -0.1241, 0.0005, -0.0196
92 171 5.700000 -1.6141, -1.5234, 1.2987, 0.9920, -0.1239, 0.0087, -0.0220
92 172 5.740000 -1.5570, -1.5095, 1.2907, 0.9922, -0.1221, 0.0123, -0.0235
92 173 5.770000 -1.5139, -1.4956, 1.2883, 0.9923, -0.1214, -0.0032, -0.0230
92 174 5.800000 -1.4706, -1.4788, 1.2889, 0.9927, -0.1173, 0.0085, -0.0251
92 175 5.840000 -1.4128, -1.4520, 1.2944, 0.9937, -0.1091, -0.0034, -0.0257
92 176 5.870000 -1.3695, -1.4288, 1.3023, 0.9944, -0.1017, -0.0132, -0.0250
92 177 5.900000 -1.3264, -1.4030, 1.3134, 0.9952, -0.0931, -0.0121, -0.0263
92 178 5.940000 -1.2694, -1.3650, 1.3335, 0.9960, -0.0829, -0.0208, -0.0266
92 179 5.970000 -1.2273, -1.3342, 1.3521, 0.9964, -0.0725, -0.0344, -0.0262
92 180 6.000000 -1.1859, -1.3018, 1.3724, 0.9972, -0.0596, -0.0361, -0.0273
92 181 6.040000 -1.1315, -1.2572, 1.3971, 0.9978, -0.0394, -0.0459, -0.0267
92 182 6.070000 -1.0913, -1.2233, 1.4117, 0.9974, -0.0282, -0.0609, -0.0264
92 183 6.100000 -1.0517, -1.1890, 1.4225, 0.9974, -0.0171, -0.0653, -0.0260
92 184 6.140000 -1.0000, -1.1430, 1.4314, 0.9968, -0.0041, -0.0751, -0.0255
92 185 6.170000 -0.9622, -1.1084, 1.4343, 0.9961, 0.0047, -0.0843, -0.0249
92 186 6.200000 -0.9254, -1.0738, 1.4341, 0.9959, 0.0126, -0.0857, -0.0243
92 187 6.240000 -0.8779, -1.0279, 1.4291, 0.9953, 0.0216, -0.0911, -0.0233
92 188 6.270000 -0.8435, -0.9937, 1.4217, 0.9945, 0.0269, -0.0987, -0.0226
92 189 6.300000 -0.8103, -0.9598, 1.4111, 0.9945, 0.0314, -0.0979, -0.0217
92 190 6.340000 -0.7676, -0.9151, 1.3917, 0.9940, 0.0357, -0.1013, -0.0204
92 191 6.370000 -0.7369, -0.8820, 1.3728, 0.9934, 0.0380, -0.1068, -0.0195
92 192 6.400000 -0.7073, -0.8492, 1.3500, 0.9935, 0.0395, -0.1049, -0.0183
92 193 6.440000 -0.6693, -0.8060, 1.3127, 0.9934, 0.0400, -0.1061, -0.0166
92 194 6.470000 -0.6419, -0.7740, 1.2797, 0.9932, 0.0394, -0.1085, -0.0154
92 195 6.500000 -0.6157, -0.7425, 1.2433, 0.9937, 0.0378, -0.1046, -0.0138
92 196 6.540000 -0.5836, -0.7014, 1.1940, 0.9941, 0.0348, -0.1024, -0.0120
92 197 6.570000 -0.5621, -0.6714, 1.1585, 0.9935, 0.0352, -0.1078, -0.0104
92 198 6.600000 -0.5428, -0.6421, 1.1245, 0.9944, 0.0304, -0.1004, -0.0089
92 199 6.640000 -0.5203, -0.6039, 1.0809, 0.9947, 0.0274, -0.0993, -0.0068
92 200 6.670000 -0.5058, -0.5760, 1.0492, 0.9937, 0.0244, -0.1092, -0.0059
92 201 6.700000 -0.4933, -0.5485, 1.0178, 0.9943, 0.0213, -0.1040, -0.0049
92 202 6.740000 -0.4796, -0.5124, 0.9760, 0.9944, 0.0172, -0.1047, -0.0037
92 203 6.770000 -0.4716, -0.4857, 0.9443, 0.9936, 0.0140, -0.1117, -0.0030
92 204 6.800000 -0.4653, -0.4592, 0.9120, 0.9945, 0.0106, -0.1043, -0.0022
92 205 6.840000 -0.4596, -0.4241, 0.8674, 0.9947, 0.0064, -0.1025, -0.0013
92 206 6.870000 -0.4573, -0.3979, 0.8324, 0.9944, 0.0035, -0.1053, -0.0007
92 207 6.900000 -0.4563, -0.3718, 0.7955, 0.9953, 0.0007, -0.0970, -0.0000
92 208 6.940000 -0.4572, -0.3370, 0.7429, 0.9958, -0.0027, -0.0916, 0.0008
92 209 6.970000 -0.4593, -0.3108, 0.7008, 0.9959, -0.0050, -0.0901, 0.0014
92 210 7.000000 -0.4627, -0.2846, 0.6576, 0.9968, -0.0073, -0.0800, 0.0019
92 211 7.040000 -0.4701, -0.2494, 0.6029, 0.9973, -0.0097, -0.0723, 0.0026
92 212 7.070000 -0.4779, -0.2227, 0.5665, 0.9970, -0.0099, -0.0763, 0.0042
92 213 7.100000 -0.4876, -0.1957, 0.5343, 0.9975, -0.0117, -0.0688, 0.0044
92 214 7.140000 -0.5034, -0.1592, 0.4975, 0.9976, -0.0140, -0.0672, 0.0057
92 215 7.170000 -0.5174, -0.1315, 0.4741, 0.9968, -0.0148, -0.0778, 0.0061
92 216 7.200000 -0.5331, -0.1034, 0.4539, 0.9977, -0.0166, -0.0650, 0.0069
92 217 7.240000 -0.5567, -0.0653, 0.4317, 0.9976, -0.0160, -0.0668, 0.0076
92 218 7.270000 -0.5763, -0.0363, 0.4183, 0.9976, -0.0156, -0.0675, 0.0089
92 219 7.300000 -0.5974, -0.0070, 0.4078, 0.9983, -0.0152, -0.0564, 0.0093
92 220 7.340000 -0.6277, 0.0327, 0.3979, 0.9987, -0.0145, -0.0484, 0.0103
92 221 7.370000 -0.6518, 0.0628, 0.3937, 0.9986, -0.0123, -0.0504, 0.0113
92 222 7.400000 -0.6771, 0.0932, 0.3921, 0.9992, -0.0101, -0.0355, 0.0119
92 223 7.440000 -0.7122, 0.1340, 0.3944, 0.9997, -0.0046, -0.0222, 0.0132
92 224 7.470000 -0.7392, 0.1647, 0.3991, 0.9995, -0.0000, -0.0266, 0.0138
92 225 7.500000 -0.7667, 0.1955, 0.4059, 0.9999, 0.0040, -0.0046, 0.0151
92 226 7.540000 -0.8037, 0.2364, 0.4161, 0.9998, 0.0120, 0.0033, 0.0158
92 227 7.570000 -0.8314, 0.2668, 0.4234, 0.9996, 0.0181, 0.0099, 0.0167
92 228 7.600000 -0.8589, 0.2970, 0.4304, 0.9993, 0.0242, 0.0241, 0.0173
92 229 7.640000 -0.8950, 0.3366, 0.4392, 0.9986, 0.0304, 0.0385, 0.0184
92 230 7.670000 -0.9214, 0.3656, 0.4456, 0.9984, 0.0359, 0.0395, 0.0186
92 231 7.700000 -0.9470, 0.3941, 0.4519, 0.9975, 0.0406, 0.0543, 0.0194
92 232 7.740000 -0.9797, 0.4309, 0.4601, 0.9964, 0.0488, 0.0659, 0.0200
92 233 7.770000 -1.0030, 0.4576, 0.4662, 0.9962, 0.0539, 0.0655, 0.0199
92 234 7.800000 -1.0250, 0.4834, 0.4721, 0.9948, 0.0583, 0.0808, 0.0209
92 235 7.840000 -1.0522, 0.5161, 0.4798, 0.9939, 0.0644, 0.0867, 0.0210
92 236 7.870000 -1.0708, 0.5394, 0.4854, 0.9935, 0.0693, 0.0873, 0.0211
92 237 7.900000 -1.0879, 0.5616, 0.4908, 0.9923, 0.0740, 0.0970, 0.0214
92 238 7.940000 -1.1080, 0.5891, 0.4977, 0.9909, 0.0798, 0.1058, 0.0220
92 239 7.970000 -1.1209, 0.6081, 0.5025, 0.9908, 0.0841, 0.1035, 0.0214
92 240 8.000000 -1.1320, 0.6258, 0.5069, 0.9894, 0.0880, 0.1132, 0.0220
92 241 8.040000 -1.1438, 0.6470, 0.5119, 0.9884, 0.0923, 0.1188, 0.0220
92 242 8.070000 -1.1503, 0.6612, 0.5149, 0.9883, 0.0950, 0.1171, 0.0215
92 243 8.100000 -1.1548, 0.6738, 0.5173, 0.9867, 0.0969, 0.1286, 0.0223
92 244 8.140000 -1.1573, 0.6881, 0.5197, 0.9850, 0.0985, 0.1396, 0.0229
92 245 8.170000 -1.1564, 0.6969, 0.5209, 0.9848, 0.0986, 0.1412, 0.0228
92 246 8.200000 -1.1529, 0.7040, 0.5216, 0.9832, 0.0978, 0.1526, 0.0238
92 247 8.240000 -1.1441, 0.7110, 0.5218, 0.9827, 0.0950, 0.1573, 0.0242
92 248 8.270000 -1.1343, 0.7142, 0.5215, 0.9840, 0.0927, 0.1502, 0.0236
92 249 8.300000 -1.1218, 0.7160, 0.5208, 0.9832, 0.0889, 0.1576, 0.0243
92 250 8.340000 -1.1008, 0.7160, 0.5191, 0.9847, 0.0832, 0.1512, 0.0242
92 251 8.370000 -1.0820, 0.7143, 0.5172, 0.9864, 0.0770, 0.1431, 0.0236
92 252 8.400000 -1.0606, 0.7114, 0.5148, 0.9874, 0.0704, 0.1396, 0.0239
92 253 8.440000 -1.0285, 0.7057, 0.5107, 0.9891, 0.0610, 0.1318, 0.0235
92 254 8.470000 -1.0019, 0.7003, 0.5067, 0.9916, 0.0533, 0.1157, 0.0227
92 255 8.500000 -0.9732, 0.6941, 0.5020, 0.9927, 0.0448, 0.1099, 0.0227
92 256 8.540000 -0.9322, 0.6846, 0.4951, 0.9946, 0.0326, 0.0959, 0.0222
92 257 8.570000 -0.8994, 0.6769, 0.4899, 0.9964, 0.0243, 0.0781, 0.0218
92 258 8.600000 -0.8651, 0.6687, 0.4849, 0.9967, 0.0159, 0.0771, 0.0217
92 259 8.640000 -0.8174, 0.6574, 0.4785, 0.9978, 0.0064, 0.0627, 0.0217
92 260 8.670000 -0.7803, 0.6488, 0.4741, 0.9986, -0.0015, 0.0480, 0.0217
92 261 8.700000 -0.7422, 0.6403, 0.4700, 0.9987, -0.0085, 0.0448, 0.0220
92 262 8.740000 -0.6903, 0.6292, 0.4652, 0.9990, -0.0165, 0.0344, 0.0224
92 263 8.770000 -0.6507, 0.6212, 0.4620, 0.9993, -0.0213, 0.0182, 0.0231
92 264 8.800000 -0.6107, 0.6136, 0.4592, 0.9992, -0.0264, 0.0172, 0.0236
92 265 8.840000 -0.5570, 0.6042, 0.4561, 0.9992, -0.0322, 0.0062, 0.0248
92 266 8.870000 -0.5166, 0.5979, 0.4540, 0.9990, -0.0351, -0.0081, 0.0259
92 267 8.900000 -0.4764, 0.5922, 0.4522, 0.9989, -0.0382, -0.0090, 0.0269
92 268 8.940000 -0.4231, 0.5857, 0.4501, 0.9986, -0.0407, -0.0184, 0.0288
92 269 8.970000 -0.3836, 0.5816, 0.4487, 0.9982, -0.0421, -0.0314, 0.0307
92 270 9.000000 -0.3447, 0.5783, 0.4473, 0.9980, -0.0440, -0.0324, 0.0323
92 271 9.040000 -0.2938, 0.5750, 0.4454, 0.9976, -0.0453, -0.0387, 0.0344
92 272 9.070000 -0.2565, 0.5735, 0.4441, 0.9970, -0.0445, -0.0512, 0.0363
92 273 9.100000 -0.2201, 0.5727, 0.4429, 0.9972, -0.0441, -0.0484, 0.0374
92 274 9.140000 -0.1730, 0.5728, 0.4413, 0.9970, -0.0419, -0.0530, 0.0390
92 275 9.170000 -0.1389, 0.5737, 0.4401, 0.9964, -0.0394, -0.0634, 0.0404
92 276 9.200000 -0.1059, 0.5753, 0.4390, 0.9966, -0.0370, -0.0615, 0.0413
92 277 9.240000 -0.0638, 0.5783, 0.4374, 0.9960, -0.0326, -0.0710, 0.0427
92 278 9.270000 -0.0337, 0.5813, 0.4362, 0.9951, -0.0285, -0.0844, 0.0439
92 279 9.300000 -0.0051, 0.5846, 0.4348, 0.9953, -0.0248, -0.0824, 0.0446
92 280 9.340000 0.0307, 0.5896, 0.4328, 0.9950, -0.0190, -0.0863, 0.0456
92 281 9.370000 0.0557, 0.5937, 0.4311, 0.9944, -0.0142, -0.0938, 0.0463
92 282 9.400000 0.0792, 0.5980, 0.4291, 0.9951, -0.0100, -0.0870, 0.0467
92 283 9.440000 0.1080, 0.6038, 0.4261, 0.9952, -0.0040, -0.0858, 0.0472
92 284 9.470000 0.1278, 0.6081, 0.4234, 0.9949, 0.0011, -0.0888, 0.0476
92 285 9.500000 0.1460, 0.6124, 0.4207, 0.9956, 0.0059, -0.0799, 0.0476
92 286 9.540000 0.1680, 0.6178, 0.4179, 0.9961, 0.0123, -0.0730, 0.0479
92 287 9.570000 0.1828, 0.6215, 0.4169, 0.9956, 0.0172, -0.0788, 0.0477
92 288 9.600000 0.1960, 0.6248, 0.4168, 0.9964, 0.0209, -0.0666, 0.0478
92 289 9.640000 0.2116, 0.6285, 0.4183, 0.9966, 0.0262, -0.0626, 0.0476
92 290 9.670000 0.2218, 0.6305, 0.4206, 0.9963, 0.0303, -0.0649, 0.0474
92 291 9.700000 0.2307, 0.6319, 0.4239, 0.9968, 0.0338, -0.0541, 0.0473
92 292 9.740000 0.2409, 0.6327, 0.4299, 0.9970, 0.0382, -0.0476, 0.0471
92 293 9.770000 0.2475, 0.6323, 0.4358, 0.9968, 0.0414, -0.0507, 0.0464
92 294 9.800000 0.2530, 0.6310, 0.4429, 0.9972, 0.0436, -0.0387, 0.0463
92 295 9.840000 0.2592, 0.6279, 0.4543, 0.9973, 0.0467, -0.0320, 0.0457
92 296 9.870000 0.2631, 0.6244, 0.4646, 0.9972, 0.0487, -0.0343, 0.0447
92 297 9.900000 0.2663, 0.6199, 0.4765, 0.9975, 0.0498, -0.0208, 0.0445
92 298 9.940000 0.2698, 0.6121, 0.4952, 0.9977, 0.0508, -0.0137, 0.0435
92 299 9.970000 0.2721, 0.6050, 0.5113, 0.9976, 0.0512, -0.0191, 0.0421
92 300 10.000000 0.2741, 0.5968, 0.5284, 0.9978, 0.0507, -0.0082, 0.0416
92 301 10.040000 0.2765, 0.5848, 0.5497, 0.9979, 0.0497, -0.0066, 0.0400
92 302 10.070000 0.2782, 0.5749, 0.5628, 0.9980, 0.0486, -0.0067, 0.0388
92 303 10.100000 0.2799, 0.5645, 0.5733, 0.9982, 0.0471, 0.0027, 0.0381
92 304 10.140000 0.2822, 0.5497, 0.5834, 0.9983, 0.0450, 0.0082, 0.0367
92 305 10.170000 0.2840, 0.5379, 0.5882, 0.9984, 0.0431, 0.0071, 0.0355
92 306 10.200000 0.2859, 0.5255, 0.5907, 0.9985, 0.0409, 0.0143, 0.0346
92 307 10.240000 0.2888, 0.5082, 0.5906, 0.9986, 0.0377, 0.0175, 0.0331
92 308 10.270000 0.2913, 0.4946, 0.5879, 0.9988, 0.0350, 0.0145, 0.0318
92 309 10.300000 0.2939, 0.4806, 0.5831, 0.9988, 0.0319, 0.0211, 0.0308
92 310 10.340000 0.2978, 0.4613, 0.5731, 0.9989, 0.0273, 0.0231, 0.0293
92 311 10.370000 0.3011, 0.4464, 0.5627, 0.9991, 0.0234, 0.0203, 0.0280
92 312 10.400000 0.3047, 0.4312, 0.5498, 0.9991, 0.0191, 0.0264, 0.0270
92 313 10.440000 0.3099, 0.4106, 0.5282, 0.9992, 0.0128, 0.0291, 0.0254
92 314 10.470000 0.3142, 0.3950, 0.5087, 0.9993, 0.0074, 0.0277, 0.0242
92 315 10.500000 0.3189, 0.3792, 0.4873, 0.9991, 0.0010, 0.0342, 0.0231
92 316 10.540000 0.3262, 0.3583, 0.4601, 0.9990, -0.0052, 0.0395, 0.0213
92 317 10.570000 0.3326, 0.3428, 0.4427, 0.9991, -0.0087, 0.0350, 0.0201
92 318 10.600000 0.3399, 0.3274, 0.4282, 0.9989, -0.0123, 0.0422, 0.0189
92 319 10.640000 0.3511, 0.3075, 0.4130, 0.9987, -0.0207, 0.0440, 0.0173
92 320 10.670000 0.3605, 0.2931, 0.4044, 0.9990, -0.0268, 0.0308, 0.0166
92 321 10.700000 0.3706, 0.2792, 0.3981, 0.9984, -0.0327, 0.0430, 0.0151
92 322 10.740000 0.3855, 0.2619, 0.3931, 0.9982, -0.0404, 0.0416, 0.0138
92 323 10.770000 0.3976, 0.2499, 0.3918, 0.9983, -0.0475, 0.0315, 0.0132
92 324 10.800000 0.4105, 0.2391, 0.3926, 0.9978, -0.0546, 0.0362, 0.0120
92 325 10.840000 0.4288, 0.2264, 0.3969, 0.9971, -0.0652, 0.0365, 0.0106
92 326 10.870000 0.4433, 0.2186, 0.4026, 0.9970, -0.0725, 0.0255, 0.0103
92 327 10.900000 0.4585, 0.2124, 0.4104, 0.9962, -0.0793, 0.0348, 0.0085
92 328 10.940000 0.4797, 0.2069, 0.4245, 0.9956, -0.0876, 0.0335, 0.0072
92 329 10.970000 0.4964, 0.2051, 0.4376, 0.9952, -0.0941, 0.0245, 0.0070
92 330 11.000000 0.5137, 0.2053, 0.4526, 0.9945, -0.1000, 0.0312, 0.0054
92 331 11.040000 0.5376, 0.2085, 0.4732, 0.9938, -0.1079, 0.0271, 0.0045
92 332 11.070000 0.5559, 0.2131, 0.4881, 0.9933, -0.1131, 0.0241, 0.0038
92 333 11.100000 0.5747, 0.2195, 0.5026, 0.9924, -0.1176, 0.0364, 0.0018
92 334 11.140000 0.6007, 0.2314, 0.5215, 0.9915, -0.1222, 0.0443, -0.0002
92 335 11.170000 0.6210, 0.2428, 0.5355, 0.9912, -0.1249, 0.0436, -0.0005
92 336 11.200000 0.6422, 0.2565, 0.5496, 0.9904, -0.1267, 0.0558, -0.0026
92 337 11.240000 0.6720, 0.2784, 0.5688, 0.9899, -0.1273, 0.0628, -0.0040
92 338 11.270000 0.6957, 0.2977, 0.5836, 0.9902, -0.1272, 0.0578, -0.0039
92 339 11.300000 0.7205, 0.3194, 0.5990, 0.9897, -0.1255, 0.0685, -0.0056
92 340 11.340000 0.7556, 0.3523, 0.6207, 0.9901, -0.1213, 0.0700, -0.0066
92 341 11.370000 0.7836, 0.3797, 0.6382, 0.9911, -0.1167, 0.0634, -0.0061
92 342 11.400000 0.8129, 0.4096, 0.6569, 0.9913, -0.1106, 0.0704, -0.0076
92 343 11.440000 0.8543, 0.4531, 0.6842, 0.9924, -0.1012, 0.0703, -0.0081
92 344 11.470000 0.8869, 0.4882, 0.7065, 0.9939, -0.0921, 0.0608, -0.0077
92 345 11.500000 0.9209, 0.5252, 0.7295, 0.9941, -0.0809, 0.0711, -0.0092
92 346 11.540000 0.9677, 0.5762, 0.7580, 0.9958, -0.0627, 0.0667, -0.0099
92 347 11.570000 1.0037, 0.6154, 0.7760, 0.9971, -0.0501, 0.0561, -0.0098
92 348 11.600000 1.0405, 0.6553, 0.7910, 0.9976, -0.0382, 0.0567, -0.0100
92 349 11.640000 1.0905, 0.7091, 0.8069, 0.9984, -0.0242, 0.0492, -0.0099
92 350 11.670000 1.1288, 0.7498, 0.8159, 0.9990, -0.0132, 0.0410, -0.0096
92 351 11.700000 1.1676, 0.7907, 0.8227, 0.9991, -0.0030, 0.0407, -0.0095
92 352 11.740000 1.2202, 0.8452, 0.8285, 0.9992, 0.0108, 0.0372, -0.0089
92 353 11.770000 1.2601, 0.8860, 0.8304, 0.9994, 0.0199, 0.0270, -0.0087
92 354 11.800000 1.3005, 0.9265, 0.8303, 0.9991, 0.0285, 0.0305, -0.0079
92 355 11.840000 1.3549, 0.9799, 0.8270, 0.9989, 0.0391, 0.0237, -0.0073
92 356 11.870000 1.3961, 1.0193, 0.8220, 0.9987, 0.0474, 0.0169, -0.0066
92 357 11.900000 1.4375, 1.0581, 0.8148, 0.9983, 0.0550, 0.0164, -0.0060
92 358 11.940000 1.4929, 1.1088, 0.8012, 0.9978, 0.0645, 0.0112, -0.0050
92 359 11.970000 1.5347, 1.1458, 0.7881, 0.9975, 0.0712, 0.0011, -0.0047
92 360 12.000000 1.5764, 1.1819, 0.7727, 0.9970, 0.0776, -0.0005, -0.0038
92 361 12.040000 1.6320, 1.2281, 0.7512, 0.9964, 0.0844, -0.0069, -0.0024
92 362 12.070000 1.6736, 1.2609, 0.7352, 0.9959, 0.0886, -0.0190, -0.0022
92 363 12.100000 1.7148, 1.2921, 0.7195, 0.9956, 0.0931, -0.0123, -0.0003
92 364 12.140000 1.7693, 1.3310, 0.6989, 0.9950, 0.0991, -0.0139, 0.0012
92 365 12.170000 1.8098, 1.3582, 0.6833, 0.9944, 0.1032, -0.0220, 0.0016
92 366 12.200000 1.8500, 1.3835, 0.6676, 0.9941, 0.1067, -0.0174, 0.0032
92 367 12.240000 1.9031, 1.4145, 0.6459, 0.9936, 0.1107, -0.0211, 0.0042
92 368 12.270000 1.9424, 1.4355, 0.6290, 0.9931, 0.1134, -0.0307, 0.0042
92 369 12.300000 1.9813, 1.4547, 0.6114, 0.9929, 0.1155, -0.0284, 0.0055
92 370 12.340000 2.0323, 1.4773, 0.5864, 0.9924, 0.1178, -0.0342, 0.0062
92 371 12.370000 2.0700, 1.4922, 0.5662, 0.9919, 0.1190, -0.0442, 0.0060
92 372 12.400000 2.1070, 1.5053, 0.5444, 0.9918, 0.1196, -0.0433, 0.0071
92 373 12.440000 2.1554, 1.5200, 0.5125, 0.9915, 0.1198, -0.0497, 0.0075
92 374 12.470000 2.1909, 1.5292, 0.4863, 0.9911, 0.1196, -0.0587, 0.0073
92 375 12.500000 2.2255, 1.5364, 0.4589, 0.9913, 0.1179, -0.0577, 0.0082
92 376 12.540000 2.2696, 1.5421, 0.4246, 0.9912, 0.1170, -0.0616, 0.0088
92 377 12.570000 2.3010, 1.5431, 0.4025, 0.9906, 0.1169, -0.0703, 0.0084
92 378 12.600000 2.3306, 1.5411, 0.3837, 0.9913, 0.1151, -0.0623, 0.0099
92 379 12.640000 2.3677, 1.5340, 0.3634, 0.9916, 0.1115, -0.0648, 0.0099
92 380 12.670000 2.3936, 1.5255, 0.3514, 0.9914, 0.1068, -0.0753, 0.0091
92 381 12.700000 2.4179, 1.5145, 0.3421, 0.9925, 0.1005, -0.0684, 0.0096
92 382 12.740000 2.4476, 1.4963, 0.3336, 0.9935, 0.0897, -0.0695, 0.0093
92 383 12.770000 2.4680, 1.4802, 0.3300, 0.9937, 0.0805, -0.0779, 0.0078
92 384 12.800000 2.4867, 1.4622, 0.3288, 0.9951, 0.0700, -0.0694, 0.0082
92 385 12.840000 2.5091, 1.4357, 0.3307, 0.9959, 0.0564, -0.0699, 0.0071
92 386 12.870000 2.5239, 1.4144, 0.3347, 0.9959, 0.0443, -0.0786, 0.0061
92 387 12.900000 2.5371, 1.3920, 0.3410, 0.9969, 0.0308, -0.0717, 0.0056
92 388 12.940000 2.5521, 1.3612, 0.3529, 0.9975, 0.0096, -0.0693, 0.0043
92 389 12.970000 2.5614, 1.3378, 0.3644, 0.9968, -0.0055, -0.0802, 0.0030
92 390 13.000000 2.5692, 1.3144, 0.3772, 0.9974, -0.0211, -0.0692, 0.0017
92 391 13.040000 2.5776, 1.2837, 0.3937, 0.9968, -0.0386, -0.0703, 0.0003
92 392 13.070000 2.5826, 1.2613, 0.4042, 0.9959, -0.0529, -0.0736, -0.0003
92 393 13.100000 2.5866, 1.2398, 0.4131, 0.9955, -0.0660, -0.0673, -0.0015
92 394 13.140000 2.5903, 1.2126, 0.4231, 0.9945, -0.0810, -0.0662, -0.0022
92 395 13.170000 2.5918, 1.1937, 0.4293, 0.9932, -0.0904, -0.0726, -0.0023
92 396 13.200000 2.5921, 1.1762, 0.4347, 0.9928, -0.0982, -0.0680, -0.0029
92 397 13.240000 2.5908, 1.1554, 0.4405, 0.9919, -0.1064, -0.0690, -0.0032
92 398 13.270000 2.5884, 1.1419, 0.4441, 0.9911, -0.1104, -0.0740, -0.0025
92 399 13.300000 2.5849, 1.1302, 0.4468, 0.9913, -0.1126, -0.0680, -0.0033
92 400 13.340000 2.5783, 1.1175, 0.4494, 0.9915, -0.1126, -0.0650, -0.0031
92 401 13.370000 2.5721, 1.1102, 0.4504, 0.9914, -0.1109, -0.0699, -0.0022
92 402 13.400000 2.5648, 1.1047, 0.4505, 0.9922, -0.1076, -0.0624, -0.0025
92 403 13.440000 2.5533, 1.1000, 0.4493, 0.9930, -0.1007, -0.0621, -0.0018
92 404 13.470000 2.5436, 1.0984, 0.4472, 0.9934, -0.0936, -0.0658, -0.0006
92 405 13.500000 2.5328, 1.0983, 0.4441, 0.9946, -0.0849, -0.0590, -0.0005
92 406 13.540000 2.5168, 1.1003, 0.4390, 0.9958, -0.0723, -0.0568, 0.0006
92 407 13.570000 2.5037, 1.1033, 0.4346, 0.9960, -0.0622, -0.0635, 0.0019
92 408 13.600000 2.4895, 1.1073, 0.4298, 0.9971, -0.0518, -0.0565, 0.0026
92 409 13.640000 2.4690, 1.1141, 0.4227, 0.9976, -0.0374, -0.0589, 0.0040
92 410 13.670000 2.4524, 1.1199, 0.4169, 0.9975, -0.0260, -0.0657, 0.0056
92 411 13.700000 2.4347, 1.1262, 0.4107, 0.9979, -0.0145, -0.0627, 0.0066
92 412 13.740000 2.4094, 1.1348, 0.4015, 0.9978, 0.0008, -0.0651, 0.0085
92 413 13.770000 2.3891, 1.1414, 0.3940, 0.9970, 0.0120, -0.0756, 0.0098
92 414 13.800000 2.3677, 1.1477, 0.3860, 0.9970, 0.0231, -0.0723, 0.0114
92 415 13.840000 2.3371, 1.1554, 0.3741, 0.9962, 0.0383, -0.0770, 0.0134
92 416 13.870000 2.3127, 1.1606, 0.3644, 0.9948, 0.0496, -0.0878, 0.0148
92 417 13.900000 2.2869, 1.1649, 0.3538, 0.9944, 0.0603, -0.0856, 0.0166
92 418 13.940000 2.2503, 1.1690, 0.3381, 0.9929, 0.0746, -0.0903, 0.0191
92 419 13.970000 2.2212, 1.1708, 0.3251, 0.9910, 0.0855, -0.1005, 0.0204
92 420 14.000000 2.1905, 1.1710, 0.3115, 0.9902, 0.0956, -0.0993, 0.0228
92 421 14.040000 2.1466, 1.1685, 0.2937, 0.9882, 0.1082, -0.1056, 0.0249
92 422 14.070000 2.1112, 1.1641, 0.2813, 0.9856, 0.1163, -0.1200, 0.0251
92 423 14.100000 2.0736, 1.1573, 0.2698, 0.9851, 0.1223, -0.1178, 0.0269
92 424 14.140000 2.0196, 1.1441, 0.2561, 0.9838, 0.1287, -0.1213, 0.0281
92 425 14.170000 1.9762, 1.1311, 0.2467, 0.9827, 0.1318, -0.1270, 0.0281
92 426 14.200000 1.9304, 1.1154, 0.2382, 0.9838, 0.1329, -0.1167, 0.0301
92 427 14.240000 1.8657, 1.0901, 0.2281, 0.9846, 0.1330, -0.1087, 0.0315
92 428 14.270000 1.8147, 1.0680, 0.2211, 0.9849, 0.1308, -0.1092, 0.0314
92 429 14.300000 1.7617, 1.0433, 0.2147, 0.9870, 0.1269, -0.0934, 0.0333
92 430 14.340000 1.6883, 1.0066, 0.2064, 0.9893, 0.1180, -0.0788, 0.0342
92 431 14.370000 1.6316, 0.9766, 0.2000, 0.9903, 0.1107, -0.0764, 0.0338
92 432 14.400000 1.5738, 0.9445, 0.1932, 0.9927, 0.1020, -0.0549, 0.0350
92 433 14.440000 1.4953, 0.8992, 0.1825, 0.9945, 0.0889, -0.0425, 0.0351
92 434 14.470000 1.4356, 0.8636, 0.1729, 0.9959, 0.0773, -0.0334, 0.0344
92 435 14.500000 1.3756, 0.8269, 0.1616, 0.9972, 0.0647, -0.0172, 0.0346
92 436 14.540000 1.2951, 0.7763, 0.1453, 0.9983, 0.0483, 0.0005, 0.0340
92 437 14.570000 1.2347, 0.7373, 0.1329, 0.9987, 0.0375, 0.0079, 0.0333
92 438 14.600000 1.1745, 0.6977, 0.1209, 0.9988, 0.0271, 0.0251, 0.0331
92 439 14.640000 1.0950, 0.6441, 0.1059, 0.9986, 0.0147, 0.0391, 0.0326
92 440 14.670000 1.0361, 0.6035, 0.0958, 0.9987, 0.0059, 0.0403, 0.0321
92 441 14.700000 0.9781, 0.5629, 0.0869, 0.9980, -0.0015, 0.0549, 0.0317
92 442 14.740000 0.9024, 0.5088, 0.0771, 0.9974, -0.0092, 0.0641, 0.0312
92 443 14.770000 0.8470, 0.4685, 0.0712, 0.9975, -0.0138, 0.0614, 0.0308
92 444 14.800000 0.7930, 0.4285, 0.0666, 0.9967, -0.0176, 0.0735, 0.0304
92 445 14.840000 0.7231, 0.3758, 0.0624, 0.9964, -0.0211, 0.0769, 0.0299
92 446 14.870000 0.6724, 0.3368, 0.0606, 0.9968, -0.0225, 0.0714, 0.0298
92 447 14.900000 0.6231, 0.2983, 0.0598, 0.9961, -0.0237, 0.0798, 0.0294
92 448 14.940000 0.5598, 0.2477, 0.0602, 0.9960, -0.0243, 0.0804, 0.0292
92 449 14.970000 0.5140, 0.2104, 0.0614, 0.9966, -0.0242, 0.0733, 0.0292
