14 0 0.010000 -0.8221, 1.6101, 2.0116, 0.9998, 0.0141, -0.0103, 0.0004
14 1 0.040000 -0.8223, 1.6098, 2.0091, 0.9965, 0.0669, -0.0493, 0.0020
14 2 0.070000 -0.8241, 1.6073, 2.0136, 0.9916, 0.1041, -0.0773, 0.0034
14 3 0.110000 -0.8315, 1.5973, 2.0367, 0.9867, 0.1295, -0.0979, 0.0046
14 4 0.140000 -0.8410, 1.5845, 2.0640, 0.9854, 0.1350, -0.1039, 0.0051
14 5 0.170000 -0.8533, 1.5680, 2.0957, 0.9856, 0.1326, -0.1045, 0.0052
14 6 0.200000 -0.8676, 1.5489, 2.1278, 0.9868, 0.1260, -0.1016, 0.0050
14 7 0.240000 -0.8886, 1.5210, 2.1661, 0.9891, 0.1131, -0.0945, 0.0044
14 8 0.270000 -0.9052, 1.4990, 2.1887, 0.9909, 0.1019, -0.0874, 0.0036
14 9 0.310000 -0.9280, 1.4691, 2.2085, 0.9933, 0.0868, -0.0765, 0.0023
14 10 0.340000 -0.9453, 1.4463, 2.2147, 0.9949, 0.0758, -0.0672, 0.0011
14 11 0.370000 -0.9628, 1.4234, 2.2131, 0.9963, 0.0644, -0.0573, -0.0003
14 12 0.400000 -0.9803, 1.4003, 2.2037, 0.9975, 0.0539, -0.0466, -0.0018
14 13 0.440000 -1.0040, 1.3693, 2.1799, 0.9987, 0.0397, -0.0314, -0.0042
14 14 0.470000 -1.0219, 1.3459, 2.1543, 0.9994, 0.0288, -0.0192, -0.0062
14 15 0.500000 -1.0400, 1.3222, 2.1238, 0.9998, 0.0187, -0.0062, -0.0083
14 16 0.540000 -1.0642, 1.2903, 2.0791, 0.9999, 0.0047, 0.0111, -0.0112
14 17 0.570000 -1.0821, 1.2662, 2.0448, 0.9996, -0.0063, 0.0236, -0.0133
14 18 0.610000 -1.1053, 1.2344, 1.9995, 0.9989, -0.0197, 0.0393, -0.0160
14 19 0.640000 -1.1219, 1.2108, 1.9662, 0.9982, -0.0278, 0.0499, -0.0180
14 20 0.670000 -1.1375, 1.1878, 1.9336, 0.9973, -0.0377, 0.0605, -0.0198
14 21 0.700000 -1.1520, 1.1655, 1.9018, 0.9964, -0.0439, 0.0692, -0.0218
14 22 0.740000 -1.1691, 1.1371, 1.8603, 0.9951, -0.0526, 0.0802, -0.0243
14 23 0.770000 -1.1803, 1.1168, 1.8297, 0.9937, -0.0615, 0.0902, -0.0258
14 24 0.800000 -1.1897, 1.0977, 1.7992, 0.9930, -0.0638, 0.0957, -0.0277
14 25 0.840000 -1.1995, 1.0738, 1.7585, 0.9916, -0.0690, 0.1048, -0.0298
14 26 0.870000 -1.2047, 1.0573, 1.7276, 0.9903, -0.0742, 0.1133, -0.0311
14 27 0.900000 -1.2080, 1.0420, 1.6961, 0.9902, -0.0722, 0.1148, -0.0329
14 28 0.940000 -1.2092, 1.0234, 1.6529, 0.9895, -0.0727, 0.1201, -0.0351
14 29 0.970000 -1.2078, 1.0107, 1.6196, 0.9885, -0.0743, 0.1267, -0.0366
14 30 1.000000 -1.2041, 0.9993, 1.5858, 0.9886, -0.0714, 0.1266, -0.0383
14 31 1.040000 -1.1955, 0.9860, 1.5407, 0.9885, -0.0689, 0.1287, -0.0401
14 32 1.070000 -1.1861, 0.9774, 1.5074, 0.9875, -0.0691, 0.1353, -0.0413
14 33 1.110000 -1.1695, 0.9678, 1.4635, 0.9877, -0.0655, 0.1360, -0.0421
14 34 1.140000 -1.1542, 0.9620, 1.4308, 0.9884, -0.0627, 0.1314, -0.0424
14 35 1.170000 -1.1363, 0.9571, 1.3979, 0.9880, -0.0598, 0.1355, -0.0434
14 36 1.210000 -1.1089, 0.9521, 1.3533, 0.9883, -0.0553, 0.1356, -0.0434
14 37 1.240000 -1.0858, 0.9493, 1.3189, 0.9898, -0.0523, 0.1256, -0.0428
14 38 1.270000 -1.0606, 0.9472, 1.2832, 0.9896, -0.0488, 0.1289, -0.0424
14 39 1.310000 -1.0241, 0.9454, 1.2331, 0.9907, -0.0438, 0.1220, -0.0411
14 40 1.340000 -0.9948, 0.9447, 1.1931, 0.9923, -0.0396, 0.1109, -0.0396
14 41 1.370000 -0.9639, 0.9445, 1.1507, 0.9928, -0.0353, 0.1081, -0.0381
14 42 1.410000 -0.9207, 0.9448, 1.0901, 0.9943, -0.0292, 0.0958, -0.0354
14 43 1.440000 -0.8869, 0.9454, 1.0414, 0.9959, -0.0241, 0.0811, -0.0329
14 44 1.470000 -0.8520, 0.9463, 0.9905, 0.9967, -0.0188, 0.0732, -0.0304
14 45 1.510000 -0.8037, 0.9479, 0.9212, 0.9980, -0.0114, 0.0564, -0.0265
14 46 1.540000 -0.7662, 0.9493, 0.8708, 0.9989, -0.0061, 0.0393, -0.0234
14 47 1.570000 -0.7276, 0.9509, 0.8233, 0.9992, -0.0032, 0.0351, -0.0198
14 48 1.610000 -0.6751, 0.9531, 0.7651, 0.9996, 0.0013, 0.0229, -0.0152
14 49 1.640000 -0.6351, 0.9546, 0.7250, 0.9999, 0.0060, 0.0066, -0.0118
14 50 1.670000 -0.5949, 0.9560, 0.6876, 0.9999, 0.0076, 0.0092, -0.0083
14 51 1.710000 -0.5411, 0.9576, 0.6416, 0.9999, 0.0090, 0.0092, -0.0046
14 52 1.740000 -0.5006, 0.9586, 0.6093, 0.9999, 0.0116, -0.0072, -0.0016
14 53 1.770000 -0.4602, 0.9593, 0.5785, 0.9999, 0.0126, -0.0035, 0.0011
14 54 1.810000 -0.4065, 0.9599, 0.5392, 0.9998, 0.0157, -0.0098, 0.0049
14 55 1.840000 -0.3665, 0.9600, 0.5107, 0.9996, 0.0175, -0.0205, 0.0076
14 56 1.870000 -0.3269, 0.9597, 0.4827, 0.9996, 0.0185, -0.0166, 0.0105
14 57 1.910000 -0.2746, 0.9589, 0.4456, 0.9995, 0.0193, -0.0211, 0.0142
14 58 1.940000 -0.2359, 0.9579, 0.4179, 0.9993, 0.0214, -0.0274, 0.0168
14 59 1.970000 -0.1976, 0.9564, 0.3904, 0.9993, 0.0232, -0.0226, 0.0198
14 60 2.010000 -0.1472, 0.9538, 0.3544, 0.9992, 0.0262, -0.0200, 0.0237
14 61 2.040000 -0.1100, 0.9512, 0.3288, 0.9989, 0.0288, -0.0259, 0.0263
14 62 2.070000 -0.0732, 0.9480, 0.3047, 0.9990, 0.0301, -0.0189, 0.0288
14 63 2.110000 -0.0248, 0.9428, 0.2749, 0.9988, 0.0324, -0.0212, 0.0315
14 64 2.140000 0.0108, 0.9380, 0.2543, 0.9984, 0.0340, -0.0303, 0.0329
14 65 2.170000 0.0460, 0.9326, 0.2348, 0.9986, 0.0343, -0.0227, 0.0345
14 66 2.210000 0.0922, 0.9243, 0.2104, 0.9986, 0.0341, -0.0198, 0.0361
14 67 2.240000 0.1263, 0.9172, 0.1930, 0.9985, 0.0341, -0.0218, 0.0367
14 68 2.270000 0.1600, 0.9096, 0.1761, 0.9987, 0.0331, -0.0089, 0.0377
14 69 2.310000 0.2048, 0.8983, 0.1541, 0.9987, 0.0324, -0.0036, 0.0382
14 70 2.340000 0.2382, 0.8892, 0.1377, 0.9988, 0.0312, -0.0071, 0.0381
14 71 2.370000 0.2715, 0.8796, 0.1211, 0.9988, 0.0294, 0.0002, 0.0382
14 72 2.410000 0.3160, 0.8660, 0.0987, 0.9989, 0.0264, 0.0014, 0.0375
14 73 2.440000 0.3493, 0.8552, 0.0815, 0.9990, 0.0240, -0.0054, 0.0366
14 74 2.470000 0.3825, 0.8441, 0.0642, 0.9991, 0.0212, -0.0015, 0.0357
14 75 2.510000 0.4268, 0.8285, 0.0420, 0.9993, 0.0173, -0.0073, 0.0338
14 76 2.540000 0.4597, 0.8165, 0.0275, 0.9992, 0.0144, -0.0195, 0.0322
14 77 2.570000 0.4923, 0.8040, 0.0155, 0.9994, 0.0118, -0.0121, 0.0310
14 78 2.610000 0.5352, 0.7871, 0.0039, 0.9994, 0.0086, -0.0139, 0.0291
14 79 2.640000 0.5669, 0.7740, -0.0014, 0.9993, 0.0071, -0.0242, 0.0277
14 80 2.670000 0.5981, 0.7609, -0.0039, 0.9995, 0.0062, -0.0181, 0.0263
14 81 2.710000 0.6389, 0.7430, -0.0028, 0.9994, 0.0062, -0.0227, 0.0246
14 82 2.740000 0.6688, 0.7294, 0.0014, 0.9991, 0.0067, -0.0363, 0.0231
14 83 2.770000 0.6980, 0.7157, 0.0085, 0.9992, 0.0078, -0.0327, 0.0219
14 84 2.800000 0.7262, 0.7018, 0.0185, 0.9986, 0.0094, -0.0488, 0.0205
14 85 2.840000 0.7622, 0.6828, 0.0369, 0.9979, 0.0119, -0.0608, 0.0187
14 86 2.870000 0.7877, 0.6682, 0.0545, 0.9979, 0.0147, -0.0600, 0.0177
14 87 2.900000 0.8116, 0.6532, 0.0755, 0.9968, 0.0177, -0.0756, 0.0164
14 88 2.940000 0.8407, 0.6325, 0.1087, 0.9963, 0.0221, -0.0821, 0.0149
14 89 2.970000 0.8605, 0.6164, 0.1370, 0.9966, 0.0256, -0.0768, 0.0141
14 90 3.000000 0.8785, 0.5996, 0.1670, 0.9952, 0.0290, -0.0921, 0.0128
14 91 3.040000 0.9002, 0.5765, 0.2064, 0.9953, 0.0330, -0.0903, 0.0117
14 92 3.070000 0.9151, 0.5587, 0.2336, 0.9961, 0.0359, -0.0796, 0.0111
14 93 3.100000 0.9290, 0.5403, 0.2584, 0.9961, 0.0385, -0.0787, 0.0103
14 94 3.140000 0.9459, 0.5150, 0.2878, 0.9967, 0.0415, -0.0686, 0.0094
14 95 3.170000 0.9575, 0.4954, 0.3072, 0.9973, 0.0433, -0.0583, 0.0089
14 96 3.200000 0.9683, 0.4752, 0.3247, 0.9974, 0.0446, -0.0565, 0.0079
14 97 3.240000 0.9816, 0.4473, 0.3452, 0.9977, 0.0460, -0.0493, 0.0069
14 98 3.270000 0.9907, 0.4255, 0.3589, 0.9981, 0.0466, -0.0388, 0.0063
14 99 3.300000 0.9992, 0.4031, 0.3711, 0.9981, 0.0465, -0.0392, 0.0053
14 100 3.340000 1.0097, 0.3721, 0.3855, 0.9984, 0.0453, -0.0341, 0.0041
14 101 3.370000 1.0170, 0.3480, 0.3949, 0.9987, 0.0442, -0.0243, 0.0035
14 102 3.400000 1.0238, 0.3232, 0.4033, 0.9987, 0.0424, -0.0275, 0.0024
14 103 3.440000 1.0324, 0.2891, 0.4129, 0.9989, 0.0396, -0.0235, 0.0011
14 104 3.470000 1.0384, 0.2628, 0.4190, 0.9992, 0.0370, -0.0149, 0.0005
14 105 3.500000 1.0442, 0.2359, 0.4240, 0.9993, 0.0338, -0.0177, -0.0007
14 106 3.540000 1.0515, 0.1993, 0.4288, 0.9995, 0.0288, -0.0124, -0.0018
14 107 3.570000 1.0569, 0.1713, 0.4309, 0.9997, 0.0250, -0.0032, -0.0025
14 108 3.600000 1.0621, 0.1429, 0.4317, 0.9997, 0.0209, -0.0070, -0.0035
14 109 3.640000 1.0689, 0.1046, 0.4307, 0.9999, 0.0155, -0.0056, -0.0047
14 110 3.670000 1.0740, 0.0756, 0.4284, 0.9999, 0.0113, -0.0014, -0.0054
14 111 3.700000 1.0791, 0.0464, 0.4248, 0.9999, 0.0067, -0.0077, -0.0065
14 112 3.740000 1.0856, 0.0074, 0.4177, 0.9999, 0.0009, -0.0123, -0.0077
14 113 3.770000 1.0904, -0.0219, 0.4106, 0.9999, -0.0032, -0.0099, -0.0087
14 114 3.800000 1.0950, -0.0512, 0.4019, 0.9997, -0.0076, -0.0196, -0.0096
14 115 3.840000 1.1008, -0.0901, 0.3874, 0.9995, -0.0133, -0.0262, -0.0109
14 116 3.870000 1.1047, -0.1190, 0.3742, 0.9994, -0.0174, -0.0272, -0.0120
14 117 3.900000 1.1083, -0.1477, 0.3589, 0.9989, -0.0217, -0.0385, -0.0129
14 118 3.940000 1.1123, -0.1855, 0.3349, 0.9984, -0.0270, -0.0483, -0.0143
14 119 3.970000 1.1146, -0.2135, 0.3145, 0.9981, -0.0305, -0.0518, -0.0154
14 120 4.000000 1.1161, -0.2409, 0.2928, 0.9972, -0.0342, -0.0652, -0.0164
14 121 4.040000 1.1163, -0.2766, 0.2635, 0.9962, -0.0381, -0.0765, -0.0177
14 122 4.070000 1.1149, -0.3024, 0.2424, 0.9960, -0.0404, -0.0770, -0.0189
14 123 4.100000 1.1119, -0.3274, 0.2223, 0.9944, -0.0430, -0.0944, -0.0194
14 124 4.140000 1.1051, -0.3594, 0.1972, 0.9930, -0.0457, -0.1072, -0.0202
14 125 4.170000 1.0976, -0.3823, 0.1794, 0.9932, -0.0464, -0.1046, -0.0214
14 126 4.200000 1.0881, -0.4042, 0.1622, 0.9918, -0.0475, -0.1167, -0.0217
14 127 4.240000 1.0721, -0.4320, 0.1402, 0.9916, -0.0481, -0.1179, -0.0228
14 128 4.270000 1.0576, -0.4517, 0.1240, 0.9925, -0.0479, -0.1103, -0.0239
14 129 4.300000 1.0410, -0.4705, 0.1079, 0.9920, -0.0479, -0.1142, -0.0243
14 130 4.340000 1.0160, -0.4942, 0.0861, 0.9928, -0.0470, -0.1074, -0.0254
14 131 4.370000 0.9951, -0.5110, 0.0692, 0.9941, -0.0461, -0.0940, -0.0266
14 132 4.400000 0.9727, -0.5269, 0.0517, 0.9944, -0.0459, -0.0914, -0.0273
14 133 4.440000 0.9406, -0.5470, 0.0271, 0.9955, -0.0455, -0.0775, -0.0286
14 134 4.470000 0.9151, -0.5611, 0.0078, 0.9967, -0.0453, -0.0596, -0.0299
14 135 4.500000 0.8885, -0.5744, -0.0116, 0.9972, -0.0459, -0.0503, -0.0309
14 136 4.540000 0.8516, -0.5907, -0.0352, 0.9978, -0.0461, -0.0362, -0.0321
14 137 4.570000 0.8231, -0.6016, -0.0502, 0.9983, -0.0456, -0.0171, -0.0332
14 138 4.600000 0.7942, -0.6115, -0.0625, 0.9983, -0.0451, -0.0157, -0.0333
14 139 4.640000 0.7552, -0.6230, -0.0745, 0.9985, -0.0432, -0.0009, -0.0336
14 140 4.670000 0.7261, -0.6305, -0.0804, 0.9984, -0.0408, 0.0177, -0.0341
14 141 4.700000 0.6974, -0.6370, -0.0836, 0.9985, -0.0382, 0.0207, -0.0337
14 142 4.740000 0.6600, -0.6444, -0.0836, 0.9983, -0.0343, 0.0341, -0.0334
14 143 4.770000 0.6330, -0.6491, -0.0805, 0.9975, -0.0313, 0.0548, -0.0332
14 144 4.800000 0.6072, -0.6530, -0.0745, 0.9976, -0.0275, 0.0550, -0.0322
14 145 4.840000 0.5751, -0.6573, -0.0618, 0.9970, -0.0214, 0.0672, -0.0309
14 146 4.870000 0.5530, -0.6600, -0.0486, 0.9956, -0.0169, 0.0876, -0.0301
14 147 4.900000 0.5330, -0.6623, -0.0320, 0.9956, -0.0122, 0.0880, -0.0286
14 148 4.940000 0.5099, -0.6651, -0.0046, 0.9941, -0.0066, 0.1046, -0.0266
14 149 4.970000 0.4957, -0.6670, 0.0194, 0.9918, -0.0019, 0.1250, -0.0249
14 150 5.000000 0.4840, -0.6689, 0.0453, 0.9920, 0.0033, 0.1238, -0.0230
14 151 5.040000 0.4719, -0.6717, 0.0793, 0.9915, 0.0102, 0.1281, -0.0208
14 152 5.070000 0.4649, -0.6739, 0.1025, 0.9913, 0.0143, 0.1298, -0.0190
14 153 5.100000 0.4597, -0.6764, 0.1234, 0.9923, 0.0179, 0.1212, -0.0174
14 154 5.140000 0.4552, -0.6802, 0.1475, 0.9932, 0.0215, 0.1135, -0.0150
14 155 5.170000 0.4538, -0.6833, 0.1632, 0.9930, 0.0239, 0.1149, -0.0132
14 156 5.200000 0.4538, -0.6868, 0.1769, 0.9942, 0.0264, 0.1037, -0.0116
14 157 5.240000 0.4563, -0.6922, 0.1925, 0.9947, 0.0286, 0.0983, -0.0093
14 158 5.270000 0.4600, -0.6967, 0.2023, 0.9945, 0.0295, 0.1004, -0.0074
14 159 5.300000 0.4650, -0.7016, 0.2106, 0.9953, 0.0304, 0.0917, -0.0059
14 160 5.340000 0.4740, -0.7089, 0.2196, 0.9957, 0.0304, 0.0869, -0.0035
14 161 5.370000 0.4823, -0.7149, 0.2247, 0.9956, 0.0299, 0.0893, -0.0016
14 162 5.400000 0.4919, -0.7214, 0.2286, 0.9964, 0.0293, 0.0796, -0.0001
14 163 5.440000 0.5067, -0.7308, 0.2317, 0.9968, 0.0277, 0.0754, 0.0022
14 164 5.470000 0.5192, -0.7383, 0.2326, 0.9968, 0.0258, 0.0760, 0.0041
14 165 5.500000 0.5329, -0.7462, 0.2326, 0.9975, 0.0239, 0.0669, 0.0055
14 166 5.540000 0.5529, -0.7573, 0.2317, 0.9979, 0.0210, 0.0600, 0.0078
14 167 5.570000 0.5692, -0.7661, 0.2305, 0.9977, 0.0180, 0.0641, 0.0096
14 168 5.600000 0.5866, -0.7752, 0.2291, 0.9984, 0.0156, 0.0525, 0.0112
14 169 5.640000 0.6112, -0.7877, 0.2267, 0.9987, 0.0101, 0.0478, 0.0134
14 170 5.670000 0.6306, -0.7972, 0.2244, 0.9987, 0.0061, 0.0478, 0.0153
14 171 5.700000 0.6508, -0.8069, 0.2218, 0.9992, 0.0024, 0.0361, 0.0171
14 172 5.740000 0.6788, -0.8198, 0.2175, 0.9994, -0.0013, 0.0304, 0.0193
14 173 5.770000 0.7004, -0.8295, 0.2136, 0.9993, -0.0060, 0.0304, 0.0212
14 174 5.800000 0.7225, -0.8390, 0.2090, 0.9995, -0.0104, 0.0210, 0.0229
14 175 5.840000 0.7526, -0.8515, 0.2018, 0.9995, -0.0165, 0.0121, 0.0256
14 176 5.870000 0.7754, -0.8605, 0.1954, 0.9993, -0.0207, 0.0153, 0.0272
14 177 5.900000 0.7984, -0.8692, 0.1881, 0.9993, -0.0234, 0.0021, 0.0295
14 178 5.940000 0.8291, -0.8802, 0.1769, 0.9991, -0.0276, -0.0012, 0.0319
14 179 5.970000 0.8522, -0.8880, 0.1673, 0.9989, -0.0306, -0.0021, 0.0341
14 180 6.000000 0.8752, -0.8953, 0.1569, 0.9988, -0.0322, -0.0095, 0.0361
14 181 6.040000 0.9056, -0.9042, 0.1423, 0.9985, -0.0342, -0.0161, 0.0388
14 182 6.070000 0.9282, -0.9102, 0.1310, 0.9985, -0.0361, -0.0108, 0.0400
14 183 6.100000 0.9505, -0.9155, 0.1195, 0.9983, -0.0370, -0.0199, 0.0414
14 184 6.140000 0.9797, -0.9217, 0.1037, 0.9981, -0.0390, -0.0212, 0.0424
14 185 6.170000 1.0013, -0.9256, 0.0915, 0.9981, -0.0402, -0.0171, 0.0428
14 186 6.200000 1.0224, -0.9288, 0.0790, 0.9979, -0.0406, -0.0248, 0.0432
14 187 6.240000 1.0501, -0.9321, 0.0615, 0.9979, -0.0409, -0.0272, 0.0432
14 188 6.270000 1.0703, -0.9338, 0.0477, 0.9980, -0.0408, -0.0238, 0.0426
14 189 6.300000 1.0900, -0.9348, 0.0330, 0.9978, -0.0401, -0.0329, 0.0423
14 190 6.340000 1.1156, -0.9352, 0.0119, 0.9977, -0.0390, -0.0376, 0.0412
14 191 6.370000 1.1341, -0.9349, -0.0053, 0.9978, -0.0379, -0.0360, 0.0399
14 192 6.400000 1.1521, -0.9340, -0.0240, 0.9975, -0.0368, -0.0456, 0.0388
14 193 6.440000 1.1750, -0.9321, -0.0514, 0.9974, -0.0353, -0.0517, 0.0366
14 194 6.470000 1.1913, -0.9300, -0.0737, 0.9975, -0.0342, -0.0519, 0.0346
14 195 6.500000 1.2067, -0.9274, -0.0969, 0.9970, -0.0336, -0.0615, 0.0326
14 196 6.540000 1.2255, -0.9231, -0.1270, 0.9968, -0.0327, -0.0669, 0.0294
14 197 6.570000 1.2381, -0.9191, -0.1480, 0.9971, -0.0310, -0.0642, 0.0271
14 198 6.600000 1.2493, -0.9145, -0.1674, 0.9963, -0.0290, -0.0774, 0.0255
14 199 6.640000 1.2617, -0.9075, -0.1911, 0.9963, -0.0247, -0.0790, 0.0229
14 200 6.670000 1.2693, -0.9017, -0.2075, 0.9969, -0.0220, -0.0720, 0.0209
14 201 6.700000 1.2754, -0.8955, -0.2229, 0.9966, -0.0192, -0.0777, 0.0192
14 202 6.740000 1.2813, -0.8867, -0.2423, 0.9970, -0.0155, -0.0741, 0.0169
14 203 6.770000 1.2841, -0.8798, -0.2560, 0.9979, -0.0124, -0.0622, 0.0150
14 204 6.800000 1.2857, -0.8727, -0.2693, 0.9977, -0.0100, -0.0652, 0.0135
14 205 6.840000 1.2861, -0.8629, -0.2865, 0.9983, -0.0068, -0.0567, 0.0112
14 206 6.870000 1.2852, -0.8555, -0.2991, 0.9989, -0.0049, -0.0452, 0.0096
14 207 6.900000 1.2835, -0.8479, -0.3118, 0.9990, -0.0035, -0.0444, 0.0079
14 208 6.940000 1.2800, -0.8378, -0.3286, 0.9993, -0.0017, -0.0364, 0.0058
14 209 6.970000 1.2767, -0.8301, -0.3412, 0.9997, -0.0010, -0.0232, 0.0042
14 210 7.000000 1.2729, -0.8225, -0.3533, 0.9998, -0.0012, -0.0215, 0.0025
14 211 7.040000 1.2673, -0.8122, -0.3674, 0.9999, -0.0019, -0.0157, 0.0004
14 212 7.070000 1.2628, -0.8045, -0.3757, 1.0000, -0.0016, -0.0041, -0.0013
14 213 7.100000 1.2581, -0.7967, -0.3819, 1.0000, -0.0018, -0.0094, -0.0028
14 214 7.140000 1.2517, -0.7863, -0.3869, 1.0000, -0.0012, -0.0048, -0.0048
14 215 7.170000 1.2469, -0.7785, -0.3883, 1.0000, -0.0002, 0.0073, -0.0062
14 216 7.200000 1.2421, -0.7706, -0.3877, 1.0000, 0.0006, 0.0041, -0.0075
14 217 7.240000 1.2360, -0.7602, -0.3838, 0.9999, 0.0026, 0.0107, -0.0092
14 218 7.270000 1.2318, -0.7524, -0.3784, 0.9996, 0.0048, 0.0246, -0.0104
14 219 7.300000 1.2281, -0.7448, -0.3708, 0.9997, 0.0072, 0.0224, -0.0117
14 220 7.340000 1.2240, -0.7349, -0.3572, 0.9994, 0.0117, 0.0308, -0.0133
14 221 7.370000 1.2219, -0.7277, -0.3440, 0.9986, 0.0161, 0.0478, -0.0145
14 222 7.400000 1.2207, -0.7210, -0.3281, 0.9985, 0.0205, 0.0483, -0.0158
14 223 7.440000 1.2211, -0.7128, -0.3026, 0.9978, 0.0278, 0.0573, -0.0178
14 224 7.470000 1.2230, -0.7074, -0.2806, 0.9965, 0.0348, 0.0736, -0.0191
14 225 7.500000 1.2263, -0.7028, -0.2569, 0.9965, 0.0418, 0.0698, -0.0210
14 226 7.540000 1.2327, -0.6978, -0.2258, 0.9957, 0.0514, 0.0733, -0.0229
14 227 7.570000 1.2388, -0.6949, -0.2046, 0.9953, 0.0574, 0.0742, -0.0243
14 228 7.600000 1.2458, -0.6928, -0.1854, 0.9957, 0.0621, 0.0633, -0.0258
14 229 7.640000 1.2565, -0.6914, -0.1628, 0.9957, 0.0670, 0.0579, -0.0271
14 230 7.670000 1.2656, -0.6915, -0.1479, 0.9955, 0.0695, 0.0577, -0.0275
14 231 7.700000 1.2754, -0.6926, -0.1346, 0.9960, 0.0709, 0.0474, -0.0284
14 232 7.740000 1.2896, -0.6959, -0.1190, 0.9962, 0.0714, 0.0398, -0.0289
14 233 7.770000 1.3010, -0.6995, -0.1088, 0.9963, 0.0704, 0.0402, -0.0286
14 234 7.800000 1.3130, -0.7043, -0.0999, 0.9968, 0.0682, 0.0292, -0.0289
14 235 7.840000 1.3296, -0.7124, -0.0899, 0.9974, 0.0632, 0.0209, -0.0286
14 236 7.870000 1.3425, -0.7195, -0.0838, 0.9977, 0.0584, 0.0216, -0.0278
14 237 7.900000 1.3556, -0.7276, -0.0788, 0.9982, 0.0524, 0.0106, -0.0276
14 238 7.940000 1.3734, -0.7397, -0.0740, 0.9987, 0.0429, 0.0045, -0.0265
14 239 7.970000 1.3869, -0.7495, -0.0714, 0.9991, 0.0343, 0.0051, -0.0253
14 240 8.000000 1.4004, -0.7599, -0.0693, 0.9994, 0.0247, -0.0049, -0.0245
14 241 8.040000 1.4183, -0.7745, -0.0651, 0.9996, 0.0120, -0.0122, -0.0229
14 242 8.070000 1.4315, -0.7858, -0.0601, 0.9997, 0.0031, -0.0082, -0.0217
14 243 8.100000 1.4445, -0.7972, -0.0530, 0.9996, -0.0052, -0.0201, -0.0206
14 244 8.140000 1.4612, -0.8121, -0.0401, 0.9994, -0.0146, -0.0240, -0.0191
14 245 8.170000 1.4733, -0.8229, -0.0278, 0.9995, -0.0207, -0.0176, -0.0181
14 246 8.200000 1.4849, -0.8333, -0.0130, 0.9991, -0.0256, -0.0277, -0.0168
14 247 8.240000 1.4995, -0.8462, 0.0105, 0.9991, -0.0307, -0.0267, -0.0153
14 248 8.270000 1.5099, -0.8550, 0.0313, 0.9992, -0.0328, -0.0161, -0.0143
14 249 8.300000 1.5198, -0.8631, 0.0550, 0.9991, -0.0332, -0.0221, -0.0130
14 250 8.340000 1.5324, -0.8726, 0.0915, 0.9993, -0.0312, -0.0175, -0.0114
14 251 8.370000 1.5414, -0.8789, 0.1229, 0.9995, -0.0285, -0.0047, -0.0106
14 252 8.400000 1.5503, -0.8844, 0.1582, 0.9996, -0.0241, -0.0118, -0.0091
14 253 8.440000 1.5618, -0.8907, 0.2116, 0.9998, -0.0168, -0.0086, -0.0076
14 254 8.470000 1.5704, -0.8950, 0.2562, 0.9999, -0.0095, 0.0041, -0.0065
14 255 8.500000 1.5789, -0.8991, 0.3036, 1.0000, -0.0003, -0.0046, -0.0052
14 256 8.540000 1.5902, -0.9045, 0.3670, 0.9999, 0.0137, 0.0023, -0.0036
14 257 8.570000 1.5988, -0.9087, 0.4126, 0.9997, 0.0239, 0.0077, -0.0027
14 258 8.600000 1.6075, -0.9133, 0.4564, 0.9994, 0.0338, 0.0005, -0.0019
14 259 8.640000 1.6192, -0.9202, 0.5126, 0.9990, 0.0453, -0.0002, -0.0006
14 260 8.670000 1.6279, -0.9262, 0.5536, 0.9986, 0.0535, 0.0038, 0.0006
14 261 8.700000 1.6367, -0.9331, 0.5943, 0.9981, 0.0615, -0.0030, 0.0012
14 262 8.740000 1.6485, -0.9440, 0.6487, 0.9975, 0.0710, -0.0042, 0.0024
14 263 8.770000 1.6572, -0.9537, 0.6901, 0.9970, 0.0770, 0.0024, 0.0038
14 264 8.800000 1.6660, -0.9650, 0.7325, 0.9965, 0.0827, -0.0063, 0.0041
14 265 8.840000 1.6776, -0.9828, 0.7915, 0.9960, 0.0889, -0.0097, 0.0051
14 266 8.870000 1.6862, -0.9983, 0.8381, 0.9957, 0.0922, -0.0050, 0.0064
14 267 8.900000 1.6946, -1.0160, 0.8873, 0.9953, 0.0953, -0.0185, 0.0061
14 268 8.940000 1.7052, -1.0431, 0.9575, 0.9949, 0.0976, -0.0249, 0.0067
14 269 8.970000 1.7127, -1.0662, 1.0134, 0.9950, 0.0982, -0.0167, 0.0083
14 270 9.000000 1.7197, -1.0913, 1.0709, 0.9948, 0.0984, -0.0265, 0.0082
14 271 9.040000 1.7286, -1.1271, 1.1456, 0.9950, 0.0962, -0.0243, 0.0094
14 272 9.070000 1.7350, -1.1553, 1.1978, 0.9952, 0.0935, -0.0255, 0.0100
14 273 9.100000 1.7411, -1.1844, 1.2465, 0.9952, 0.0904, -0.0356, 0.0097
14 274 9.140000 1.7487, -1.2250, 1.3066, 0.9953, 0.0857, -0.0430, 0.0098
14 275 9.170000 1.7537, -1.2566, 1.3485, 0.9957, 0.0813, -0.0430, 0.0102
14 276 9.200000 1.7582, -1.2894, 1.3884, 0.9957, 0.0766, -0.0509, 0.0098
14 277 9.240000 1.7631, -1.3348, 1.4390, 0.9960, 0.0689, -0.0554, 0.0097
14 278 9.270000 1.7658, -1.3701, 1.4757, 0.9967, 0.0629, -0.0504, 0.0101
14 279 9.300000 1.7677, -1.4065, 1.5115, 0.9966, 0.0566, -0.0583, 0.0097
14 280 9.340000 1.7687, -1.4565, 1.5588, 0.9972, 0.0481, -0.0559, 0.0095
14 281 9.370000 1.7684, -1.4950, 1.5942, 0.9979, 0.0405, -0.0496, 0.0098
14 282 9.400000 1.7672, -1.5343, 1.6301, 0.9981, 0.0327, -0.0509, 0.0092
14 283 9.440000 1.7641, -1.5876, 1.6789, 0.9985, 0.0215, -0.0498, 0.0091
14 284 9.470000 1.7607, -1.6282, 1.7164, 0.9993, 0.0136, -0.0342, 0.0087
14 285 9.500000 1.7567, -1.6690, 1.7543, 0.9991, 0.0044, -0.0405, 0.0084
14 286 9.540000 1.7503, -1.7235, 1.8038, 0.9994, -0.0091, -0.0313, 0.0074
14 287 9.570000 1.7451, -1.7642, 1.8395, 0.9996, -0.0187, -0.0197, 0.0072
14 288 9.600000 1.7394, -1.8047, 1.8741, 0.9994, -0.0279, -0.0183, 0.0067
14 289 9.640000 1.7315, -1.8579, 1.9193, 0.9992, -0.0379, -0.0098, 0.0063
14 290 9.670000 1.7254, -1.8971, 1.9528, 0.9989, -0.0459, 0.0009, 0.0056
14 291 9.700000 1.7193, -1.9354, 1.9865, 0.9986, -0.0533, 0.0027, 0.0053
14 292 9.740000 1.7113, -1.9850, 2.0321, 0.9979, -0.0637, 0.0071, 0.0050
14 293 9.770000 1.7056, -2.0207, 2.0674, 0.9973, -0.0703, 0.0198, 0.0042
14 294 9.800000 1.7001, -2.0550, 2.1039, 0.9970, -0.0764, 0.0148, 0.0045
14 295 9.840000 1.6935, -2.0983, 2.1552, 0.9964, -0.0827, 0.0205, 0.0040
14 296 9.870000 1.6891, -2.1286, 2.1962, 0.9956, -0.0876, 0.0318, 0.0029
14 297 9.900000 1.6854, -2.1568, 2.2399, 0.9954, -0.0919, 0.0271, 0.0033
14 298 9.940000 1.6816, -2.1910, 2.3028, 0.9948, -0.0973, 0.0302, 0.0029
14 299 9.970000 1.6797, -2.2140, 2.3533, 0.9941, -0.1002, 0.0427, 0.0017
14 300 10.000000 1.6786, -2.2349, 2.4056, 0.9941, -0.1025, 0.0341, 0.0022
14 301 10.040000 1.6781, -2.2602, 2.4734, 0.9939, -0.1044, 0.0366, 0.0021
14 302 10.070000 1.6782, -2.2778, 2.5205, 0.9936, -0.1057, 0.0409, 0.0012
14 303 10.100000 1.6788, -2.2942, 2.5641, 0.9935, -0.1067, 0.0395, 0.0014
14 304 10.140000 1.6802, -2.3142, 2.6173, 0.9934, -0.1073, 0.0399, 0.0008
14 305 10.170000 1.6819, -2.3277, 2.6540, 0.9932, -0.1075, 0.0450, 0.0001
14 306 10.200000 1.6842, -2.3397, 2.6883, 0.9934, -0.1074, 0.0404, 0.0000
14 307 10.240000 1.6882, -2.3534, 2.7309, 0.9934, -0.1071, 0.0403, -0.0004
14 308 10.270000 1.6919, -2.3619, 2.7610, 0.9933, -0.1060, 0.0456, -0.0016
14 309 10.300000 1.6962, -2.3687, 2.7897, 0.9937, -0.1046, 0.0403, -0.0016
14 310 10.340000 1.7031, -2.3753, 2.8262, 0.9940, -0.1011, 0.0408, -0.0026
14 311 10.370000 1.7091, -2.3783, 2.8527, 0.9940, -0.0986, 0.0481, -0.0042
14 312 10.400000 1.7158, -2.3797, 2.8787, 0.9945, -0.0958, 0.0433, -0.0045
14 313 10.440000 1.7261, -2.3788, 2.9129, 0.9947, -0.0923, 0.0458, -0.0060
14 314 10.470000 1.7349, -2.3763, 2.9383, 0.9945, -0.0886, 0.0549, -0.0077
14 315 10.500000 1.7445, -2.3723, 2.9633, 0.9951, -0.0848, 0.0503, -0.0086
14 316 10.540000 1.7587, -2.3650, 2.9949, 0.9954, -0.0785, 0.0548, -0.0102
14 317 10.570000 1.7703, -2.3581, 3.0167, 0.9954, -0.0744, 0.0600, -0.0118
14 318 10.600000 1.7827, -2.3501, 3.0368, 0.9959, -0.0706, 0.0548, -0.0120
14 319 10.640000 1.8007, -2.3379, 3.0614, 0.9962, -0.0657, 0.0552, -0.0131
14 320 10.670000 1.8152, -2.3276, 3.0785, 0.9960, -0.0625, 0.0621, -0.0138
14 321 10.700000 1.8307, -2.3162, 3.0947, 0.9965, -0.0597, 0.0572, -0.0142
14 322 10.740000 1.8529, -2.2996, 3.1150, 0.9965, -0.0571, 0.0601, -0.0144
14 323 10.770000 1.8708, -2.2861, 3.1296, 0.9961, -0.0546, 0.0669, -0.0152
14 324 10.800000 1.8898, -2.2716, 3.1439, 0.9966, -0.0522, 0.0627, -0.0147
14 325 10.840000 1.9170, -2.2510, 3.1626, 0.9969, -0.0480, 0.0604, -0.0148
14 326 10.870000 1.9387, -2.2345, 3.1767, 0.9965, -0.0458, 0.0682, -0.0150
14 327 10.900000 1.9616, -2.2171, 3.1911, 0.9972, -0.0440, 0.0586, -0.0143
14 328 10.940000 1.9940, -2.1928, 3.2109, 0.9973, -0.0411, 0.0599, -0.0140
14 329 10.970000 2.0197, -2.1736, 3.2261, 0.9969, -0.0381, 0.0671, -0.0139
14 330 11.000000 2.0465, -2.1538, 3.2412, 0.9974, -0.0346, 0.0621, -0.0132
14 331 11.040000 2.0837, -2.1267, 3.2589, 0.9976, -0.0296, 0.0612, -0.0128
14 332 11.070000 2.1126, -2.1058, 3.2694, 0.9977, -0.0257, 0.0606, -0.0126
14 333 11.100000 2.1422, -2.0847, 3.2773, 0.9984, -0.0217, 0.0517, -0.0121
14 334 11.140000 2.1827, -2.0562, 3.2838, 0.9989, -0.0165, 0.0432, -0.0117
14 335 11.170000 2.2139, -2.0345, 3.2859, 0.9989, -0.0127, 0.0433, -0.0114
14 336 11.200000 2.2455, -2.0126, 3.2856, 0.9994, -0.0092, 0.0319, -0.0110
14 337 11.240000 2.2884, -1.9833, 3.2815, 0.9996, -0.0037, 0.0258, -0.0106
14 338 11.270000 2.3209, -1.9613, 3.2756, 0.9997, 0.0005, 0.0242, -0.0104
14 339 11.300000 2.3538, -1.9393, 3.2673, 0.9998, 0.0046, 0.0144, -0.0101
14 340 11.340000 2.3979, -1.9100, 3.2520, 0.9999, 0.0103, 0.0075, -0.0098
14 341 11.370000 2.4312, -1.8882, 3.2372, 0.9998, 0.0146, 0.0061, -0.0094
14 342 11.400000 2.4645, -1.8666, 3.2191, 0.9998, 0.0189, -0.0038, -0.0093
14 343 11.440000 2.5088, -1.8380, 3.1897, 0.9996, 0.0242, -0.0123, -0.0089
14 344 11.470000 2.5419, -1.8169, 3.1636, 0.9994, 0.0279, -0.0159, -0.0087
14 345 11.500000 2.5748, -1.7961, 3.1349, 0.9991, 0.0313, -0.0264, -0.0085
14 346 11.540000 2.6181, -1.7692, 3.0956, 0.9987, 0.0354, -0.0353, -0.0083
14 347 11.570000 2.6498, -1.7499, 3.0671, 0.9988, 0.0379, -0.0311, -0.0076
14 348 11.600000 2.6807, -1.7312, 3.0396, 0.9984, 0.0407, -0.0376, -0.0074
14 349 11.640000 2.7210, -1.7076, 3.0043, 0.9982, 0.0439, -0.0394, -0.0068
14 350 11.670000 2.7504, -1.6908, 2.9786, 0.9984, 0.0457, -0.0333, -0.0061
14 351 11.700000 2.7792, -1.6749, 2.9532, 0.9980, 0.0470, -0.0427, -0.0060
14 352 11.740000 2.8164, -1.6550, 2.9196, 0.9978, 0.0474, -0.0468, -0.0056
14 353 11.770000 2.8434, -1.6410, 2.8943, 0.9979, 0.0467, -0.0440, -0.0049
14 354 11.800000 2.8696, -1.6278, 2.8685, 0.9975, 0.0452, -0.0547, -0.0051
14 355 11.840000 2.9032, -1.6114, 2.8329, 0.9973, 0.0414, -0.0608, -0.0049
14 356 11.870000 2.9274, -1.5998, 2.8048, 0.9976, 0.0378, -0.0571, -0.0045
14 357 11.900000 2.9507, -1.5887, 2.7750, 0.9974, 0.0334, -0.0637, -0.0046
14 358 11.940000 2.9805, -1.5747, 2.7321, 0.9977, 0.0263, -0.0623, -0.0044
14 359 11.970000 3.0019, -1.5645, 2.6977, 0.9982, 0.0199, -0.0567, -0.0040
14 360 12.000000 3.0223, -1.5547, 2.6624, 0.9982, 0.0124, -0.0578, -0.0042
14 361 12.040000 3.0477, -1.5421, 2.6182, 0.9984, 0.0045, -0.0560, -0.0035
14 362 12.070000 3.0652, -1.5327, 2.5896, 0.9990, -0.0001, -0.0441, -0.0033
14 363 12.100000 3.0815, -1.5234, 2.5653, 0.9987, -0.0048, -0.0503, -0.0025
14 364 12.140000 3.1012, -1.5106, 2.5391, 0.9986, -0.0143, -0.0509, -0.0023
14 365 12.170000 3.1147, -1.5007, 2.5239, 0.9989, -0.0225, -0.0421, -0.0020
14 366 12.200000 3.1270, -1.4902, 2.5122, 0.9983, -0.0303, -0.0493, -0.0019
14 367 12.240000 3.1417, -1.4750, 2.5020, 0.9979, -0.0410, -0.0492, -0.0014
14 368 12.270000 3.1514, -1.4625, 2.4982, 0.9983, -0.0479, -0.0342, -0.0020
14 369 12.300000 3.1602, -1.4488, 2.4979, 0.9977, -0.0550, -0.0408, -0.0014
14 370 12.340000 3.1706, -1.4283, 2.5027, 0.9973, -0.0636, -0.0361, -0.0012
14 371 12.370000 3.1774, -1.4112, 2.5105, 0.9974, -0.0694, -0.0215, -0.0017
14 372 12.400000 3.1836, -1.3923, 2.5221, 0.9969, -0.0743, -0.0243, -0.0010
14 373 12.440000 3.1911, -1.3641, 2.5436, 0.9967, -0.0800, -0.0143, -0.0009
14 374 12.470000 3.1964, -1.3406, 2.5642, 0.9965, -0.0832, 0.0020, -0.0014
14 375 12.500000 3.2017, -1.3152, 2.5875, 0.9964, -0.0850, -0.0065, 0.0001
14 376 12.540000 3.2086, -1.2790, 2.6183, 0.9964, -0.0849, 0.0020, 0.0003
14 377 12.570000 3.2139, -1.2505, 2.6391, 0.9964, -0.0836, 0.0161, -0.0002
14 378 12.600000 3.2193, -1.2208, 2.6576, 0.9965, -0.0814, 0.0207, -0.0002
14 379 12.640000 3.2271, -1.1796, 2.6787, 0.9965, -0.0773, 0.0314, -0.0007
14 380 12.670000 3.2334, -1.1475, 2.6923, 0.9964, -0.0731, 0.0425, -0.0016
14 381 12.700000 3.2404, -1.1143, 2.7042, 0.9968, -0.0681, 0.0427, -0.0018
14 382 12.740000 3.2506, -1.0685, 2.7176, 0.9971, -0.0600, 0.0466, -0.0028
14 383 12.770000 3.2592, -1.0330, 2.7259, 0.9971, -0.0528, 0.0545, -0.0040
14 384 12.800000 3.2685, -0.9968, 2.7330, 0.9978, -0.0449, 0.0488, -0.0046
14 385 12.840000 3.2822, -0.9475, 2.7404, 0.9983, -0.0321, 0.0482, -0.0061
14 386 12.870000 3.2933, -0.9099, 2.7446, 0.9985, -0.0212, 0.0506, -0.0076
14 387 12.900000 3.3052, -0.8720, 2.7477, 0.9990, -0.0097, 0.0419, -0.0089
14 388 12.940000 3.3222, -0.8213, 2.7499, 0.9993, 0.0065, 0.0359, -0.0112
14 389 12.970000 3.3356, -0.7833, 2.7501, 0.9990, 0.0207, 0.0368, -0.0131
14 390 13.000000 3.3495, -0.7456, 2.7485, 0.9989, 0.0356, 0.0276, -0.0152
14 391 13.040000 3.3686, -0.6962, 2.7430, 0.9981, 0.0563, 0.0175, -0.0182
14 392 13.070000 3.3832, -0.6599, 2.7359, 0.9972, 0.0698, 0.0163, -0.0195
14 393 13.100000 3.3980, -0.6244, 2.7261, 0.9964, 0.0817, 0.0034, -0.0216
14 394 13.140000 3.4178, -0.5788, 2.7090, 0.9951, 0.0954, -0.0054, -0.0233
14 395 13.170000 3.4325, -0.5459, 2.6929, 0.9941, 0.1049, -0.0091, -0.0241
14 396 13.200000 3.4471, -0.5143, 2.6739, 0.9931, 0.1130, -0.0206, -0.0255
14 397 13.240000 3.4662, -0.4741, 2.6438, 0.9917, 0.1217, -0.0313, -0.0267
14 398 13.270000 3.4801, -0.4456, 2.6172, 0.9909, 0.1267, -0.0365, -0.0271
14 399 13.300000 3.4936, -0.4183, 2.5868, 0.9898, 0.1303, -0.0492, -0.0283
14 400 13.340000 3.5108, -0.3839, 2.5396, 0.9887, 0.1334, -0.0612, -0.0291
14 401 13.370000 3.5231, -0.3593, 2.4986, 0.9882, 0.1345, -0.0675, -0.0292
14 402 13.400000 3.5349, -0.3356, 2.4520, 0.9873, 0.1346, -0.0786, -0.0298
14 403 13.440000 3.5500, -0.3052, 2.3804, 0.9865, 0.1335, -0.0895, -0.0300
14 404 13.470000 3.5607, -0.2832, 2.3194, 0.9862, 0.1314, -0.0964, -0.0298
14 405 13.500000 3.5704, -0.2625, 2.2541, 0.9856, 0.1286, -0.1057, -0.0299
14 406 13.540000 3.5802, -0.2384, 2.1675, 0.9850, 0.1235, -0.1168, -0.0300
14 407 13.570000 3.5840, -0.2240, 2.1063, 0.9849, 0.1186, -0.1225, -0.0299
14 408 13.600000 3.5844, -0.2125, 2.0490, 0.9836, 0.1151, -0.1352, -0.0305
14 409 13.640000 3.5796, -0.2017, 1.9776, 0.9821, 0.1100, -0.1496, -0.0310
14 410 13.670000 3.5717, -0.1965, 1.9270, 0.9818, 0.1047, -0.1554, -0.0311
14 411 13.700000 3.5602, -0.1936, 1.8786, 0.9800, 0.0996, -0.1693, -0.0323
14 412 13.740000 3.5391, -0.1929, 1.8164, 0.9796, 0.0903, -0.1761, -0.0338
14 413 13.770000 3.5188, -0.1946, 1.7711, 0.9801, 0.0834, -0.1771, -0.0343
14 414 13.800000 3.4948, -0.1978, 1.7266, 0.9778, 0.0746, -0.1922, -0.0367
14 415 13.840000 3.4570, -0.2042, 1.6679, 0.9776, 0.0640, -0.1966, -0.0383
14 416 13.870000 3.4243, -0.2102, 1.6239, 0.9786, 0.0549, -0.1942, -0.0398
14 417 13.900000 3.3880, -0.2171, 1.5796, 0.9771, 0.0454, -0.2036, -0.0417
14 418 13.940000 3.3342, -0.2273, 1.5194, 0.9768, 0.0321, -0.2069, -0.0444
14 419 13.970000 3.2897, -0.2354, 1.4732, 0.9775, 0.0226, -0.2046, -0.0459
14 420 14.000000 3.2416, -0.2437, 1.4265, 0.9764, 0.0134, -0.2103, -0.0481
14 421 14.040000 3.1707, -0.2549, 1.3654, 0.9765, 0.0046, -0.2098, -0.0495
14 422 14.070000 3.1121, -0.2632, 1.3216, 0.9772, -0.0033, -0.2061, -0.0507
14 423 14.100000 3.0489, -0.2712, 1.2795, 0.9755, -0.0103, -0.2135, -0.0515
14 424 14.140000 2.9575, -0.2811, 1.2254, 0.9760, -0.0179, -0.2105, -0.0520
14 425 14.170000 2.8839, -0.2879, 1.1861, 0.9793, -0.0213, -0.1942, -0.0522
14 426 14.200000 2.8062, -0.2940, 1.1476, 0.9792, -0.0259, -0.1943, -0.0521
14 427 14.240000 2.6969, -0.3010, 1.0970, 0.9818, -0.0302, -0.1802, -0.0518
14 428 14.270000 2.6111, -0.3054, 1.0592, 0.9849, -0.0325, -0.1619, -0.0517
14 429 14.300000 2.5224, -0.3091, 1.0209, 0.9861, -0.0342, -0.1542, -0.0509
14 430 14.340000 2.4005, -0.3129, 0.9682, 0.9893, -0.0354, -0.1325, -0.0501
14 431 14.370000 2.3069, -0.3151, 0.9264, 0.9923, -0.0357, -0.1080, -0.0497
14 432 14.400000 2.2119, -0.3169, 0.8818, 0.9937, -0.0366, -0.0937, -0.0489
14 433 14.440000 2.0840, -0.3185, 0.8161, 0.9961, -0.0380, -0.0632, -0.0482
14 434 14.470000 1.9874, -0.3193, 0.7616, 0.9974, -0.0394, -0.0365, -0.0478
14 435 14.500000 1.8904, -0.3197, 0.7035, 0.9979, -0.0414, -0.0148, -0.0472
14 436 14.540000 1.7609, -0.3190, 0.6268, 0.9979, -0.0427, 0.0159, -0.0466
14 437 14.570000 1.6643, -0.3173, 0.5735, 0.9971, -0.0432, 0.0412, -0.0463
14 438 14.600000 1.5688, -0.3144, 0.5250, 0.9965, -0.0422, 0.0562, -0.0456
14 439 14.640000 1.4440, -0.3089, 0.4678, 0.9951, -0.0407, 0.0782, -0.0450
14 440 14.670000 1.3531, -0.3035, 0.4305, 0.9933, -0.0408, 0.0982, -0.0447
14 441 14.700000 1.2648, -0.2971, 0.3980, 0.9928, -0.0384, 0.1044, -0.0441
14 442 14.740000 1.1517, -0.2872, 0.3617, 0.9914, -0.0367, 0.1175, -0.0434
14 443 14.770000 1.0706, -0.2787, 0.3394, 0.9896, -0.0376, 0.1319, -0.0428
14 444 14.800000 0.9931, -0.2694, 0.3212, 0.9901, -0.0334, 0.1296, -0.0424
14 445 14.840000 0.8950, -0.2559, 0.3028, 0.9895, -0.0320, 0.1343, -0.0419
14 446 14.870000 0.8256, -0.2449, 0.2931, 0.9883, -0.0334, 0.1432, -0.0413
14 447 14.900000 0.7597, -0.2332, 0.2868, 0.9892, -0.0303, 0.1371, -0.0412
14 448 14.940000 0.6774, -0.2167, 0.2832, 0.9892, -0.0298, 0.1375, -0.0409
14 449 14.970000 0.6196, -0.2036, 0.2839, 0.9882, -0.0321, 0.1442, -0.0404
