49 0 0.010000 -1.0922, -2.3455, 2.7801, 1.0000, 0.0000, 0.0000, 0.0000
49 1 0.040000 -1.0922, -2.3455, 2.7729, 1.0000, 0.0000, 0.0000, 0.0000
49 2 0.070000 -1.0922, -2.3455, 2.7568, 1.0000, 0.0000, 0.0000, 0.0000
49 3 0.110000 -1.0922, -2.3455, 2.7217, 1.0000, 0.0000, 0.0000, 0.0000
49 4 0.140000 -1.0922, -2.3455, 2.6851, 1.0000, 0.0000, 0.0000, 0.0000
49 5 0.170000 -1.0922, -2.3455, 2.6396, 1.0000, 0.0000, 0.0000, 0.0000
49 6 0.200000 -1.0922, -2.3455, 2.5853, 1.0000, 0.0000, 0.0000, 0.0000
49 7 0.240000 -1.0922, -2.3455, 2.4992, 1.0000, 0.0000, 0.0000, 0.0000
49 8 0.270000 -1.0922, -2.3455, 2.4248, 0.9991, -0.0292, -0.0314, 0.0000
49 9 0.310000 -1.0958, -2.3422, 2.3387, 0.9833, -0.1251, -0.1320, 0.0016
49 10 0.340000 -1.1079, -2.3307, 2.3005, 0.9711, -0.1642, -0.1734, 0.0026
49 11 0.370000 -1.1301, -2.3097, 2.2810, 0.9675, -0.1745, -0.1829, 0.0032
49 12 0.400000 -1.1605, -2.2810, 2.2725, 0.9621, -0.1874, -0.1983, 0.0021
49 13 0.440000 -1.2091, -2.2351, 2.2663, 0.9651, -0.1789, -0.1914, 0.0021
49 14 0.470000 -1.2490, -2.1975, 2.2596, 0.9700, -0.1701, -0.1738, 0.0007
49 15 0.500000 -1.2906, -2.1582, 2.2485, 0.9739, -0.1559, -0.1652, 0.0028
49 16 0.540000 -1.3484, -2.1037, 2.2264, 0.9796, -0.1375, -0.1468, 0.0035
49 17 0.570000 -1.3934, -2.0612, 2.2048, 0.9841, -0.1238, -0.1273, 0.0034
49 18 0.610000 -1.4554, -2.0026, 2.1698, 0.9889, -0.1044, -0.1054, 0.0037
49 19 0.640000 -1.5032, -1.9574, 2.1392, 0.9919, -0.0899, -0.0893, 0.0041
49 20 0.670000 -1.5521, -1.9112, 2.1054, 0.9947, -0.0755, -0.0691, 0.0039
49 21 0.700000 -1.6018, -1.8640, 2.0686, 0.9967, -0.0614, -0.0530, 0.0040
49 22 0.740000 -1.6691, -1.8000, 2.0154, 0.9986, -0.0436, -0.0290, 0.0038
49 23 0.770000 -1.7200, -1.7512, 1.9729, 0.9995, -0.0313, -0.0072, 0.0034
49 24 0.800000 -1.7710, -1.7021, 1.9282, 0.9998, -0.0195, 0.0068, 0.0032
49 25 0.840000 -1.8389, -1.6361, 1.8655, 0.9995, -0.0052, 0.0297, 0.0027
49 26 0.870000 -1.8893, -1.5866, 1.8161, 0.9988, 0.0041, 0.0491, 0.0021
49 27 0.900000 -1.9391, -1.5371, 1.7646, 0.9981, 0.0125, 0.0599, 0.0016
49 28 0.940000 -2.0041, -1.4713, 1.6932, 0.9968, 0.0219, 0.0774, 0.0007
49 29 0.970000 -2.0514, -1.4224, 1.6382, 0.9951, 0.0280, 0.0953, 0.0002
49 30 1.000000 -2.0970, -1.3740, 1.5833, 0.9942, 0.0330, 0.1025, -0.0007
49 31 1.040000 -2.1540, -1.3106, 1.5144, 0.9929, 0.0365, 0.1133, -0.0017
49 32 1.070000 -2.1930, -1.2643, 1.4679, 0.9903, 0.0396, 0.1329, -0.0018
49 33 1.110000 -2.2394, -1.2043, 1.4136, 0.9877, 0.0440, 0.1501, -0.0024
49 34 1.140000 -2.2695, -1.1608, 1.3784, 0.9873, 0.0464, 0.1518, -0.0029
49 35 1.170000 -2.2953, -1.1185, 1.3475, 0.9846, 0.0486, 0.1679, -0.0028
49 36 1.210000 -2.3231, -1.0642, 1.3122, 0.9839, 0.0509, 0.1712, -0.0032
49 37 1.240000 -2.3390, -1.0249, 1.2898, 0.9860, 0.0519, 0.1583, -0.0043
49 38 1.270000 -2.3508, -0.9870, 1.2703, 0.9851, 0.0535, 0.1632, -0.0043
49 39 1.310000 -2.3607, -0.9385, 1.2488, 0.9868, 0.0552, 0.1524, -0.0052
49 40 1.340000 -2.3640, -0.9037, 1.2355, 0.9894, 0.0560, 0.1340, -0.0062
49 41 1.370000 -2.3642, -0.8701, 1.2246, 0.9898, 0.0569, 0.1305, -0.0064
49 42 1.410000 -2.3600, -0.8274, 1.2132, 0.9919, 0.0573, 0.1136, -0.0071
49 43 1.440000 -2.3541, -0.7969, 1.2067, 0.9941, 0.0570, 0.0922, -0.0080
49 44 1.470000 -2.3462, -0.7675, 1.2016, 0.9946, 0.0566, 0.0872, -0.0079
49 45 1.510000 -2.3332, -0.7301, 1.1958, 0.9960, 0.0553, 0.0697, -0.0083
49 46 1.540000 -2.3221, -0.7031, 1.1908, 0.9974, 0.0540, 0.0473, -0.0090
49 47 1.570000 -2.3103, -0.6770, 1.1848, 0.9979, 0.0530, 0.0374, -0.0087
49 48 1.610000 -2.2937, -0.6434, 1.1747, 0.9984, 0.0522, 0.0175, -0.0085
49 49 1.640000 -2.2809, -0.6192, 1.1658, 0.9986, 0.0515, -0.0013, -0.0082
49 50 1.670000 -2.2682, -0.5957, 1.1557, 0.9987, 0.0506, -0.0086, -0.0072
49 51 1.710000 -2.2515, -0.5656, 1.1404, 0.9985, 0.0492, -0.0216, -0.0059
49 52 1.740000 -2.2393, -0.5440, 1.1277, 0.9981, 0.0488, -0.0368, -0.0050
49 53 1.770000 -2.2277, -0.5231, 1.1137, 0.9981, 0.0477, -0.0376, -0.0033
49 54 1.810000 -2.2132, -0.4963, 1.0928, 0.9978, 0.0468, -0.0462, -0.0010
49 55 1.840000 -2.2031, -0.4770, 1.0752, 0.9973, 0.0463, -0.0565, 0.0006
49 56 1.870000 -2.1938, -0.4584, 1.0557, 0.9974, 0.0454, -0.0566, 0.0028
49 57 1.910000 -2.1826, -0.4345, 1.0265, 0.9971, 0.0447, -0.0621, 0.0057
49 58 1.940000 -2.1752, -0.4173, 1.0021, 0.9965, 0.0448, -0.0697, 0.0080
49 59 1.970000 -2.1688, -0.4007, 0.9758, 0.9967, 0.0446, -0.0674, 0.0108
49 60 2.010000 -2.1620, -0.3797, 0.9396, 0.9966, 0.0445, -0.0681, 0.0145
49 61 2.040000 -2.1585, -0.3651, 0.9137, 0.9961, 0.0454, -0.0733, 0.0172
49 62 2.070000 -2.1565, -0.3515, 0.8900, 0.9968, 0.0433, -0.0635, 0.0203
49 63 2.110000 -2.1563, -0.3349, 0.8621, 0.9967, 0.0435, -0.0637, 0.0233
49 64 2.140000 -2.1578, -0.3237, 0.8439, 0.9961, 0.0428, -0.0725, 0.0246
49 65 2.170000 -2.1608, -0.3134, 0.8278, 0.9970, 0.0405, -0.0596, 0.0267
49 66 2.210000 -2.1668, -0.3012, 0.8090, 0.9975, 0.0386, -0.0522, 0.0286
49 67 2.240000 -2.1728, -0.2930, 0.7968, 0.9975, 0.0372, -0.0519, 0.0296
49 68 2.270000 -2.1797, -0.2856, 0.7861, 0.9983, 0.0351, -0.0356, 0.0311
49 69 2.310000 -2.1901, -0.2769, 0.7741, 0.9987, 0.0325, -0.0227, 0.0323
49 70 2.340000 -2.1985, -0.2711, 0.7667, 0.9988, 0.0312, -0.0196, 0.0327
49 71 2.370000 -2.2072, -0.2660, 0.7607, 0.9990, 0.0291, 0.0002, 0.0336
49 72 2.410000 -2.2189, -0.2602, 0.7547, 0.9989, 0.0275, 0.0162, 0.0341
49 73 2.440000 -2.2274, -0.2565, 0.7518, 0.9988, 0.0271, 0.0206, 0.0342
49 74 2.470000 -2.2354, -0.2533, 0.7500, 0.9982, 0.0266, 0.0412, 0.0343
49 75 2.510000 -2.2449, -0.2498, 0.7491, 0.9974, 0.0274, 0.0576, 0.0340
49 76 2.540000 -2.2509, -0.2477, 0.7490, 0.9969, 0.0273, 0.0660, 0.0335
49 77 2.570000 -2.2555, -0.2461, 0.7492, 0.9956, 0.0266, 0.0829, 0.0334
49 78 2.610000 -2.2594, -0.2446, 0.7497, 0.9942, 0.0251, 0.0997, 0.0328
49 79 2.640000 -2.2603, -0.2440, 0.7503, 0.9936, 0.0235, 0.1053, 0.0325
49 80 2.670000 -2.2593, -0.2437, 0.7510, 0.9914, 0.0213, 0.1252, 0.0322
49 81 2.710000 -2.2543, -0.2439, 0.7521, 0.9901, 0.0179, 0.1354, 0.0319
49 82 2.740000 -2.2478, -0.2443, 0.7530, 0.9900, 0.0145, 0.1369, 0.0313
49 83 2.770000 -2.2388, -0.2449, 0.7540, 0.9888, 0.0109, 0.1453, 0.0313
49 84 2.800000 -2.2271, -0.2456, 0.7551, 0.9895, 0.0071, 0.1413, 0.0308
49 85 2.840000 -2.2073, -0.2466, 0.7567, 0.9896, 0.0018, 0.1406, 0.0303
49 86 2.870000 -2.1895, -0.2473, 0.7579, 0.9891, -0.0030, 0.1442, 0.0300
49 87 2.900000 -2.1690, -0.2479, 0.7592, 0.9905, -0.0081, 0.1340, 0.0296
49 88 2.940000 -2.1379, -0.2483, 0.7610, 0.9917, -0.0157, 0.1245, 0.0293
49 89 2.970000 -2.1118, -0.2482, 0.7624, 0.9915, -0.0215, 0.1250, 0.0286
49 90 3.000000 -2.0836, -0.2477, 0.7636, 0.9932, -0.0275, 0.1099, 0.0284
49 91 3.040000 -2.0429, -0.2462, 0.7649, 0.9942, -0.0349, 0.0983, 0.0278
49 92 3.070000 -2.0103, -0.2443, 0.7655, 0.9943, -0.0404, 0.0953, 0.0272
49 93 3.100000 -1.9762, -0.2416, 0.7659, 0.9956, -0.0450, 0.0780, 0.0271
49 94 3.140000 -1.9285, -0.2368, 0.7662, 0.9963, -0.0508, 0.0647, 0.0266
49 95 3.170000 -1.8913, -0.2321, 0.7662, 0.9963, -0.0546, 0.0613, 0.0260
49 96 3.200000 -1.8531, -0.2265, 0.7662, 0.9970, -0.0575, 0.0452, 0.0259
49 97 3.240000 -1.8009, -0.2173, 0.7662, 0.9973, -0.0612, 0.0315, 0.0255
49 98 3.270000 -1.7610, -0.2091, 0.7662, 0.9973, -0.0630, 0.0280, 0.0248
49 99 3.300000 -1.7208, -0.1997, 0.7662, 0.9975, -0.0644, 0.0114, 0.0251
49 100 3.340000 -1.6667, -0.1855, 0.7661, 0.9976, -0.0646, -0.0023, 0.0248
49 101 3.370000 -1.6262, -0.1736, 0.7661, 0.9976, -0.0645, -0.0037, 0.0242
49 102 3.400000 -1.5858, -0.1604, 0.7659, 0.9975, -0.0638, -0.0201, 0.0243
49 103 3.440000 -1.5324, -0.1412, 0.7656, 0.9973, -0.0622, -0.0295, 0.0243
49 104 3.470000 -1.4930, -0.1255, 0.7652, 0.9973, -0.0606, -0.0343, 0.0238
49 105 3.500000 -1.4542, -0.1088, 0.7651, 0.9968, -0.0588, -0.0477, 0.0244
49 106 3.540000 -1.4039, -0.0846, 0.7661, 0.9963, -0.0561, -0.0608, 0.0244
49 107 3.570000 -1.3676, -0.0653, 0.7682, 0.9965, -0.0535, -0.0589, 0.0242
49 108 3.600000 -1.3325, -0.0449, 0.7715, 0.9959, -0.0504, -0.0712, 0.0244
49 109 3.640000 -1.2880, -0.0161, 0.7780, 0.9956, -0.0452, -0.0789, 0.0245
49 110 3.670000 -1.2564, 0.0066, 0.7846, 0.9961, -0.0412, -0.0748, 0.0240
49 111 3.700000 -1.2265, 0.0300, 0.7927, 0.9952, -0.0366, -0.0870, 0.0245
49 112 3.740000 -1.1894, 0.0625, 0.8060, 0.9948, -0.0301, -0.0940, 0.0244
49 113 3.770000 -1.1638, 0.0875, 0.8180, 0.9953, -0.0253, -0.0898, 0.0243
49 114 3.800000 -1.1402, 0.1130, 0.8318, 0.9943, -0.0198, -0.1022, 0.0245
49 115 3.840000 -1.1122, 0.1477, 0.8535, 0.9943, -0.0124, -0.1026, 0.0247
49 116 3.870000 -1.0938, 0.1739, 0.8724, 0.9951, -0.0062, -0.0952, 0.0244
49 117 3.900000 -1.0777, 0.2003, 0.8939, 0.9946, 0.0005, -0.1008, 0.0248
49 118 3.940000 -1.0597, 0.2353, 0.9266, 0.9947, 0.0093, -0.0991, 0.0247
49 119 3.970000 -1.0487, 0.2613, 0.9540, 0.9958, 0.0164, -0.0865, 0.0250
49 120 4.000000 -1.0396, 0.2869, 0.9830, 0.9950, 0.0250, -0.0932, 0.0250
49 121 4.040000 -1.0299, 0.3202, 1.0215, 0.9952, 0.0375, -0.0864, 0.0251
49 122 4.070000 -1.0241, 0.3445, 1.0488, 0.9960, 0.0456, -0.0726, 0.0255
49 123 4.100000 -1.0193, 0.3682, 1.0745, 0.9958, 0.0530, -0.0709, 0.0251
49 124 4.140000 -1.0146, 0.3984, 1.1063, 0.9959, 0.0614, -0.0609, 0.0248
49 125 4.170000 -1.0120, 0.4200, 1.1287, 0.9963, 0.0671, -0.0480, 0.0249
49 126 4.200000 -1.0102, 0.4406, 1.1501, 0.9959, 0.0723, -0.0481, 0.0241
49 127 4.240000 -1.0089, 0.4661, 1.1773, 0.9958, 0.0784, -0.0409, 0.0233
49 128 4.270000 -1.0087, 0.4837, 1.1969, 0.9959, 0.0825, -0.0291, 0.0232
49 129 4.300000 -1.0089, 0.4999, 1.2162, 0.9956, 0.0858, -0.0297, 0.0220
49 130 4.340000 -1.0099, 0.5191, 1.2415, 0.9955, 0.0895, -0.0223, 0.0209
49 131 4.370000 -1.0110, 0.5317, 1.2605, 0.9955, 0.0914, -0.0105, 0.0206
49 132 4.400000 -1.0124, 0.5425, 1.2798, 0.9954, 0.0928, -0.0116, 0.0190
49 133 4.440000 -1.0143, 0.5544, 1.3059, 0.9954, 0.0937, -0.0054, 0.0176
49 134 4.470000 -1.0158, 0.5612, 1.3259, 0.9954, 0.0941, 0.0067, 0.0171
49 135 4.500000 -1.0172, 0.5665, 1.3454, 0.9955, 0.0932, 0.0012, 0.0150
49 136 4.540000 -1.0189, 0.5713, 1.3690, 0.9957, 0.0913, 0.0081, 0.0136
49 137 4.570000 -1.0201, 0.5736, 1.3837, 0.9957, 0.0900, 0.0195, 0.0131
49 138 4.600000 -1.0210, 0.5748, 1.3956, 0.9958, 0.0884, 0.0210, 0.0118
49 139 4.640000 -1.0217, 0.5747, 1.4072, 0.9958, 0.0864, 0.0287, 0.0106
49 140 4.670000 -1.0218, 0.5734, 1.4129, 0.9956, 0.0846, 0.0378, 0.0101
49 141 4.700000 -1.0214, 0.5710, 1.4160, 0.9958, 0.0826, 0.0375, 0.0088
49 142 4.740000 -1.0201, 0.5662, 1.4162, 0.9959, 0.0796, 0.0429, 0.0076
49 143 4.770000 -1.0185, 0.5613, 1.4134, 0.9957, 0.0775, 0.0505, 0.0071
49 144 4.800000 -1.0162, 0.5555, 1.4080, 0.9960, 0.0752, 0.0484, 0.0058
49 145 4.840000 -1.0122, 0.5464, 1.3967, 0.9962, 0.0720, 0.0497, 0.0045
49 146 4.870000 -1.0085, 0.5385, 1.3848, 0.9961, 0.0696, 0.0535, 0.0037
49 147 4.900000 -1.0041, 0.5298, 1.3700, 0.9966, 0.0671, 0.0478, 0.0023
49 148 4.940000 -0.9974, 0.5169, 1.3453, 0.9970, 0.0638, 0.0439, 0.0006
49 149 4.970000 -0.9918, 0.5064, 1.3235, 0.9972, 0.0616, 0.0433, -0.0005
49 150 5.000000 -0.9856, 0.4951, 1.2995, 0.9977, 0.0592, 0.0337, -0.0021
49 151 5.040000 -0.9764, 0.4785, 1.2665, 0.9981, 0.0564, 0.0261, -0.0041
49 152 5.070000 -0.9689, 0.4647, 1.2423, 0.9981, 0.0545, 0.0291, -0.0049
49 153 5.100000 -0.9608, 0.4499, 1.2189, 0.9984, 0.0524, 0.0212, -0.0061
49 154 5.140000 -0.9494, 0.4287, 1.1885, 0.9985, 0.0505, 0.0204, -0.0070
49 155 5.170000 -0.9403, 0.4116, 1.1662, 0.9985, 0.0488, 0.0253, -0.0073
49 156 5.200000 -0.9309, 0.3937, 1.1440, 0.9987, 0.0469, 0.0164, -0.0080
49 157 5.240000 -0.9177, 0.3685, 1.1142, 0.9989, 0.0443, 0.0119, -0.0086
49 158 5.270000 -0.9076, 0.3488, 1.0915, 0.9990, 0.0427, 0.0142, -0.0084
49 159 5.300000 -0.8973, 0.3283, 1.0681, 0.9991, 0.0413, 0.0034, -0.0090
49 160 5.340000 -0.8833, 0.3000, 1.0356, 0.9992, 0.0397, -0.0039, -0.0089
49 161 5.370000 -0.8729, 0.2780, 1.0099, 0.9992, 0.0384, -0.0036, -0.0088
49 162 5.400000 -0.8626, 0.2555, 0.9826, 0.9992, 0.0372, -0.0123, -0.0085
49 163 5.440000 -0.8490, 0.2246, 0.9435, 0.9992, 0.0355, -0.0159, -0.0080
49 164 5.470000 -0.8391, 0.2009, 0.9123, 0.9993, 0.0337, -0.0123, -0.0070
49 165 5.500000 -0.8294, 0.1766, 0.8799, 0.9993, 0.0319, -0.0173, -0.0064
49 166 5.540000 -0.8169, 0.1434, 0.8373, 0.9994, 0.0302, -0.0172, -0.0050
49 167 5.570000 -0.8078, 0.1178, 0.8068, 0.9995, 0.0292, -0.0082, -0.0040
49 168 5.600000 -0.7990, 0.0916, 0.7778, 0.9995, 0.0287, -0.0138, -0.0031
49 169 5.640000 -0.7876, 0.0557, 0.7409, 0.9996, 0.0279, -0.0085, -0.0020
49 170 5.670000 -0.7791, 0.0282, 0.7143, 0.9996, 0.0274, -0.0004, -0.0007
49 171 5.700000 -0.7707, 0.0002, 0.6883, 0.9996, 0.0274, -0.0093, -0.0002
49 172 5.740000 -0.7597, -0.0380, 0.6542, 0.9996, 0.0272, -0.0088, 0.0011
49 173 5.770000 -0.7516, -0.0672, 0.6287, 0.9996, 0.0271, -0.0005, 0.0021
49 174 5.800000 -0.7435, -0.0969, 0.6029, 0.9996, 0.0274, -0.0086, 0.0029
49 175 5.840000 -0.7329, -0.1371, 0.5676, 0.9996, 0.0270, -0.0095, 0.0039
49 176 5.870000 -0.7250, -0.1678, 0.5400, 0.9996, 0.0262, -0.0063, 0.0050
49 177 5.900000 -0.7173, -0.1989, 0.5111, 0.9996, 0.0255, -0.0137, 0.0057
49 178 5.940000 -0.7072, -0.2409, 0.4702, 0.9995, 0.0240, -0.0181, 0.0069
49 179 5.970000 -0.7000, -0.2728, 0.4379, 0.9996, 0.0226, -0.0168, 0.0078
49 180 6.000000 -0.6930, -0.3051, 0.4054, 0.9994, 0.0209, -0.0258, 0.0085
49 181 6.040000 -0.6846, -0.3489, 0.3651, 0.9992, 0.0201, -0.0330, 0.0100
49 182 6.070000 -0.6791, -0.3824, 0.3391, 0.9993, 0.0185, -0.0291, 0.0110
49 183 6.100000 -0.6744, -0.4163, 0.3172, 0.9988, 0.0167, -0.0438, 0.0118
49 184 6.140000 -0.6698, -0.4622, 0.2939, 0.9985, 0.0135, -0.0517, 0.0130
49 185 6.170000 -0.6677, -0.4971, 0.2808, 0.9987, 0.0102, -0.0479, 0.0140
49 186 6.200000 -0.6668, -0.5322, 0.2711, 0.9981, 0.0071, -0.0596, 0.0147
49 187 6.240000 -0.6678, -0.5793, 0.2635, 0.9980, 0.0019, -0.0618, 0.0160
49 188 6.270000 -0.6701, -0.6147, 0.2615, 0.9986, -0.0022, -0.0504, 0.0168
49 189 6.300000 -0.6737, -0.6502, 0.2629, 0.9981, -0.0062, -0.0582, 0.0179
49 190 6.340000 -0.6806, -0.6971, 0.2699, 0.9983, -0.0122, -0.0534, 0.0192
49 191 6.370000 -0.6873, -0.7321, 0.2793, 0.9989, -0.0171, -0.0392, 0.0202
49 192 6.400000 -0.6950, -0.7666, 0.2924, 0.9986, -0.0211, -0.0428, 0.0214
49 193 6.440000 -0.7067, -0.8118, 0.3157, 0.9988, -0.0268, -0.0328, 0.0231
49 194 6.470000 -0.7164, -0.8450, 0.3372, 0.9991, -0.0311, -0.0158, 0.0242
49 195 6.500000 -0.7266, -0.8775, 0.3610, 0.9989, -0.0332, -0.0226, 0.0260
49 196 6.540000 -0.7406, -0.9199, 0.3920, 0.9989, -0.0364, -0.0077, 0.0276
49 197 6.570000 -0.7512, -0.9512, 0.4125, 0.9988, -0.0390, 0.0114, 0.0285
49 198 6.600000 -0.7617, -0.9820, 0.4304, 0.9985, -0.0406, 0.0195, 0.0296
49 199 6.640000 -0.7754, -1.0223, 0.4501, 0.9979, -0.0426, 0.0363, 0.0311
49 200 6.670000 -0.7851, -1.0519, 0.4621, 0.9973, -0.0437, 0.0502, 0.0319
49 201 6.700000 -0.7941, -1.0809, 0.4719, 0.9970, -0.0439, 0.0552, 0.0332
49 202 6.740000 -0.8050, -1.1185, 0.4816, 0.9963, -0.0440, 0.0647, 0.0346
49 203 6.770000 -0.8122, -1.1460, 0.4866, 0.9955, -0.0436, 0.0761, 0.0355
49 204 6.800000 -0.8183, -1.1728, 0.4896, 0.9955, -0.0422, 0.0767, 0.0366
49 205 6.840000 -0.8249, -1.2077, 0.4904, 0.9951, -0.0394, 0.0824, 0.0379
49 206 6.870000 -0.8285, -1.2331, 0.4885, 0.9944, -0.0373, 0.0911, 0.0386
49 207 6.900000 -0.8309, -1.2580, 0.4844, 0.9946, -0.0341, 0.0895, 0.0396
49 208 6.940000 -0.8322, -1.2905, 0.4755, 0.9943, -0.0298, 0.0938, 0.0407
49 209 6.970000 -0.8317, -1.3142, 0.4663, 0.9937, -0.0263, 0.1008, 0.0414
49 210 7.000000 -0.8298, -1.3376, 0.4556, 0.9941, -0.0216, 0.0975, 0.0422
49 211 7.040000 -0.8246, -1.3680, 0.4406, 0.9942, -0.0160, 0.0971, 0.0432
49 212 7.070000 -0.8185, -1.3903, 0.4300, 0.9934, -0.0120, 0.1058, 0.0435
49 213 7.100000 -0.8104, -1.4124, 0.4200, 0.9938, -0.0074, 0.1021, 0.0441
49 214 7.140000 -0.7965, -1.4414, 0.4077, 0.9937, -0.0014, 0.1032, 0.0444
49 215 7.170000 -0.7837, -1.4630, 0.3991, 0.9929, 0.0026, 0.1104, 0.0445
49 216 7.200000 -0.7689, -1.4846, 0.3909, 0.9938, 0.0071, 0.1011, 0.0445
49 217 7.240000 -0.7461, -1.5134, 0.3806, 0.9942, 0.0124, 0.0974, 0.0445
49 218 7.270000 -0.7268, -1.5352, 0.3732, 0.9939, 0.0157, 0.1000, 0.0444
49 219 7.300000 -0.7057, -1.5571, 0.3660, 0.9950, 0.0192, 0.0879, 0.0441
49 220 7.340000 -0.6751, -1.5869, 0.3568, 0.9956, 0.0228, 0.0799, 0.0437
49 221 7.370000 -0.6502, -1.6096, 0.3499, 0.9956, 0.0248, 0.0798, 0.0434
49 222 7.400000 -0.6240, -1.6327, 0.3431, 0.9966, 0.0267, 0.0659, 0.0428
49 223 7.440000 -0.5872, -1.6641, 0.3339, 0.9972, 0.0283, 0.0554, 0.0420
49 224 7.470000 -0.5583, -1.6882, 0.3269, 0.9973, 0.0287, 0.0529, 0.0415
49 225 7.500000 -0.5286, -1.7127, 0.3195, 0.9980, 0.0292, 0.0378, 0.0405
49 226 7.540000 -0.4878, -1.7462, 0.3090, 0.9985, 0.0292, 0.0260, 0.0394
49 227 7.570000 -0.4566, -1.7718, 0.3004, 0.9986, 0.0284, 0.0230, 0.0388
49 228 7.600000 -0.4251, -1.7978, 0.2911, 0.9989, 0.0274, 0.0091, 0.0378
49 229 7.640000 -0.3828, -1.8333, 0.2778, 0.9990, 0.0255, -0.0024, 0.0368
49 230 7.670000 -0.3510, -1.8603, 0.2669, 0.9991, 0.0236, -0.0027, 0.0361
49 231 7.700000 -0.3193, -1.8878, 0.2553, 0.9990, 0.0220, -0.0170, 0.0353
49 232 7.740000 -0.2773, -1.9249, 0.2385, 0.9990, 0.0186, -0.0237, 0.0342
49 233 7.770000 -0.2462, -1.9532, 0.2247, 0.9990, 0.0155, -0.0253, 0.0337
49 234 7.800000 -0.2155, -1.9816, 0.2099, 0.9988, 0.0121, -0.0355, 0.0328
49 235 7.840000 -0.1753, -2.0199, 0.1881, 0.9986, 0.0070, -0.0427, 0.0320
49 236 7.870000 -0.1459, -2.0488, 0.1700, 0.9986, 0.0022, -0.0416, 0.0311
49 237 7.900000 -0.1170, -2.0777, 0.1500, 0.9982, -0.0032, -0.0509, 0.0304
49 238 7.940000 -0.0796, -2.1162, 0.1204, 0.9980, -0.0123, -0.0555, 0.0293
49 239 7.970000 -0.0525, -2.1449, 0.0961, 0.9979, -0.0201, -0.0554, 0.0286
49 240 8.000000 -0.0262, -2.1733, 0.0707, 0.9972, -0.0286, -0.0628, 0.0277
49 241 8.040000 0.0070, -2.2103, 0.0384, 0.9967, -0.0374, -0.0664, 0.0271
49 242 8.070000 0.0301, -2.2372, 0.0169, 0.9969, -0.0432, -0.0600, 0.0262
49 243 8.100000 0.0518, -2.2631, -0.0021, 0.9961, -0.0490, -0.0692, 0.0260
49 244 8.140000 0.0784, -2.2960, -0.0237, 0.9951, -0.0594, -0.0748, 0.0256
49 245 8.170000 0.0965, -2.3191, -0.0375, 0.9955, -0.0662, -0.0641, 0.0240
49 246 8.200000 0.1131, -2.3410, -0.0494, 0.9942, -0.0725, -0.0750, 0.0245
49 247 8.240000 0.1328, -2.3677, -0.0629, 0.9943, -0.0802, -0.0668, 0.0229
49 248 8.270000 0.1460, -2.3859, -0.0712, 0.9942, -0.0870, -0.0594, 0.0221
49 249 8.300000 0.1579, -2.4023, -0.0782, 0.9936, -0.0929, -0.0609, 0.0215
49 250 8.340000 0.1718, -2.4212, -0.0857, 0.9932, -0.1000, -0.0557, 0.0208
49 251 8.370000 0.1810, -2.4331, -0.0899, 0.9933, -0.1052, -0.0440, 0.0193
49 252 8.400000 0.1892, -2.4429, -0.0931, 0.9926, -0.1097, -0.0478, 0.0195
49 253 8.440000 0.1986, -2.4525, -0.0957, 0.9923, -0.1152, -0.0412, 0.0186
49 254 8.470000 0.2048, -2.4570, -0.0965, 0.9924, -0.1184, -0.0284, 0.0172
49 255 8.500000 0.2103, -2.4592, -0.0966, 0.9920, -0.1208, -0.0316, 0.0177
49 256 8.540000 0.2167, -2.4587, -0.0963, 0.9920, -0.1234, -0.0218, 0.0168
49 257 8.570000 0.2211, -2.4557, -0.0960, 0.9920, -0.1251, -0.0078, 0.0154
49 258 8.600000 0.2253, -2.4505, -0.0958, 0.9919, -0.1257, -0.0070, 0.0157
49 259 8.640000 0.2307, -2.4400, -0.0955, 0.9919, -0.1263, 0.0018, 0.0153
49 260 8.670000 0.2348, -2.4294, -0.0952, 0.9918, -0.1259, 0.0146, 0.0142
49 261 8.700000 0.2390, -2.4166, -0.0948, 0.9920, -0.1244, 0.0155, 0.0147
49 262 8.740000 0.2452, -2.3959, -0.0941, 0.9922, -0.1209, 0.0249, 0.0144
49 263 8.770000 0.2504, -2.3777, -0.0934, 0.9922, -0.1178, 0.0389, 0.0132
49 264 8.800000 0.2562, -2.3574, -0.0925, 0.9928, -0.1133, 0.0364, 0.0140
49 265 8.840000 0.2651, -2.3270, -0.0910, 0.9934, -0.1061, 0.0410, 0.0141
49 266 8.870000 0.2726, -2.3019, -0.0898, 0.9937, -0.0995, 0.0496, 0.0135
49 267 8.900000 0.2810, -2.2751, -0.0885, 0.9947, -0.0914, 0.0437, 0.0145
49 268 8.940000 0.2934, -2.2367, -0.0867, 0.9958, -0.0792, 0.0425, 0.0149
49 269 8.970000 0.3036, -2.2062, -0.0854, 0.9963, -0.0693, 0.0483, 0.0148
49 270 9.000000 0.3147, -2.1745, -0.0842, 0.9974, -0.0583, 0.0382, 0.0158
49 271 9.040000 0.3305, -2.1305, -0.0822, 0.9983, -0.0435, 0.0360, 0.0165
49 272 9.070000 0.3432, -2.0966, -0.0803, 0.9986, -0.0327, 0.0377, 0.0165
49 273 9.100000 0.3566, -2.0620, -0.0778, 0.9992, -0.0217, 0.0286, 0.0172
49 274 9.140000 0.3753, -2.0152, -0.0736, 0.9996, -0.0086, 0.0214, 0.0173
49 275 9.170000 0.3899, -1.9800, -0.0695, 0.9995, 0.0008, 0.0254, 0.0176
49 276 9.200000 0.4050, -1.9447, -0.0647, 0.9997, 0.0099, 0.0150, 0.0175
49 277 9.240000 0.4256, -1.8980, -0.0569, 0.9996, 0.0216, 0.0059, 0.0175
49 278 9.270000 0.4412, -1.8634, -0.0499, 0.9994, 0.0288, 0.0102, 0.0175
49 279 9.300000 0.4571, -1.8293, -0.0418, 0.9992, 0.0351, -0.0004, 0.0171
49 280 9.340000 0.4783, -1.7851, -0.0293, 0.9990, 0.0416, -0.0040, 0.0168
49 281 9.370000 0.4942, -1.7528, -0.0183, 0.9988, 0.0452, 0.0001, 0.0168
49 282 9.400000 0.5101, -1.7215, -0.0059, 0.9987, 0.0478, -0.0110, 0.0160
49 283 9.440000 0.5311, -1.6813, 0.0132, 0.9986, 0.0487, -0.0163, 0.0153
49 284 9.470000 0.5465, -1.6524, 0.0294, 0.9987, 0.0474, -0.0109, 0.0151
49 285 9.500000 0.5617, -1.6244, 0.0468, 0.9987, 0.0443, -0.0202, 0.0141
49 286 9.540000 0.5815, -1.5882, 0.0698, 0.9988, 0.0394, -0.0243, 0.0132
49 287 9.570000 0.5959, -1.5619, 0.0860, 0.9990, 0.0358, -0.0246, 0.0127
49 288 9.600000 0.6100, -1.5361, 0.1010, 0.9987, 0.0324, -0.0363, 0.0118
49 289 9.640000 0.6279, -1.5025, 0.1195, 0.9986, 0.0280, -0.0432, 0.0111
49 290 9.670000 0.6407, -1.4779, 0.1324, 0.9987, 0.0249, -0.0421, 0.0108
49 291 9.700000 0.6526, -1.4537, 0.1446, 0.9983, 0.0221, -0.0520, 0.0103
49 292 9.740000 0.6674, -1.4219, 0.1600, 0.9982, 0.0187, -0.0570, 0.0099
49 293 9.770000 0.6774, -1.3985, 0.1710, 0.9984, 0.0162, -0.0538, 0.0099
49 294 9.800000 0.6864, -1.3754, 0.1817, 0.9979, 0.0142, -0.0631, 0.0097
49 295 9.840000 0.6968, -1.3450, 0.1955, 0.9977, 0.0118, -0.0668, 0.0097
49 296 9.870000 0.7033, -1.3224, 0.2057, 0.9979, 0.0103, -0.0629, 0.0099
49 297 9.900000 0.7087, -1.3000, 0.2160, 0.9973, 0.0094, -0.0719, 0.0100
49 298 9.940000 0.7139, -1.2705, 0.2298, 0.9971, 0.0088, -0.0751, 0.0104
49 299 9.970000 0.7164, -1.2485, 0.2402, 0.9974, 0.0087, -0.0703, 0.0109
49 300 10.000000 0.7175, -1.2267, 0.2507, 0.9967, 0.0096, -0.0798, 0.0113
49 301 10.040000 0.7169, -1.1979, 0.2639, 0.9959, 0.0109, -0.0885, 0.0118
49 302 10.070000 0.7149, -1.1766, 0.2729, 0.9958, 0.0121, -0.0899, 0.0122
49 303 10.100000 0.7114, -1.1554, 0.2810, 0.9949, 0.0133, -0.0990, 0.0126
49 304 10.140000 0.7044, -1.1276, 0.2906, 0.9945, 0.0150, -0.1032, 0.0129
49 305 10.170000 0.6972, -1.1070, 0.2968, 0.9952, 0.0155, -0.0957, 0.0134
49 306 10.200000 0.6883, -1.0868, 0.3024, 0.9945, 0.0168, -0.1021, 0.0134
49 307 10.240000 0.6740, -1.0602, 0.3087, 0.9949, 0.0188, -0.0978, 0.0139
49 308 10.270000 0.6614, -1.0406, 0.3128, 0.9957, 0.0204, -0.0891, 0.0142
49 309 10.300000 0.6473, -1.0214, 0.3162, 0.9955, 0.0222, -0.0908, 0.0142
49 310 10.340000 0.6263, -0.9964, 0.3199, 0.9961, 0.0243, -0.0834, 0.0144
49 311 10.370000 0.6089, -0.9782, 0.3221, 0.9970, 0.0263, -0.0709, 0.0147
49 312 10.400000 0.5903, -0.9604, 0.3236, 0.9970, 0.0288, -0.0696, 0.0147
49 313 10.440000 0.5638, -0.9375, 0.3248, 0.9975, 0.0330, -0.0610, 0.0147
49 314 10.470000 0.5428, -0.9209, 0.3251, 0.9982, 0.0360, -0.0465, 0.0151
49 315 10.500000 0.5209, -0.9050, 0.3250, 0.9981, 0.0393, -0.0449, 0.0148
49 316 10.540000 0.4907, -0.8849, 0.3250, 0.9983, 0.0437, -0.0362, 0.0146
49 317 10.570000 0.4673, -0.8707, 0.3255, 0.9985, 0.0466, -0.0227, 0.0148
49 318 10.600000 0.4434, -0.8575, 0.3265, 0.9984, 0.0498, -0.0243, 0.0143
49 319 10.640000 0.4109, -0.8413, 0.3289, 0.9983, 0.0537, -0.0174, 0.0141
49 320 10.670000 0.3863, -0.8304, 0.3314, 0.9983, 0.0564, -0.0055, 0.0142
49 321 10.700000 0.3615, -0.8205, 0.3346, 0.9982, 0.0587, -0.0070, 0.0136
49 322 10.740000 0.3284, -0.8091, 0.3401, 0.9980, 0.0614, -0.0006, 0.0133
49 323 10.770000 0.3036, -0.8019, 0.3451, 0.9978, 0.0630, 0.0121, 0.0135
49 324 10.800000 0.2790, -0.7960, 0.3510, 0.9978, 0.0640, 0.0096, 0.0128
49 325 10.840000 0.2466, -0.7900, 0.3603, 0.9977, 0.0645, 0.0157, 0.0123
49 326 10.870000 0.2228, -0.7870, 0.3684, 0.9975, 0.0642, 0.0280, 0.0126
49 327 10.900000 0.1995, -0.7853, 0.3776, 0.9976, 0.0632, 0.0245, 0.0118
49 328 10.940000 0.1693, -0.7850, 0.3918, 0.9976, 0.0609, 0.0293, 0.0114
49 329 10.970000 0.1475, -0.7862, 0.4039, 0.9974, 0.0582, 0.0400, 0.0116
49 330 11.000000 0.1264, -0.7885, 0.4166, 0.9979, 0.0547, 0.0338, 0.0109
49 331 11.040000 0.0992, -0.7930, 0.4330, 0.9981, 0.0489, 0.0369, 0.0102
49 332 11.070000 0.0795, -0.7972, 0.4440, 0.9979, 0.0453, 0.0452, 0.0101
49 333 11.100000 0.0605, -0.8022, 0.4536, 0.9982, 0.0417, 0.0421, 0.0091
49 334 11.140000 0.0362, -0.8097, 0.4644, 0.9983, 0.0380, 0.0445, 0.0083
49 335 11.170000 0.0189, -0.8161, 0.4712, 0.9980, 0.0351, 0.0516, 0.0076
49 336 11.200000 0.0023, -0.8230, 0.4770, 0.9983, 0.0324, 0.0480, 0.0068
49 337 11.240000 -0.0186, -0.8330, 0.4832, 0.9983, 0.0291, 0.0500, 0.0054
49 338 11.270000 -0.0332, -0.8410, 0.4867, 0.9980, 0.0269, 0.0568, 0.0048
49 339 11.300000 -0.0470, -0.8495, 0.4893, 0.9983, 0.0244, 0.0524, 0.0034
49 340 11.340000 -0.0641, -0.8613, 0.4913, 0.9983, 0.0207, 0.0540, 0.0021
49 341 11.370000 -0.0758, -0.8706, 0.4918, 0.9979, 0.0189, 0.0614, 0.0010
49 342 11.400000 -0.0866, -0.8802, 0.4914, 0.9983, 0.0166, 0.0554, -0.0003
49 343 11.440000 -0.0995, -0.8934, 0.4893, 0.9982, 0.0146, 0.0581, -0.0021
49 344 11.470000 -0.1081, -0.9036, 0.4867, 0.9978, 0.0127, 0.0646, -0.0034
49 345 11.500000 -0.1157, -0.9140, 0.4831, 0.9981, 0.0105, 0.0602, -0.0049
49 346 11.540000 -0.1242, -0.9281, 0.4776, 0.9981, 0.0072, 0.0605, -0.0069
49 347 11.570000 -0.1293, -0.9388, 0.4729, 0.9977, 0.0050, 0.0676, -0.0084
49 348 11.600000 -0.1333, -0.9497, 0.4679, 0.9980, 0.0019, 0.0623, -0.0100
49 349 11.640000 -0.1370, -0.9642, 0.4606, 0.9978, -0.0018, 0.0656, -0.0120
49 350 11.670000 -0.1384, -0.9751, 0.4546, 0.9970, -0.0048, 0.0756, -0.0137
49 351 11.700000 -0.1385, -0.9859, 0.4480, 0.9972, -0.0089, 0.0730, -0.0152
49 352 11.740000 -0.1368, -1.0001, 0.4381, 0.9969, -0.0139, 0.0750, -0.0173
49 353 11.770000 -0.1340, -1.0106, 0.4299, 0.9963, -0.0175, 0.0817, -0.0190
49 354 11.800000 -0.1300, -1.0208, 0.4208, 0.9968, -0.0220, 0.0746, -0.0205
49 355 11.840000 -0.1227, -1.0339, 0.4072, 0.9968, -0.0271, 0.0717, -0.0227
49 356 11.870000 -0.1158, -1.0432, 0.3956, 0.9965, -0.0306, 0.0741, -0.0246
49 357 11.900000 -0.1079, -1.0521, 0.3828, 0.9970, -0.0345, 0.0641, -0.0263
49 358 11.940000 -0.0957, -1.0633, 0.3635, 0.9972, -0.0388, 0.0575, -0.0288
49 359 11.970000 -0.0855, -1.0710, 0.3474, 0.9972, -0.0409, 0.0552, -0.0310
49 360 12.000000 -0.0745, -1.0781, 0.3300, 0.9976, -0.0431, 0.0422, -0.0328
49 361 12.040000 -0.0586, -1.0865, 0.3064, 0.9978, -0.0456, 0.0308, -0.0357
49 362 12.070000 -0.0459, -1.0918, 0.2888, 0.9976, -0.0470, 0.0341, -0.0379
49 363 12.100000 -0.0326, -1.0964, 0.2714, 0.9977, -0.0496, 0.0229, -0.0393
49 364 12.140000 -0.0142, -1.1011, 0.2481, 0.9977, -0.0521, 0.0158, -0.0413
49 365 12.170000 0.0001, -1.1036, 0.2304, 0.9975, -0.0539, 0.0175, -0.0428
49 366 12.200000 0.0147, -1.1052, 0.2124, 0.9974, -0.0565, 0.0048, -0.0435
49 367 12.240000 0.0344, -1.1058, 0.1876, 0.9973, -0.0591, -0.0015, -0.0444
49 368 12.270000 0.0493, -1.1052, 0.1682, 0.9971, -0.0605, -0.0011, -0.0452
49 369 12.300000 0.0641, -1.1036, 0.1480, 0.9970, -0.0624, -0.0121, -0.0451
49 370 12.340000 0.0837, -1.1000, 0.1192, 0.9967, -0.0642, -0.0188, -0.0451
49 371 12.370000 0.0982, -1.0961, 0.0960, 0.9967, -0.0652, -0.0187, -0.0452
49 372 12.400000 0.1125, -1.0913, 0.0710, 0.9964, -0.0664, -0.0292, -0.0443
49 373 12.440000 0.1310, -1.0835, 0.0344, 0.9961, -0.0678, -0.0365, -0.0433
49 374 12.470000 0.1444, -1.0765, 0.0046, 0.9960, -0.0688, -0.0383, -0.0425
49 375 12.500000 0.1572, -1.0684, -0.0262, 0.9956, -0.0693, -0.0479, -0.0409
49 376 12.540000 0.1727, -1.0552, -0.0642, 0.9954, -0.0705, -0.0524, -0.0392
49 377 12.570000 0.1830, -1.0432, -0.0882, 0.9955, -0.0722, -0.0485, -0.0386
49 378 12.600000 0.1920, -1.0291, -0.1080, 0.9949, -0.0715, -0.0615, -0.0367
49 379 12.640000 0.2018, -1.0074, -0.1282, 0.9946, -0.0700, -0.0683, -0.0350
49 380 12.670000 0.2074, -0.9890, -0.1389, 0.9954, -0.0668, -0.0600, -0.0343
49 381 12.700000 0.2114, -0.9689, -0.1460, 0.9953, -0.0624, -0.0659, -0.0327
49 382 12.740000 0.2145, -0.9396, -0.1500, 0.9960, -0.0533, -0.0641, -0.0312
49 383 12.770000 0.2151, -0.9160, -0.1491, 0.9972, -0.0460, -0.0508, -0.0307
49 384 12.800000 0.2144, -0.8912, -0.1447, 0.9970, -0.0384, -0.0605, -0.0294
49 385 12.840000 0.2114, -0.8566, -0.1336, 0.9981, -0.0289, -0.0475, -0.0280
49 386 12.870000 0.2079, -0.8297, -0.1210, 0.9987, -0.0186, -0.0382, -0.0278
49 387 12.900000 0.2034, -0.8024, -0.1048, 0.9991, -0.0080, -0.0330, -0.0259
49 388 12.940000 0.1962, -0.7657, -0.0773, 0.9991, 0.0077, -0.0326, -0.0256
49 389 12.970000 0.1901, -0.7382, -0.0524, 0.9995, 0.0177, -0.0090, -0.0240
49 390 13.000000 0.1836, -0.7112, -0.0250, 0.9991, 0.0289, -0.0179, -0.0238
49 391 13.040000 0.1746, -0.6759, 0.0114, 0.9987, 0.0443, -0.0106, -0.0225
49 392 13.070000 0.1676, -0.6502, 0.0367, 0.9982, 0.0552, 0.0027, -0.0213
49 393 13.100000 0.1607, -0.6252, 0.0600, 0.9977, 0.0648, 0.0044, -0.0205
49 394 13.140000 0.1516, -0.5934, 0.0888, 0.9968, 0.0765, 0.0108, -0.0195
49 395 13.170000 0.1450, -0.5709, 0.1092, 0.9961, 0.0836, 0.0215, -0.0182
49 396 13.200000 0.1386, -0.5498, 0.1287, 0.9956, 0.0896, 0.0184, -0.0180
49 397 13.240000 0.1306, -0.5240, 0.1540, 0.9950, 0.0953, 0.0225, -0.0171
49 398 13.270000 0.1252, -0.5065, 0.1726, 0.9945, 0.0986, 0.0329, -0.0157
49 399 13.300000 0.1202, -0.4909, 0.1911, 0.9943, 0.1006, 0.0318, -0.0154
49 400 13.340000 0.1145, -0.4728, 0.2159, 0.9939, 0.1023, 0.0389, -0.0142
49 401 13.370000 0.1111, -0.4615, 0.2347, 0.9936, 0.1014, 0.0473, -0.0128
49 402 13.400000 0.1085, -0.4521, 0.2540, 0.9941, 0.0991, 0.0433, -0.0128
49 403 13.440000 0.1063, -0.4425, 0.2805, 0.9947, 0.0935, 0.0416, -0.0120
49 404 13.470000 0.1057, -0.4374, 0.3011, 0.9948, 0.0880, 0.0509, -0.0106
49 405 13.500000 0.1059, -0.4340, 0.3219, 0.9958, 0.0813, 0.0395, -0.0106
49 406 13.540000 0.1073, -0.4315, 0.3485, 0.9967, 0.0703, 0.0406, -0.0097
49 407 13.570000 0.1091, -0.4308, 0.3668, 0.9974, 0.0617, 0.0369, -0.0088
49 408 13.600000 0.1114, -0.4311, 0.3838, 0.9982, 0.0531, 0.0273, -0.0091
49 409 13.640000 0.1151, -0.4328, 0.4045, 0.9989, 0.0423, 0.0188, -0.0085
49 410 13.670000 0.1183, -0.4349, 0.4190, 0.9991, 0.0340, 0.0221, -0.0079
49 411 13.700000 0.1218, -0.4375, 0.4326, 0.9996, 0.0261, 0.0109, -0.0077
49 412 13.740000 0.1269, -0.4416, 0.4497, 0.9999, 0.0141, 0.0037, -0.0073
49 413 13.770000 0.1308, -0.4450, 0.4619, 0.9999, 0.0059, 0.0055, -0.0068
49 414 13.800000 0.1347, -0.4485, 0.4738, 1.0000, -0.0021, -0.0062, -0.0065
49 415 13.840000 0.1399, -0.4531, 0.4893, 0.9999, -0.0112, -0.0088, -0.0060
49 416 13.870000 0.1437, -0.4564, 0.5009, 0.9998, -0.0184, -0.0101, -0.0058
49 417 13.900000 0.1472, -0.4593, 0.5126, 0.9994, -0.0252, -0.0212, -0.0054
49 418 13.940000 0.1515, -0.4624, 0.5286, 0.9991, -0.0342, -0.0248, -0.0051
49 419 13.970000 0.1542, -0.4641, 0.5409, 0.9990, -0.0399, -0.0195, -0.0050
49 420 14.000000 0.1565, -0.4651, 0.5530, 0.9986, -0.0452, -0.0289, -0.0047
49 421 14.040000 0.1591, -0.4654, 0.5667, 0.9983, -0.0508, -0.0299, -0.0043
49 422 14.070000 0.1606, -0.4648, 0.5742, 0.9981, -0.0546, -0.0265, -0.0045
49 423 14.100000 0.1617, -0.4636, 0.5791, 0.9979, -0.0577, -0.0306, -0.0039
49 424 14.140000 0.1627, -0.4608, 0.5817, 0.9977, -0.0606, -0.0312, -0.0038
49 425 14.170000 0.1630, -0.4578, 0.5809, 0.9977, -0.0624, -0.0259, -0.0039
49 426 14.200000 0.1629, -0.4539, 0.5777, 0.9975, -0.0635, -0.0305, -0.0036
49 427 14.240000 0.1622, -0.4476, 0.5697, 0.9975, -0.0643, -0.0291, -0.0033
49 428 14.270000 0.1613, -0.4418, 0.5608, 0.9977, -0.0637, -0.0240, -0.0036
49 429 14.300000 0.1601, -0.4353, 0.5495, 0.9977, -0.0624, -0.0268, -0.0031
49 430 14.340000 0.1580, -0.4253, 0.5301, 0.9979, -0.0595, -0.0256, -0.0030
49 431 14.370000 0.1561, -0.4170, 0.5121, 0.9982, -0.0570, -0.0195, -0.0031
49 432 14.400000 0.1540, -0.4081, 0.4909, 0.9983, -0.0539, -0.0225, -0.0028
49 433 14.440000 0.1508, -0.3953, 0.4569, 0.9986, -0.0491, -0.0203, -0.0027
49 434 14.470000 0.1482, -0.3852, 0.4272, 0.9989, -0.0447, -0.0159, -0.0028
49 435 14.500000 0.1453, -0.3744, 0.3949, 0.9990, -0.0401, -0.0183, -0.0025
49 436 14.540000 0.1411, -0.3589, 0.3528, 0.9993, -0.0339, -0.0171, -0.0023
49 437 14.570000 0.1375, -0.3464, 0.3243, 0.9995, -0.0297, -0.0109, -0.0024
49 438 14.600000 0.1336, -0.3331, 0.2987, 0.9996, -0.0255, -0.0152, -0.0022
49 439 14.640000 0.1280, -0.3146, 0.2689, 0.9997, -0.0208, -0.0137, -0.0021
49 440 14.670000 0.1235, -0.3001, 0.2495, 0.9998, -0.0183, -0.0047, -0.0021
49 441 14.700000 0.1188, -0.2852, 0.2322, 0.9998, -0.0156, -0.0114, -0.0018
49 442 14.740000 0.1123, -0.2648, 0.2123, 0.9999, -0.0118, -0.0104, -0.0018
49 443 14.770000 0.1072, -0.2491, 0.1997, 1.0000, -0.0096, -0.0018, -0.0018
49 444 14.800000 0.1021, -0.2333, 0.1888, 0.9999, -0.0079, -0.0095, -0.0018
49 445 14.840000 0.0950, -0.2120, 0.1769, 0.9999, -0.0064, -0.0089, -0.0017
49 446 14.870000 0.0896, -0.1958, 0.1699, 1.0000, -0.0054, -0.0007, -0.0017
49 447 14.900000 0.0841, -0.1795, 0.1645, 1.0000, -0.0048, -0.0083, -0.0016
49 448 14.940000 0.0766, -0.1576, 0.1596, 1.0000, -0.0044, -0.0083, -0.0016
49 449 14.970000 0.0709, -0.1411, 0.1577, 1.0000, -0.0043, -0.0003, -0.0017
