46 0 0.010000 2.1554, 1.3244, 3.0556, 1.0000, 0.0000, 0.0000, 0.0000
46 1 0.040000 2.1554, 1.3244, 3.0493, 0.9999, -0.0035, 0.0159, -0.0005
46 2 0.070000 2.1556, 1.3245, 3.0396, 0.9994, -0.0083, 0.0329, -0.0013
46 3 0.110000 2.1568, 1.3248, 3.0270, 0.9987, -0.0131, 0.0491, -0.0023
46 4 0.140000 2.1589, 1.3253, 3.0193, 0.9983, -0.0157, 0.0569, -0.0030
46 5 0.170000 2.1621, 1.3261, 3.0130, 0.9980, -0.0162, 0.0614, -0.0038
46 6 0.200000 2.1666, 1.3273, 3.0078, 0.9978, -0.0168, 0.0632, -0.0046
46 7 0.240000 2.1744, 1.3293, 3.0018, 0.9979, -0.0157, 0.0625, -0.0057
46 8 0.270000 2.1815, 1.3312, 2.9972, 0.9981, -0.0133, 0.0602, -0.0066
46 9 0.310000 2.1926, 1.3340, 2.9904, 0.9984, -0.0104, 0.0554, -0.0077
46 10 0.340000 2.2020, 1.3363, 2.9843, 0.9986, -0.0092, 0.0512, -0.0086
46 11 0.370000 2.2122, 1.3387, 2.9772, 0.9989, -0.0050, 0.0462, -0.0096
46 12 0.400000 2.2231, 1.3412, 2.9690, 0.9991, -0.0040, 0.0414, -0.0104
46 13 0.440000 2.2386, 1.3446, 2.9565, 0.9993, -0.0003, 0.0348, -0.0117
46 14 0.470000 2.2509, 1.3472, 2.9462, 0.9995, 0.0062, 0.0284, -0.0127
46 15 0.500000 2.2637, 1.3496, 2.9356, 0.9996, 0.0061, 0.0243, -0.0136
46 16 0.540000 2.2815, 1.3526, 2.9222, 0.9997, 0.0115, 0.0165, -0.0147
46 17 0.570000 2.2951, 1.3546, 2.9133, 0.9996, 0.0214, 0.0086, -0.0154
46 18 0.610000 2.3136, 1.3566, 2.9034, 0.9994, 0.0296, -0.0005, -0.0162
46 19 0.640000 2.3275, 1.3574, 2.8976, 0.9994, 0.0292, -0.0054, -0.0164
46 20 0.670000 2.3413, 1.3576, 2.8931, 0.9992, 0.0355, -0.0111, -0.0170
46 21 0.700000 2.3548, 1.3572, 2.8902, 0.9993, 0.0277, -0.0155, -0.0174
46 22 0.740000 2.3723, 1.3556, 2.8884, 0.9991, 0.0315, -0.0226, -0.0177
46 23 0.770000 2.3849, 1.3536, 2.8888, 0.9987, 0.0408, -0.0257, -0.0176
46 24 0.800000 2.3969, 1.3508, 2.8907, 0.9987, 0.0371, -0.0287, -0.0176
46 25 0.840000 2.4121, 1.3457, 2.8956, 0.9985, 0.0413, -0.0316, -0.0174
46 26 0.870000 2.4226, 1.3409, 2.9010, 0.9977, 0.0555, -0.0342, -0.0167
46 27 0.900000 2.4324, 1.3349, 2.9081, 0.9979, 0.0514, -0.0359, -0.0166
46 28 0.940000 2.4443, 1.3252, 2.9198, 0.9975, 0.0575, -0.0379, -0.0159
46 29 0.970000 2.4523, 1.3165, 2.9302, 0.9966, 0.0702, -0.0394, -0.0150
46 30 1.000000 2.4594, 1.3065, 2.9416, 0.9967, 0.0686, -0.0406, -0.0146
46 31 1.040000 2.4678, 1.2910, 2.9576, 0.9960, 0.0780, -0.0416, -0.0136
46 32 1.070000 2.4732, 1.2777, 2.9699, 0.9946, 0.0941, -0.0415, -0.0126
46 33 1.110000 2.4791, 1.2574, 2.9863, 0.9931, 0.1097, -0.0405, -0.0113
46 34 1.140000 2.4827, 1.2400, 2.9987, 0.9923, 0.1166, -0.0396, -0.0106
46 35 1.170000 2.4855, 1.2203, 3.0113, 0.9904, 0.1327, -0.0381, -0.0094
46 36 1.210000 2.4881, 1.1904, 3.0287, 0.9892, 0.1423, -0.0355, -0.0082
46 37 1.240000 2.4893, 1.1648, 3.0423, 0.9899, 0.1376, -0.0328, -0.0076
46 38 1.270000 2.4897, 1.1365, 3.0566, 0.9887, 0.1468, -0.0303, -0.0065
46 39 1.310000 2.4894, 1.0943, 3.0771, 0.9891, 0.1448, -0.0270, -0.0055
46 40 1.340000 2.4884, 1.0592, 3.0937, 0.9906, 0.1347, -0.0241, -0.0049
46 41 1.370000 2.4870, 1.0213, 3.1115, 0.9902, 0.1380, -0.0212, -0.0040
46 42 1.410000 2.4844, 0.9665, 3.1373, 0.9915, 0.1289, -0.0163, -0.0030
46 43 1.440000 2.4820, 0.9224, 3.1580, 0.9934, 0.1137, -0.0128, -0.0025
46 44 1.470000 2.4794, 0.8760, 3.1795, 0.9937, 0.1118, -0.0096, -0.0018
46 45 1.510000 2.4756, 0.8111, 3.2080, 0.9948, 0.1021, -0.0054, -0.0012
46 46 1.540000 2.4726, 0.7606, 3.2278, 0.9964, 0.0844, -0.0027, -0.0008
46 47 1.570000 2.4697, 0.7090, 3.2454, 0.9970, 0.0771, -0.0004, -0.0005
46 48 1.610000 2.4657, 0.6387, 3.2652, 0.9982, 0.0595, 0.0018, -0.0003
46 49 1.640000 2.4627, 0.5851, 3.2774, 0.9991, 0.0418, 0.0033, -0.0001
46 50 1.670000 2.4598, 0.5309, 3.2874, 0.9994, 0.0347, 0.0042, 0.0000
46 51 1.710000 2.4560, 0.4579, 3.2975, 0.9998, 0.0197, 0.0048, 0.0001
46 52 1.740000 2.4532, 0.4029, 3.3029, 1.0000, 0.0036, 0.0047, 0.0002
46 53 1.770000 2.4505, 0.3478, 3.3065, 1.0000, -0.0017, 0.0044, 0.0003
46 54 1.810000 2.4469, 0.2744, 3.3083, 0.9999, -0.0154, 0.0033, 0.0004
46 55 1.840000 2.4443, 0.2196, 3.3075, 0.9996, -0.0299, 0.0021, 0.0005
46 56 1.870000 2.4418, 0.1653, 3.3049, 0.9994, -0.0345, 0.0007, 0.0006
46 57 1.910000 2.4384, 0.0936, 3.2984, 0.9989, -0.0462, -0.0016, 0.0008
46 58 1.940000 2.4358, 0.0406, 3.2914, 0.9982, -0.0601, -0.0037, 0.0009
46 59 1.970000 2.4331, -0.0116, 3.2830, 0.9979, -0.0638, -0.0060, 0.0011
46 60 2.010000 2.4295, -0.0794, 3.2704, 0.9971, -0.0752, -0.0092, 0.0014
46 61 2.040000 2.4265, -0.1287, 3.2612, 0.9961, -0.0875, -0.0122, 0.0016
46 62 2.070000 2.4233, -0.1763, 3.2528, 0.9964, -0.0834, -0.0150, 0.0019
46 63 2.110000 2.4186, -0.2370, 3.2436, 0.9960, -0.0873, -0.0191, 0.0020
46 64 2.140000 2.4146, -0.2804, 3.2381, 0.9951, -0.0962, -0.0217, 0.0020
46 65 2.170000 2.4101, -0.3218, 3.2339, 0.9955, -0.0912, -0.0243, 0.0020
46 66 2.210000 2.4034, -0.3741, 3.2303, 0.9951, -0.0950, -0.0274, 0.0018
46 67 2.240000 2.3977, -0.4110, 3.2289, 0.9938, -0.1071, -0.0298, 0.0012
46 68 2.270000 2.3914, -0.4458, 3.2287, 0.9938, -0.1060, -0.0322, 0.0010
46 69 2.310000 2.3820, -0.4887, 3.2302, 0.9927, -0.1150, -0.0356, 0.0004
46 70 2.340000 2.3741, -0.5180, 3.2325, 0.9914, -0.1254, -0.0379, -0.0002
46 71 2.370000 2.3654, -0.5449, 3.2360, 0.9917, -0.1219, -0.0402, -0.0005
46 72 2.410000 2.3526, -0.5769, 3.2422, 0.9917, -0.1212, -0.0437, -0.0009
46 73 2.440000 2.3420, -0.5978, 3.2481, 0.9903, -0.1312, -0.0463, -0.0020
46 74 2.470000 2.3304, -0.6162, 3.2550, 0.9913, -0.1215, -0.0495, -0.0020
46 75 2.510000 2.3135, -0.6370, 3.2651, 0.9911, -0.1219, -0.0531, -0.0031
46 76 2.540000 2.2997, -0.6498, 3.2730, 0.9905, -0.1263, -0.0547, -0.0041
46 77 2.570000 2.2849, -0.6604, 3.2809, 0.9916, -0.1170, -0.0557, -0.0045
46 78 2.610000 2.2637, -0.6712, 3.2912, 0.9921, -0.1123, -0.0556, -0.0053
46 79 2.640000 2.2466, -0.6769, 3.2989, 0.9920, -0.1136, -0.0545, -0.0063
46 80 2.670000 2.2285, -0.6806, 3.3065, 0.9936, -0.1000, -0.0527, -0.0065
46 81 2.710000 2.2030, -0.6825, 3.3169, 0.9946, -0.0914, -0.0492, -0.0071
46 82 2.740000 2.1828, -0.6819, 3.3249, 0.9948, -0.0900, -0.0460, -0.0078
46 83 2.770000 2.1617, -0.6797, 3.3333, 0.9961, -0.0766, -0.0426, -0.0077
46 84 2.800000 2.1398, -0.6760, 3.3421, 0.9964, -0.0747, -0.0386, -0.0081
46 85 2.840000 2.1096, -0.6689, 3.3547, 0.9973, -0.0654, -0.0323, -0.0081
46 86 2.870000 2.0862, -0.6622, 3.3650, 0.9984, -0.0494, -0.0272, -0.0078
46 87 2.900000 2.0623, -0.6545, 3.3761, 0.9985, -0.0492, -0.0219, -0.0077
46 88 2.940000 2.0297, -0.6429, 3.3919, 0.9991, -0.0398, -0.0155, -0.0071
46 89 2.970000 2.0050, -0.6333, 3.4043, 0.9996, -0.0257, -0.0097, -0.0064
46 90 3.000000 1.9801, -0.6232, 3.4168, 0.9995, -0.0295, -0.0042, -0.0057
46 91 3.040000 1.9467, -0.6091, 3.4325, 0.9998, -0.0187, 0.0030, -0.0047
46 92 3.070000 1.9218, -0.5983, 3.4429, 0.9999, -0.0090, 0.0066, -0.0037
46 93 3.100000 1.8970, -0.5872, 3.4520, 0.9999, -0.0054, 0.0096, -0.0031
46 94 3.140000 1.8640, -0.5724, 3.4622, 0.9999, -0.0005, 0.0129, -0.0019
46 95 3.170000 1.8396, -0.5614, 3.4686, 0.9998, 0.0113, 0.0154, -0.0013
46 96 3.200000 1.8154, -0.5505, 3.4739, 0.9998, 0.0079, 0.0166, -0.0005
46 97 3.240000 1.7835, -0.5362, 3.4794, 0.9998, 0.0119, 0.0173, 0.0003
46 98 3.270000 1.7599, -0.5257, 3.4825, 0.9997, 0.0194, 0.0177, 0.0008
46 99 3.300000 1.7366, -0.5155, 3.4847, 0.9997, 0.0152, 0.0174, 0.0014
46 100 3.340000 1.7059, -0.5024, 3.4864, 0.9997, 0.0177, 0.0167, 0.0020
46 101 3.370000 1.6833, -0.4930, 3.4867, 0.9995, 0.0261, 0.0157, 0.0022
46 102 3.400000 1.6608, -0.4839, 3.4862, 0.9996, 0.0228, 0.0144, 0.0026
46 103 3.440000 1.6313, -0.4724, 3.4841, 0.9996, 0.0258, 0.0125, 0.0028
46 104 3.470000 1.6094, -0.4643, 3.4814, 0.9994, 0.0341, 0.0107, 0.0028
46 105 3.500000 1.5876, -0.4567, 3.4776, 0.9995, 0.0305, 0.0086, 0.0029
46 106 3.540000 1.5588, -0.4473, 3.4701, 0.9994, 0.0341, 0.0061, 0.0028
46 107 3.570000 1.5373, -0.4408, 3.4624, 0.9991, 0.0422, 0.0045, 0.0028
46 108 3.600000 1.5159, -0.4349, 3.4528, 0.9991, 0.0412, 0.0032, 0.0028
46 109 3.640000 1.4874, -0.4280, 3.4367, 0.9989, 0.0468, 0.0017, 0.0029
46 110 3.670000 1.4660, -0.4235, 3.4221, 0.9985, 0.0543, 0.0008, 0.0029
46 111 3.700000 1.4447, -0.4197, 3.4051, 0.9987, 0.0514, 0.0000, 0.0030
46 112 3.740000 1.4163, -0.4157, 3.3783, 0.9986, 0.0519, -0.0008, 0.0032
46 113 3.770000 1.3949, -0.4135, 3.3548, 0.9985, 0.0551, -0.0012, 0.0034
46 114 3.800000 1.3736, -0.4118, 3.3282, 0.9988, 0.0492, -0.0016, 0.0036
46 115 3.840000 1.3451, -0.4104, 3.2870, 0.9990, 0.0455, -0.0018, 0.0040
46 116 3.870000 1.3237, -0.4100, 3.2515, 0.9990, 0.0451, -0.0018, 0.0043
46 117 3.900000 1.3023, -0.4099, 3.2117, 0.9993, 0.0381, -0.0017, 0.0047
46 118 3.940000 1.2737, -0.4103, 3.1519, 0.9995, 0.0320, -0.0015, 0.0053
46 119 3.970000 1.2523, -0.4110, 3.1026, 0.9996, 0.0291, -0.0012, 0.0059
46 120 4.000000 1.2308, -0.4120, 3.0507, 0.9998, 0.0198, -0.0008, 0.0065
46 121 4.040000 1.2022, -0.4140, 2.9817, 0.9999, 0.0115, -0.0005, 0.0072
46 122 4.070000 1.1807, -0.4159, 2.9320, 0.9999, 0.0107, -0.0009, 0.0075
46 123 4.100000 1.1592, -0.4179, 2.8848, 1.0000, 0.0014, -0.0019, 0.0075
46 124 4.140000 1.1305, -0.4208, 2.8252, 1.0000, -0.0008, -0.0044, 0.0079
46 125 4.170000 1.1089, -0.4230, 2.7826, 0.9999, 0.0056, -0.0051, 0.0078
46 126 4.200000 1.0871, -0.4253, 2.7412, 0.9999, -0.0043, -0.0061, 0.0079
46 127 4.240000 1.0580, -0.4284, 2.6874, 0.9999, -0.0079, -0.0056, 0.0076
46 128 4.270000 1.0360, -0.4306, 2.6473, 0.9999, -0.0054, -0.0064, 0.0074
46 129 4.300000 1.0139, -0.4326, 2.6070, 0.9998, -0.0167, -0.0071, 0.0070
46 130 4.340000 0.9842, -0.4350, 2.5522, 0.9997, -0.0201, -0.0092, 0.0063
46 131 4.370000 0.9618, -0.4365, 2.5096, 0.9998, -0.0176, -0.0093, 0.0059
46 132 4.400000 0.9393, -0.4377, 2.4654, 0.9997, -0.0237, -0.0095, 0.0051
46 133 4.440000 0.9090, -0.4389, 2.4036, 0.9997, -0.0244, -0.0089, 0.0042
46 134 4.470000 0.8862, -0.4394, 2.3553, 0.9998, -0.0205, -0.0084, 0.0032
46 135 4.500000 0.8632, -0.4395, 2.3062, 0.9997, -0.0242, -0.0075, 0.0021
46 136 4.540000 0.8323, -0.4390, 2.2425, 0.9996, -0.0264, -0.0052, 0.0009
46 137 4.570000 0.8090, -0.4380, 2.1977, 0.9998, -0.0214, -0.0044, 0.0002
46 138 4.600000 0.7856, -0.4364, 2.1557, 0.9994, -0.0344, -0.0033, -0.0006
46 139 4.640000 0.7543, -0.4333, 2.1037, 0.9993, -0.0374, -0.0022, -0.0014
46 140 4.670000 0.7307, -0.4300, 2.0673, 0.9996, -0.0294, -0.0012, -0.0019
46 141 4.700000 0.7071, -0.4261, 2.0327, 0.9993, -0.0368, 0.0002, -0.0022
46 142 4.740000 0.6757, -0.4198, 1.9888, 0.9995, -0.0314, 0.0025, -0.0027
46 143 4.770000 0.6522, -0.4145, 1.9571, 0.9998, -0.0206, 0.0041, -0.0028
46 144 4.800000 0.6287, -0.4086, 1.9261, 0.9997, -0.0218, 0.0060, -0.0029
46 145 4.840000 0.5977, -0.4004, 1.8852, 0.9998, -0.0149, 0.0088, -0.0026
46 146 4.870000 0.5745, -0.3939, 1.8546, 0.9999, -0.0012, 0.0112, -0.0024
46 147 4.900000 0.5516, -0.3874, 1.8235, 0.9999, -0.0005, 0.0136, -0.0019
46 148 4.940000 0.5213, -0.3788, 1.7812, 0.9998, 0.0107, 0.0165, -0.0011
46 149 4.970000 0.4990, -0.3725, 1.7489, 0.9995, 0.0253, 0.0193, -0.0003
46 150 5.000000 0.4769, -0.3667, 1.7164, 0.9993, 0.0296, 0.0220, 0.0009
46 151 5.040000 0.4482, -0.3599, 1.6743, 0.9988, 0.0406, 0.0267, 0.0024
46 152 5.070000 0.4273, -0.3559, 1.6444, 0.9982, 0.0520, 0.0296, 0.0035
46 153 5.100000 0.4071, -0.3528, 1.6161, 0.9983, 0.0476, 0.0321, 0.0048
46 154 5.140000 0.3811, -0.3504, 1.5804, 0.9981, 0.0504, 0.0348, 0.0063
46 155 5.170000 0.3624, -0.3498, 1.5548, 0.9975, 0.0605, 0.0370, 0.0071
46 156 5.200000 0.3444, -0.3503, 1.5301, 0.9976, 0.0575, 0.0385, 0.0082
46 157 5.240000 0.3216, -0.3528, 1.4979, 0.9969, 0.0662, 0.0407, 0.0092
46 158 5.270000 0.3054, -0.3561, 1.4740, 0.9961, 0.0769, 0.0421, 0.0097
46 159 5.300000 0.2899, -0.3607, 1.4499, 0.9964, 0.0725, 0.0428, 0.0107
46 160 5.340000 0.2704, -0.3688, 1.4170, 0.9963, 0.0731, 0.0433, 0.0116
46 161 5.370000 0.2566, -0.3763, 1.3915, 0.9960, 0.0772, 0.0433, 0.0120
46 162 5.400000 0.2435, -0.3850, 1.3649, 0.9966, 0.0688, 0.0428, 0.0128
46 163 5.440000 0.2271, -0.3983, 1.3277, 0.9971, 0.0622, 0.0414, 0.0135
46 164 5.470000 0.2156, -0.4095, 1.2989, 0.9973, 0.0607, 0.0397, 0.0138
46 165 5.500000 0.2049, -0.4217, 1.2701, 0.9981, 0.0464, 0.0370, 0.0145
46 166 5.540000 0.1918, -0.4395, 1.2348, 0.9987, 0.0345, 0.0329, 0.0151
46 167 5.570000 0.1829, -0.4541, 1.2121, 0.9985, 0.0426, 0.0308, 0.0150
46 168 5.600000 0.1749, -0.4696, 1.1931, 0.9989, 0.0332, 0.0287, 0.0154
46 169 5.640000 0.1652, -0.4917, 1.1734, 0.9991, 0.0300, 0.0263, 0.0156
46 170 5.670000 0.1588, -0.5092, 1.1627, 0.9988, 0.0381, 0.0247, 0.0155
46 171 5.700000 0.1530, -0.5276, 1.1554, 0.9993, 0.0239, 0.0224, 0.0159
46 172 5.740000 0.1461, -0.5531, 1.1507, 0.9995, 0.0193, 0.0200, 0.0161
46 173 5.770000 0.1415, -0.5729, 1.1509, 0.9994, 0.0231, 0.0184, 0.0161
46 174 5.800000 0.1374, -0.5932, 1.1544, 0.9997, 0.0082, 0.0162, 0.0165
46 175 5.840000 0.1325, -0.6207, 1.1644, 0.9998, 0.0027, 0.0130, 0.0167
46 176 5.870000 0.1292, -0.6415, 1.1759, 0.9998, 0.0071, 0.0111, 0.0169
46 177 5.900000 0.1262, -0.6624, 1.1910, 0.9998, -0.0066, 0.0086, 0.0173
46 178 5.940000 0.1226, -0.6902, 1.2167, 0.9998, -0.0115, 0.0057, 0.0178
46 179 5.970000 0.1200, -0.7109, 1.2396, 0.9998, -0.0021, 0.0039, 0.0181
46 180 6.000000 0.1175, -0.7314, 1.2646, 0.9998, -0.0104, 0.0019, 0.0186
46 181 6.040000 0.1142, -0.7586, 1.2979, 0.9998, -0.0101, -0.0001, 0.0192
46 182 6.070000 0.1118, -0.7788, 1.3211, 0.9998, -0.0104, -0.0012, 0.0196
46 183 6.100000 0.1093, -0.7989, 1.3424, 0.9996, -0.0218, -0.0023, 0.0199
46 184 6.140000 0.1059, -0.8253, 1.3680, 0.9993, -0.0317, -0.0028, 0.0203
46 185 6.170000 0.1033, -0.8446, 1.3852, 0.9992, -0.0335, -0.0026, 0.0205
46 186 6.200000 0.1007, -0.8634, 1.4011, 0.9988, -0.0435, -0.0023, 0.0205
46 187 6.240000 0.0971, -0.8874, 1.4204, 0.9986, -0.0485, -0.0009, 0.0204
46 188 6.270000 0.0944, -0.9046, 1.4336, 0.9988, -0.0438, 0.0009, 0.0202
46 189 6.300000 0.0917, -0.9211, 1.4459, 0.9985, -0.0507, 0.0028, 0.0198
46 190 6.340000 0.0881, -0.9419, 1.4612, 0.9986, -0.0491, 0.0062, 0.0192
46 191 6.370000 0.0856, -0.9566, 1.4718, 0.9989, -0.0419, 0.0092, 0.0185
46 192 6.400000 0.0831, -0.9705, 1.4817, 0.9987, -0.0451, 0.0124, 0.0178
46 193 6.440000 0.0802, -0.9880, 1.4942, 0.9989, -0.0408, 0.0177, 0.0167
46 194 6.470000 0.0783, -1.0004, 1.5032, 0.9992, -0.0303, 0.0218, 0.0156
46 195 6.500000 0.0768, -1.0122, 1.5121, 0.9991, -0.0307, 0.0261, 0.0146
46 196 6.540000 0.0755, -1.0271, 1.5249, 0.9992, -0.0242, 0.0304, 0.0134
46 197 6.570000 0.0753, -1.0378, 1.5356, 0.9993, -0.0119, 0.0324, 0.0123
46 198 6.600000 0.0757, -1.0482, 1.5476, 0.9993, -0.0145, 0.0334, 0.0117
46 199 6.640000 0.0772, -1.0616, 1.5659, 0.9994, -0.0067, 0.0331, 0.0106
46 200 6.670000 0.0792, -1.0717, 1.5814, 0.9994, 0.0092, 0.0318, 0.0095
46 201 6.700000 0.0819, -1.0818, 1.5987, 0.9995, 0.0115, 0.0298, 0.0088
46 202 6.740000 0.0864, -1.0958, 1.6248, 0.9994, 0.0241, 0.0256, 0.0073
46 203 6.770000 0.0905, -1.1070, 1.6469, 0.9990, 0.0382, 0.0217, 0.0059
46 204 6.800000 0.0951, -1.1190, 1.6714, 0.9993, 0.0337, 0.0172, 0.0048
46 205 6.840000 0.1018, -1.1363, 1.7084, 0.9993, 0.0345, 0.0104, 0.0030
46 206 6.870000 0.1072, -1.1503, 1.7398, 0.9990, 0.0435, 0.0048, 0.0013
46 207 6.900000 0.1127, -1.1654, 1.7745, 0.9995, 0.0318, -0.0011, -0.0002
46 208 6.940000 0.1199, -1.1868, 1.8263, 0.9995, 0.0294, -0.0090, -0.0025
46 209 6.970000 0.1251, -1.2038, 1.8688, 0.9991, 0.0387, -0.0150, -0.0043
46 210 7.000000 0.1300, -1.2215, 1.9131, 0.9993, 0.0307, -0.0202, -0.0062
46 211 7.040000 0.1360, -1.2460, 1.9704, 0.9992, 0.0270, -0.0266, -0.0088
46 212 7.070000 0.1402, -1.2648, 2.0099, 0.9993, 0.0202, -0.0308, -0.0106
46 213 7.100000 0.1440, -1.2838, 2.0461, 0.9993, 0.0055, -0.0340, -0.0124
46 214 7.140000 0.1485, -1.3092, 2.0895, 0.9991, -0.0080, -0.0385, -0.0143
46 215 7.170000 0.1513, -1.3282, 2.1188, 0.9989, -0.0131, -0.0417, -0.0154
46 216 7.200000 0.1536, -1.3470, 2.1457, 0.9985, -0.0261, -0.0444, -0.0167
46 217 7.240000 0.1557, -1.3715, 2.1786, 0.9981, -0.0363, -0.0474, -0.0179
46 218 7.270000 0.1565, -1.3893, 2.2013, 0.9979, -0.0382, -0.0494, -0.0184
46 219 7.300000 0.1566, -1.4065, 2.2226, 0.9973, -0.0508, -0.0503, -0.0193
46 220 7.340000 0.1555, -1.4283, 2.2492, 0.9967, -0.0599, -0.0512, -0.0201
46 221 7.370000 0.1537, -1.4435, 2.2682, 0.9966, -0.0608, -0.0514, -0.0202
46 222 7.400000 0.1512, -1.4577, 2.2864, 0.9958, -0.0733, -0.0506, -0.0209
46 223 7.440000 0.1465, -1.4747, 2.3099, 0.9952, -0.0816, -0.0489, -0.0213
46 224 7.470000 0.1420, -1.4859, 2.3270, 0.9953, -0.0812, -0.0473, -0.0213
46 225 7.500000 0.1367, -1.4956, 2.3437, 0.9944, -0.0930, -0.0449, -0.0218
46 226 7.540000 0.1286, -1.5062, 2.3653, 0.9938, -0.1003, -0.0421, -0.0220
46 227 7.570000 0.1217, -1.5122, 2.3808, 0.9940, -0.0997, -0.0400, -0.0220
46 228 7.600000 0.1141, -1.5165, 2.3959, 0.9925, -0.1138, -0.0378, -0.0226
46 229 7.640000 0.1031, -1.5191, 2.4156, 0.9915, -0.1234, -0.0350, -0.0231
46 230 7.670000 0.0942, -1.5187, 2.4300, 0.9919, -0.1207, -0.0331, -0.0233
46 231 7.700000 0.0847, -1.5160, 2.4443, 0.9908, -0.1296, -0.0311, -0.0239
46 232 7.740000 0.0713, -1.5088, 2.4634, 0.9910, -0.1289, -0.0286, -0.0243
46 233 7.770000 0.0607, -1.5007, 2.4779, 0.9922, -0.1196, -0.0269, -0.0245
46 234 7.800000 0.0497, -1.4903, 2.4926, 0.9919, -0.1221, -0.0250, -0.0249
46 235 7.840000 0.0343, -1.4730, 2.5131, 0.9929, -0.1137, -0.0223, -0.0253
46 236 7.870000 0.0223, -1.4574, 2.5292, 0.9946, -0.0985, -0.0205, -0.0253
46 237 7.900000 0.0099, -1.4399, 2.5462, 0.9949, -0.0959, -0.0185, -0.0255
46 238 7.940000 -0.0070, -1.4137, 2.5702, 0.9961, -0.0823, -0.0163, -0.0255
46 239 7.970000 -0.0201, -1.3922, 2.5891, 0.9976, -0.0627, -0.0145, -0.0254
46 240 8.000000 -0.0333, -1.3695, 2.6083, 0.9978, -0.0601, -0.0129, -0.0253
46 241 8.040000 -0.0513, -1.3379, 2.6321, 0.9988, -0.0401, -0.0111, -0.0248
46 242 8.070000 -0.0650, -1.3136, 2.6479, 0.9995, -0.0199, -0.0095, -0.0242
46 243 8.100000 -0.0787, -1.2889, 2.6618, 0.9996, -0.0102, -0.0078, -0.0237
46 244 8.140000 -0.0973, -1.2558, 2.6776, 0.9997, 0.0063, -0.0052, -0.0227
46 245 8.170000 -0.1113, -1.2311, 2.6876, 0.9995, 0.0226, -0.0034, -0.0220
46 246 8.200000 -0.1253, -1.2068, 2.6963, 0.9994, 0.0267, -0.0013, -0.0212
46 247 8.240000 -0.1441, -1.1750, 2.7060, 0.9991, 0.0377, 0.0011, -0.0201
46 248 8.270000 -0.1582, -1.1518, 2.7118, 0.9985, 0.0505, 0.0031, -0.0191
46 249 8.300000 -0.1722, -1.1294, 2.7166, 0.9985, 0.0505, 0.0048, -0.0181
46 250 8.340000 -0.1909, -1.1008, 2.7212, 0.9982, 0.0570, 0.0072, -0.0168
46 251 8.370000 -0.2047, -1.0805, 2.7234, 0.9976, 0.0663, 0.0087, -0.0157
46 252 8.400000 -0.2185, -1.0611, 2.7245, 0.9978, 0.0646, 0.0101, -0.0146
46 253 8.440000 -0.2366, -1.0369, 2.7242, 0.9973, 0.0708, 0.0115, -0.0131
46 254 8.470000 -0.2500, -1.0201, 2.7227, 0.9964, 0.0828, 0.0126, -0.0120
46 255 8.500000 -0.2632, -1.0046, 2.7204, 0.9964, 0.0825, 0.0135, -0.0108
46 256 8.540000 -0.2805, -0.9861, 2.7165, 0.9961, 0.0865, 0.0146, -0.0093
46 257 8.570000 -0.2932, -0.9741, 2.7133, 0.9952, 0.0966, 0.0150, -0.0082
46 258 8.600000 -0.3056, -0.9637, 2.7101, 0.9958, 0.0898, 0.0146, -0.0071
46 259 8.640000 -0.3218, -0.9524, 2.7055, 0.9957, 0.0911, 0.0144, -0.0056
46 260 8.670000 -0.3337, -0.9458, 2.7018, 0.9954, 0.0944, 0.0141, -0.0047
46 261 8.700000 -0.3453, -0.9409, 2.6978, 0.9961, 0.0868, 0.0136, -0.0035
46 262 8.740000 -0.3605, -0.9367, 2.6922, 0.9967, 0.0806, 0.0119, -0.0023
46 263 8.770000 -0.3716, -0.9352, 2.6875, 0.9964, 0.0837, 0.0108, -0.0013
46 264 8.800000 -0.3825, -0.9351, 2.6825, 0.9974, 0.0717, 0.0092, -0.0002
46 265 8.840000 -0.3969, -0.9370, 2.6752, 0.9980, 0.0633, 0.0080, 0.0012
46 266 8.870000 -0.4075, -0.9397, 2.6693, 0.9980, 0.0636, 0.0066, 0.0023
46 267 8.900000 -0.4179, -0.9434, 2.6629, 0.9988, 0.0483, 0.0043, 0.0032
46 268 8.940000 -0.4318, -0.9498, 2.6536, 0.9991, 0.0411, 0.0009, 0.0048
46 269 8.970000 -0.4422, -0.9553, 2.6459, 0.9993, 0.0374, -0.0013, 0.0059
46 270 9.000000 -0.4526, -0.9615, 2.6373, 0.9996, 0.0262, -0.0036, 0.0073
46 271 9.040000 -0.4665, -0.9703, 2.6237, 0.9998, 0.0140, -0.0070, 0.0087
46 272 9.070000 -0.4771, -0.9773, 2.6115, 0.9998, 0.0127, -0.0092, 0.0100
46 273 9.100000 -0.4878, -0.9844, 2.5974, 0.9999, 0.0013, -0.0115, 0.0109
46 274 9.140000 -0.5022, -0.9939, 2.5752, 0.9998, -0.0068, -0.0144, 0.0123
46 275 9.170000 -0.5133, -1.0010, 2.5560, 0.9998, -0.0070, -0.0163, 0.0132
46 276 9.200000 -0.5246, -1.0080, 2.5343, 0.9996, -0.0147, -0.0185, 0.0140
46 277 9.240000 -0.5400, -1.0170, 2.5011, 0.9995, -0.0172, -0.0210, 0.0151
46 278 9.270000 -0.5518, -1.0236, 2.4728, 0.9995, -0.0138, -0.0226, 0.0158
46 279 9.300000 -0.5639, -1.0301, 2.4410, 0.9994, -0.0171, -0.0242, 0.0164
46 280 9.340000 -0.5804, -1.0384, 2.3928, 0.9994, -0.0148, -0.0259, 0.0171
46 281 9.370000 -0.5930, -1.0445, 2.3514, 0.9994, -0.0093, -0.0268, 0.0176
46 282 9.400000 -0.6059, -1.0506, 2.3051, 0.9994, -0.0085, -0.0276, 0.0179
46 283 9.440000 -0.6233, -1.0586, 2.2351, 0.9994, -0.0028, -0.0282, 0.0182
46 284 9.470000 -0.6366, -1.0646, 2.1767, 0.9994, 0.0042, -0.0282, 0.0184
46 285 9.500000 -0.6502, -1.0706, 2.1151, 0.9994, 0.0075, -0.0282, 0.0183
46 286 9.540000 -0.6693, -1.0789, 2.0349, 0.9993, 0.0144, -0.0280, 0.0183
46 287 9.570000 -0.6844, -1.0857, 1.9796, 0.9992, 0.0230, -0.0279, 0.0184
46 288 9.600000 -0.7003, -1.0930, 1.9291, 0.9992, 0.0228, -0.0279, 0.0184
46 289 9.640000 -0.7226, -1.1039, 1.8690, 0.9992, 0.0245, -0.0238, 0.0186
46 290 9.670000 -0.7401, -1.1129, 1.8286, 0.9986, 0.0458, -0.0208, 0.0191
46 291 9.700000 -0.7580, -1.1229, 1.7918, 0.9988, 0.0410, -0.0177, 0.0194
46 292 9.740000 -0.7826, -1.1380, 1.7476, 0.9985, 0.0491, -0.0139, 0.0198
46 293 9.770000 -0.8014, -1.1508, 1.7177, 0.9981, 0.0576, -0.0110, 0.0206
46 294 9.800000 -0.8204, -1.1648, 1.6902, 0.9986, 0.0471, -0.0080, 0.0209
46 295 9.840000 -0.8459, -1.1852, 1.6568, 0.9986, 0.0480, -0.0033, 0.0217
46 296 9.870000 -0.8652, -1.2018, 1.6338, 0.9981, 0.0575, 0.0006, 0.0224
46 297 9.900000 -0.8844, -1.2195, 1.6124, 0.9986, 0.0482, 0.0041, 0.0231
46 298 9.940000 -0.9098, -1.2447, 1.5857, 0.9986, 0.0464, 0.0086, 0.0241
46 299 9.970000 -0.9287, -1.2648, 1.5670, 0.9983, 0.0508, 0.0125, 0.0249
46 300 10.000000 -0.9472, -1.2859, 1.5496, 0.9988, 0.0389, 0.0163, 0.0260
46 301 10.040000 -0.9714, -1.3153, 1.5292, 0.9987, 0.0366, 0.0218, 0.0271
46 302 10.070000 -0.9889, -1.3384, 1.5166, 0.9984, 0.0411, 0.0255, 0.0278
46 303 10.100000 -1.0059, -1.3624, 1.5062, 0.9987, 0.0317, 0.0281, 0.0287
46 304 10.140000 -1.0275, -1.3955, 1.4960, 0.9988, 0.0247, 0.0314, 0.0299
46 305 10.170000 -1.0428, -1.4210, 1.4910, 0.9985, 0.0304, 0.0338, 0.0302
46 306 10.200000 -1.0575, -1.4472, 1.4881, 0.9987, 0.0177, 0.0351, 0.0312
46 307 10.240000 -1.0757, -1.4827, 1.4877, 0.9988, 0.0105, 0.0367, 0.0321
46 308 10.270000 -1.0884, -1.5097, 1.4899, 0.9987, 0.0132, 0.0378, 0.0324
46 309 10.300000 -1.1003, -1.5369, 1.4944, 0.9987, -0.0021, 0.0385, 0.0334
46 310 10.340000 -1.1148, -1.5732, 1.5041, 0.9986, -0.0105, 0.0392, 0.0341
46 311 10.370000 -1.1246, -1.6002, 1.5144, 0.9986, -0.0084, 0.0398, 0.0342
46 312 10.400000 -1.1335, -1.6269, 1.5275, 0.9983, -0.0228, 0.0397, 0.0350
46 313 10.440000 -1.1440, -1.6617, 1.5493, 0.9981, -0.0305, 0.0403, 0.0354
46 314 10.470000 -1.1508, -1.6871, 1.5687, 0.9982, -0.0247, 0.0412, 0.0353
46 315 10.500000 -1.1567, -1.7119, 1.5896, 0.9979, -0.0351, 0.0416, 0.0357
46 316 10.540000 -1.1637, -1.7442, 1.6158, 0.9976, -0.0406, 0.0423, 0.0359
46 317 10.570000 -1.1683, -1.7678, 1.6322, 0.9974, -0.0460, 0.0427, 0.0359
46 318 10.600000 -1.1725, -1.7909, 1.6455, 0.9967, -0.0596, 0.0426, 0.0362
46 319 10.640000 -1.1773, -1.8207, 1.6583, 0.9959, -0.0713, 0.0423, 0.0362
46 320 10.670000 -1.1804, -1.8420, 1.6645, 0.9957, -0.0745, 0.0421, 0.0358
46 321 10.700000 -1.1830, -1.8623, 1.6679, 0.9949, -0.0848, 0.0414, 0.0357
46 322 10.740000 -1.1857, -1.8879, 1.6682, 0.9944, -0.0912, 0.0405, 0.0351
46 323 10.770000 -1.1872, -1.9057, 1.6653, 0.9945, -0.0909, 0.0399, 0.0344
46 324 10.800000 -1.1883, -1.9224, 1.6596, 0.9938, -0.0988, 0.0389, 0.0338
46 325 10.840000 -1.1890, -1.9428, 1.6475, 0.9935, -0.1022, 0.0377, 0.0327
46 326 10.870000 -1.1891, -1.9568, 1.6349, 0.9938, -0.0996, 0.0368, 0.0316
46 327 10.900000 -1.1888, -1.9695, 1.6190, 0.9935, -0.1040, 0.0355, 0.0306
46 328 10.940000 -1.1878, -1.9848, 1.5925, 0.9936, -0.1038, 0.0338, 0.0289
46 329 10.970000 -1.1867, -1.9949, 1.5688, 0.9941, -0.0999, 0.0323, 0.0273
46 330 11.000000 -1.1852, -2.0036, 1.5426, 0.9939, -0.1026, 0.0308, 0.0259
46 331 11.040000 -1.1824, -2.0126, 1.5070, 0.9942, -0.1011, 0.0297, 0.0239
46 332 11.070000 -1.1797, -2.0171, 1.4813, 0.9951, -0.0924, 0.0281, 0.0227
46 333 11.100000 -1.1765, -2.0197, 1.4565, 0.9948, -0.0959, 0.0276, 0.0216
46 334 11.140000 -1.1715, -2.0203, 1.4247, 0.9946, -0.0984, 0.0279, 0.0199
46 335 11.170000 -1.1671, -2.0186, 1.4014, 0.9954, -0.0893, 0.0280, 0.0187
46 336 11.200000 -1.1622, -2.0153, 1.3783, 0.9949, -0.0953, 0.0282, 0.0177
46 337 11.240000 -1.1550, -2.0083, 1.3473, 0.9953, -0.0909, 0.0292, 0.0163
46 338 11.270000 -1.1491, -2.0012, 1.3235, 0.9962, -0.0809, 0.0298, 0.0151
46 339 11.300000 -1.1427, -1.9928, 1.2992, 0.9960, -0.0830, 0.0307, 0.0143
46 340 11.340000 -1.1334, -1.9796, 1.2653, 0.9965, -0.0763, 0.0318, 0.0130
46 341 11.370000 -1.1259, -1.9684, 1.2385, 0.9973, -0.0653, 0.0327, 0.0120
46 342 11.400000 -1.1179, -1.9561, 1.2100, 0.9973, -0.0648, 0.0336, 0.0113
46 343 11.440000 -1.1065, -1.9384, 1.1693, 0.9977, -0.0568, 0.0348, 0.0103
46 344 11.470000 -1.0974, -1.9242, 1.1367, 0.9982, -0.0466, 0.0358, 0.0095
46 345 11.500000 -1.0878, -1.9092, 1.1028, 0.9983, -0.0453, 0.0368, 0.0091
46 346 11.540000 -1.0739, -1.8881, 1.0584, 0.9984, -0.0412, 0.0389, 0.0084
46 347 11.570000 -1.0625, -1.8713, 1.0268, 0.9986, -0.0333, 0.0404, 0.0077
46 348 11.600000 -1.0504, -1.8537, 0.9967, 0.9983, -0.0397, 0.0416, 0.0074
46 349 11.640000 -1.0328, -1.8291, 0.9585, 0.9984, -0.0355, 0.0436, 0.0064
46 350 11.670000 -1.0186, -1.8100, 0.9310, 0.9987, -0.0239, 0.0448, 0.0052
46 351 11.700000 -1.0036, -1.7903, 0.9041, 0.9986, -0.0252, 0.0462, 0.0046
46 352 11.740000 -0.9823, -1.7634, 0.8688, 0.9987, -0.0170, 0.0478, 0.0032
46 353 11.770000 -0.9653, -1.7430, 0.8423, 0.9988, -0.0032, 0.0492, 0.0018
46 354 11.800000 -0.9475, -1.7224, 0.8157, 0.9987, -0.0022, 0.0504, 0.0009
46 355 11.840000 -0.9224, -1.6950, 0.7794, 0.9986, 0.0084, 0.0521, -0.0008
46 356 11.870000 -0.9026, -1.6747, 0.7513, 0.9983, 0.0224, 0.0532, -0.0025
46 357 11.900000 -0.8820, -1.6546, 0.7219, 0.9982, 0.0263, 0.0544, -0.0037
46 358 11.940000 -0.8532, -1.6286, 0.6805, 0.9976, 0.0404, 0.0557, -0.0058
46 359 11.970000 -0.8307, -1.6098, 0.6477, 0.9967, 0.0575, 0.0560, -0.0079
46 360 12.000000 -0.8073, -1.5919, 0.6139, 0.9962, 0.0663, 0.0562, -0.0095
46 361 12.040000 -0.7745, -1.5701, 0.5697, 0.9951, 0.0803, 0.0563, -0.0115
46 362 12.070000 -0.7486, -1.5557, 0.5384, 0.9939, 0.0949, 0.0550, -0.0136
46 363 12.100000 -0.7214, -1.5434, 0.5089, 0.9942, 0.0915, 0.0540, -0.0145
46 364 12.140000 -0.6836, -1.5301, 0.4719, 0.9936, 0.1000, 0.0505, -0.0169
46 365 12.170000 -0.6540, -1.5226, 0.4456, 0.9920, 0.1155, 0.0476, -0.0191
46 366 12.200000 -0.6235, -1.5174, 0.4204, 0.9922, 0.1145, 0.0455, -0.0207
46 367 12.240000 -0.5816, -1.5141, 0.3878, 0.9921, 0.1159, 0.0414, -0.0233
46 368 12.270000 -0.5492, -1.5142, 0.3639, 0.9913, 0.1238, 0.0376, -0.0257
46 369 12.300000 -0.5163, -1.5166, 0.3402, 0.9924, 0.1150, 0.0340, -0.0276
46 370 12.340000 -0.4715, -1.5230, 0.3082, 0.9928, 0.1119, 0.0282, -0.0307
46 371 12.370000 -0.4374, -1.5301, 0.2835, 0.9928, 0.1122, 0.0233, -0.0334
46 372 12.400000 -0.4030, -1.5390, 0.2579, 0.9940, 0.1016, 0.0190, -0.0356
46 373 12.440000 -0.3568, -1.5533, 0.2216, 0.9951, 0.0904, 0.0123, -0.0391
46 374 12.470000 -0.3219, -1.5657, 0.1927, 0.9953, 0.0876, 0.0065, -0.0418
46 375 12.500000 -0.2871, -1.5794, 0.1629, 0.9964, 0.0725, 0.0019, -0.0444
46 376 12.540000 -0.2406, -1.6000, 0.1245, 0.9970, 0.0608, -0.0056, -0.0476
46 377 12.570000 -0.2060, -1.6170, 0.0980, 0.9970, 0.0576, -0.0132, -0.0500
46 378 12.600000 -0.1717, -1.6353, 0.0737, 0.9976, 0.0407, -0.0202, -0.0523
46 379 12.640000 -0.1269, -1.6612, 0.0447, 0.9975, 0.0348, -0.0294, -0.0548
46 380 12.670000 -0.0939, -1.6815, 0.0251, 0.9972, 0.0345, -0.0359, -0.0565
46 381 12.700000 -0.0618, -1.7025, 0.0073, 0.9972, 0.0236, -0.0401, -0.0580
46 382 12.740000 -0.0204, -1.7312, -0.0140, 0.9971, 0.0105, -0.0464, -0.0601
46 383 12.770000 0.0096, -1.7530, -0.0282, 0.9967, 0.0135, -0.0517, -0.0606
46 384 12.800000 0.0385, -1.7750, -0.0412, 0.9965, -0.0025, -0.0554, -0.0619
46 385 12.840000 0.0753, -1.8042, -0.0565, 0.9962, -0.0104, -0.0600, -0.0625
46 386 12.870000 0.1015, -1.8259, -0.0668, 0.9960, -0.0109, -0.0632, -0.0625
46 387 12.900000 0.1265, -1.8473, -0.0760, 0.9956, -0.0239, -0.0650, -0.0629
46 388 12.940000 0.1579, -1.8749, -0.0869, 0.9952, -0.0338, -0.0677, -0.0627
46 389 12.970000 0.1799, -1.8949, -0.0940, 0.9951, -0.0345, -0.0691, -0.0618
46 390 13.000000 0.2006, -1.9141, -0.0999, 0.9945, -0.0498, -0.0691, -0.0616
46 391 13.040000 0.2260, -1.9379, -0.1053, 0.9936, -0.0651, -0.0689, -0.0609
46 392 13.070000 0.2434, -1.9541, -0.1070, 0.9936, -0.0661, -0.0698, -0.0596
46 393 13.100000 0.2593, -1.9688, -0.1068, 0.9922, -0.0847, -0.0702, -0.0595
46 394 13.140000 0.2784, -1.9854, -0.1035, 0.9912, -0.0953, -0.0717, -0.0582
46 395 13.170000 0.2909, -1.9954, -0.0989, 0.9915, -0.0915, -0.0729, -0.0566
46 396 13.200000 0.3021, -2.0033, -0.0925, 0.9904, -0.1028, -0.0734, -0.0559
46 397 13.240000 0.3146, -2.0104, -0.0810, 0.9906, -0.1012, -0.0740, -0.0541
46 398 13.270000 0.3222, -2.0130, -0.0701, 0.9916, -0.0917, -0.0746, -0.0521
46 399 13.300000 0.3283, -2.0135, -0.0572, 0.9914, -0.0949, -0.0748, -0.0511
46 400 13.340000 0.3340, -2.0109, -0.0366, 0.9920, -0.0896, -0.0747, -0.0490
46 401 13.370000 0.3364, -2.0065, -0.0182, 0.9934, -0.0735, -0.0742, -0.0468
46 402 13.400000 0.3370, -2.0002, 0.0029, 0.9933, -0.0763, -0.0733, -0.0457
46 403 13.440000 0.3354, -1.9890, 0.0355, 0.9941, -0.0680, -0.0723, -0.0435
46 404 13.470000 0.3322, -1.9787, 0.0635, 0.9952, -0.0519, -0.0715, -0.0410
46 405 13.500000 0.3275, -1.9671, 0.0934, 0.9949, -0.0605, -0.0703, -0.0402
46 406 13.540000 0.3193, -1.9501, 0.1332, 0.9954, -0.0544, -0.0692, -0.0379
46 407 13.570000 0.3120, -1.9364, 0.1612, 0.9962, -0.0407, -0.0675, -0.0358
46 408 13.600000 0.3038, -1.9220, 0.1875, 0.9966, -0.0378, -0.0653, -0.0343
46 409 13.640000 0.2914, -1.9019, 0.2203, 0.9971, -0.0307, -0.0610, -0.0322
46 410 13.670000 0.2810, -1.8863, 0.2434, 0.9977, -0.0217, -0.0570, -0.0303
46 411 13.700000 0.2697, -1.8703, 0.2656, 0.9979, -0.0258, -0.0521, -0.0293
46 412 13.740000 0.2534, -1.8484, 0.2939, 0.9983, -0.0257, -0.0448, -0.0276
46 413 13.770000 0.2403, -1.8314, 0.3143, 0.9987, -0.0220, -0.0389, -0.0262
46 414 13.800000 0.2265, -1.8141, 0.3343, 0.9987, -0.0305, -0.0328, -0.0254
46 415 13.840000 0.2074, -1.7902, 0.3603, 0.9987, -0.0381, -0.0240, -0.0241
46 416 13.870000 0.1925, -1.7715, 0.3795, 0.9989, -0.0361, -0.0172, -0.0232
46 417 13.900000 0.1774, -1.7522, 0.3986, 0.9984, -0.0505, -0.0097, -0.0225
46 418 13.940000 0.1570, -1.7251, 0.4240, 0.9981, -0.0575, -0.0002, -0.0218
46 419 13.970000 0.1417, -1.7037, 0.4428, 0.9981, -0.0577, 0.0069, -0.0211
46 420 14.000000 0.1265, -1.6814, 0.4608, 0.9972, -0.0704, 0.0141, -0.0207
46 421 14.040000 0.1066, -1.6501, 0.4814, 0.9964, -0.0790, 0.0227, -0.0202
46 422 14.070000 0.0919, -1.6257, 0.4932, 0.9959, -0.0831, 0.0282, -0.0200
46 423 14.100000 0.0777, -1.6003, 0.5020, 0.9947, -0.0950, 0.0334, -0.0195
46 424 14.140000 0.0593, -1.5646, 0.5094, 0.9937, -0.1029, 0.0391, -0.0192
46 425 14.170000 0.0462, -1.5364, 0.5121, 0.9935, -0.1042, 0.0427, -0.0190
46 426 14.200000 0.0336, -1.5067, 0.5124, 0.9924, -0.1127, 0.0457, -0.0186
46 427 14.240000 0.0179, -1.4649, 0.5095, 0.9919, -0.1159, 0.0491, -0.0183
46 428 14.270000 0.0069, -1.4317, 0.5048, 0.9923, -0.1113, 0.0507, -0.0183
46 429 14.300000 -0.0034, -1.3970, 0.4978, 0.9918, -0.1152, 0.0518, -0.0178
46 430 14.340000 -0.0160, -1.3485, 0.4848, 0.9922, -0.1113, 0.0524, -0.0175
46 431 14.370000 -0.0247, -1.3105, 0.4718, 0.9932, -0.1021, 0.0524, -0.0174
46 432 14.400000 -0.0327, -1.2713, 0.4557, 0.9935, -0.1001, 0.0521, -0.0169
46 433 14.440000 -0.0426, -1.2175, 0.4285, 0.9947, -0.0881, 0.0509, -0.0167
46 434 14.470000 -0.0493, -1.1762, 0.4036, 0.9959, -0.0740, 0.0497, -0.0166
46 435 14.500000 -0.0555, -1.1339, 0.3757, 0.9965, -0.0655, 0.0485, -0.0162
46 436 14.540000 -0.0624, -1.0760, 0.3379, 0.9975, -0.0498, 0.0464, -0.0160
46 437 14.570000 -0.0665, -1.0313, 0.3112, 0.9983, -0.0337, 0.0451, -0.0161
46 438 14.600000 -0.0695, -0.9859, 0.2867, 0.9986, -0.0280, 0.0432, -0.0157
46 439 14.640000 -0.0720, -0.9245, 0.2575, 0.9989, -0.0161, 0.0401, -0.0156
46 440 14.670000 -0.0729, -0.8781, 0.2381, 0.9991, -0.0013, 0.0388, -0.0158
46 441 14.700000 -0.0729, -0.8316, 0.2209, 0.9992, -0.0007, 0.0362, -0.0156
46 442 14.740000 -0.0716, -0.7698, 0.2013, 0.9993, 0.0076, 0.0342, -0.0156
46 443 14.770000 -0.0698, -0.7237, 0.1889, 0.9991, 0.0202, 0.0339, -0.0158
46 444 14.800000 -0.0672, -0.6779, 0.1785, 0.9992, 0.0168, 0.0323, -0.0155
46 445 14.840000 -0.0628, -0.6176, 0.1676, 0.9992, 0.0205, 0.0312, -0.0155
46 446 14.870000 -0.0587, -0.5730, 0.1615, 0.9989, 0.0299, 0.0312, -0.0156
46 447 14.900000 -0.0539, -0.5289, 0.1571, 0.9991, 0.0236, 0.0303, -0.0154
46 448 14.940000 -0.0466, -0.4711, 0.1538, 0.9991, 0.0243, 0.0299, -0.0153
46 449 14.970000 -0.0403, -0.4284, 0.1531, 0.9989, 0.0318, 0.0302, -0.0155
