76 0 0.010000 3.0966, 2.9606, 1.5736, 1.0000, 0.0000, 0.0000, 0.0000
76 1 0.040000 3.0966, 2.9606, 1.5664, 1.0000, 0.0000, 0.0000, 0.0000
76 2 0.070000 3.0966, 2.9606, 1.5503, 1.0000, 0.0000, 0.0000, 0.0000
76 3 0.110000 3.0966, 2.9606, 1.5152, 1.0000, 0.0000, 0.0000, 0.0000
76 4 0.140000 3.0966, 2.9606, 1.4786, 1.0000, 0.0000, 0.0000, 0.0000
76 5 0.170000 3.0966, 2.9606, 1.4331, 1.0000, 0.0000, 0.0000, 0.0000
76 6 0.200000 3.0966, 2.9606, 1.3788, 1.0000, 0.0027, -0.0027, 0.0001
76 7 0.240000 3.0956, 2.9590, 1.3093, 0.9920, 0.1078, -0.0659, 0.0004
76 8 0.270000 3.0904, 2.9506, 1.2819, 0.9839, 0.1533, -0.0920, 0.0007
76 9 0.310000 3.0740, 2.9234, 1.2809, 0.9777, 0.1815, -0.1057, 0.0012
76 10 0.340000 3.0550, 2.8915, 1.3000, 0.9758, 0.1905, -0.1077, 0.0016
76 11 0.370000 3.0315, 2.8517, 1.3299, 0.9809, 0.1716, -0.0914, 0.0032
76 12 0.400000 3.0049, 2.8060, 1.3668, 0.9825, 0.1674, -0.0810, 0.0047
76 13 0.440000 2.9662, 2.7383, 1.4220, 0.9874, 0.1497, -0.0515, 0.0076
76 14 0.470000 2.9357, 2.6838, 1.4652, 0.9909, 0.1302, -0.0333, 0.0091
76 15 0.500000 2.9047, 2.6269, 1.5079, 0.9921, 0.1238, -0.0159, 0.0114
76 16 0.540000 2.8629, 2.5489, 1.5603, 0.9942, 0.1065, 0.0003, 0.0129
76 17 0.570000 2.8316, 2.4893, 1.5944, 0.9962, 0.0848, 0.0144, 0.0145
76 18 0.610000 2.7902, 2.4085, 1.6335, 0.9974, 0.0616, 0.0326, 0.0163
76 19 0.640000 2.7595, 2.3471, 1.6590, 0.9977, 0.0473, 0.0450, 0.0173
76 20 0.670000 2.7294, 2.2851, 1.6823, 0.9979, 0.0262, 0.0571, 0.0185
76 21 0.700000 2.7002, 2.2226, 1.7044, 0.9974, 0.0122, 0.0685, 0.0193
76 22 0.740000 2.6632, 2.1392, 1.7335, 0.9964, -0.0104, 0.0819, 0.0205
76 23 0.770000 2.6372, 2.0769, 1.7561, 0.9951, -0.0310, 0.0912, 0.0217
76 24 0.800000 2.6131, 2.0152, 1.7803, 0.9940, -0.0413, 0.0992, 0.0219
76 25 0.840000 2.5844, 1.9347, 1.8158, 0.9924, -0.0553, 0.1075, 0.0225
76 26 0.870000 2.5658, 1.8759, 1.8456, 0.9912, -0.0691, 0.1102, 0.0235
76 27 0.900000 2.5498, 1.8188, 1.8784, 0.9914, -0.0652, 0.1109, 0.0227
76 28 0.940000 2.5327, 1.7455, 1.9270, 0.9909, -0.0759, 0.1083, 0.0234
76 29 0.970000 2.5228, 1.6927, 1.9667, 0.9900, -0.0905, 0.1054, 0.0248
76 30 1.000000 2.5150, 1.6419, 2.0078, 0.9909, -0.0841, 0.1027, 0.0239
76 31 1.040000 2.5073, 1.5764, 2.0612, 0.9904, -0.0935, 0.0992, 0.0246
76 32 1.070000 2.5029, 1.5287, 2.0982, 0.9889, -0.1107, 0.0952, 0.0261
76 33 1.110000 2.4988, 1.4671, 2.1425, 0.9879, -0.1233, 0.0895, 0.0273
76 34 1.140000 2.4969, 1.4227, 2.1722, 0.9878, -0.1280, 0.0848, 0.0278
76 35 1.170000 2.4959, 1.3799, 2.1990, 0.9868, -0.1381, 0.0795, 0.0291
76 36 1.210000 2.4962, 1.3255, 2.2307, 0.9864, -0.1451, 0.0713, 0.0302
76 37 1.240000 2.4975, 1.2870, 2.2515, 0.9872, -0.1426, 0.0651, 0.0306
76 38 1.270000 2.4996, 1.2505, 2.2701, 0.9866, -0.1492, 0.0584, 0.0317
76 39 1.310000 2.5035, 1.2050, 2.2914, 0.9870, -0.1494, 0.0502, 0.0326
76 40 1.340000 2.5072, 1.1732, 2.3047, 0.9882, -0.1428, 0.0435, 0.0330
76 41 1.370000 2.5114, 1.1434, 2.3159, 0.9879, -0.1468, 0.0369, 0.0338
76 42 1.410000 2.5177, 1.1068, 2.3272, 0.9891, -0.1401, 0.0273, 0.0347
76 43 1.440000 2.5228, 1.0815, 2.3332, 0.9903, -0.1329, 0.0215, 0.0349
76 44 1.470000 2.5281, 1.0582, 2.3372, 0.9909, -0.1291, 0.0156, 0.0355
76 45 1.510000 2.5355, 1.0301, 2.3403, 0.9918, -0.1223, 0.0083, 0.0357
76 46 1.540000 2.5411, 1.0114, 2.3423, 0.9936, -0.1068, 0.0022, 0.0360
76 47 1.570000 2.5467, 0.9948, 2.3446, 0.9937, -0.1060, -0.0044, 0.0361
76 48 1.610000 2.5538, 0.9757, 2.3487, 0.9946, -0.0964, -0.0118, 0.0360
76 49 1.640000 2.5589, 0.9636, 2.3527, 0.9957, -0.0843, -0.0161, 0.0357
76 50 1.670000 2.5636, 0.9531, 2.3577, 0.9957, -0.0829, -0.0201, 0.0352
76 51 1.710000 2.5691, 0.9416, 2.3661, 0.9964, -0.0739, -0.0249, 0.0344
76 52 1.740000 2.5726, 0.9346, 2.3738, 0.9975, -0.0560, -0.0279, 0.0339
76 53 1.770000 2.5755, 0.9288, 2.3829, 0.9975, -0.0557, -0.0299, 0.0327
76 54 1.810000 2.5783, 0.9228, 2.3977, 0.9981, -0.0441, -0.0307, 0.0313
76 55 1.840000 2.5796, 0.9193, 2.4110, 0.9986, -0.0291, -0.0309, 0.0303
76 56 1.870000 2.5802, 0.9165, 2.4265, 0.9987, -0.0305, -0.0308, 0.0286
76 57 1.910000 2.5799, 0.9136, 2.4509, 0.9990, -0.0161, -0.0308, 0.0269
76 58 1.940000 2.5789, 0.9117, 2.4719, 0.9992, -0.0008, -0.0304, 0.0255
76 59 1.970000 2.5772, 0.9099, 2.4949, 0.9993, -0.0030, -0.0295, 0.0236
76 60 2.010000 2.5740, 0.9075, 2.5269, 0.9993, 0.0033, -0.0291, 0.0212
76 61 2.040000 2.5711, 0.9056, 2.5494, 0.9992, 0.0183, -0.0284, 0.0197
76 62 2.070000 2.5679, 0.9034, 2.5692, 0.9992, 0.0236, -0.0273, 0.0181
76 63 2.110000 2.5631, 0.9001, 2.5911, 0.9989, 0.0367, -0.0251, 0.0163
76 64 2.140000 2.5592, 0.8970, 2.6040, 0.9984, 0.0502, -0.0232, 0.0151
76 65 2.170000 2.5549, 0.8934, 2.6142, 0.9983, 0.0534, -0.0208, 0.0139
76 66 2.210000 2.5490, 0.8875, 2.6235, 0.9979, 0.0606, -0.0176, 0.0125
76 67 2.240000 2.5442, 0.8822, 2.6275, 0.9975, 0.0685, -0.0150, 0.0117
76 68 2.270000 2.5393, 0.8761, 2.6288, 0.9977, 0.0656, -0.0120, 0.0108
76 69 2.310000 2.5325, 0.8666, 2.6263, 0.9977, 0.0661, -0.0080, 0.0098
76 70 2.340000 2.5273, 0.8585, 2.6211, 0.9976, 0.0683, -0.0051, 0.0092
76 71 2.370000 2.5221, 0.8496, 2.6128, 0.9981, 0.0618, -0.0023, 0.0085
76 72 2.410000 2.5151, 0.8367, 2.5968, 0.9985, 0.0547, 0.0014, 0.0077
76 73 2.440000 2.5098, 0.8263, 2.5808, 0.9986, 0.0526, 0.0041, 0.0071
76 74 2.470000 2.5046, 0.8154, 2.5615, 0.9991, 0.0404, 0.0068, 0.0066
76 75 2.510000 2.4978, 0.8000, 2.5314, 0.9996, 0.0271, 0.0098, 0.0058
76 76 2.540000 2.4929, 0.7879, 2.5068, 0.9997, 0.0217, 0.0123, 0.0052
76 77 2.570000 2.4882, 0.7756, 2.4811, 0.9998, 0.0104, 0.0142, 0.0047
76 78 2.610000 2.4822, 0.7588, 2.4456, 0.9999, 0.0019, 0.0167, 0.0039
76 79 2.640000 2.4781, 0.7461, 2.4180, 0.9998, 0.0008, 0.0179, 0.0032
76 80 2.670000 2.4742, 0.7335, 2.3893, 0.9998, -0.0109, 0.0188, 0.0027
76 81 2.710000 2.4694, 0.7168, 2.3490, 0.9996, -0.0191, 0.0193, 0.0020
76 82 2.740000 2.4662, 0.7046, 2.3169, 0.9996, -0.0206, 0.0192, 0.0014
76 83 2.770000 2.4632, 0.6927, 2.2830, 0.9993, -0.0325, 0.0191, 0.0010
76 84 2.800000 2.4605, 0.6811, 2.2467, 0.9992, -0.0351, 0.0186, 0.0005
76 85 2.840000 2.4573, 0.6665, 2.1940, 0.9988, -0.0451, 0.0178, -0.0000
76 86 2.870000 2.4550, 0.6561, 2.1505, 0.9983, -0.0558, 0.0172, -0.0003
76 87 2.900000 2.4530, 0.6462, 2.1032, 0.9981, -0.0593, 0.0166, -0.0007
76 88 2.940000 2.4505, 0.6340, 2.0338, 0.9976, -0.0681, 0.0157, -0.0011
76 89 2.970000 2.4488, 0.6256, 1.9774, 0.9969, -0.0769, 0.0153, -0.0013
76 90 3.000000 2.4474, 0.6183, 1.9190, 0.9968, -0.0791, 0.0149, -0.0016
76 91 3.040000 2.4459, 0.6112, 1.8434, 0.9964, -0.0840, 0.0141, -0.0018
76 92 3.070000 2.4452, 0.6084, 1.7911, 0.9958, -0.0908, 0.0117, -0.0017
76 93 3.100000 2.4448, 0.6079, 1.7434, 0.9964, -0.0843, 0.0062, -0.0014
76 94 3.140000 2.4446, 0.6111, 1.6862, 0.9953, -0.0970, 0.0013, -0.0012
76 95 3.170000 2.4445, 0.6164, 1.6477, 0.9942, -0.1079, -0.0018, -0.0009
76 96 3.200000 2.4443, 0.6242, 1.6123, 0.9948, -0.1015, -0.0047, -0.0010
76 97 3.240000 2.4439, 0.6385, 1.5696, 0.9953, -0.0967, -0.0084, -0.0006
76 98 3.270000 2.4434, 0.6520, 1.5404, 0.9944, -0.1049, -0.0106, -0.0007
76 99 3.300000 2.4427, 0.6677, 1.5133, 0.9957, -0.0920, -0.0123, -0.0006
76 100 3.340000 2.4413, 0.6919, 1.4802, 0.9965, -0.0827, -0.0140, -0.0006
76 101 3.370000 2.4400, 0.7122, 1.4573, 0.9962, -0.0854, -0.0151, -0.0009
76 102 3.400000 2.4383, 0.7342, 1.4359, 0.9975, -0.0688, -0.0168, -0.0007
76 103 3.440000 2.4355, 0.7658, 1.4093, 0.9980, -0.0611, -0.0183, -0.0011
76 104 3.470000 2.4330, 0.7910, 1.3906, 0.9981, -0.0592, -0.0190, -0.0013
76 105 3.500000 2.4301, 0.8173, 1.3728, 0.9987, -0.0462, -0.0197, -0.0015
76 106 3.540000 2.4257, 0.8539, 1.3502, 0.9992, -0.0347, -0.0209, -0.0018
76 107 3.570000 2.4219, 0.8822, 1.3339, 0.9991, -0.0353, -0.0217, -0.0023
76 108 3.600000 2.4178, 0.9110, 1.3180, 0.9995, -0.0197, -0.0229, -0.0023
76 109 3.640000 2.4116, 0.9502, 1.2974, 0.9997, -0.0103, -0.0238, -0.0027
76 110 3.670000 2.4064, 0.9798, 1.2823, 0.9996, -0.0100, -0.0245, -0.0031
76 111 3.700000 2.4008, 1.0096, 1.2673, 0.9997, 0.0029, -0.0253, -0.0032
76 112 3.740000 2.3927, 1.0494, 1.2473, 0.9996, 0.0107, -0.0265, -0.0035
76 113 3.770000 2.3860, 1.0790, 1.2321, 0.9996, 0.0107, -0.0272, -0.0039
76 114 3.800000 2.3789, 1.1085, 1.2166, 0.9993, 0.0226, -0.0281, -0.0040
76 115 3.840000 2.3687, 1.1472, 1.1951, 0.9991, 0.0300, -0.0289, -0.0043
76 116 3.870000 2.3605, 1.1757, 1.1780, 0.9991, 0.0293, -0.0294, -0.0047
76 117 3.900000 2.3518, 1.2038, 1.1599, 0.9987, 0.0404, -0.0299, -0.0047
76 118 3.940000 2.3395, 1.2403, 1.1341, 0.9983, 0.0486, -0.0306, -0.0049
76 119 3.970000 2.3298, 1.2668, 1.1137, 0.9982, 0.0516, -0.0308, -0.0052
76 120 4.000000 2.3194, 1.2924, 1.0934, 0.9973, 0.0663, -0.0306, -0.0050
76 121 4.040000 2.3046, 1.3243, 1.0693, 0.9965, 0.0790, -0.0286, -0.0049
76 122 4.070000 2.2926, 1.3461, 1.0553, 0.9970, 0.0719, -0.0265, -0.0053
76 123 4.100000 2.2800, 1.3660, 1.0450, 0.9963, 0.0819, -0.0241, -0.0053
76 124 4.140000 2.2622, 1.3894, 1.0372, 0.9962, 0.0841, -0.0202, -0.0056
76 125 4.170000 2.2482, 1.4046, 1.0356, 0.9969, 0.0767, -0.0166, -0.0060
76 126 4.200000 2.2337, 1.4179, 1.0376, 0.9958, 0.0903, -0.0127, -0.0060
76 127 4.240000 2.2140, 1.4321, 1.0459, 0.9953, 0.0966, -0.0070, -0.0062
76 128 4.270000 2.1990, 1.4402, 1.0562, 0.9957, 0.0923, -0.0023, -0.0064
76 129 4.300000 2.1839, 1.4457, 1.0701, 0.9941, 0.1080, 0.0025, -0.0063
76 130 4.340000 2.1638, 1.4490, 1.0947, 0.9933, 0.1151, 0.0094, -0.0063
76 131 4.370000 2.1490, 1.4482, 1.1178, 0.9939, 0.1090, 0.0151, -0.0060
76 132 4.400000 2.1346, 1.4443, 1.1452, 0.9922, 0.1230, 0.0206, -0.0059
76 133 4.440000 2.1162, 1.4341, 1.1885, 0.9915, 0.1271, 0.0283, -0.0055
76 134 4.470000 2.1033, 1.4228, 1.2256, 0.9921, 0.1207, 0.0338, -0.0049
76 135 4.500000 2.0911, 1.4084, 1.2655, 0.9893, 0.1406, 0.0385, -0.0050
76 136 4.540000 2.0760, 1.3854, 1.3190, 0.9889, 0.1422, 0.0430, -0.0046
76 137 4.570000 2.0654, 1.3657, 1.3572, 0.9901, 0.1322, 0.0467, -0.0036
76 138 4.600000 2.0554, 1.3441, 1.3936, 0.9895, 0.1351, 0.0502, -0.0035
76 139 4.640000 2.0433, 1.3122, 1.4396, 0.9904, 0.1266, 0.0550, -0.0025
76 140 4.670000 2.0352, 1.2859, 1.4729, 0.9913, 0.1183, 0.0580, -0.0021
76 141 4.700000 2.0281, 1.2576, 1.5054, 0.9910, 0.1195, 0.0606, -0.0019
76 142 4.740000 2.0203, 1.2167, 1.5485, 0.9911, 0.1163, 0.0641, -0.0017
76 143 4.770000 2.0158, 1.1836, 1.5810, 0.9922, 0.1060, 0.0660, -0.0011
76 144 4.800000 2.0126, 1.1484, 1.6141, 0.9917, 0.1098, 0.0674, -0.0015
76 145 4.840000 2.0104, 1.0981, 1.6599, 0.9921, 0.1050, 0.0684, -0.0015
76 146 4.870000 2.0105, 1.0578, 1.6960, 0.9934, 0.0917, 0.0687, -0.0010
76 147 4.900000 2.0120, 1.0155, 1.7340, 0.9932, 0.0938, 0.0687, -0.0016
76 148 4.940000 2.0165, 0.9560, 1.7880, 0.9941, 0.0848, 0.0676, -0.0017
76 149 4.970000 2.0215, 0.9092, 1.8307, 0.9952, 0.0716, 0.0670, -0.0014
76 150 5.000000 2.0279, 0.8610, 1.8739, 0.9947, 0.0785, 0.0663, -0.0025
76 151 5.040000 2.0377, 0.7953, 1.9280, 0.9956, 0.0669, 0.0661, -0.0025
76 152 5.070000 2.0457, 0.7452, 1.9636, 0.9966, 0.0498, 0.0654, -0.0021
76 153 5.100000 2.0544, 0.6947, 1.9947, 0.9971, 0.0406, 0.0642, -0.0020
76 154 5.140000 2.0668, 0.6269, 2.0295, 0.9978, 0.0244, 0.0621, -0.0018
76 155 5.170000 2.0769, 0.5757, 2.0511, 0.9981, 0.0107, 0.0601, -0.0014
76 156 5.200000 2.0876, 0.5244, 2.0693, 0.9983, 0.0039, 0.0574, -0.0016
76 157 5.240000 2.1028, 0.4559, 2.0886, 0.9986, -0.0067, 0.0530, -0.0015
76 158 5.270000 2.1150, 0.4046, 2.0996, 0.9986, -0.0190, 0.0491, -0.0013
76 159 5.300000 2.1278, 0.3536, 2.1077, 0.9988, -0.0212, 0.0448, -0.0016
76 160 5.340000 2.1457, 0.2860, 2.1142, 0.9988, -0.0292, 0.0388, -0.0017
76 161 5.370000 2.1596, 0.2357, 2.1157, 0.9987, -0.0388, 0.0337, -0.0016
76 162 5.400000 2.1740, 0.1859, 2.1143, 0.9988, -0.0392, 0.0282, -0.0019
76 163 5.440000 2.1937, 0.1202, 2.1080, 0.9988, -0.0452, 0.0202, -0.0021
76 164 5.470000 2.2087, 0.0716, 2.1000, 0.9985, -0.0536, 0.0139, -0.0022
76 165 5.500000 2.2240, 0.0236, 2.0897, 0.9985, -0.0535, 0.0076, -0.0025
76 166 5.540000 2.2445, -0.0389, 2.0744, 0.9984, -0.0566, -0.0010, -0.0026
76 167 5.570000 2.2598, -0.0846, 2.0628, 0.9979, -0.0647, -0.0079, -0.0027
76 168 5.600000 2.2751, -0.1292, 2.0512, 0.9982, -0.0584, -0.0149, -0.0025
76 169 5.640000 2.2950, -0.1870, 2.0357, 0.9981, -0.0574, -0.0229, -0.0024
76 170 5.670000 2.3094, -0.2291, 2.0239, 0.9976, -0.0628, -0.0281, -0.0024
76 171 5.700000 2.3234, -0.2702, 2.0119, 0.9979, -0.0561, -0.0329, -0.0022
76 172 5.740000 2.3412, -0.3234, 1.9950, 0.9976, -0.0570, -0.0383, -0.0020
76 173 5.770000 2.3539, -0.3621, 1.9816, 0.9970, -0.0651, -0.0421, -0.0021
76 174 5.800000 2.3658, -0.3999, 1.9673, 0.9971, -0.0615, -0.0456, -0.0016
76 175 5.840000 2.3807, -0.4486, 1.9465, 0.9967, -0.0645, -0.0497, -0.0012
76 176 5.870000 2.3909, -0.4840, 1.9293, 0.9961, -0.0708, -0.0522, -0.0011
76 177 5.900000 2.4004, -0.5184, 1.9104, 0.9963, -0.0661, -0.0541, -0.0004
76 178 5.940000 2.4119, -0.5628, 1.8825, 0.9963, -0.0655, -0.0561, 0.0004
76 179 5.970000 2.4196, -0.5949, 1.8597, 0.9960, -0.0686, -0.0570, 0.0009
76 180 6.000000 2.4263, -0.6260, 1.8361, 0.9965, -0.0603, -0.0573, 0.0020
76 181 6.040000 2.4335, -0.6654, 1.8063, 0.9967, -0.0566, -0.0581, 0.0029
76 182 6.070000 2.4374, -0.6934, 1.7866, 0.9959, -0.0677, -0.0592, 0.0027
76 183 6.100000 2.4398, -0.7200, 1.7696, 0.9963, -0.0610, -0.0605, 0.0035
76 184 6.140000 2.4410, -0.7530, 1.7508, 0.9962, -0.0614, -0.0616, 0.0039
76 185 6.170000 2.4402, -0.7761, 1.7395, 0.9957, -0.0684, -0.0624, 0.0036
76 186 6.200000 2.4381, -0.7977, 1.7302, 0.9964, -0.0563, -0.0625, 0.0044
76 187 6.240000 2.4330, -0.8246, 1.7211, 0.9967, -0.0508, -0.0627, 0.0047
76 188 6.270000 2.4276, -0.8433, 1.7166, 0.9966, -0.0537, -0.0626, 0.0043
76 189 6.300000 2.4209, -0.8609, 1.7140, 0.9973, -0.0401, -0.0620, 0.0049
76 190 6.340000 2.4098, -0.8829, 1.7137, 0.9976, -0.0324, -0.0607, 0.0049
76 191 6.370000 2.3999, -0.8985, 1.7158, 0.9976, -0.0339, -0.0595, 0.0044
76 192 6.400000 2.3887, -0.9135, 1.7201, 0.9981, -0.0206, -0.0580, 0.0048
76 193 6.440000 2.3718, -0.9325, 1.7290, 0.9983, -0.0137, -0.0559, 0.0044
76 194 6.470000 2.3576, -0.9464, 1.7380, 0.9983, -0.0190, -0.0543, 0.0036
76 195 6.500000 2.3424, -0.9599, 1.7481, 0.9986, -0.0085, -0.0529, 0.0036
76 196 6.540000 2.3208, -0.9777, 1.7609, 0.9987, -0.0058, -0.0509, 0.0029
76 197 6.570000 2.3037, -0.9908, 1.7687, 0.9988, -0.0053, -0.0488, 0.0022
76 198 6.600000 2.2859, -1.0040, 1.7746, 0.9989, 0.0066, -0.0464, 0.0023
76 199 6.640000 2.2611, -1.0216, 1.7798, 0.9990, 0.0156, -0.0428, 0.0021
76 200 6.670000 2.2418, -1.0349, 1.7817, 0.9991, 0.0141, -0.0394, 0.0017
76 201 6.700000 2.2220, -1.0486, 1.7819, 0.9991, 0.0225, -0.0360, 0.0017
76 202 6.740000 2.1947, -1.0672, 1.7796, 0.9992, 0.0237, -0.0312, 0.0014
76 203 6.770000 2.1737, -1.0815, 1.7760, 0.9995, 0.0182, -0.0272, 0.0010
76 204 6.800000 2.1524, -1.0961, 1.7706, 0.9995, 0.0221, -0.0233, 0.0009
76 205 6.840000 2.1234, -1.1160, 1.7606, 0.9997, 0.0181, -0.0174, 0.0005
76 206 6.870000 2.1014, -1.1312, 1.7507, 0.9999, 0.0096, -0.0133, 0.0001
76 207 6.900000 2.0792, -1.1466, 1.7385, 0.9999, 0.0091, -0.0090, -0.0002
76 208 6.940000 2.0494, -1.1671, 1.7184, 1.0000, 0.0010, -0.0035, -0.0007
76 209 6.970000 2.0270, -1.1826, 1.7008, 0.9999, -0.0103, 0.0008, -0.0011
76 210 7.000000 2.0046, -1.1979, 1.6820, 0.9999, -0.0130, 0.0043, -0.0015
76 211 7.040000 1.9749, -1.2178, 1.6586, 0.9997, -0.0221, 0.0104, -0.0022
76 212 7.070000 1.9529, -1.2321, 1.6444, 0.9992, -0.0357, 0.0166, -0.0027
76 213 7.100000 1.9313, -1.2455, 1.6334, 0.9992, -0.0337, 0.0231, -0.0034
76 214 7.140000 1.9034, -1.2621, 1.6238, 0.9986, -0.0424, 0.0303, -0.0041
76 215 7.170000 1.8833, -1.2732, 1.6204, 0.9977, -0.0577, 0.0352, -0.0044
76 216 7.200000 1.8641, -1.2830, 1.6200, 0.9977, -0.0555, 0.0396, -0.0052
76 217 7.240000 1.8399, -1.2938, 1.6244, 0.9968, -0.0657, 0.0451, -0.0059
76 218 7.270000 1.8231, -1.3001, 1.6313, 0.9955, -0.0808, 0.0491, -0.0062
76 219 7.300000 1.8074, -1.3044, 1.6413, 0.9957, -0.0757, 0.0527, -0.0074
76 220 7.340000 1.7886, -1.3072, 1.6599, 0.9952, -0.0790, 0.0573, -0.0086
76 221 7.370000 1.7762, -1.3068, 1.6780, 0.9941, -0.0894, 0.0606, -0.0090
76 222 7.400000 1.7653, -1.3043, 1.6998, 0.9947, -0.0799, 0.0636, -0.0106
76 223 7.440000 1.7535, -1.2976, 1.7349, 0.9945, -0.0791, 0.0674, -0.0119
76 224 7.470000 1.7466, -1.2900, 1.7656, 0.9933, -0.0909, 0.0703, -0.0121
76 225 7.500000 1.7414, -1.2805, 1.7991, 0.9938, -0.0833, 0.0726, -0.0135
76 226 7.540000 1.7366, -1.2653, 1.8442, 0.9940, -0.0786, 0.0750, -0.0146
76 227 7.570000 1.7344, -1.2523, 1.8767, 0.9941, -0.0752, 0.0763, -0.0152
76 228 7.600000 1.7333, -1.2383, 1.9077, 0.9951, -0.0602, 0.0768, -0.0163
76 229 7.640000 1.7338, -1.2182, 1.9472, 0.9959, -0.0452, 0.0765, -0.0169
76 230 7.670000 1.7357, -1.2022, 1.9759, 0.9962, -0.0410, 0.0755, -0.0166
76 231 7.700000 1.7388, -1.1856, 2.0042, 0.9969, -0.0234, 0.0732, -0.0170
76 232 7.740000 1.7449, -1.1627, 2.0418, 0.9974, -0.0103, 0.0697, -0.0164
76 233 7.770000 1.7511, -1.1453, 2.0701, 0.9976, -0.0067, 0.0665, -0.0152
76 234 7.800000 1.7584, -1.1278, 2.0990, 0.9979, 0.0092, 0.0623, -0.0147
76 235 7.840000 1.7701, -1.1048, 2.1389, 0.9981, 0.0219, 0.0555, -0.0131
76 236 7.870000 1.7802, -1.0879, 2.1701, 0.9984, 0.0230, 0.0495, -0.0112
76 237 7.900000 1.7913, -1.0715, 2.2030, 0.9983, 0.0384, 0.0431, -0.0100
76 238 7.940000 1.8076, -1.0510, 2.2497, 0.9983, 0.0474, 0.0339, -0.0074
76 239 7.970000 1.8206, -1.0366, 2.2868, 0.9988, 0.0409, 0.0265, -0.0048
76 240 8.000000 1.8342, -1.0231, 2.3249, 0.9985, 0.0505, 0.0195, -0.0024
76 241 8.040000 1.8528, -1.0063, 2.3744, 0.9985, 0.0530, 0.0115, 0.0010
76 242 8.070000 1.8669, -0.9945, 2.4090, 0.9984, 0.0560, 0.0060, 0.0035
76 243 8.100000 1.8811, -0.9835, 2.4414, 0.9978, 0.0666, 0.0008, 0.0056
76 244 8.140000 1.9001, -0.9701, 2.4818, 0.9971, 0.0749, -0.0064, 0.0084
76 245 8.170000 1.9142, -0.9614, 2.5105, 0.9972, 0.0734, -0.0120, 0.0101
76 246 8.200000 1.9281, -0.9538, 2.5381, 0.9963, 0.0837, -0.0167, 0.0119
76 247 8.240000 1.9463, -0.9459, 2.5738, 0.9959, 0.0862, -0.0226, 0.0140
76 248 8.270000 1.9596, -0.9415, 2.6001, 0.9962, 0.0816, -0.0273, 0.0153
76 249 8.300000 1.9723, -0.9387, 2.6263, 0.9955, 0.0875, -0.0308, 0.0167
76 250 8.340000 1.9885, -0.9373, 2.6614, 0.9956, 0.0846, -0.0367, 0.0182
76 251 8.370000 1.9999, -0.9380, 2.6880, 0.9962, 0.0743, -0.0405, 0.0190
76 252 8.400000 2.0105, -0.9401, 2.7153, 0.9961, 0.0741, -0.0436, 0.0201
76 253 8.440000 2.0235, -0.9452, 2.7527, 0.9964, 0.0672, -0.0472, 0.0215
76 254 8.470000 2.0322, -0.9504, 2.7813, 0.9972, 0.0504, -0.0512, 0.0217
76 255 8.500000 2.0400, -0.9565, 2.8096, 0.9967, 0.0559, -0.0537, 0.0234
76 256 8.540000 2.0494, -0.9658, 2.8435, 0.9973, 0.0397, -0.0567, 0.0241
76 257 8.570000 2.0558, -0.9733, 2.8646, 0.9977, 0.0233, -0.0595, 0.0243
76 258 8.600000 2.0616, -0.9810, 2.8819, 0.9977, 0.0138, -0.0613, 0.0248
76 259 8.640000 2.0683, -0.9915, 2.8993, 0.9977, -0.0024, -0.0634, 0.0250
76 260 8.670000 2.0725, -0.9993, 2.9085, 0.9974, -0.0171, -0.0649, 0.0248
76 261 8.700000 2.0760, -1.0071, 2.9146, 0.9973, -0.0234, -0.0655, 0.0251
76 262 8.740000 2.0794, -1.0169, 2.9182, 0.9968, -0.0363, -0.0661, 0.0248
76 263 8.770000 2.0810, -1.0237, 2.9176, 0.9963, -0.0497, -0.0662, 0.0242
76 264 8.800000 2.0818, -1.0300, 2.9142, 0.9961, -0.0543, -0.0655, 0.0240
76 265 8.840000 2.0816, -1.0374, 2.9052, 0.9955, -0.0657, -0.0641, 0.0230
76 266 8.870000 2.0805, -1.0420, 2.8950, 0.9947, -0.0779, -0.0627, 0.0219
76 267 8.900000 2.0787, -1.0458, 2.8815, 0.9946, -0.0812, -0.0608, 0.0211
76 268 8.940000 2.0753, -1.0494, 2.8585, 0.9941, -0.0898, -0.0580, 0.0194
76 269 8.970000 2.0718, -1.0509, 2.8375, 0.9934, -0.0988, -0.0556, 0.0178
76 270 9.000000 2.0676, -1.0511, 2.8143, 0.9935, -0.0994, -0.0532, 0.0165
76 271 9.040000 2.0605, -1.0486, 2.7836, 0.9932, -0.1039, -0.0499, 0.0145
76 272 9.070000 2.0538, -1.0440, 2.7625, 0.9923, -0.1142, -0.0456, 0.0127
76 273 9.100000 2.0461, -1.0370, 2.7434, 0.9926, -0.1131, -0.0430, 0.0115
76 274 9.140000 2.0344, -1.0236, 2.7208, 0.9918, -0.1214, -0.0400, 0.0096
76 275 9.170000 2.0245, -1.0105, 2.7058, 0.9902, -0.1343, -0.0385, 0.0079
76 276 9.200000 2.0138, -0.9946, 2.6921, 0.9908, -0.1298, -0.0376, 0.0071
76 277 9.240000 1.9983, -0.9692, 2.6760, 0.9906, -0.1314, -0.0365, 0.0056
76 278 9.270000 1.9857, -0.9469, 2.6652, 0.9897, -0.1382, -0.0358, 0.0044
76 279 9.300000 1.9724, -0.9218, 2.6555, 0.9910, -0.1287, -0.0356, 0.0039
76 280 9.340000 1.9536, -0.8842, 2.6443, 0.9916, -0.1245, -0.0354, 0.0030
76 281 9.370000 1.9386, -0.8529, 2.6371, 0.9911, -0.1286, -0.0351, 0.0020
76 282 9.400000 1.9229, -0.8191, 2.6309, 0.9925, -0.1169, -0.0350, 0.0018
76 283 9.440000 1.9009, -0.7703, 2.6243, 0.9932, -0.1114, -0.0349, 0.0010
76 284 9.470000 1.8835, -0.7311, 2.6203, 0.9927, -0.1151, -0.0347, 0.0002
76 285 9.500000 1.8655, -0.6897, 2.6166, 0.9939, -0.1042, -0.0349, -0.0001
76 286 9.540000 1.8407, -0.6319, 2.6103, 0.9946, -0.0980, -0.0349, -0.0008
76 287 9.570000 1.8214, -0.5868, 2.6034, 0.9948, -0.0959, -0.0345, -0.0014
76 288 9.600000 1.8017, -0.5404, 2.5945, 0.9959, -0.0840, -0.0340, -0.0018
76 289 9.640000 1.7748, -0.4768, 2.5794, 0.9967, -0.0744, -0.0333, -0.0024
76 290 9.670000 1.7540, -0.4278, 2.5656, 0.9968, -0.0727, -0.0326, -0.0031
76 291 9.700000 1.7328, -0.3779, 2.5497, 0.9976, -0.0610, -0.0322, -0.0034
76 292 9.740000 1.7039, -0.3100, 2.5250, 0.9981, -0.0527, -0.0312, -0.0042
76 293 9.770000 1.6817, -0.2583, 2.5038, 0.9982, -0.0514, -0.0303, -0.0049
76 294 9.800000 1.6592, -0.2059, 2.4801, 0.9987, -0.0407, -0.0294, -0.0053
76 295 9.840000 1.6285, -0.1352, 2.4440, 0.9991, -0.0321, -0.0282, -0.0061
76 296 9.870000 1.6052, -0.0818, 2.4133, 0.9992, -0.0287, -0.0273, -0.0068
76 297 9.900000 1.5816, -0.0281, 2.3789, 0.9995, -0.0169, -0.0265, -0.0072
76 298 9.940000 1.5497, 0.0439, 2.3268, 0.9996, -0.0051, -0.0255, -0.0079
76 299 9.970000 1.5255, 0.0979, 2.2831, 0.9996, 0.0021, -0.0250, -0.0086
76 300 10.000000 1.5010, 0.1519, 2.2367, 0.9995, 0.0153, -0.0248, -0.0090
76 301 10.040000 1.4676, 0.2234, 2.1764, 0.9993, 0.0279, -0.0242, -0.0097
76 302 10.070000 1.4418, 0.2763, 2.1353, 0.9993, 0.0280, -0.0206, -0.0101
76 303 10.100000 1.4154, 0.3285, 2.0981, 0.9990, 0.0396, -0.0182, -0.0104
76 304 10.140000 1.3796, 0.3966, 2.0540, 0.9991, 0.0403, -0.0116, -0.0110
76 305 10.170000 1.3525, 0.4467, 2.0246, 0.9992, 0.0387, -0.0074, -0.0115
76 306 10.200000 1.3251, 0.4958, 1.9981, 0.9988, 0.0478, -0.0037, -0.0118
76 307 10.240000 1.2884, 0.5597, 1.9666, 0.9988, 0.0480, 0.0020, -0.0124
76 308 10.270000 1.2609, 0.6065, 1.9456, 0.9991, 0.0407, 0.0064, -0.0129
76 309 10.300000 1.2336, 0.6523, 1.9265, 0.9986, 0.0497, 0.0105, -0.0133
76 310 10.340000 1.1975, 0.7119, 1.9038, 0.9984, 0.0525, 0.0163, -0.0139
76 311 10.370000 1.1707, 0.7554, 1.8885, 0.9985, 0.0476, 0.0212, -0.0141
76 312 10.400000 1.1444, 0.7978, 1.8746, 0.9977, 0.0602, 0.0258, -0.0146
76 313 10.440000 1.1101, 0.8527, 1.8577, 0.9970, 0.0682, 0.0326, -0.0149
76 314 10.470000 1.0851, 0.8923, 1.8462, 0.9971, 0.0645, 0.0378, -0.0148
76 315 10.500000 1.0609, 0.9306, 1.8357, 0.9964, 0.0721, 0.0431, -0.0149
76 316 10.540000 1.0299, 0.9794, 1.8240, 0.9959, 0.0747, 0.0494, -0.0149
76 317 10.570000 1.0078, 1.0142, 1.8172, 0.9962, 0.0671, 0.0539, -0.0142
76 318 10.600000 0.9869, 1.0475, 1.8122, 0.9953, 0.0769, 0.0572, -0.0146
76 319 10.640000 0.9608, 1.0895, 1.8081, 0.9952, 0.0751, 0.0613, -0.0140
76 320 10.670000 0.9428, 1.1192, 1.8070, 0.9956, 0.0673, 0.0634, -0.0134
76 321 10.700000 0.9261, 1.1473, 1.8075, 0.9952, 0.0718, 0.0651, -0.0133
76 322 10.740000 0.9059, 1.1826, 1.8106, 0.9953, 0.0683, 0.0673, -0.0127
76 323 10.770000 0.8924, 1.2075, 1.8147, 0.9960, 0.0568, 0.0684, -0.0117
76 324 10.800000 0.8803, 1.2311, 1.8204, 0.9957, 0.0602, 0.0690, -0.0116
76 325 10.840000 0.8664, 1.2607, 1.8305, 0.9961, 0.0530, 0.0697, -0.0107
76 326 10.870000 0.8578, 1.2816, 1.8402, 0.9968, 0.0376, 0.0696, -0.0093
76 327 10.900000 0.8506, 1.3016, 1.8517, 0.9968, 0.0392, 0.0693, -0.0091
76 328 10.940000 0.8434, 1.3271, 1.8704, 0.9972, 0.0298, 0.0686, -0.0079
76 329 10.970000 0.8397, 1.3455, 1.8867, 0.9976, 0.0164, 0.0677, -0.0065
76 330 11.000000 0.8375, 1.3635, 1.9044, 0.9975, 0.0238, 0.0667, -0.0064
76 331 11.040000 0.8362, 1.3869, 1.9272, 0.9977, 0.0154, 0.0661, -0.0050
76 332 11.070000 0.8363, 1.4043, 1.9423, 0.9979, 0.0009, 0.0654, -0.0035
76 333 11.100000 0.8374, 1.4216, 1.9556, 0.9979, -0.0020, 0.0648, -0.0025
76 334 11.140000 0.8402, 1.4447, 1.9708, 0.9979, -0.0117, 0.0637, -0.0010
76 335 11.170000 0.8435, 1.4623, 1.9804, 0.9977, -0.0248, 0.0630, 0.0007
76 336 11.200000 0.8477, 1.4803, 1.9887, 0.9977, -0.0269, 0.0625, 0.0015
76 337 11.240000 0.8548, 1.5049, 1.9978, 0.9975, -0.0335, 0.0615, 0.0031
76 338 11.270000 0.8612, 1.5240, 2.0033, 0.9972, -0.0429, 0.0604, 0.0046
76 339 11.300000 0.8686, 1.5438, 2.0077, 0.9975, -0.0386, 0.0594, 0.0053
76 340 11.340000 0.8799, 1.5711, 2.0118, 0.9976, -0.0384, 0.0577, 0.0066
76 341 11.370000 0.8893, 1.5924, 2.0136, 0.9975, -0.0412, 0.0562, 0.0079
76 342 11.400000 0.8997, 1.6142, 2.0142, 0.9980, -0.0319, 0.0547, 0.0083
76 343 11.440000 0.9148, 1.6442, 2.0130, 0.9983, -0.0240, 0.0524, 0.0094
76 344 11.470000 0.9270, 1.6671, 2.0107, 0.9984, -0.0221, 0.0506, 0.0103
76 345 11.500000 0.9401, 1.6904, 2.0075, 0.9987, -0.0069, 0.0488, 0.0106
76 346 11.540000 0.9588, 1.7217, 2.0035, 0.9989, 0.0070, 0.0458, 0.0111
76 347 11.570000 0.9739, 1.7451, 2.0015, 0.9990, 0.0052, 0.0428, 0.0118
76 348 11.600000 0.9899, 1.7684, 2.0006, 0.9989, 0.0204, 0.0398, 0.0117
76 349 11.640000 1.0124, 1.7989, 2.0011, 0.9989, 0.0276, 0.0353, 0.0118
76 350 11.670000 1.0301, 1.8213, 2.0027, 0.9990, 0.0272, 0.0321, 0.0120
76 351 11.700000 1.0485, 1.8430, 2.0055, 0.9986, 0.0429, 0.0292, 0.0114
76 352 11.740000 1.0739, 1.8708, 2.0110, 0.9979, 0.0583, 0.0255, 0.0107
76 353 11.770000 1.0936, 1.8903, 2.0165, 0.9979, 0.0601, 0.0222, 0.0101
76 354 11.800000 1.1137, 1.9087, 2.0231, 0.9969, 0.0755, 0.0195, 0.0091
76 355 11.840000 1.1412, 1.9308, 2.0340, 0.9965, 0.0815, 0.0161, 0.0078
76 356 11.870000 1.1623, 1.9455, 2.0438, 0.9969, 0.0767, 0.0137, 0.0069
76 357 11.900000 1.1836, 1.9586, 2.0551, 0.9963, 0.0845, 0.0113, 0.0056
76 358 11.940000 1.2124, 1.9734, 2.0729, 0.9966, 0.0822, 0.0079, 0.0040
76 359 11.970000 1.2342, 1.9826, 2.0881, 0.9975, 0.0707, 0.0055, 0.0028
76 360 12.000000 1.2562, 1.9904, 2.1039, 0.9968, 0.0795, 0.0035, 0.0014
76 361 12.040000 1.2855, 1.9990, 2.1222, 0.9977, 0.0685, 0.0011, -0.0004
76 362 12.070000 1.3075, 2.0047, 2.1320, 0.9985, 0.0540, -0.0006, -0.0016
76 363 12.100000 1.3295, 2.0098, 2.1380, 0.9989, 0.0472, -0.0026, -0.0026
76 364 12.140000 1.3588, 2.0158, 2.1404, 0.9993, 0.0357, -0.0051, -0.0037
76 365 12.170000 1.3807, 2.0199, 2.1381, 0.9997, 0.0250, -0.0068, -0.0044
76 366 12.200000 1.4026, 2.0237, 2.1324, 0.9997, 0.0229, -0.0086, -0.0049
76 367 12.240000 1.4315, 2.0284, 2.1194, 0.9998, 0.0172, -0.0108, -0.0054
76 368 12.270000 1.4531, 2.0317, 2.1054, 0.9998, 0.0109, -0.0124, -0.0057
76 369 12.300000 1.4746, 2.0349, 2.0878, 0.9998, 0.0127, -0.0140, -0.0058
76 370 12.340000 1.5030, 2.0390, 2.0580, 0.9998, 0.0122, -0.0161, -0.0058
76 371 12.370000 1.5242, 2.0420, 2.0306, 0.9998, 0.0103, -0.0178, -0.0057
76 372 12.400000 1.5452, 2.0449, 1.9983, 0.9997, 0.0150, -0.0196, -0.0054
76 373 12.440000 1.5730, 2.0486, 1.9469, 0.9996, 0.0191, -0.0222, -0.0049
76 374 12.470000 1.5937, 2.0512, 1.9021, 0.9995, 0.0220, -0.0243, -0.0044
76 375 12.500000 1.6141, 2.0536, 1.8540, 0.9992, 0.0297, -0.0266, -0.0037
76 376 12.540000 1.6404, 2.0558, 1.7922, 0.9989, 0.0373, -0.0291, -0.0027
76 377 12.570000 1.6592, 2.0563, 1.7517, 0.9988, 0.0384, -0.0305, -0.0021
76 378 12.600000 1.6771, 2.0557, 1.7168, 0.9984, 0.0465, -0.0315, -0.0011
76 379 12.640000 1.6996, 2.0529, 1.6782, 0.9982, 0.0515, -0.0319, -0.0001
76 380 12.670000 1.7154, 2.0493, 1.6549, 0.9984, 0.0450, -0.0341, -0.0002
76 381 12.700000 1.7303, 2.0444, 1.6360, 0.9975, 0.0604, -0.0356, 0.0014
76 382 12.740000 1.7487, 2.0355, 1.6172, 0.9970, 0.0670, -0.0388, 0.0024
76 383 12.770000 1.7614, 2.0271, 1.6076, 0.9974, 0.0612, -0.0388, 0.0029
76 384 12.800000 1.7731, 2.0170, 1.6018, 0.9967, 0.0700, -0.0400, 0.0040
76 385 12.840000 1.7871, 2.0010, 1.5998, 0.9970, 0.0658, -0.0412, 0.0048
76 386 12.870000 1.7964, 1.9872, 1.6025, 0.9979, 0.0469, -0.0442, 0.0047
76 387 12.900000 1.8046, 1.9721, 1.6089, 0.9977, 0.0502, -0.0454, 0.0058
76 388 12.940000 1.8137, 1.9501, 1.6233, 0.9981, 0.0375, -0.0483, 0.0063
76 389 12.970000 1.8192, 1.9327, 1.6383, 0.9985, 0.0222, -0.0494, 0.0065
76 390 13.000000 1.8236, 1.9146, 1.6557, 0.9984, 0.0243, -0.0509, 0.0077
76 391 13.040000 1.8280, 1.8900, 1.6788, 0.9985, 0.0105, -0.0525, 0.0086
76 392 13.070000 1.8304, 1.8713, 1.6942, 0.9984, -0.0113, -0.0542, 0.0085
76 393 13.100000 1.8321, 1.8528, 1.7080, 0.9983, -0.0188, -0.0549, 0.0091
76 394 13.140000 1.8330, 1.8286, 1.7240, 0.9980, -0.0297, -0.0557, 0.0096
76 395 13.170000 1.8327, 1.8110, 1.7346, 0.9975, -0.0420, -0.0562, 0.0097
76 396 13.200000 1.8315, 1.7940, 1.7443, 0.9974, -0.0437, -0.0562, 0.0103
76 397 13.240000 1.8285, 1.7726, 1.7559, 0.9968, -0.0563, -0.0563, 0.0103
76 398 13.270000 1.8251, 1.7575, 1.7638, 0.9960, -0.0686, -0.0564, 0.0100
76 399 13.300000 1.8208, 1.7436, 1.7708, 0.9962, -0.0656, -0.0560, 0.0105
76 400 13.340000 1.8137, 1.7267, 1.7792, 0.9962, -0.0664, -0.0557, 0.0107
76 401 13.370000 1.8072, 1.7154, 1.7846, 0.9959, -0.0702, -0.0556, 0.0105
76 402 13.400000 1.7999, 1.7051, 1.7892, 0.9966, -0.0604, -0.0553, 0.0110
76 403 13.440000 1.7886, 1.6930, 1.7941, 0.9971, -0.0507, -0.0552, 0.0114
76 404 13.470000 1.7791, 1.6849, 1.7967, 0.9973, -0.0475, -0.0553, 0.0113
76 405 13.500000 1.7688, 1.6775, 1.7985, 0.9979, -0.0303, -0.0560, 0.0119
76 406 13.540000 1.7536, 1.6684, 1.7991, 0.9982, -0.0151, -0.0567, 0.0124
76 407 13.570000 1.7411, 1.6620, 1.7984, 0.9982, -0.0081, -0.0574, 0.0125
76 408 13.600000 1.7278, 1.6556, 1.7966, 0.9982, 0.0085, -0.0580, 0.0132
76 409 13.640000 1.7086, 1.6469, 1.7928, 0.9978, 0.0246, -0.0596, 0.0139
76 410 13.670000 1.6931, 1.6400, 1.7888, 0.9976, 0.0295, -0.0610, 0.0140
76 411 13.700000 1.6766, 1.6325, 1.7838, 0.9968, 0.0470, -0.0629, 0.0148
76 412 13.740000 1.6531, 1.6215, 1.7758, 0.9960, 0.0601, -0.0650, 0.0153
76 413 13.770000 1.6343, 1.6121, 1.7687, 0.9956, 0.0637, -0.0667, 0.0152
76 414 13.800000 1.6145, 1.6017, 1.7606, 0.9945, 0.0781, -0.0684, 0.0159
76 415 13.840000 1.5864, 1.5859, 1.7481, 0.9935, 0.0870, -0.0710, 0.0160
76 416 13.870000 1.5640, 1.5726, 1.7374, 0.9932, 0.0892, -0.0727, 0.0157
76 417 13.900000 1.5405, 1.5577, 1.7256, 0.9919, 0.1019, -0.0739, 0.0162
76 418 13.940000 1.5075, 1.5355, 1.7079, 0.9906, 0.1131, -0.0750, 0.0164
76 419 13.970000 1.4814, 1.5169, 1.6930, 0.9902, 0.1165, -0.0758, 0.0162
76 420 14.000000 1.4542, 1.4965, 1.6766, 0.9888, 0.1277, -0.0759, 0.0166
76 421 14.040000 1.4163, 1.4664, 1.6520, 0.9881, 0.1327, -0.0755, 0.0165
76 422 14.070000 1.3866, 1.4416, 1.6313, 0.9889, 0.1276, -0.0748, 0.0160
76 423 14.100000 1.3559, 1.4150, 1.6085, 0.9883, 0.1323, -0.0736, 0.0161
76 424 14.140000 1.3134, 1.3768, 1.5747, 0.9890, 0.1281, -0.0715, 0.0158
76 425 14.170000 1.2805, 1.3461, 1.5465, 0.9903, 0.1194, -0.0692, 0.0152
76 426 14.200000 1.2467, 1.3139, 1.5158, 0.9906, 0.1190, -0.0662, 0.0153
76 427 14.240000 1.2004, 1.2687, 1.4705, 0.9919, 0.1102, -0.0610, 0.0151
76 428 14.270000 1.1649, 1.2333, 1.4328, 0.9934, 0.0990, -0.0567, 0.0147
76 429 14.300000 1.1288, 1.1967, 1.3915, 0.9941, 0.0946, -0.0519, 0.0148
76 430 14.340000 1.0799, 1.1467, 1.3300, 0.9954, 0.0830, -0.0450, 0.0145
76 431 14.370000 1.0428, 1.1084, 1.2780, 0.9966, 0.0707, -0.0393, 0.0143
76 432 14.400000 1.0055, 1.0697, 1.2201, 0.9973, 0.0634, -0.0333, 0.0142
76 433 14.440000 0.9556, 1.0177, 1.1320, 0.9984, 0.0497, -0.0251, 0.0140
76 434 14.470000 0.9180, 0.9785, 1.0573, 0.9990, 0.0391, -0.0187, 0.0138
76 435 14.500000 0.8804, 0.9391, 0.9773, 0.9994, 0.0295, -0.0117, 0.0136
76 436 14.540000 0.8299, 0.8856, 0.8730, 0.9998, 0.0160, -0.0020, 0.0134
76 437 14.570000 0.7919, 0.8449, 0.8019, 0.9999, 0.0053, 0.0052, 0.0132
76 438 14.600000 0.7541, 0.8040, 0.7379, 0.9998, -0.0028, 0.0121, 0.0130
76 439 14.640000 0.7042, 0.7497, 0.6628, 0.9996, -0.0136, 0.0205, 0.0127
76 440 14.670000 0.6676, 0.7095, 0.6136, 0.9993, -0.0223, 0.0262, 0.0125
76 441 14.700000 0.6316, 0.6698, 0.5702, 0.9991, -0.0268, 0.0310, 0.0123
76 442 14.740000 0.5850, 0.6183, 0.5206, 0.9987, -0.0334, 0.0362, 0.0120
76 443 14.770000 0.5513, 0.5807, 0.4892, 0.9984, -0.0393, 0.0394, 0.0119
76 444 14.800000 0.5186, 0.5441, 0.4626, 0.9983, -0.0402, 0.0418, 0.0117
76 445 14.840000 0.4767, 0.4971, 0.4341, 0.9980, -0.0429, 0.0440, 0.0115
76 446 14.870000 0.4466, 0.4633, 0.4177, 0.9978, -0.0465, 0.0451, 0.0115
76 447 14.900000 0.4176, 0.4306, 0.4054, 0.9979, -0.0449, 0.0456, 0.0113
76 448 14.940000 0.3808, 0.3889, 0.3952, 0.9979, -0.0452, 0.0458, 0.0112
76 449 14.970000 0.3546, 0.3590, 0.3921, 0.9977, -0.0477, 0.0459, 0.0113
