36 0 0.010000 1.5718, -0.8562, 2.9699, 1.0000, 0.0000, 0.0000, 0.0000
36 1 0.040000 1.5718, -0.8562, 2.9627, 1.0000, 0.0000, 0.0000, 0.0000
36 2 0.070000 1.5718, -0.8562, 2.9467, 1.0000, 0.0000, 0.0000, 0.0000
36 3 0.110000 1.5718, -0.8562, 2.9115, 1.0000, 0.0000, 0.0000, 0.0000
36 4 0.140000 1.5718, -0.8562, 2.8749, 1.0000, 0.0000, 0.0000, 0.0000
36 5 0.170000 1.5718, -0.8562, 2.8294, 1.0000, 0.0000, 0.0000, 0.0000
36 6 0.200000 1.5718, -0.8562, 2.7751, 1.0000, 0.0000, 0.0000, 0.0000
36 7 0.240000 1.5718, -0.8562, 2.6890, 1.0000, 0.0000, 0.0000, 0.0000
36 8 0.270000 1.5718, -0.8562, 2.6141, 1.0000, 0.0000, 0.0000, 0.0000
36 9 0.310000 1.5718, -0.8562, 2.5005, 1.0000, 0.0000, 0.0000, 0.0000
36 10 0.340000 1.5718, -0.8562, 2.4050, 1.0000, 0.0000, 0.0000, 0.0000
36 11 0.370000 1.5721, -0.8560, 2.3051, 0.9956, -0.0713, 0.0605, 0.0008
36 12 0.400000 1.5764, -0.8508, 2.2276, 0.9835, -0.1392, 0.1158, 0.0018
36 13 0.440000 1.5974, -0.8256, 2.1726, 0.9726, -0.1811, 0.1461, 0.0036
36 14 0.470000 1.6242, -0.7929, 2.1572, 0.9694, -0.1932, 0.1512, 0.0054
36 15 0.500000 1.6577, -0.7515, 2.1535, 0.9737, -0.1818, 0.1373, 0.0079
36 16 0.540000 1.7089, -0.6876, 2.1564, 0.9796, -0.1648, 0.1142, 0.0120
36 17 0.570000 1.7501, -0.6355, 2.1597, 0.9825, -0.1576, 0.0981, 0.0154
36 18 0.610000 1.8075, -0.5622, 2.1619, 0.9871, -0.1440, 0.0672, 0.0202
36 19 0.640000 1.8515, -0.5049, 2.1610, 0.9911, -0.1221, 0.0486, 0.0232
36 20 0.670000 1.8963, -0.4460, 2.1577, 0.9928, -0.1135, 0.0286, 0.0266
36 21 0.700000 1.9414, -0.3854, 2.1525, 0.9952, -0.0920, 0.0133, 0.0294
36 22 0.740000 2.0017, -0.3025, 2.1439, 0.9969, -0.0704, -0.0093, 0.0333
36 23 0.770000 2.0468, -0.2388, 2.1371, 0.9976, -0.0532, -0.0251, 0.0362
36 24 0.800000 2.0914, -0.1741, 2.1311, 0.9979, -0.0326, -0.0405, 0.0386
36 25 0.840000 2.1494, -0.0868, 2.1259, 0.9974, -0.0056, -0.0588, 0.0418
36 26 0.870000 2.1913, -0.0212, 2.1251, 0.9965, 0.0064, -0.0718, 0.0432
36 27 0.900000 2.2315, 0.0442, 2.1278, 0.9950, 0.0318, -0.0831, 0.0456
36 28 0.940000 2.2817, 0.1300, 2.1377, 0.9928, 0.0524, -0.0965, 0.0471
36 29 0.970000 2.3165, 0.1927, 2.1498, 0.9913, 0.0630, -0.1051, 0.0477
36 30 1.000000 2.3489, 0.2537, 2.1653, 0.9894, 0.0826, -0.1092, 0.0491
36 31 1.040000 2.3885, 0.3322, 2.1883, 0.9886, 0.0872, -0.1127, 0.0487
36 32 1.070000 2.4158, 0.3893, 2.2058, 0.9884, 0.0886, -0.1137, 0.0481
36 33 1.110000 2.4493, 0.4626, 2.2290, 0.9873, 0.1020, -0.1119, 0.0485
36 34 1.140000 2.4720, 0.5152, 2.2464, 0.9857, 0.1184, -0.1092, 0.0494
36 35 1.170000 2.4929, 0.5656, 2.2640, 0.9855, 0.1240, -0.1053, 0.0492
36 36 1.210000 2.5178, 0.6288, 2.2879, 0.9846, 0.1353, -0.0987, 0.0494
36 37 1.240000 2.5344, 0.6730, 2.3062, 0.9829, 0.1511, -0.0923, 0.0504
36 38 1.270000 2.5493, 0.7143, 2.3250, 0.9833, 0.1525, -0.0857, 0.0500
36 39 1.310000 2.5669, 0.7645, 2.3508, 0.9825, 0.1624, -0.0760, 0.0505
36 40 1.340000 2.5785, 0.7982, 2.3708, 0.9810, 0.1743, -0.0682, 0.0513
36 41 1.370000 2.5890, 0.8285, 2.3913, 0.9821, 0.1707, -0.0605, 0.0509
36 42 1.410000 2.6013, 0.8634, 2.4195, 0.9823, 0.1734, -0.0496, 0.0512
36 43 1.440000 2.6097, 0.8855, 2.4413, 0.9808, 0.1835, -0.0413, 0.0517
36 44 1.470000 2.6174, 0.9042, 2.4631, 0.9820, 0.1784, -0.0336, 0.0515
36 45 1.510000 2.6271, 0.9244, 2.4906, 0.9813, 0.1839, -0.0244, 0.0516
36 46 1.540000 2.6341, 0.9367, 2.5081, 0.9804, 0.1892, -0.0182, 0.0516
36 47 1.570000 2.6410, 0.9471, 2.5217, 0.9820, 0.1811, -0.0123, 0.0516
36 48 1.610000 2.6502, 0.9580, 2.5336, 0.9828, 0.1772, -0.0043, 0.0516
36 49 1.640000 2.6572, 0.9640, 2.5381, 0.9831, 0.1755, 0.0009, 0.0516
36 50 1.670000 2.6642, 0.9681, 2.5388, 0.9845, 0.1673, 0.0060, 0.0517
36 51 1.710000 2.6739, 0.9707, 2.5343, 0.9856, 0.1601, 0.0127, 0.0519
36 52 1.740000 2.6815, 0.9706, 2.5268, 0.9857, 0.1590, 0.0175, 0.0520
36 53 1.770000 2.6893, 0.9687, 2.5158, 0.9871, 0.1496, 0.0216, 0.0522
36 54 1.810000 2.7002, 0.9637, 2.4955, 0.9881, 0.1419, 0.0264, 0.0524
36 55 1.840000 2.7088, 0.9583, 2.4757, 0.9884, 0.1394, 0.0297, 0.0525
36 56 1.870000 2.7177, 0.9515, 2.4519, 0.9897, 0.1290, 0.0324, 0.0529
36 57 1.910000 2.7302, 0.9407, 2.4131, 0.9909, 0.1186, 0.0356, 0.0533
36 58 1.940000 2.7400, 0.9313, 2.3787, 0.9914, 0.1129, 0.0378, 0.0536
36 59 1.970000 2.7501, 0.9210, 2.3400, 0.9926, 0.1014, 0.0396, 0.0542
36 60 2.010000 2.7646, 0.9054, 2.2838, 0.9936, 0.0890, 0.0418, 0.0549
36 61 2.040000 2.7763, 0.8918, 2.2414, 0.9940, 0.0836, 0.0430, 0.0552
36 62 2.070000 2.7891, 0.8767, 2.2005, 0.9951, 0.0716, 0.0406, 0.0555
36 63 2.110000 2.8076, 0.8541, 2.1487, 0.9963, 0.0569, 0.0346, 0.0551
36 64 2.140000 2.8224, 0.8356, 2.1117, 0.9960, 0.0634, 0.0304, 0.0543
36 65 2.170000 2.8378, 0.8161, 2.0758, 0.9972, 0.0467, 0.0242, 0.0537
36 66 2.210000 2.8593, 0.7885, 2.0291, 0.9977, 0.0391, 0.0177, 0.0525
36 67 2.240000 2.8759, 0.7669, 1.9947, 0.9979, 0.0388, 0.0127, 0.0512
36 68 2.270000 2.8927, 0.7447, 1.9604, 0.9984, 0.0243, 0.0059, 0.0500
36 69 2.310000 2.9152, 0.7144, 1.9143, 0.9987, 0.0171, -0.0035, 0.0481
36 70 2.340000 2.9322, 0.6912, 1.8788, 0.9988, 0.0137, -0.0104, 0.0465
36 71 2.370000 2.9489, 0.6679, 1.8422, 0.9988, 0.0031, -0.0172, 0.0450
36 72 2.410000 2.9709, 0.6367, 1.7906, 0.9987, -0.0081, -0.0263, 0.0424
36 73 2.440000 2.9870, 0.6133, 1.7496, 0.9986, -0.0095, -0.0337, 0.0408
36 74 2.470000 3.0026, 0.5901, 1.7064, 0.9981, -0.0233, -0.0414, 0.0385
36 75 2.510000 3.0224, 0.5596, 1.6473, 0.9975, -0.0334, -0.0502, 0.0358
36 76 2.540000 3.0361, 0.5374, 1.6043, 0.9972, -0.0333, -0.0575, 0.0344
36 77 2.570000 3.0484, 0.5159, 1.5639, 0.9965, -0.0430, -0.0644, 0.0326
36 78 2.610000 3.0624, 0.4888, 1.5145, 0.9956, -0.0512, -0.0728, 0.0305
36 79 2.640000 3.0709, 0.4696, 1.4805, 0.9953, -0.0515, -0.0767, 0.0295
36 80 2.670000 3.0776, 0.4516, 1.4488, 0.9942, -0.0680, -0.0793, 0.0272
36 81 2.710000 3.0838, 0.4296, 1.4095, 0.9937, -0.0734, -0.0812, 0.0254
36 82 2.740000 3.0864, 0.4148, 1.3818, 0.9940, -0.0689, -0.0811, 0.0246
36 83 2.770000 3.0874, 0.4015, 1.3555, 0.9936, -0.0763, -0.0802, 0.0229
36 84 2.800000 3.0866, 0.3896, 1.3301, 0.9942, -0.0692, -0.0789, 0.0223
36 85 2.840000 3.0833, 0.3758, 1.2973, 0.9947, -0.0658, -0.0762, 0.0208
36 86 2.870000 3.0791, 0.3669, 1.2732, 0.9948, -0.0674, -0.0735, 0.0193
36 87 2.900000 3.0735, 0.3591, 1.2492, 0.9959, -0.0539, -0.0700, 0.0190
36 88 2.940000 3.0641, 0.3503, 1.2170, 0.9967, -0.0445, -0.0650, 0.0178
36 89 2.970000 3.0558, 0.3447, 1.1924, 0.9971, -0.0429, -0.0611, 0.0167
36 90 3.000000 3.0464, 0.3397, 1.1673, 0.9978, -0.0293, -0.0571, 0.0164
36 91 3.040000 3.0323, 0.3339, 1.1335, 0.9984, -0.0174, -0.0511, 0.0157
36 92 3.070000 3.0207, 0.3299, 1.1080, 0.9986, -0.0186, -0.0465, 0.0149
36 93 3.100000 3.0082, 0.3262, 1.0823, 0.9990, -0.0054, -0.0417, 0.0147
36 94 3.140000 2.9906, 0.3215, 1.0475, 0.9993, 0.0019, -0.0355, 0.0142
36 95 3.170000 2.9766, 0.3180, 1.0208, 0.9994, 0.0009, -0.0310, 0.0136
36 96 3.200000 2.9622, 0.3144, 0.9933, 0.9995, 0.0114, -0.0265, 0.0137
36 97 3.240000 2.9422, 0.3094, 0.9550, 0.9996, 0.0163, -0.0207, 0.0134
36 98 3.270000 2.9269, 0.3054, 0.9248, 0.9997, 0.0126, -0.0163, 0.0132
36 99 3.300000 2.9114, 0.3012, 0.8929, 0.9997, 0.0187, -0.0118, 0.0132
36 100 3.340000 2.8904, 0.2952, 0.8472, 0.9997, 0.0179, -0.0061, 0.0131
36 101 3.370000 2.8746, 0.2905, 0.8099, 0.9998, 0.0127, -0.0021, 0.0130
36 102 3.400000 2.8588, 0.2857, 0.7695, 0.9998, 0.0149, 0.0018, 0.0130
36 103 3.440000 2.8377, 0.2790, 0.7103, 0.9998, 0.0122, 0.0067, 0.0130
36 104 3.470000 2.8220, 0.2738, 0.6619, 0.9998, 0.0062, 0.0102, 0.0130
36 105 3.500000 2.8064, 0.2686, 0.6111, 0.9998, 0.0068, 0.0130, 0.0130
36 106 3.540000 2.7859, 0.2615, 0.5444, 0.9998, 0.0034, 0.0176, 0.0129
36 107 3.570000 2.7711, 0.2561, 0.4974, 0.9996, -0.0063, 0.0231, 0.0130
36 108 3.600000 2.7568, 0.2508, 0.4532, 0.9995, -0.0028, 0.0296, 0.0126
36 109 3.640000 2.7388, 0.2440, 0.3984, 0.9993, -0.0035, 0.0366, 0.0120
36 110 3.670000 2.7262, 0.2391, 0.3599, 0.9990, -0.0121, 0.0409, 0.0117
36 111 3.700000 2.7144, 0.2344, 0.3231, 0.9989, -0.0053, 0.0449, 0.0109
36 112 3.740000 2.7002, 0.2284, 0.2762, 0.9987, -0.0095, 0.0490, 0.0101
36 113 3.770000 2.6906, 0.2242, 0.2421, 0.9983, -0.0221, 0.0521, 0.0098
36 114 3.800000 2.6820, 0.2204, 0.2085, 0.9982, -0.0210, 0.0551, 0.0087
36 115 3.840000 2.6721, 0.2160, 0.1640, 0.9979, -0.0279, 0.0585, 0.0074
36 116 3.870000 2.6659, 0.2133, 0.1302, 0.9974, -0.0373, 0.0608, 0.0066
36 117 3.900000 2.6606, 0.2112, 0.0956, 0.9975, -0.0332, 0.0626, 0.0049
36 118 3.940000 2.6550, 0.2093, 0.0478, 0.9973, -0.0337, 0.0645, 0.0029
36 119 3.970000 2.6521, 0.2085, 0.0108, 0.9971, -0.0374, 0.0657, 0.0014
36 120 4.000000 2.6503, 0.2083, -0.0260, 0.9973, -0.0305, 0.0663, -0.0009
36 121 4.040000 2.6504, 0.2094, -0.0704, 0.9974, -0.0270, 0.0669, -0.0033
36 122 4.070000 2.6527, 0.2111, -0.0979, 0.9969, -0.0358, 0.0696, -0.0040
36 123 4.100000 2.6569, 0.2138, -0.1201, 0.9972, -0.0226, 0.0705, -0.0065
36 124 4.140000 2.6657, 0.2185, -0.1416, 0.9971, -0.0220, 0.0717, -0.0081
36 125 4.170000 2.6746, 0.2229, -0.1520, 0.9968, -0.0328, 0.0726, -0.0087
36 126 4.200000 2.6855, 0.2281, -0.1575, 0.9971, -0.0210, 0.0726, -0.0104
36 127 4.240000 2.7031, 0.2361, -0.1575, 0.9972, -0.0164, 0.0717, -0.0122
36 128 4.270000 2.7187, 0.2427, -0.1520, 0.9971, -0.0215, 0.0717, -0.0125
36 129 4.300000 2.7362, 0.2498, -0.1416, 0.9974, -0.0049, 0.0706, -0.0146
36 130 4.340000 2.7627, 0.2596, -0.1199, 0.9974, -0.0004, 0.0698, -0.0158
36 131 4.370000 2.7849, 0.2672, -0.0973, 0.9975, -0.0129, 0.0680, -0.0157
36 132 4.400000 2.8091, 0.2749, -0.0690, 0.9977, -0.0042, 0.0658, -0.0169
36 133 4.440000 2.8445, 0.2857, -0.0220, 0.9978, -0.0110, 0.0623, -0.0172
36 134 4.470000 2.8731, 0.2943, 0.0198, 0.9977, -0.0269, 0.0602, -0.0166
36 135 4.500000 2.9032, 0.3034, 0.0651, 0.9981, -0.0127, 0.0577, -0.0178
36 136 4.540000 2.9448, 0.3159, 0.1239, 0.9981, -0.0193, 0.0566, -0.0177
36 137 4.570000 2.9767, 0.3255, 0.1632, 0.9978, -0.0338, 0.0553, -0.0172
36 138 4.600000 3.0089, 0.3354, 0.1977, 0.9976, -0.0404, 0.0535, -0.0168
36 139 4.640000 3.0527, 0.3491, 0.2367, 0.9972, -0.0525, 0.0510, -0.0160
36 140 4.670000 3.0862, 0.3600, 0.2612, 0.9968, -0.0616, 0.0484, -0.0152
36 141 4.700000 3.1201, 0.3715, 0.2820, 0.9968, -0.0645, 0.0450, -0.0146
36 142 4.740000 3.1661, 0.3880, 0.3047, 0.9967, -0.0692, 0.0393, -0.0134
36 143 4.770000 3.2012, 0.4013, 0.3181, 0.9964, -0.0764, 0.0344, -0.0124
36 144 4.800000 3.2367, 0.4155, 0.3285, 0.9967, -0.0743, 0.0294, -0.0115
36 145 4.840000 3.2846, 0.4358, 0.3379, 0.9969, -0.0743, 0.0223, -0.0100
36 146 4.870000 3.3209, 0.4521, 0.3416, 0.9968, -0.0781, 0.0163, -0.0087
36 147 4.900000 3.3573, 0.4693, 0.3424, 0.9974, -0.0704, 0.0097, -0.0075
36 148 4.940000 3.4061, 0.4935, 0.3388, 0.9977, -0.0671, 0.0002, -0.0056
36 149 4.970000 3.4427, 0.5127, 0.3326, 0.9979, -0.0645, -0.0071, -0.0041
36 150 5.000000 3.4792, 0.5326, 0.3239, 0.9984, -0.0552, -0.0145, -0.0027
36 151 5.040000 3.5276, 0.5605, 0.3103, 0.9987, -0.0444, -0.0243, -0.0005
36 152 5.070000 3.5634, 0.5824, 0.2995, 0.9985, -0.0445, -0.0319, 0.0006
36 153 5.100000 3.5986, 0.6050, 0.2884, 0.9987, -0.0334, -0.0379, 0.0021
36 154 5.140000 3.6446, 0.6361, 0.2731, 0.9986, -0.0280, -0.0449, 0.0034
36 155 5.170000 3.6782, 0.6600, 0.2612, 0.9984, -0.0277, -0.0494, 0.0042
36 156 5.200000 3.7110, 0.6843, 0.2486, 0.9984, -0.0160, -0.0534, 0.0053
36 157 5.240000 3.7534, 0.7172, 0.2309, 0.9983, -0.0076, -0.0574, 0.0063
36 158 5.270000 3.7841, 0.7421, 0.2167, 0.9982, -0.0075, -0.0598, 0.0066
36 159 5.300000 3.8138, 0.7670, 0.2015, 0.9981, 0.0045, -0.0616, 0.0074
36 160 5.340000 3.8520, 0.8002, 0.1795, 0.9979, 0.0130, -0.0635, 0.0079
36 161 5.370000 3.8795, 0.8249, 0.1615, 0.9978, 0.0143, -0.0643, 0.0078
36 162 5.400000 3.9061, 0.8494, 0.1419, 0.9975, 0.0266, -0.0645, 0.0084
36 163 5.440000 3.9401, 0.8815, 0.1130, 0.9973, 0.0361, -0.0639, 0.0085
36 164 5.470000 3.9646, 0.9050, 0.0892, 0.9972, 0.0386, -0.0629, 0.0083
36 165 5.500000 3.9881, 0.9279, 0.0641, 0.9968, 0.0504, -0.0612, 0.0086
36 166 5.540000 4.0179, 0.9571, 0.0301, 0.9962, 0.0636, -0.0596, 0.0089
36 167 5.570000 4.0389, 0.9777, 0.0050, 0.9960, 0.0660, -0.0589, 0.0087
36 168 5.600000 4.0589, 0.9970, -0.0198, 0.9950, 0.0803, -0.0587, 0.0094
36 169 5.640000 4.0838, 1.0206, -0.0526, 0.9945, 0.0863, -0.0588, 0.0096
36 170 5.670000 4.1013, 1.0366, -0.0775, 0.9948, 0.0822, -0.0592, 0.0094
36 171 5.700000 4.1179, 1.0511, -0.1028, 0.9942, 0.0889, -0.0596, 0.0099
36 172 5.740000 4.1384, 1.0683, -0.1377, 0.9943, 0.0868, -0.0602, 0.0101
36 173 5.770000 4.1527, 1.0796, -0.1652, 0.9950, 0.0782, -0.0609, 0.0099
36 174 5.800000 4.1662, 1.0897, -0.1940, 0.9949, 0.0797, -0.0615, 0.0103
36 175 5.840000 4.1827, 1.1014, -0.2353, 0.9953, 0.0725, -0.0626, 0.0106
36 176 5.870000 4.1941, 1.1091, -0.2689, 0.9960, 0.0617, -0.0636, 0.0105
36 177 5.900000 4.2048, 1.1160, -0.3053, 0.9961, 0.0592, -0.0645, 0.0111
36 178 5.940000 4.2179, 1.1242, -0.3587, 0.9965, 0.0501, -0.0660, 0.0116
36 179 5.970000 4.2268, 1.1296, -0.4022, 0.9968, 0.0409, -0.0671, 0.0120
36 180 6.000000 4.2347, 1.1344, -0.4472, 0.9968, 0.0393, -0.0683, 0.0131
36 181 6.040000 4.2429, 1.1395, -0.5038, 0.9969, 0.0334, -0.0694, 0.0139
36 182 6.070000 4.2469, 1.1423, -0.5408, 0.9972, 0.0237, -0.0696, 0.0139
36 183 6.100000 4.2490, 1.1443, -0.5727, 0.9972, 0.0290, -0.0670, 0.0145
36 184 6.140000 4.2488, 1.1459, -0.6077, 0.9974, 0.0271, -0.0651, 0.0155
36 185 6.170000 4.2466, 1.1464, -0.6285, 0.9977, 0.0192, -0.0638, 0.0151
36 186 6.200000 4.2427, 1.1462, -0.6451, 0.9975, 0.0285, -0.0621, 0.0164
36 187 6.240000 4.2351, 1.1450, -0.6609, 0.9979, 0.0195, -0.0604, 0.0160
36 188 6.270000 4.2275, 1.1436, -0.6681, 0.9982, 0.0026, -0.0585, 0.0152
36 189 6.300000 4.2185, 1.1420, -0.6713, 0.9983, 0.0095, -0.0557, 0.0154
36 190 6.340000 4.2043, 1.1396, -0.6696, 0.9985, 0.0032, -0.0520, 0.0148
36 191 6.370000 4.1920, 1.1378, -0.6637, 0.9987, -0.0055, -0.0496, 0.0138
36 192 6.400000 4.1785, 1.1361, -0.6538, 0.9988, 0.0038, -0.0470, 0.0138
36 193 6.440000 4.1585, 1.1337, -0.6340, 0.9990, 0.0075, -0.0433, 0.0128
36 194 6.470000 4.1423, 1.1318, -0.6147, 0.9991, -0.0024, -0.0405, 0.0116
36 195 6.500000 4.1251, 1.1299, -0.5928, 0.9992, 0.0064, -0.0381, 0.0109
36 196 6.540000 4.1011, 1.1273, -0.5642, 0.9993, 0.0064, -0.0357, 0.0094
36 197 6.570000 4.0827, 1.1253, -0.5455, 0.9993, 0.0107, -0.0335, 0.0085
36 198 6.600000 4.0637, 1.1231, -0.5294, 0.9992, 0.0242, -0.0309, 0.0081
36 199 6.640000 4.0379, 1.1198, -0.5119, 0.9990, 0.0357, -0.0266, 0.0074
36 200 6.670000 4.0182, 1.1168, -0.5015, 0.9990, 0.0373, -0.0229, 0.0068
36 201 6.700000 3.9981, 1.1133, -0.4931, 0.9986, 0.0479, -0.0192, 0.0066
36 202 6.740000 3.9709, 1.1076, -0.4850, 0.9985, 0.0533, -0.0142, 0.0061
36 203 6.770000 3.9503, 1.1024, -0.4810, 0.9986, 0.0508, -0.0099, 0.0058
36 204 6.800000 3.9296, 1.0966, -0.4789, 0.9983, 0.0581, -0.0057, 0.0056
36 205 6.840000 3.9018, 1.0876, -0.4790, 0.9984, 0.0571, 0.0007, 0.0054
36 206 6.870000 3.8810, 1.0800, -0.4814, 0.9986, 0.0523, 0.0049, 0.0052
36 207 6.900000 3.8603, 1.0716, -0.4860, 0.9985, 0.0534, 0.0092, 0.0051
36 208 6.940000 3.8328, 1.0595, -0.4956, 0.9986, 0.0499, 0.0147, 0.0048
36 209 6.970000 3.8124, 1.0496, -0.5055, 0.9991, 0.0385, 0.0192, 0.0049
36 210 7.000000 3.7923, 1.0392, -0.5171, 0.9991, 0.0360, 0.0231, 0.0047
36 211 7.040000 3.7661, 1.0243, -0.5326, 0.9992, 0.0274, 0.0283, 0.0045
36 212 7.070000 3.7472, 1.0126, -0.5428, 0.9994, 0.0153, 0.0313, 0.0045
36 213 7.100000 3.7289, 1.0005, -0.5515, 0.9991, 0.0239, 0.0336, 0.0038
36 214 7.140000 3.7055, 0.9838, -0.5608, 0.9991, 0.0222, 0.0358, 0.0033
36 215 7.170000 3.6889, 0.9707, -0.5659, 0.9992, 0.0137, 0.0365, 0.0030
36 216 7.200000 3.6730, 0.9574, -0.5695, 0.9991, 0.0196, 0.0365, 0.0023
36 217 7.240000 3.6530, 0.9390, -0.5720, 0.9992, 0.0159, 0.0356, 0.0016
36 218 7.270000 3.6389, 0.9250, -0.5722, 0.9994, 0.0035, 0.0343, 0.0014
36 219 7.300000 3.6255, 0.9108, -0.5708, 0.9995, 0.0045, 0.0325, 0.0007
36 220 7.340000 3.6086, 0.8919, -0.5668, 0.9995, -0.0078, 0.0294, 0.0003
36 221 7.370000 3.5967, 0.8779, -0.5620, 0.9994, -0.0220, 0.0267, 0.0003
36 222 7.400000 3.5853, 0.8644, -0.5558, 0.9996, -0.0185, 0.0232, -0.0002
36 223 7.440000 3.5709, 0.8470, -0.5452, 0.9996, -0.0228, 0.0182, -0.0006
36 224 7.470000 3.5605, 0.8346, -0.5356, 0.9994, -0.0326, 0.0144, -0.0007
36 225 7.500000 3.5504, 0.8227, -0.5248, 0.9996, -0.0279, 0.0104, -0.0011
36 226 7.540000 3.5373, 0.8079, -0.5098, 0.9996, -0.0284, 0.0052, -0.0013
36 227 7.570000 3.5275, 0.7974, -0.4986, 0.9995, -0.0327, 0.0015, -0.0015
36 228 7.600000 3.5178, 0.7874, -0.4875, 0.9997, -0.0239, -0.0023, -0.0019
36 229 7.640000 3.5048, 0.7749, -0.4724, 0.9998, -0.0183, -0.0073, -0.0023
36 230 7.670000 3.4949, 0.7659, -0.4608, 0.9997, -0.0226, -0.0112, -0.0029
36 231 7.700000 3.4848, 0.7573, -0.4487, 0.9998, -0.0123, -0.0153, -0.0033
36 232 7.740000 3.4709, 0.7463, -0.4317, 0.9998, -0.0073, -0.0206, -0.0040
36 233 7.770000 3.4600, 0.7384, -0.4180, 0.9996, -0.0099, -0.0243, -0.0048
36 234 7.800000 3.4486, 0.7305, -0.4033, 0.9996, 0.0026, -0.0282, -0.0054
36 235 7.840000 3.4326, 0.7200, -0.3822, 0.9994, 0.0084, -0.0330, -0.0066
36 236 7.870000 3.4198, 0.7121, -0.3648, 0.9993, 0.0034, -0.0365, -0.0080
36 237 7.900000 3.4063, 0.7041, -0.3460, 0.9991, 0.0135, -0.0403, -0.0089
36 238 7.940000 3.3869, 0.6930, -0.3184, 0.9988, 0.0154, -0.0450, -0.0106
36 239 7.970000 3.3712, 0.6845, -0.2958, 0.9987, 0.0086, -0.0479, -0.0124
36 240 8.000000 3.3547, 0.6757, -0.2721, 0.9984, 0.0195, -0.0513, -0.0134
36 241 8.040000 3.3311, 0.6636, -0.2404, 0.9982, 0.0158, -0.0549, -0.0155
36 242 8.070000 3.3124, 0.6542, -0.2175, 0.9983, 0.0022, -0.0558, -0.0172
36 243 8.100000 3.2928, 0.6448, -0.1954, 0.9982, 0.0027, -0.0568, -0.0181
36 244 8.140000 3.2653, 0.6324, -0.1668, 0.9982, -0.0086, -0.0566, -0.0194
36 245 8.170000 3.2434, 0.6233, -0.1456, 0.9980, -0.0211, -0.0554, -0.0205
36 246 8.200000 3.2206, 0.6145, -0.1244, 0.9981, -0.0226, -0.0541, -0.0206
36 247 8.240000 3.1887, 0.6036, -0.0956, 0.9980, -0.0326, -0.0502, -0.0212
36 248 8.270000 3.1637, 0.5962, -0.0734, 0.9977, -0.0452, -0.0467, -0.0215
36 249 8.300000 3.1378, 0.5897, -0.0502, 0.9978, -0.0466, -0.0429, -0.0212
36 250 8.340000 3.1019, 0.5826, -0.0176, 0.9976, -0.0540, -0.0371, -0.0210
36 251 8.370000 3.0741, 0.5787, 0.0087, 0.9970, -0.0678, -0.0316, -0.0210
36 252 8.400000 3.0457, 0.5761, 0.0370, 0.9975, -0.0628, -0.0258, -0.0203
36 253 8.440000 3.0069, 0.5751, 0.0782, 0.9975, -0.0664, -0.0171, -0.0195
36 254 8.470000 2.9774, 0.5762, 0.1115, 0.9967, -0.0785, -0.0107, -0.0189
36 255 8.500000 2.9477, 0.5787, 0.1459, 0.9970, -0.0750, -0.0046, -0.0179
36 256 8.540000 2.9080, 0.5837, 0.1884, 0.9967, -0.0796, 0.0021, -0.0165
36 257 8.570000 2.8783, 0.5884, 0.2154, 0.9968, -0.0777, 0.0063, -0.0156
36 258 8.600000 2.8486, 0.5937, 0.2380, 0.9973, -0.0707, 0.0105, -0.0145
36 259 8.640000 2.8092, 0.6019, 0.2617, 0.9977, -0.0637, 0.0162, -0.0132
36 260 8.670000 2.7799, 0.6088, 0.2749, 0.9978, -0.0622, 0.0206, -0.0123
36 261 8.700000 2.7508, 0.6163, 0.2845, 0.9982, -0.0539, 0.0249, -0.0114
36 262 8.740000 2.7124, 0.6273, 0.2920, 0.9983, -0.0481, 0.0306, -0.0103
36 263 8.770000 2.6840, 0.6362, 0.2936, 0.9982, -0.0472, 0.0345, -0.0094
36 264 8.800000 2.6560, 0.6455, 0.2918, 0.9985, -0.0391, 0.0383, -0.0087
36 265 8.840000 2.6193, 0.6587, 0.2841, 0.9985, -0.0331, 0.0430, -0.0077
36 266 8.870000 2.5923, 0.6690, 0.2740, 0.9984, -0.0322, 0.0462, -0.0069
36 267 8.900000 2.5657, 0.6796, 0.2599, 0.9985, -0.0247, 0.0492, -0.0064
36 268 8.940000 2.5310, 0.6941, 0.2347, 0.9984, -0.0197, 0.0528, -0.0056
36 269 8.970000 2.5056, 0.7052, 0.2111, 0.9983, -0.0186, 0.0552, -0.0049
36 270 9.000000 2.4808, 0.7165, 0.1847, 0.9983, -0.0119, 0.0575, -0.0045
36 271 9.040000 2.4495, 0.7319, 0.1501, 0.9982, -0.0060, 0.0602, -0.0039
36 272 9.070000 2.4275, 0.7437, 0.1271, 0.9983, -0.0097, 0.0582, -0.0031
36 273 9.100000 2.4070, 0.7557, 0.1070, 0.9984, 0.0009, 0.0569, -0.0029
36 274 9.140000 2.3817, 0.7717, 0.0844, 0.9986, 0.0029, 0.0524, -0.0018
36 275 9.170000 2.3641, 0.7838, 0.0704, 0.9988, -0.0025, 0.0486, -0.0004
36 276 9.200000 2.3476, 0.7958, 0.0586, 0.9990, 0.0070, 0.0448, 0.0001
36 277 9.240000 2.3271, 0.8117, 0.0462, 0.9991, 0.0158, 0.0389, 0.0014
36 278 9.270000 2.3128, 0.8233, 0.0392, 0.9994, 0.0101, 0.0335, 0.0027
36 279 9.300000 2.2991, 0.8347, 0.0341, 0.9993, 0.0249, 0.0277, 0.0035
36 280 9.340000 2.2819, 0.8491, 0.0301, 0.9993, 0.0304, 0.0205, 0.0047
36 281 9.370000 2.2694, 0.8593, 0.0292, 0.9995, 0.0275, 0.0147, 0.0060
36 282 9.400000 2.2573, 0.8688, 0.0300, 0.9990, 0.0427, 0.0087, 0.0068
36 283 9.440000 2.2414, 0.8802, 0.0336, 0.9989, 0.0471, -0.0003, 0.0080
36 284 9.470000 2.2296, 0.8878, 0.0381, 0.9991, 0.0418, -0.0069, 0.0089
36 285 9.500000 2.2176, 0.8944, 0.0433, 0.9984, 0.0535, -0.0127, 0.0099
36 286 9.540000 2.2012, 0.9020, 0.0494, 0.9981, 0.0570, -0.0191, 0.0112
36 287 9.570000 2.1887, 0.9068, 0.0522, 0.9981, 0.0547, -0.0238, 0.0121
36 288 9.600000 2.1758, 0.9107, 0.0532, 0.9977, 0.0610, -0.0278, 0.0130
36 289 9.640000 2.1581, 0.9147, 0.0522, 0.9974, 0.0624, -0.0332, 0.0142
36 290 9.670000 2.1442, 0.9166, 0.0497, 0.9975, 0.0585, -0.0365, 0.0149
36 291 9.700000 2.1298, 0.9176, 0.0457, 0.9971, 0.0637, -0.0390, 0.0160
36 292 9.740000 2.1096, 0.9175, 0.0384, 0.9969, 0.0649, -0.0415, 0.0174
36 293 9.770000 2.0939, 0.9163, 0.0313, 0.9971, 0.0594, -0.0431, 0.0182
36 294 9.800000 2.0774, 0.9141, 0.0229, 0.9967, 0.0653, -0.0438, 0.0196
36 295 9.840000 2.0545, 0.9098, 0.0095, 0.9967, 0.0641, -0.0441, 0.0211
36 296 9.870000 2.0366, 0.9055, -0.0025, 0.9971, 0.0577, -0.0439, 0.0221
36 297 9.900000 2.0181, 0.9003, -0.0161, 0.9969, 0.0612, -0.0428, 0.0237
36 298 9.940000 1.9926, 0.8921, -0.0372, 0.9972, 0.0579, -0.0409, 0.0254
36 299 9.970000 1.9727, 0.8850, -0.0553, 0.9976, 0.0503, -0.0392, 0.0265
36 300 10.000000 1.9523, 0.8771, -0.0745, 0.9976, 0.0507, -0.0369, 0.0281
36 301 10.040000 1.9240, 0.8651, -0.0988, 0.9979, 0.0474, -0.0328, 0.0297
36 302 10.070000 1.9020, 0.8549, -0.1145, 0.9982, 0.0414, -0.0310, 0.0306
36 303 10.100000 1.8793, 0.8436, -0.1279, 0.9977, 0.0519, -0.0289, 0.0320
36 304 10.140000 1.8481, 0.8270, -0.1421, 0.9977, 0.0518, -0.0273, 0.0331
36 305 10.170000 1.8240, 0.8132, -0.1503, 0.9982, 0.0424, -0.0270, 0.0335
36 306 10.200000 1.7993, 0.7984, -0.1565, 0.9979, 0.0483, -0.0265, 0.0341
36 307 10.240000 1.7656, 0.7772, -0.1616, 0.9981, 0.0448, -0.0265, 0.0343
36 308 10.270000 1.7397, 0.7602, -0.1631, 0.9985, 0.0331, -0.0271, 0.0341
36 309 10.300000 1.7132, 0.7424, -0.1626, 0.9984, 0.0373, -0.0273, 0.0341
36 310 10.340000 1.6770, 0.7175, -0.1588, 0.9986, 0.0315, -0.0279, 0.0335
36 311 10.370000 1.6492, 0.6981, -0.1535, 0.9989, 0.0181, -0.0286, 0.0327
36 312 10.400000 1.6207, 0.6782, -0.1458, 0.9988, 0.0216, -0.0287, 0.0321
36 313 10.440000 1.5818, 0.6510, -0.1319, 0.9990, 0.0158, -0.0288, 0.0308
36 314 10.470000 1.5518, 0.6303, -0.1187, 0.9991, 0.0042, -0.0288, 0.0295
36 315 10.500000 1.5213, 0.6094, -0.1040, 0.9991, 0.0144, -0.0283, 0.0285
36 316 10.540000 1.4799, 0.5812, -0.0849, 0.9992, 0.0103, -0.0284, 0.0266
36 317 10.570000 1.4483, 0.5599, -0.0726, 0.9993, -0.0016, -0.0280, 0.0250
36 318 10.600000 1.4164, 0.5386, -0.0623, 0.9994, -0.0012, -0.0273, 0.0235
36 319 10.640000 1.3732, 0.5103, -0.0512, 0.9994, -0.0102, -0.0259, 0.0213
36 320 10.670000 1.3403, 0.4892, -0.0448, 0.9993, -0.0192, -0.0245, 0.0193
36 321 10.700000 1.3071, 0.4684, -0.0399, 0.9994, -0.0200, -0.0229, 0.0177
36 322 10.740000 1.2623, 0.4411, -0.0356, 0.9994, -0.0253, -0.0195, 0.0151
36 323 10.770000 1.2284, 0.4212, -0.0339, 0.9991, -0.0361, -0.0167, 0.0130
36 324 10.800000 1.1942, 0.4017, -0.0335, 0.9992, -0.0361, -0.0138, 0.0109
36 325 10.840000 1.1482, 0.3767, -0.0351, 0.9990, -0.0422, -0.0100, 0.0079
36 326 10.870000 1.1136, 0.3587, -0.0379, 0.9985, -0.0539, -0.0059, 0.0054
36 327 10.900000 1.0788, 0.3414, -0.0423, 0.9986, -0.0519, -0.0021, 0.0028
36 328 10.940000 1.0325, 0.3196, -0.0508, 0.9981, -0.0619, 0.0042, -0.0008
36 329 10.970000 0.9978, 0.3043, -0.0592, 0.9973, -0.0726, 0.0088, -0.0039
36 330 11.000000 0.9632, 0.2901, -0.0689, 0.9969, -0.0765, 0.0136, -0.0071
36 331 11.040000 0.9175, 0.2734, -0.0818, 0.9960, -0.0860, 0.0207, -0.0112
36 332 11.070000 0.8838, 0.2628, -0.0904, 0.9947, -0.0977, 0.0273, -0.0139
36 333 11.100000 0.8506, 0.2542, -0.0978, 0.9951, -0.0921, 0.0311, -0.0167
36 334 11.140000 0.8073, 0.2457, -0.1058, 0.9942, -0.0986, 0.0375, -0.0199
36 335 11.170000 0.7758, 0.2417, -0.1107, 0.9930, -0.1081, 0.0422, -0.0220
36 336 11.200000 0.7451, 0.2397, -0.1146, 0.9936, -0.1009, 0.0454, -0.0245
36 337 11.240000 0.7057, 0.2402, -0.1185, 0.9936, -0.0976, 0.0505, -0.0274
36 338 11.270000 0.6774, 0.2429, -0.1204, 0.9931, -0.0996, 0.0543, -0.0291
36 339 11.300000 0.6502, 0.2475, -0.1217, 0.9941, -0.0862, 0.0572, -0.0313
36 340 11.340000 0.6157, 0.2561, -0.1224, 0.9948, -0.0744, 0.0611, -0.0337
36 341 11.370000 0.5912, 0.2643, -0.1223, 0.9947, -0.0727, 0.0641, -0.0348
36 342 11.400000 0.5680, 0.2737, -0.1217, 0.9956, -0.0544, 0.0663, -0.0366
36 343 11.440000 0.5390, 0.2879, -0.1205, 0.9961, -0.0395, 0.0692, -0.0380
36 344 11.470000 0.5188, 0.2994, -0.1192, 0.9962, -0.0317, 0.0712, -0.0386
36 345 11.500000 0.5000, 0.3114, -0.1174, 0.9965, -0.0103, 0.0727, -0.0397
36 346 11.540000 0.4772, 0.3277, -0.1129, 0.9964, 0.0079, 0.0744, -0.0404
36 347 11.570000 0.4620, 0.3398, -0.1071, 0.9963, 0.0097, 0.0754, -0.0399
36 348 11.600000 0.4485, 0.3515, -0.0991, 0.9959, 0.0285, 0.0756, -0.0406
36 349 11.640000 0.4331, 0.3661, -0.0845, 0.9955, 0.0402, 0.0751, -0.0404
36 350 11.670000 0.4235, 0.3760, -0.0705, 0.9957, 0.0396, 0.0743, -0.0395
36 351 11.700000 0.4157, 0.3849, -0.0536, 0.9950, 0.0563, 0.0723, -0.0399
36 352 11.740000 0.4079, 0.3946, -0.0262, 0.9945, 0.0684, 0.0692, -0.0394
36 353 11.770000 0.4039, 0.3999, -0.0019, 0.9947, 0.0677, 0.0666, -0.0382
36 354 11.800000 0.4016, 0.4035, 0.0260, 0.9935, 0.0868, 0.0629, -0.0384
36 355 11.840000 0.4008, 0.4047, 0.0694, 0.9925, 0.1013, 0.0577, -0.0378
36 356 11.870000 0.4020, 0.4026, 0.1070, 0.9927, 0.1011, 0.0536, -0.0368
36 357 11.900000 0.4046, 0.3975, 0.1495, 0.9909, 0.1202, 0.0486, -0.0369
36 358 11.940000 0.4100, 0.3854, 0.2146, 0.9902, 0.1280, 0.0415, -0.0361
36 359 11.970000 0.4154, 0.3721, 0.2697, 0.9916, 0.1195, 0.0363, -0.0350
36 360 12.000000 0.4215, 0.3555, 0.3287, 0.9887, 0.1424, 0.0310, -0.0348
36 361 12.040000 0.4305, 0.3301, 0.4053, 0.9884, 0.1456, 0.0274, -0.0333
36 362 12.070000 0.4374, 0.3095, 0.4575, 0.9897, 0.1376, 0.0248, -0.0321
36 363 12.100000 0.4445, 0.2878, 0.5049, 0.9899, 0.1364, 0.0219, -0.0310
36 364 12.140000 0.4542, 0.2570, 0.5613, 0.9910, 0.1295, 0.0179, -0.0295
36 365 12.170000 0.4616, 0.2323, 0.5991, 0.9921, 0.1216, 0.0142, -0.0284
36 366 12.200000 0.4692, 0.2062, 0.6336, 0.9923, 0.1202, 0.0100, -0.0275
36 367 12.240000 0.4794, 0.1692, 0.6749, 0.9931, 0.1138, 0.0036, -0.0264
36 368 12.270000 0.4871, 0.1398, 0.7029, 0.9941, 0.1051, -0.0017, -0.0256
36 369 12.300000 0.4947, 0.1090, 0.7285, 0.9942, 0.1043, -0.0073, -0.0249
36 370 12.340000 0.5046, 0.0657, 0.7594, 0.9946, 0.0994, -0.0150, -0.0239
36 371 12.370000 0.5118, 0.0317, 0.7804, 0.9954, 0.0905, -0.0209, -0.0233
36 372 12.400000 0.5186, -0.0037, 0.7999, 0.9951, 0.0926, -0.0266, -0.0225
36 373 12.440000 0.5271, -0.0530, 0.8235, 0.9953, 0.0884, -0.0341, -0.0216
36 374 12.470000 0.5328, -0.0915, 0.8396, 0.9958, 0.0802, -0.0393, -0.0211
36 375 12.500000 0.5379, -0.1312, 0.8546, 0.9954, 0.0830, -0.0444, -0.0202
36 376 12.540000 0.5436, -0.1861, 0.8726, 0.9954, 0.0790, -0.0501, -0.0192
36 377 12.570000 0.5469, -0.2286, 0.8847, 0.9960, 0.0694, -0.0538, -0.0189
36 378 12.600000 0.5494, -0.2722, 0.8957, 0.9956, 0.0727, -0.0564, -0.0178
36 379 12.640000 0.5512, -0.3321, 0.9092, 0.9958, 0.0688, -0.0587, -0.0168
36 380 12.670000 0.5514, -0.3783, 0.9186, 0.9963, 0.0599, -0.0595, -0.0165
36 381 12.700000 0.5506, -0.4255, 0.9274, 0.9963, 0.0605, -0.0595, -0.0154
36 382 12.740000 0.5480, -0.4900, 0.9386, 0.9967, 0.0541, -0.0581, -0.0145
36 383 12.770000 0.5448, -0.5394, 0.9468, 0.9975, 0.0407, -0.0559, -0.0142
36 384 12.800000 0.5406, -0.5895, 0.9548, 0.9977, 0.0409, -0.0532, -0.0133
36 385 12.840000 0.5336, -0.6573, 0.9654, 0.9982, 0.0310, -0.0491, -0.0126
36 386 12.870000 0.5273, -0.7088, 0.9734, 0.9988, 0.0170, -0.0447, -0.0125
36 387 12.900000 0.5202, -0.7606, 0.9815, 0.9990, 0.0171, -0.0402, -0.0118
36 388 12.940000 0.5096, -0.8300, 0.9924, 0.9994, 0.0059, -0.0322, -0.0114
36 389 12.970000 0.5009, -0.8822, 1.0006, 0.9996, -0.0061, -0.0267, -0.0114
36 390 13.000000 0.4919, -0.9343, 1.0085, 0.9997, -0.0080, -0.0207, -0.0110
36 391 13.040000 0.4792, -1.0034, 1.0175, 0.9997, -0.0165, -0.0140, -0.0111
36 392 13.070000 0.4695, -1.0550, 1.0226, 0.9994, -0.0312, -0.0092, -0.0112
36 393 13.100000 0.4597, -1.1061, 1.0265, 0.9994, -0.0321, -0.0053, -0.0112
36 394 13.140000 0.4464, -1.1734, 1.0298, 0.9990, -0.0426, -0.0009, -0.0112
36 395 13.170000 0.4365, -1.2231, 1.0309, 0.9985, -0.0538, 0.0019, -0.0113
36 396 13.200000 0.4266, -1.2720, 1.0310, 0.9984, -0.0548, 0.0039, -0.0114
36 397 13.240000 0.4135, -1.3358, 1.0295, 0.9979, -0.0627, 0.0058, -0.0115
36 398 13.270000 0.4038, -1.3824, 1.0272, 0.9971, -0.0746, 0.0069, -0.0115
36 399 13.300000 0.3942, -1.4280, 1.0238, 0.9970, -0.0757, 0.0073, -0.0116
36 400 13.340000 0.3816, -1.4868, 1.0175, 0.9963, -0.0847, 0.0068, -0.0118
36 401 13.370000 0.3723, -1.5293, 1.0113, 0.9952, -0.0973, 0.0059, -0.0118
36 402 13.400000 0.3631, -1.5705, 1.0036, 0.9950, -0.0988, 0.0043, -0.0119
36 403 13.440000 0.3509, -1.6230, 0.9909, 0.9941, -0.1082, 0.0016, -0.0119
36 404 13.470000 0.3419, -1.6605, 0.9795, 0.9926, -0.1210, -0.0011, -0.0119
36 405 13.500000 0.3328, -1.6962, 0.9667, 0.9920, -0.1254, -0.0046, -0.0118
36 406 13.540000 0.3207, -1.7402, 0.9497, 0.9905, -0.1367, -0.0089, -0.0115
36 407 13.570000 0.3114, -1.7699, 0.9379, 0.9888, -0.1485, -0.0106, -0.0112
36 408 13.600000 0.3020, -1.7968, 0.9271, 0.9896, -0.1430, -0.0117, -0.0107
36 409 13.640000 0.2890, -1.8280, 0.9138, 0.9892, -0.1456, -0.0121, -0.0098
36 410 13.670000 0.2791, -1.8480, 0.9047, 0.9876, -0.1560, -0.0117, -0.0091
36 411 13.700000 0.2690, -1.8650, 0.8961, 0.9882, -0.1527, -0.0106, -0.0080
36 412 13.740000 0.2552, -1.8830, 0.8854, 0.9870, -0.1604, -0.0084, -0.0065
36 413 13.770000 0.2447, -1.8929, 0.8778, 0.9842, -0.1771, -0.0064, -0.0051
36 414 13.800000 0.2341, -1.8994, 0.8704, 0.9839, -0.1787, -0.0038, -0.0035
36 415 13.840000 0.2199, -1.9028, 0.8609, 0.9825, -0.1862, -0.0002, -0.0012
36 416 13.870000 0.2092, -1.9011, 0.8540, 0.9805, -0.1967, 0.0028, 0.0008
36 417 13.900000 0.1985, -1.8957, 0.8472, 0.9817, -0.1902, 0.0068, 0.0028
36 418 13.940000 0.1846, -1.8828, 0.8384, 0.9817, -0.1901, 0.0122, 0.0059
36 419 13.970000 0.1743, -1.8688, 0.8321, 0.9808, -0.1940, 0.0160, 0.0086
36 420 14.000000 0.1643, -1.8513, 0.8258, 0.9824, -0.1850, 0.0209, 0.0113
36 421 14.040000 0.1515, -1.8227, 0.8165, 0.9833, -0.1792, 0.0267, 0.0147
36 422 14.070000 0.1423, -1.7978, 0.8084, 0.9832, -0.1796, 0.0290, 0.0175
36 423 14.100000 0.1336, -1.7699, 0.7992, 0.9852, -0.1676, 0.0316, 0.0197
36 424 14.140000 0.1226, -1.7285, 0.7853, 0.9866, -0.1582, 0.0332, 0.0226
36 425 14.170000 0.1149, -1.6944, 0.7735, 0.9867, -0.1570, 0.0334, 0.0248
36 426 14.200000 0.1077, -1.6578, 0.7603, 0.9888, -0.1425, 0.0345, 0.0262
36 427 14.240000 0.0988, -1.6057, 0.7406, 0.9902, -0.1321, 0.0345, 0.0282
36 428 14.270000 0.0927, -1.5642, 0.7238, 0.9908, -0.1280, 0.0336, 0.0297
36 429 14.300000 0.0870, -1.5209, 0.7051, 0.9925, -0.1136, 0.0331, 0.0304
36 430 14.340000 0.0800, -1.4608, 0.6766, 0.9940, -0.1000, 0.0318, 0.0313
36 431 14.370000 0.0751, -1.4142, 0.6520, 0.9947, -0.0933, 0.0303, 0.0318
36 432 14.400000 0.0706, -1.3666, 0.6242, 0.9961, -0.0772, 0.0291, 0.0318
36 433 14.440000 0.0649, -1.3018, 0.5811, 0.9973, -0.0605, 0.0267, 0.0315
36 434 14.470000 0.0610, -1.2525, 0.5439, 0.9979, -0.0505, 0.0245, 0.0310
36 435 14.500000 0.0573, -1.2027, 0.5036, 0.9987, -0.0351, 0.0224, 0.0300
36 436 14.540000 0.0530, -1.1352, 0.4506, 0.9992, -0.0187, 0.0195, 0.0288
36 437 14.570000 0.0503, -1.0840, 0.4143, 0.9994, -0.0115, 0.0178, 0.0280
36 438 14.600000 0.0480, -1.0325, 0.3813, 0.9995, 0.0042, 0.0160, 0.0271
36 439 14.640000 0.0455, -0.9639, 0.3422, 0.9994, 0.0176, 0.0141, 0.0260
36 440 14.670000 0.0441, -0.9128, 0.3165, 0.9994, 0.0198, 0.0137, 0.0254
36 441 14.700000 0.0430, -0.8623, 0.2937, 0.9990, 0.0348, 0.0110, 0.0247
36 442 14.740000 0.0420, -0.7960, 0.2676, 0.9987, 0.0426, 0.0101, 0.0241
36 443 14.770000 0.0416, -0.7473, 0.2511, 0.9989, 0.0399, 0.0104, 0.0239
36 444 14.800000 0.0414, -0.6996, 0.2372, 0.9984, 0.0512, 0.0088, 0.0234
36 445 14.840000 0.0415, -0.6376, 0.2223, 0.9982, 0.0544, 0.0085, 0.0230
36 446 14.870000 0.0418, -0.5925, 0.2139, 0.9985, 0.0486, 0.0090, 0.0229
36 447 14.900000 0.0424, -0.5484, 0.2076, 0.9981, 0.0569, 0.0082, 0.0226
36 448 14.940000 0.0435, -0.4915, 0.2025, 0.9981, 0.0573, 0.0081, 0.0225
36 449 14.970000 0.0446, -0.4502, 0.2011, 0.9985, 0.0498, 0.0088, 0.0226
