62 0 0.010000 514.7781, 212.5607, 545.2484, 213.6869, 544.7607, 226.8822, 514.2904, 225.7561
62 1 0.040000 514.7670, 213.1710, 545.2394, 214.2967, 544.7527, 227.4715, 514.2803, 226.3458
62 2 0.070000 514.7425, 214.5288, 545.2195, 215.6536, 544.7350, 228.7825, 514.2580, 227.6577
62 3 0.110000 513.3866, 220.2335, 543.9578, 215.4966, 545.9032, 228.0520, 515.3320, 232.7889
62 4 0.140000 512.4634, 223.9860, 541.9993, 214.2198, 545.8626, 225.9034, 516.3267, 235.6696
62 5 0.170000 511.1275, 224.8813, 539.5898, 212.3369, 544.4784, 223.4290, 516.0162, 235.9734
62 6 0.200000 508.8194, 223.7295, 536.4206, 209.5132, 541.9640, 220.2759, 514.3628, 234.4922
62 7 0.240000 504.2012, 219.9307, 531.2380, 204.8313, 537.2848, 215.6586, 510.2480, 230.7580
62 8 0.270000 499.8680, 215.6410, 527.3134, 201.5553, 533.0526, 212.7379, 505.6073, 226.8236
62 9 0.310000 493.5128, 210.8006, 520.7103, 196.6835, 526.5142, 207.8652, 499.3167, 221.9823
62 10 0.340000 488.3031, 206.8877, 515.6617, 193.4484, 521.3024, 204.9313, 493.9439, 218.3706
62 11 0.370000 482.8574, 202.8859, 510.5514, 190.6582, 515.8589, 202.6791, 488.1650, 214.9068
62 12 0.400000 477.2883, 199.4039, 505.1533, 188.1789, 510.1515, 200.5864, 482.2865, 211.8114
62 13 0.440000 469.7065, 195.0731, 497.8087, 185.5764, 502.2121, 198.6066, 474.1099, 208.1033
62 14 0.470000 463.9761, 192.0661, 492.2154, 184.1844, 495.9975, 197.7353, 467.7583, 205.6170
62 15 0.500000 458.1652, 189.7212, 486.3604, 183.0511, 489.6455, 196.9377, 461.4503, 203.6079
62 16 0.540000 450.4549, 187.0150, 478.4892, 182.3110, 480.8961, 196.6552, 452.8618, 201.3593
62 17 0.570000 444.7126, 185.4230, 472.4942, 182.2681, 474.1521, 196.8678, 446.3705, 200.0227
62 18 0.610000 437.0069, 184.0612, 464.3026, 182.6484, 465.0644, 197.3671, 437.7688, 198.7800
62 19 0.640000 431.1467, 183.5766, 458.0244, 183.1424, 458.2612, 197.8002, 431.3835, 198.2343
62 20 0.670000 425.4155, 183.1660, 451.7757, 183.9929, 451.3185, 198.5683, 424.9583, 197.7415
62 21 0.700000 419.5461, 183.2239, 445.4282, 184.8198, 444.5428, 199.1794, 418.6606, 197.5835
62 22 0.740000 411.8296, 183.5023, 437.0161, 186.1673, 435.5336, 200.1786, 410.3470, 197.5136
62 23 0.770000 406.2031, 183.7846, 430.7924, 187.4070, 428.7769, 201.0884, 404.1876, 197.4660
62 24 0.800000 400.3898, 184.5035, 424.5503, 188.4314, 422.3900, 201.7194, 398.2295, 197.7916
62 25 0.840000 392.9311, 185.4697, 416.4345, 190.0933, 413.9333, 202.8077, 390.4299, 198.1840
62 26 0.870000 387.4990, 186.2846, 410.4905, 191.4575, 407.7308, 203.7233, 384.7393, 198.5504
62 27 0.900000 381.9827, 187.4050, 404.6397, 192.6577, 401.8955, 204.4944, 379.2385, 199.2417
62 28 0.940000 374.9158, 188.9538, 397.1053, 194.4807, 394.3057, 205.7205, 372.1162, 200.1936
62 29 0.970000 369.9055, 190.0813, 391.6671, 196.0714, 388.7064, 206.8271, 366.9449, 200.8370
62 30 1.000000 364.8054, 191.5142, 386.3466, 197.3203, 383.5624, 207.6501, 362.0212, 201.8440
62 31 1.040000 358.4423, 193.1627, 379.6215, 199.0024, 376.8735, 208.9690, 355.6943, 203.1293
62 32 1.070000 354.1363, 193.9099, 374.9326, 200.2148, 371.9083, 210.1903, 351.1119, 203.8854
62 33 1.110000 348.6058, 194.7192, 369.0810, 201.1078, 365.8925, 211.3269, 345.4173, 204.9383
62 34 1.140000 344.4923, 195.3684, 364.9239, 201.4191, 361.8517, 211.7930, 341.4201, 205.7423
62 35 1.170000 340.7503, 195.6418, 361.0690, 201.9560, 357.8320, 212.3726, 337.5133, 206.0583
62 36 1.210000 335.8630, 196.0960, 356.2196, 202.1907, 353.0739, 212.6977, 332.7172, 206.6031
62 37 1.240000 332.2477, 196.5353, 352.7704, 201.9840, 349.9517, 212.6008, 329.4290, 207.1521
62 38 1.270000 329.1008, 196.6140, 349.6096, 202.0695, 346.7907, 212.6665, 326.2819, 207.2109
62 39 1.310000 324.9850, 196.8071, 345.6102, 201.7680, 343.0657, 212.3467, 322.4406, 207.3858
62 40 1.340000 321.9848, 196.9735, 342.7944, 201.2691, 340.6109, 211.8468, 319.8013, 207.5511
62 41 1.370000 319.3395, 196.7997, 340.2103, 200.9631, 338.1177, 211.4530, 317.2469, 207.2896
62 42 1.410000 315.8742, 196.5847, 336.8942, 200.1767, 335.1216, 210.5499, 314.1016, 206.9579
62 43 1.440000 313.2839, 196.5082, 334.4528, 199.2742, 333.1116, 209.5389, 311.9426, 206.7729
62 44 1.470000 311.0288, 195.9327, 332.2082, 198.6104, 330.9223, 208.7816, 309.7429, 206.1039
62 45 1.510000 308.0034, 195.1921, 329.2321, 197.3238, 328.2065, 207.5379, 306.9778, 205.4062
62 46 1.540000 305.6741, 194.9040, 326.9551, 196.2982, 326.2755, 206.6710, 304.9946, 205.2768
62 47 1.570000 303.4536, 194.6058, 324.7636, 195.6348, 324.2538, 206.1906, 302.9438, 205.1615
62 48 1.610000 300.4321, 194.6031, 321.8040, 194.9895, 321.6094, 205.7548, 300.2375, 205.3685
62 49 1.640000 298.1077, 194.9125, 319.5147, 194.6917, 319.6271, 205.5898, 298.2201, 205.8105
62 50 1.670000 295.8494, 195.2142, 317.2898, 194.8165, 317.4943, 205.8419, 296.0539, 206.2397
62 51 1.710000 292.7296, 196.0426, 314.2103, 195.2619, 314.6161, 206.4272, 293.1354, 207.2079
62 52 1.740000 290.3042, 196.9942, 311.8074, 195.8221, 312.4206, 207.0710, 290.9174, 208.2431
62 53 1.770000 287.9058, 197.9884, 309.4526, 196.8287, 310.0625, 208.1613, 288.5157, 209.3210
62 54 1.810000 284.5766, 199.8288, 306.1754, 198.5330, 306.8602, 209.9473, 285.2615, 211.2432
62 55 1.840000 281.9866, 201.6147, 303.6465, 200.1274, 304.4331, 211.5821, 282.7732, 213.0694
62 56 1.870000 279.4005, 203.5677, 301.1698, 202.2155, 301.8834, 213.7036, 280.1141, 215.0558
62 57 1.910000 275.8267, 206.8022, 297.7360, 205.5011, 298.4190, 217.0007, 276.5096, 218.3018
62 58 1.940000 273.0604, 209.6798, 295.0757, 208.3615, 295.7635, 219.8483, 273.7483, 221.1665
62 59 1.970000 270.2890, 212.7349, 292.4438, 211.6798, 292.9893, 223.1338, 270.8345, 224.1889
62 60 2.010000 266.4661, 217.1408, 288.7999, 216.3425, 289.2066, 227.7218, 266.8728, 228.5201
62 61 2.040000 263.4760, 220.4630, 285.9361, 219.6987, 286.3211, 231.0135, 263.8610, 231.7778
62 62 2.070000 260.5262, 223.2284, 283.1663, 223.0452, 283.2584, 234.4319, 260.6183, 234.6151
62 63 2.110000 256.4178, 226.6904, 279.2866, 226.9423, 279.1606, 238.3841, 256.2917, 238.1322
62 64 2.140000 253.1953, 229.1847, 276.2167, 229.3542, 276.1321, 240.8512, 253.1107, 240.6818
62 65 2.170000 250.0625, 231.1922, 273.2583, 231.7983, 272.9574, 243.3170, 249.7616, 242.7109
62 66 2.210000 245.7110, 233.8053, 269.1346, 234.4583, 268.8125, 246.0122, 245.3889, 245.3592
62 67 2.240000 242.3124, 235.7260, 265.9091, 235.9994, 265.7742, 247.6376, 242.1775, 247.3642
62 68 2.270000 239.1050, 237.0229, 262.9060, 237.8533, 262.4984, 249.5345, 238.6975, 248.7040
62 69 2.310000 234.6282, 238.8332, 258.6919, 239.7092, 258.2615, 251.5339, 234.1977, 250.6579
62 70 2.340000 231.2597, 240.0165, 255.5306, 240.9842, 255.0554, 252.9024, 230.7845, 251.9347
62 71 2.370000 228.0375, 240.8103, 252.5106, 242.4683, 251.7009, 254.4205, 227.2277, 252.7625
62 72 2.410000 223.5658, 242.0502, 248.3203, 243.8876, 247.4240, 255.9633, 222.6695, 254.1259
62 73 2.440000 220.1200, 243.0532, 245.0964, 244.6024, 244.3370, 256.8453, 219.3606, 255.2961
62 74 2.470000 216.9138, 243.5695, 242.1044, 245.7203, 241.0534, 258.0296, 215.8628, 255.8788
62 75 2.510000 212.5445, 244.3579, 238.0266, 246.7616, 236.8492, 259.2437, 211.3671, 256.8400
62 76 2.540000 209.2111, 245.0153, 234.9182, 247.2182, 233.8353, 259.8557, 208.1282, 257.6528
62 77 2.570000 206.1379, 245.2354, 232.0311, 248.0470, 230.6608, 260.6671, 204.7675, 257.8555
62 78 2.610000 201.9897, 245.6096, 228.1351, 248.6930, 226.6446, 261.3312, 200.4992, 258.2477
62 79 2.640000 198.8541, 245.9330, 225.2002, 248.8355, 223.8004, 261.5420, 197.4543, 258.6395
62 80 2.670000 196.0140, 245.8207, 222.5000, 249.3716, 220.8111, 261.9686, 194.3252, 258.4177
62 81 2.710000 192.2222, 245.7370, 218.9085, 249.6409, 217.0750, 262.1743, 190.3887, 258.2705
62 82 2.740000 189.3830, 245.7279, 216.2427, 249.5156, 214.4737, 262.0602, 187.6140, 258.2725
62 83 2.770000 186.8834, 245.2883, 213.8191, 249.8153, 211.7416, 262.1763, 184.8059, 257.6494
62 84 2.800000 184.2760, 245.0782, 211.3665, 249.5461, 209.3303, 261.8921, 182.2398, 257.4243
62 85 2.840000 181.1661, 244.4256, 208.3719, 249.4149, 206.1394, 261.5878, 178.9336, 256.5985
62 86 2.870000 179.1385, 243.6521, 206.3287, 249.4896, 203.7678, 261.4177, 176.5776, 255.5802
62 87 2.900000 177.0098, 243.1166, 204.3283, 248.9376, 201.7933, 260.8347, 174.4748, 255.0137
62 88 2.940000 174.5695, 242.0918, 201.9575, 248.3235, 199.2839, 260.0737, 171.8960, 253.8420
62 89 2.970000 173.0617, 241.0897, 200.4049, 247.9871, 197.4920, 259.5346, 170.1488, 252.6372
62 90 3.000000 171.4598, 240.3535, 198.9527, 247.0259, 196.1391, 258.6188, 168.6463, 251.9463
62 91 3.040000 169.7380, 239.1682, 197.3162, 245.9780, 194.4655, 257.5226, 166.8873, 250.7128
62 92 3.070000 168.7280, 238.1850, 196.2994, 245.3431, 193.3250, 256.8000, 165.7536, 249.6420
62 93 3.100000 167.6391, 237.4978, 195.3914, 244.2044, 192.5860, 255.8136, 164.8336, 249.1069
62 94 3.140000 166.5971, 236.4149, 194.4639, 242.9749, 191.7100, 254.6736, 163.8432, 248.1136
62 95 3.170000 166.1214, 235.4637, 193.9847, 242.2620, 191.1343, 253.9442, 163.2711, 247.1459
62 96 3.200000 165.5756, 234.7809, 193.6005, 241.0397, 190.9446, 252.9318, 162.9198, 246.6731
62 97 3.240000 165.2546, 233.6462, 193.3712, 239.6667, 190.7888, 251.7267, 162.6722, 245.7062
62 98 3.270000 165.3207, 232.6038, 193.4198, 238.8381, 190.7370, 250.9302, 162.6378, 244.6959
62 99 3.300000 165.3049, 231.8164, 193.5315, 237.4464, 191.0667, 249.8040, 162.8401, 244.1740
62 100 3.340000 165.6904, 230.4733, 193.9659, 235.8473, 191.5767, 248.4179, 163.3013, 243.0439
62 101 3.370000 166.2816, 229.2239, 194.5171, 234.8364, 192.0076, 247.4615, 163.7721, 241.8490
62 102 3.400000 166.7854, 228.2117, 195.0941, 233.2321, 192.8064, 246.1315, 164.4977, 241.1111
62 103 3.440000 167.8547, 226.5077, 196.1570, 231.3353, 193.9202, 244.4489, 165.6179, 239.6214
62 104 3.470000 168.9540, 224.9546, 197.1858, 230.1117, 194.7832, 243.2644, 166.5514, 238.1072
62 105 3.500000 169.9552, 223.6584, 198.2021, 228.3077, 195.9974, 241.7024, 167.7505, 237.0531
62 106 3.540000 171.6346, 221.6749, 199.8273, 226.1782, 197.6578, 239.7603, 169.4651, 235.2570
62 107 3.570000 173.1186, 220.0519, 201.2344, 224.7617, 198.9497, 238.4009, 170.8339, 233.6911
62 108 3.600000 174.5114, 218.7092, 202.6016, 222.8771, 200.5443, 236.7426, 172.4541, 232.5747
62 109 3.640000 176.6748, 216.6872, 204.6759, 220.6251, 202.7009, 234.6683, 174.6998, 230.7304
62 110 3.670000 178.5459, 214.9394, 206.4506, 219.1714, 204.3180, 233.2328, 176.4134, 229.0008
62 111 3.700000 180.2999, 213.4663, 208.1351, 217.1424, 206.2506, 231.4118, 178.4154, 227.7357
62 112 3.740000 182.9614, 211.1433, 210.6661, 214.6802, 208.8289, 229.0709, 181.1242, 225.5340
62 113 3.770000 185.1939, 209.1052, 212.7842, 212.9728, 210.7685, 227.3516, 183.1783, 223.4840
62 114 3.800000 187.3034, 207.2868, 214.7834, 210.6028, 213.0270, 225.1580, 185.5471, 221.8420
62 115 3.840000 190.4278, 204.3815, 217.7391, 207.5282, 216.0499, 222.1891, 188.7386, 219.0424
62 116 3.870000 193.0176, 201.7754, 220.1998, 205.2821, 218.3112, 219.9223, 191.1289, 216.4156
62 117 3.900000 195.4676, 199.3334, 222.4978, 202.2435, 220.9023, 217.0634, 193.8721, 214.1533
62 118 3.940000 199.0773, 195.4126, 225.9068, 198.2709, 224.3175, 213.1895, 197.4879, 210.3312
62 119 3.970000 202.0702, 191.9518, 228.7668, 195.4746, 226.8053, 210.3398, 200.1086, 206.8170
62 120 4.000000 204.9086, 188.7843, 231.4416, 192.0635, 229.5877, 207.0643, 203.0547, 203.7851
62 121 4.040000 208.8637, 184.6527, 235.1889, 188.0000, 233.2705, 203.0879, 206.9452, 199.7406
62 122 4.070000 211.8077, 182.0063, 237.9706, 185.2379, 236.0973, 200.4042, 209.9344, 197.1727
62 123 4.100000 214.6526, 179.9067, 240.6237, 182.6056, 239.0336, 197.9067, 213.0626, 195.2079
62 124 4.140000 218.5164, 177.5590, 244.2363, 179.8109, 242.8881, 195.2097, 217.1681, 192.9578
62 125 4.170000 221.4703, 176.0837, 247.0235, 178.2398, 245.7231, 193.6516, 220.1699, 191.4955
62 126 4.200000 224.3442, 175.0480, 249.6921, 176.7922, 248.6283, 192.2513, 223.2804, 190.5071
62 127 4.240000 228.2379, 173.9685, 253.3483, 175.4711, 252.4235, 190.9245, 227.3131, 189.4219
62 128 4.270000 231.2030, 173.3550, 256.1724, 174.9202, 255.2069, 190.3220, 230.2375, 188.7568
62 129 4.300000 234.0625, 173.1631, 258.8343, 174.3926, 258.0702, 189.7871, 233.2985, 188.5576
62 130 4.340000 237.9193, 173.1477, 262.4751, 174.2225, 261.8042, 189.5510, 237.2484, 188.4762
62 131 4.370000 240.8393, 173.3123, 265.2718, 174.4828, 264.5417, 189.7235, 240.1092, 188.5530
62 132 4.400000 243.6404, 173.8977, 267.8826, 174.7353, 267.3577, 189.9300, 243.1155, 189.0924
62 133 4.440000 247.3975, 174.9115, 271.4339, 175.5608, 271.0264, 190.6442, 246.9901, 189.9949
62 134 4.470000 250.2217, 175.8423, 274.1379, 176.5145, 273.7173, 191.4808, 249.8010, 190.8086
62 135 4.500000 252.9185, 177.1501, 276.6379, 177.4043, 276.4784, 192.2868, 252.7590, 192.0326
62 136 4.540000 256.5427, 178.9162, 280.0600, 178.9498, 280.0390, 193.6606, 256.5217, 193.6269
62 137 4.570000 259.3145, 180.1284, 282.7540, 180.4094, 282.5799, 194.9365, 259.1403, 194.6556
62 138 4.600000 261.9173, 181.6777, 285.1673, 181.6001, 285.2153, 195.9812, 261.9653, 196.0588
62 139 4.640000 265.4340, 183.6069, 288.5147, 183.5143, 288.5715, 197.6546, 265.4907, 197.7472
62 140 4.670000 268.0745, 185.0256, 291.0678, 185.1391, 290.9991, 199.0653, 268.0058, 198.9518
62 141 4.700000 270.5622, 186.7637, 293.3755, 186.5614, 293.4972, 200.2981, 270.6840, 200.5003
62 142 4.740000 273.8910, 189.0533, 296.5270, 188.7762, 296.6914, 202.2065, 274.0554, 202.4836
62 143 4.770000 276.3909, 190.7772, 298.9291, 190.6796, 298.9861, 203.8437, 276.4478, 203.9413
62 144 4.800000 278.7399, 192.8482, 301.1103, 192.4509, 301.3396, 205.3639, 278.9693, 205.7612
62 145 4.840000 281.8756, 195.6683, 304.0746, 195.2081, 304.3344, 207.7393, 282.1354, 208.1995
62 146 4.870000 284.2194, 197.8739, 306.3194, 197.5804, 306.4816, 209.7935, 284.3816, 210.0870
62 147 4.900000 286.4325, 200.4512, 308.3889, 199.9450, 308.6632, 211.8430, 286.7068, 212.3492
62 148 4.940000 289.3717, 204.0658, 311.1752, 203.5597, 311.4406, 214.9894, 289.6371, 215.4955
62 149 4.970000 291.5618, 206.8978, 313.2679, 206.5788, 313.4303, 217.6283, 291.7242, 217.9473
62 150 5.000000 293.6283, 209.9780, 315.2142, 209.5089, 315.4466, 220.2023, 293.8607, 220.6715
62 151 5.040000 296.3455, 213.8359, 317.7996, 213.3871, 318.0134, 223.6090, 296.5593, 224.0578
62 152 5.070000 298.3878, 216.3516, 319.7517, 216.1984, 319.8238, 226.2565, 298.4599, 226.4096
62 153 5.100000 300.1702, 218.9221, 321.4300, 218.1462, 321.7990, 228.2552, 300.5392, 229.0312
62 154 5.140000 302.5737, 221.5705, 323.7081, 220.5280, 324.2145, 230.7929, 303.0800, 231.8354
62 155 5.170000 304.3953, 223.0897, 325.4551, 222.2949, 325.8455, 232.6405, 304.7858, 233.4353
62 156 5.200000 305.9966, 224.7824, 326.9691, 223.5811, 327.5615, 233.9247, 306.5891, 235.1260
62 157 5.240000 308.1700, 226.4235, 329.0548, 225.3563, 329.5822, 235.6768, 308.6974, 236.7441
62 158 5.270000 309.8425, 227.2027, 330.6681, 226.7401, 330.8971, 237.0472, 310.0714, 237.5098
62 159 5.300000 311.3210, 228.1464, 332.0876, 227.7047, 332.3056, 237.9559, 311.5390, 238.3976
62 160 5.340000 313.2995, 229.0531, 333.9819, 228.9097, 334.0524, 239.0700, 313.3700, 239.2134
62 161 5.370000 314.8267, 229.4236, 335.4394, 229.8088, 335.2508, 239.8968, 314.6381, 239.5116
62 162 5.400000 316.1291, 230.0992, 336.6920, 230.1987, 336.6437, 240.1792, 316.0808, 240.0797
62 163 5.440000 317.9613, 230.5550, 338.4530, 230.7705, 338.3493, 240.6403, 317.8575, 240.4248
62 164 5.470000 319.3735, 230.6619, 339.8040, 231.1743, 339.5578, 240.9914, 319.1273, 240.4790
62 165 5.500000 320.6241, 230.9827, 341.0159, 231.2101, 340.9065, 241.0202, 320.5147, 240.7928
62 166 5.540000 322.3487, 231.3642, 342.6875, 231.5314, 342.6070, 241.3299, 322.2682, 241.1628
62 167 5.570000 323.6287, 231.8166, 343.9516, 231.9607, 343.8821, 241.7512, 323.5592, 241.6071
62 168 5.600000 324.7930, 232.6361, 345.1001, 232.3706, 345.2280, 242.1530, 324.9209, 242.4185
62 169 5.640000 326.3601, 233.8856, 346.6435, 233.3057, 346.9228, 243.0760, 326.6394, 243.6558
62 170 5.670000 327.5373, 234.9421, 347.8078, 234.3054, 348.1145, 244.0688, 327.8440, 244.7056
62 171 5.700000 328.5938, 236.3708, 348.8363, 235.3052, 349.3495, 245.0545, 329.1070, 246.1201
62 172 5.740000 329.9878, 238.4574, 350.1986, 237.0580, 350.8726, 246.7912, 330.6617, 248.1907
62 173 5.770000 331.0077, 240.1810, 351.2048, 238.6875, 351.9244, 248.4183, 331.7273, 249.9119
62 174 5.800000 331.8979, 242.2307, 352.0517, 240.2982, 352.9912, 250.0964, 332.8374, 252.0289
62 175 5.840000 333.0347, 245.2343, 353.1443, 242.9322, 354.2790, 252.8441, 334.1694, 255.1461
62 176 5.870000 333.8404, 247.7441, 353.9300, 245.2973, 355.1497, 255.3121, 335.0601, 257.7589
62 177 5.900000 334.5335, 250.6997, 354.5692, 247.8592, 356.0021, 257.9662, 335.9663, 260.8067
62 178 5.940000 335.3853, 255.0734, 355.3651, 251.8709, 357.0073, 262.1158, 337.0275, 265.3184
62 179 5.970000 335.9537, 258.6753, 355.9029, 255.2874, 357.6619, 265.6455, 337.7128, 269.0334
62 180 6.000000 336.3678, 262.6064, 356.2683, 258.8325, 358.2497, 269.2812, 338.3492, 273.0551
62 181 6.040000 336.7044, 267.7415, 356.5823, 263.6342, 358.7735, 274.2386, 338.8955, 278.3459
62 182 6.070000 336.7798, 271.2895, 356.6923, 267.1701, 358.9136, 277.9077, 339.0011, 282.0271
62 183 6.100000 336.6103, 274.8099, 356.4200, 270.3049, 358.9057, 281.2349, 339.0960, 285.7399
62 184 6.140000 336.1300, 279.0843, 355.9079, 274.4535, 358.5138, 285.5831, 338.7359, 290.2139
62 185 6.170000 335.5665, 282.0354, 355.4013, 277.5369, 357.9542, 288.7929, 338.1193, 293.2915
62 186 6.200000 334.7290, 285.2185, 354.4014, 280.2337, 357.2726, 291.5647, 337.6002, 296.5495
62 187 6.240000 333.3631, 289.0716, 353.0343, 284.0307, 355.9659, 295.4710, 336.2948, 300.5118
62 188 6.270000 332.1764, 291.7272, 351.9407, 286.9842, 354.7194, 298.5631, 334.9550, 303.3061
62 189 6.300000 330.6929, 294.6635, 350.4340, 289.7416, 353.3377, 301.3879, 333.5966, 306.3098
62 190 6.340000 328.5347, 298.4016, 348.3525, 293.6662, 351.1683, 305.4506, 331.3506, 310.1860
62 191 6.370000 326.8021, 301.1272, 346.7482, 296.8443, 349.3056, 308.7545, 329.3595, 313.0374
62 192 6.400000 324.8084, 304.2209, 344.7827, 299.9421, 347.3508, 311.9302, 327.3765, 316.2090
62 193 6.440000 322.0410, 308.3367, 342.1399, 304.4758, 344.4721, 316.6167, 324.3733, 320.4777
62 194 6.470000 319.8879, 311.4491, 340.1188, 308.1528, 342.1196, 320.4325, 321.8887, 323.7289
62 195 6.500000 317.5226, 314.7954, 337.8281, 311.7621, 339.6797, 324.1564, 319.3741, 327.1898
62 196 6.540000 314.1936, 319.0132, 334.6136, 316.4669, 336.1784, 329.0156, 315.7584, 331.5619
62 197 6.570000 311.5702, 321.8655, 332.0804, 319.7849, 333.3619, 332.4184, 312.8518, 334.4989
62 198 6.600000 308.5602, 324.8898, 329.0753, 322.4790, 330.5635, 335.1430, 310.0484, 337.5539
62 199 6.640000 304.5460, 328.2009, 325.1402, 325.9857, 326.5119, 338.7377, 305.9177, 340.9529
62 200 6.670000 301.5876, 330.1373, 322.2898, 328.6393, 323.2178, 341.4639, 302.5155, 342.9618
62 201 6.700000 298.2491, 332.2978, 318.9920, 330.7076, 319.9803, 343.5992, 299.2375, 345.1895
62 202 6.740000 293.8463, 334.6049, 314.6824, 333.4532, 315.4021, 346.4746, 294.5660, 347.6262
62 203 6.770000 290.5810, 335.9703, 311.4918, 335.4872, 311.7954, 348.6301, 290.8846, 349.1131
62 204 6.800000 286.9952, 337.5778, 308.0372, 337.0521, 308.3677, 350.2795, 287.3257, 350.8052
62 205 6.840000 282.3509, 339.2316, 303.5074, 339.2111, 303.5203, 352.5732, 282.3638, 352.5937
62 206 6.870000 278.9636, 340.1922, 300.1331, 340.8661, 299.7052, 354.3077, 278.5356, 353.6337
62 207 6.900000 275.2707, 341.3938, 296.5853, 342.0636, 296.1595, 355.6143, 274.8449, 354.9446
62 208 6.940000 270.4965, 342.6726, 291.9225, 343.7274, 291.2491, 357.4052, 269.8232, 356.3505
62 209 6.970000 267.0178, 343.4355, 288.4674, 344.9959, 287.4645, 358.7819, 266.0149, 357.2215
62 210 7.000000 263.2856, 344.4533, 284.9040, 345.9339, 283.9518, 359.8366, 262.3334, 358.3560
62 211 7.040000 258.4851, 345.6468, 280.2401, 347.3821, 279.1194, 361.4316, 257.3645, 359.6963
62 212 7.070000 255.0782, 346.4193, 276.8324, 348.7393, 275.3271, 362.8540, 253.5729, 360.5340
62 213 7.100000 251.3953, 347.5633, 273.3318, 349.8444, 271.8549, 364.0471, 249.9185, 361.7661
62 214 7.140000 246.7118, 349.0113, 268.7821, 351.6484, 267.0743, 365.9417, 245.0039, 363.3046
62 215 7.170000 243.3322, 350.1077, 265.4378, 353.2052, 263.4286, 367.5438, 241.3230, 364.4463
62 216 7.200000 239.7378, 351.5385, 262.0547, 354.6048, 260.0758, 369.0071, 237.7590, 365.9409
62 217 7.240000 235.1619, 353.4702, 257.6591, 356.8083, 255.5152, 371.2568, 233.0181, 367.9186
62 218 7.270000 231.8971, 354.9506, 254.4511, 358.7244, 252.0304, 373.1919, 229.4764, 369.4181
62 219 7.300000 228.4285, 356.8101, 251.2204, 360.5429, 248.8456, 375.0433, 226.0537, 371.3106
62 220 7.340000 224.0349, 359.4023, 247.0348, 363.3982, 244.5110, 377.9254, 221.5110, 373.9295
62 221 7.370000 220.8996, 361.4858, 243.9771, 365.8882, 241.2047, 380.4212, 218.1272, 376.0188
62 222 7.400000 217.5975, 363.9994, 240.9134, 368.4180, 238.1548, 382.9744, 214.8389, 378.5558
62 223 7.440000 213.3926, 367.6352, 236.9315, 372.3254, 234.0270, 386.9025, 210.4881, 382.2124
62 224 7.470000 210.3868, 370.5573, 234.0287, 375.6104, 230.9091, 390.2060, 207.2672, 385.1529
62 225 7.500000 207.2873, 373.7355, 231.1800, 378.8133, 228.0639, 393.4756, 204.1713, 388.3978
62 226 7.540000 203.4204, 377.7033, 227.6253, 382.8402, 224.5132, 397.5041, 200.3083, 392.3672
62 227 7.570000 200.9041, 380.0870, 225.2346, 385.5021, 221.9737, 400.1538, 197.6431, 394.7387
62 228 7.600000 198.1770, 382.4750, 222.9643, 387.3543, 220.1096, 401.8560, 195.3223, 396.9767
62 229 7.640000 195.3334, 384.4066, 220.3913, 389.3321, 217.5352, 403.8620, 192.4773, 398.9364
62 230 7.670000 193.9726, 384.8228, 218.8326, 390.7541, 215.3656, 405.2852, 190.5057, 399.3539
62 231 7.700000 191.8472, 385.8219, 217.2872, 390.8189, 214.4503, 405.2618, 189.0103, 400.2648
62 232 7.740000 190.1463, 385.6598, 215.7580, 390.8881, 212.8152, 405.3040, 187.2035, 400.0757
62 233 7.770000 189.0614, 385.1102, 214.8483, 390.3108, 211.9413, 404.7248, 186.1544, 399.5242
62 234 7.800000 187.8997, 384.4367, 214.0900, 389.0205, 211.5809, 403.3563, 185.3907, 398.7725
62 235 7.840000 186.7004, 382.8466, 213.3705, 386.5581, 211.3996, 400.7209, 184.7294, 397.0093
62 236 7.870000 186.4423, 380.5294, 213.1698, 384.5383, 211.0541, 398.6435, 184.3267, 394.6346
62 237 7.900000 185.6734, 378.6265, 212.9021, 381.2669, 211.5625, 395.0811, 184.3338, 392.4408
62 238 7.940000 185.3409, 374.5946, 212.8897, 376.4768, 211.9640, 390.0267, 184.4151, 388.1445
62 239 7.970000 185.4873, 370.5318, 213.1067, 372.6009, 212.1021, 386.0113, 184.4827, 383.9422
62 240 8.000000 185.3237, 366.8094, 213.2117, 367.9375, 212.6854, 380.9475, 184.7974, 379.8194
62 241 8.040000 185.4002, 361.4780, 213.4906, 362.0468, 213.2363, 374.6063, 185.1459, 374.0375
62 242 8.070000 185.3806, 357.9669, 213.6298, 357.7733, 213.7137, 370.0069, 185.4644, 370.2005
62 243 8.100000 185.2916, 354.9750, 213.6578, 353.6533, 214.2112, 365.5298, 185.8449, 366.8514
62 244 8.140000 185.2452, 351.1888, 213.6819, 348.7424, 214.6706, 360.2353, 186.2339, 362.6816
62 245 8.170000 185.2172, 348.2863, 213.6766, 345.3441, 214.8568, 356.7605, 186.3975, 359.7027
62 246 8.200000 185.0563, 345.6827, 213.4919, 341.9007, 215.0036, 353.2661, 186.5680, 357.0481
62 247 8.240000 184.7828, 342.2737, 213.1838, 337.7945, 214.9819, 349.1953, 186.5809, 353.6746
62 248 8.270000 184.5018, 339.7321, 212.9030, 335.0329, 214.7958, 346.4723, 186.3946, 351.1716
62 249 8.300000 184.0289, 337.5061, 212.3389, 332.0945, 214.5429, 343.6242, 186.2329, 349.0358
62 250 8.340000 183.2668, 334.4027, 211.5269, 328.6026, 213.8969, 340.1503, 185.6368, 345.9505
62 251 8.370000 182.5790, 331.8817, 210.8923, 326.2907, 213.1686, 337.8183, 184.8554, 343.4094
62 252 8.400000 181.6578, 329.6384, 209.9115, 323.6941, 212.3426, 335.2494, 184.0889, 341.1937
62 253 8.440000 180.2247, 326.4114, 208.4962, 320.4764, 210.9253, 332.0473, 182.6538, 337.9824
62 254 8.470000 179.0393, 323.7390, 207.4303, 318.4090, 209.5866, 329.8949, 181.1956, 335.2249
62 255 8.500000 177.5690, 321.5665, 205.8964, 315.8557, 208.2167, 327.3656, 179.8894, 333.0763
62 256 8.540000 175.5308, 318.4423, 203.9763, 313.2757, 206.0574, 324.7338, 177.6120, 329.9004
62 257 8.570000 173.9232, 316.2138, 202.5155, 311.8466, 204.2523, 323.2175, 175.6600, 327.5847
62 258 8.600000 172.1537, 314.4461, 200.8244, 310.4484, 202.4023, 321.7648, 173.7316, 325.7625
62 259 8.640000 169.7053, 312.3203, 198.5146, 309.1625, 199.7582, 320.5084, 170.9489, 323.6662
62 260 8.670000 167.8288, 310.8749, 196.7442, 308.6358, 197.6258, 320.0195, 168.7103, 322.2586
62 261 8.700000 165.7877, 309.8390, 194.7671, 307.9705, 195.5043, 319.4036, 166.5249, 321.2721
62 262 8.740000 163.0453, 308.4608, 192.1048, 307.4447, 192.5126, 319.1080, 163.4531, 320.1241
62 263 8.770000 161.0058, 307.4951, 190.0979, 307.3693, 190.1493, 319.2550, 161.0571, 319.3808
62 264 8.800000 158.8343, 307.0304, 187.9606, 307.2684, 187.8624, 319.2804, 158.7362, 319.0424
62 265 8.840000 156.0182, 306.4660, 185.1467, 307.5707, 184.6814, 319.8407, 155.5529, 318.7360
62 266 8.870000 154.0119, 306.0718, 183.0755, 308.1452, 182.1809, 320.6849, 153.1173, 318.6115
62 267 8.900000 151.8711, 306.2219, 180.9208, 308.6995, 179.8372, 321.4049, 150.7875, 318.9273
62 268 8.940000 149.2088, 306.4866, 178.1371, 309.9261, 176.5894, 322.9435, 147.6610, 319.5040
62 269 8.970000 147.3794, 306.7612, 176.1204, 311.1805, 174.0766, 324.4720, 145.3356, 320.0527
62 270 9.000000 145.4918, 307.3950, 174.1119, 312.3809, 171.7591, 325.8865, 143.1390, 320.9006
62 271 9.040000 143.2202, 308.1188, 171.6222, 313.9362, 168.7884, 327.7715, 140.3864, 321.9541
62 272 9.070000 141.7661, 308.4572, 169.9423, 314.9941, 166.6866, 329.0273, 138.5104, 322.4904
62 273 9.100000 140.0210, 309.1979, 168.3378, 315.4051, 165.2444, 329.5173, 136.9275, 323.3102
62 274 9.140000 138.2981, 309.5192, 166.5519, 315.9693, 163.2982, 330.2221, 135.0443, 323.7720
62 275 9.170000 137.5351, 309.2102, 165.4896, 316.4654, 161.7561, 330.8507, 133.8016, 323.5955
62 276 9.200000 136.6587, 309.0919, 164.5663, 316.4886, 160.7361, 330.9399, 132.8285, 323.5432
62 277 9.240000 136.1790, 308.3325, 163.7282, 316.5596, 159.3807, 331.1174, 131.8315, 322.8903
62 278 9.270000 136.2120, 307.5085, 163.3852, 316.5160, 158.5442, 331.1198, 131.3711, 322.1122
62 279 9.300000 135.9651, 307.0373, 163.2358, 315.8590, 158.5114, 330.4634, 131.2408, 321.6416
62 280 9.340000 136.1957, 306.0293, 163.4661, 314.8446, 158.7459, 329.4469, 131.4754, 320.6316
62 281 9.370000 136.8722, 304.9099, 163.9706, 314.0444, 159.0531, 328.6325, 131.9548, 319.4980
62 282 9.400000 137.2126, 304.1669, 164.6766, 312.5321, 160.2429, 327.0884, 132.7789, 318.7231
62 283 9.440000 138.3741, 302.6286, 166.0442, 310.4871, 161.9349, 324.9557, 134.2649, 317.0971
62 284 9.470000 139.7609, 301.0359, 167.3817, 308.9511, 163.2556, 323.3493, 135.6348, 315.4340
62 285 9.500000 140.9024, 299.8096, 168.8528, 306.8837, 165.2470, 321.1307, 137.2966, 314.0566
62 286 9.540000 142.8323, 298.0531, 171.0673, 304.2299, 167.9891, 318.3006, 139.7541, 312.1238
62 287 9.570000 144.4899, 296.7784, 172.8670, 302.3878, 170.1085, 316.3427, 141.7314, 310.7332
62 288 9.600000 145.9827, 295.9905, 174.6673, 300.3420, 172.5787, 314.1095, 143.8941, 309.7580
62 289 9.640000 148.3312, 294.8050, 177.2108, 297.9616, 175.7292, 311.5165, 146.8496, 308.3598
62 290 9.670000 150.3134, 293.7545, 179.2230, 296.4183, 177.9834, 309.8709, 149.0738, 307.2072
62 291 9.700000 152.1394, 293.1222, 181.1587, 294.6645, 180.4551, 307.9029, 151.4358, 306.3606
62 292 9.740000 154.7805, 292.0175, 183.8169, 292.5777, 183.5654, 305.6141, 154.5290, 305.0538
62 293 9.770000 156.8689, 290.9576, 185.8643, 291.1927, 185.7592, 304.1495, 156.7638, 303.9143
62 294 9.800000 158.7563, 290.3336, 187.7373, 289.5155, 188.0969, 302.2554, 159.1159, 303.0735
62 295 9.840000 161.3588, 289.1219, 190.2636, 287.5030, 190.9661, 300.0461, 162.0614, 301.6651
62 296 9.870000 163.3339, 287.8854, 192.1764, 286.1437, 192.9305, 298.6313, 164.0880, 300.3730
62 297 9.900000 165.0854, 287.0581, 193.8488, 284.4642, 194.9540, 296.7197, 166.1906, 299.3136
62 298 9.940000 167.3840, 285.4842, 196.0423, 282.3440, 197.3664, 294.4286, 168.7081, 297.5687
62 299 9.970000 169.0727, 283.8528, 197.6949, 280.9102, 198.9379, 293.0010, 170.3157, 295.9435
62 300 10.000000 170.5271, 282.6493, 199.0652, 279.1801, 200.5154, 291.1092, 171.9772, 294.5784
62 301 10.040000 172.3714, 280.8427, 200.8410, 277.1787, 202.3632, 289.0068, 173.8937, 292.6709
62 302 10.070000 173.6448, 279.5693, 202.0842, 275.8960, 203.6054, 287.6726, 175.1659, 291.3459
62 303 10.100000 174.7136, 278.8748, 203.0491, 274.5081, 204.8303, 286.0661, 176.4948, 290.4328
62 304 10.140000 175.9843, 278.0062, 204.1999, 272.9667, 206.2220, 284.2882, 178.0064, 289.3277
62 305 10.170000 176.8110, 277.1343, 205.0241, 272.0866, 207.0486, 283.4022, 178.8355, 288.4499
62 306 10.200000 177.4107, 276.6047, 205.5284, 270.9995, 207.7788, 282.2879, 179.6611, 287.8932
62 307 10.240000 178.0331, 275.7796, 206.1490, 270.0564, 208.4495, 281.3579, 180.3336, 287.0811
62 308 10.270000 178.3530, 275.0663, 206.5658, 269.6895, 208.7284, 281.0369, 180.5156, 286.4137
62 309 10.300000 178.4361, 274.7217, 206.6393, 269.1104, 208.9001, 280.4733, 180.6969, 286.0846
62 310 10.340000 178.3619, 274.1087, 206.6968, 268.8212, 208.8373, 280.2921, 180.5025, 285.5796
62 311 10.370000 178.1735, 273.6234, 206.6706, 268.9262, 208.5653, 280.4206, 180.0681, 285.1179
62 312 10.400000 177.7744, 273.4634, 206.3612, 268.8913, 208.2113, 280.4591, 179.6246, 285.0312
62 313 10.440000 177.0892, 273.2667, 205.8582, 269.2523, 207.4789, 280.8673, 178.7099, 284.8817
62 314 10.470000 176.5076, 273.0307, 205.4776, 269.9406, 206.7176, 281.5655, 177.7475, 284.6555
62 315 10.500000 175.7209, 273.1983, 204.8056, 270.3813, 205.9350, 282.0421, 176.8503, 284.8591
62 316 10.540000 174.5998, 273.2933, 203.8802, 271.3222, 204.6692, 283.0431, 175.3888, 285.0142
62 317 10.570000 173.7144, 273.2862, 203.1304, 272.1788, 203.5733, 283.9451, 174.1573, 285.0524
62 318 10.600000 172.6546, 273.5395, 202.1808, 272.7086, 202.5127, 284.5030, 172.9865, 285.3339
62 319 10.640000 171.2543, 273.6854, 200.9236, 273.6460, 200.9394, 285.4804, 171.2700, 285.5198
62 320 10.670000 170.2859, 273.5950, 200.0280, 274.6522, 199.6065, 286.5095, 169.8644, 285.4522
62 321 10.700000 169.1412, 273.8468, 198.9739, 275.1995, 198.4353, 287.0775, 168.6026, 285.7248
62 322 10.740000 167.7493, 274.0132, 197.6498, 276.2320, 196.7671, 288.1269, 166.8667, 285.9081
62 323 10.770000 166.8557, 273.8976, 196.7416, 277.1606, 195.4349, 289.1290, 165.5490, 285.8660
62 324 10.800000 165.7942, 274.2446, 195.7555, 277.6843, 194.3829, 289.6407, 164.4216, 286.2010
62 325 10.840000 164.6723, 274.3605, 194.6292, 278.6722, 192.9019, 290.6730, 162.9450, 286.3613
62 326 10.870000 164.0303, 274.3138, 193.9033, 279.5155, 191.8009, 291.5889, 161.9280, 286.3872
62 327 10.900000 163.2881, 274.6582, 193.2030, 280.0820, 191.0172, 292.1375, 161.1024, 286.7137
62 328 10.940000 162.5976, 274.9771, 192.4814, 280.9874, 190.0586, 293.0334, 160.1749, 287.0231
62 329 10.970000 162.3757, 275.0389, 192.1255, 281.8397, 189.3646, 293.9173, 159.6148, 287.1166
62 330 11.000000 162.0142, 275.6037, 191.8336, 282.3707, 189.1072, 294.3851, 159.2877, 287.6181
62 331 11.040000 161.9764, 276.1462, 191.7220, 283.4166, 188.7823, 295.4440, 159.0366, 288.1736
62 332 11.070000 162.2853, 276.4540, 191.8404, 284.4702, 188.5589, 296.5686, 159.0039, 288.5524
62 333 11.100000 162.5582, 277.1689, 192.0767, 285.3823, 188.6991, 297.5212, 159.1806, 289.3079
62 334 11.140000 163.3767, 278.0782, 192.6870, 286.9465, 188.9771, 299.2080, 159.6668, 290.3397
62 335 11.170000 164.2695, 278.8546, 193.3621, 288.2928, 189.3462, 300.6716, 160.2536, 291.2333
62 336 11.200000 165.0483, 280.1564, 194.1866, 289.4545, 190.2075, 301.9242, 161.0692, 292.6261
62 337 11.240000 166.4632, 282.0314, 195.5934, 291.2845, 191.5728, 303.9418, 162.4426, 294.6887
62 338 11.270000 167.8681, 283.4908, 196.8766, 292.9627, 192.6846, 305.8010, 163.6761, 296.3291
62 339 11.300000 169.1118, 285.5366, 198.2914, 294.4730, 194.3090, 307.4767, 165.1294, 298.5404
62 340 11.340000 171.1672, 288.4335, 200.4399, 296.9536, 196.5781, 310.2217, 167.3054, 301.7017
62 341 11.370000 172.9844, 290.7655, 202.2318, 299.1939, 198.3366, 312.7105, 169.0893, 304.2822
62 342 11.400000 174.6442, 293.7194, 204.0956, 301.4183, 200.4983, 315.1793, 171.0469, 307.4804
62 343 11.440000 177.1534, 297.9958, 206.7506, 304.9956, 203.4015, 319.1568, 173.8043, 312.1571
62 344 11.470000 179.1685, 301.5509, 208.8449, 308.0852, 205.6537, 322.5786, 175.9773, 316.0443
62 345 11.500000 181.0900, 305.6006, 210.9752, 311.2244, 208.1904, 326.0231, 178.3052, 320.3994
62 346 11.540000 183.9403, 310.9201, 214.0073, 315.5508, 211.6698, 330.7279, 181.6028, 326.0972
62 347 11.570000 186.4006, 314.4763, 216.4924, 318.7827, 214.2651, 334.3464, 184.1733, 330.0400
62 348 11.600000 188.7423, 318.1588, 219.0027, 321.6313, 217.1868, 337.4555, 186.9265, 333.9831
62 349 11.640000 192.2408, 322.5525, 222.5549, 325.5207, 220.9808, 341.5972, 190.6667, 338.6290
62 350 11.670000 195.1075, 325.4783, 225.3607, 328.4782, 223.7472, 344.7502, 193.4939, 341.7503
62 351 11.700000 197.6067, 328.9658, 228.0193, 330.8762, 226.9976, 347.1407, 196.5851, 345.2303
62 352 11.740000 201.2502, 333.1206, 231.7092, 334.2352, 231.1127, 350.5359, 200.6536, 349.4213
62 353 11.770000 204.1384, 335.9475, 234.5537, 336.8551, 234.0657, 353.2061, 203.6504, 352.2984
62 354 11.800000 206.7509, 339.2226, 237.2250, 339.1095, 237.2853, 355.3494, 206.8112, 355.4625
62 355 11.840000 210.4007, 343.2511, 240.8436, 342.3500, 241.3209, 358.4736, 210.8779, 359.3747
62 356 11.870000 213.1872, 346.0762, 243.5806, 344.9553, 244.1735, 361.0338, 213.7802, 362.1547
62 357 11.900000 215.7169, 349.3615, 246.1151, 347.3248, 247.1798, 363.2155, 216.7816, 365.2522
62 358 11.940000 219.1086, 353.6326, 249.4733, 350.7967, 250.9385, 366.4853, 220.5737, 369.3211
62 359 11.970000 221.6258, 356.7573, 251.9516, 353.6046, 253.5701, 369.1727, 223.2443, 372.3254
62 360 12.000000 223.8665, 360.2790, 254.1455, 356.1168, 256.2497, 371.4242, 225.9707, 375.5864
62 361 12.040000 226.7633, 364.1541, 256.9733, 359.3237, 259.3786, 374.3667, 229.1686, 379.1971
62 362 12.070000 228.8399, 366.1273, 259.0338, 361.5058, 261.3171, 376.4230, 231.1231, 381.0446
62 363 12.100000 230.3714, 368.5738, 260.4339, 362.5336, 263.3467, 377.0310, 233.2843, 383.0712
62 364 12.140000 232.2218, 370.3695, 262.1557, 363.5366, 265.3997, 377.7480, 235.4658, 384.5809
62 365 12.170000 233.4151, 370.5242, 263.3870, 364.1046, 266.4352, 378.3362, 236.4633, 384.7558
62 366 12.200000 234.1127, 371.0286, 263.9352, 363.6971, 267.3660, 377.6525, 237.5434, 384.9841
62 367 12.240000 234.7220, 370.1424, 264.5392, 362.8983, 267.9196, 376.8123, 238.1024, 384.0564
62 368 12.270000 234.8928, 368.5219, 264.7977, 361.9810, 267.8673, 376.0148, 237.9623, 382.5557
62 369 12.300000 234.6031, 367.0708, 264.4443, 360.1835, 267.6536, 374.0885, 237.8124, 380.9759
62 370 12.340000 233.8651, 363.8150, 263.7507, 357.3568, 266.7485, 371.2292, 236.8629, 377.6875
62 371 12.370000 233.1057, 360.1842, 263.1273, 354.9535, 265.5716, 368.9827, 235.5500, 374.2134
62 372 12.400000 231.8537, 356.8281, 261.8446, 351.4260, 264.3454, 365.3101, 234.3545, 370.7122
62 373 12.440000 229.9256, 350.8716, 259.9584, 346.0976, 262.1590, 359.9410, 232.1261, 364.7150
62 374 12.470000 228.3354, 345.3324, 258.4440, 341.6918, 260.1206, 355.5582, 230.0121, 359.1988
62 375 12.500000 226.2059, 340.5840, 256.2304, 336.0552, 258.2650, 349.5442, 228.2406, 354.0730
62 376 12.540000 223.5374, 332.8814, 253.6321, 329.4234, 255.1713, 342.8181, 225.0765, 346.2761
62 377 12.570000 221.5435, 327.0625, 251.7061, 325.0019, 252.6220, 338.4087, 222.4594, 340.4693
62 378 12.600000 219.3747, 321.8644, 249.5629, 320.6057, 250.1199, 333.9651, 219.9317, 335.2238
62 379 12.640000 216.4487, 315.2120, 246.6519, 315.1592, 246.6753, 328.4949, 216.4720, 328.5478
62 380 12.670000 214.2863, 310.3120, 244.4643, 311.3530, 244.0035, 324.7122, 213.8255, 323.6713
62 381 12.700000 211.9309, 305.9704, 242.1271, 307.3327, 241.5270, 320.6345, 211.3308, 319.2722
62 382 12.740000 208.9003, 300.1270, 239.0897, 302.2162, 238.1709, 315.4921, 207.9815, 313.4029
62 383 12.770000 206.7696, 295.6057, 236.9022, 298.5621, 235.5977, 311.8579, 205.4651, 308.9014
62 384 12.800000 204.4498, 291.5598, 234.6331, 294.5283, 233.3313, 307.7647, 203.1480, 304.7962
62 385 12.840000 201.6079, 285.8417, 231.7917, 289.2872, 230.2846, 302.4905, 200.1007, 299.0450
62 386 12.870000 199.7223, 281.2098, 229.8259, 285.4520, 227.9640, 298.6639, 197.8604, 294.4217
62 387 12.900000 197.6227, 277.0167, 227.8207, 281.0149, 226.0822, 294.1457, 195.8842, 290.1475
62 388 12.940000 195.1603, 270.9020, 225.3993, 275.0398, 223.6147, 288.0812, 193.3757, 283.9434
62 389 12.970000 193.6620, 265.7651, 223.8119, 270.6411, 221.7075, 283.6534, 191.5575, 278.7774
62 390 13.000000 191.9469, 261.1477, 222.1971, 265.7243, 220.2490, 278.6004, 189.9989, 274.0238
62 391 13.040000 189.9522, 255.0642, 220.2211, 259.8410, 218.2134, 272.5632, 187.9445, 267.7864
62 392 13.070000 188.3797, 251.2315, 218.7265, 255.7832, 216.8371, 268.3798, 186.4904, 263.8281
62 393 13.100000 186.7556, 247.9748, 217.2168, 251.9886, 215.5663, 264.5141, 185.1052, 260.5002
62 394 13.140000 184.7057, 244.1322, 215.2655, 247.6531, 213.8218, 260.1834, 183.2620, 256.6625
62 395 13.170000 183.2561, 241.6262, 213.8513, 245.0164, 212.4636, 257.5397, 181.8684, 254.1495
62 396 13.200000 181.7267, 239.6491, 212.3945, 242.5127, 211.2243, 255.0452, 180.5565, 252.1815
62 397 13.240000 179.7925, 237.4078, 210.5141, 239.8813, 209.5051, 252.4129, 178.7835, 249.9394
62 398 13.270000 178.4247, 235.9733, 209.1611, 238.4439, 208.1546, 250.9664, 177.4182, 248.4959
62 399 13.300000 176.9601, 235.0189, 207.7408, 237.0469, 206.9155, 249.5736, 176.1348, 247.5455
62 400 13.340000 175.1084, 234.0259, 205.9186, 235.8721, 205.1683, 248.3936, 174.3581, 246.5474
62 401 13.370000 173.7935, 233.4795, 204.6081, 235.5155, 203.7815, 248.0263, 172.9669, 245.9904
62 402 13.400000 172.3729, 233.4088, 203.2180, 235.1865, 202.4969, 247.6982, 171.6518, 245.9205
62 403 13.440000 170.5826, 233.5699, 201.4426, 235.4863, 200.6662, 247.9893, 169.8061, 246.0729
62 404 13.470000 169.3218, 233.8654, 200.1669, 236.2496, 199.2017, 248.7365, 168.3566, 246.3523
62 405 13.500000 167.9892, 234.4917, 198.8457, 237.0006, 197.8307, 249.4842, 166.9741, 246.9752
62 406 13.540000 166.3481, 235.0292, 197.1866, 237.9547, 195.9792, 250.6810, 165.1408, 247.7555
62 407 13.570000 165.2200, 235.2436, 196.0230, 238.6147, 194.6121, 251.5065, 163.8091, 248.1354
62 408 13.600000 163.9195, 235.8031, 194.7895, 238.7775, 193.5414, 251.7310, 162.6714, 248.7567
62 409 13.640000 162.4780, 235.9184, 193.3644, 239.1286, 192.0008, 252.2477, 161.1145, 249.0375
62 410 13.670000 161.6606, 235.5032, 192.4629, 239.5130, 190.7262, 252.8542, 159.9239, 248.8445
62 411 13.700000 160.6353, 235.5238, 191.4974, 239.4063, 189.8085, 252.8308, 158.9465, 248.9483
62 412 13.740000 159.6296, 234.9753, 190.4402, 239.4314, 188.4693, 253.0591, 157.6586, 248.6030
62 413 13.770000 159.1324, 234.2487, 189.8017, 239.5413, 187.4230, 253.3248, 156.7537, 248.0322
62 414 13.800000 158.4801, 233.8590, 189.1748, 239.2202, 186.7516, 253.0939, 156.0569, 247.7327
62 415 13.840000 158.0529, 232.8397, 188.6108, 238.9668, 185.7976, 252.9969, 155.2398, 246.8698
62 416 13.870000 158.1135, 231.7076, 188.4007, 238.9021, 185.0378, 253.0590, 154.7506, 245.8645
62 417 13.900000 157.9542, 231.0133, 188.2531, 238.2999, 184.8410, 252.4881, 154.5421, 245.2015
62 418 13.940000 158.2971, 229.6075, 188.4018, 237.6263, 184.6199, 251.8245, 154.5152, 243.8058
62 419 13.970000 159.0061, 228.2261, 188.7763, 237.2213, 184.4921, 251.3999, 154.7220, 242.4046
62 420 14.000000 159.4633, 227.3732, 189.2720, 236.3456, 185.0274, 250.4472, 155.2188, 241.4749
62 421 14.040000 160.7888, 226.0801, 190.2125, 236.0190, 185.4746, 250.0453, 156.0509, 240.1064
62 422 14.070000 161.8501, 225.6577, 191.0302, 236.1659, 185.9964, 250.1441, 156.8164, 239.6359
62 423 14.100000 162.7951, 225.8976, 191.9309, 236.5126, 186.8463, 250.4688, 157.7104, 239.8537
62 424 14.140000 164.2822, 226.8477, 193.3016, 237.7017, 188.0891, 251.6382, 159.0696, 240.7841
62 425 14.170000 165.5696, 228.0265, 194.4758, 239.1117, 189.1363, 253.0353, 160.2301, 241.9500
62 426 14.200000 166.7559, 229.8619, 195.7514, 240.7249, 190.5324, 254.6554, 161.5369, 243.7924
62 427 14.240000 168.5809, 232.9598, 197.6372, 243.6217, 192.5202, 257.5667, 163.4639, 246.9048
62 428 14.270000 170.1131, 235.8095, 199.1790, 246.3792, 194.1009, 260.3437, 165.0350, 249.7740
62 429 14.300000 171.5513, 239.3728, 200.7915, 249.4547, 195.9609, 263.4646, 166.7207, 253.3827
62 430 14.340000 173.6480, 244.9642, 203.0514, 254.5074, 198.4742, 268.6103, 169.0707, 259.0671
62 431 14.370000 175.2864, 249.9116, 204.7938, 259.0656, 200.3839, 273.2808, 170.8765, 264.1268
62 432 14.400000 176.8551, 255.7031, 206.5301, 264.2740, 202.3760, 278.6565, 172.7011, 270.0856
62 433 14.440000 178.9446, 264.7097, 208.8171, 272.5251, 204.9724, 287.2206, 175.0999, 279.4052
62 434 14.470000 180.4765, 272.4752, 210.5028, 279.6816, 206.9013, 294.6881, 176.8749, 287.4817
62 435 14.500000 182.0210, 280.9099, 212.2118, 287.4609, 208.8801, 302.8151, 178.6893, 296.2641
62 436 14.540000 184.3381, 292.1233, 214.7537, 297.7510, 211.8381, 313.5083, 181.4226, 307.8806
62 437 14.570000 186.3723, 299.9303, 216.9474, 304.8566, 214.3725, 320.8378, 183.7974, 315.9115
62 438 14.600000 188.6577, 307.1035, 219.3749, 311.3476, 217.1439, 327.4947, 186.4267, 323.2506
62 439 14.640000 192.0479, 315.6981, 222.9197, 319.0911, 221.1276, 335.3965, 190.2558, 332.0035
62 440 14.670000 194.8099, 321.4506, 225.7689, 324.2661, 224.2779, 340.6609, 193.3189, 337.8454
62 441 14.700000 197.7311, 326.6337, 228.7522, 328.9369, 227.5294, 345.4063, 196.5083, 343.1030
62 442 14.740000 201.8309, 332.6920, 232.8990, 334.4176, 231.9791, 350.9796, 200.9110, 349.2540
62 443 14.770000 205.0323, 336.6187, 236.1113, 337.9918, 235.3764, 354.6255, 204.2974, 353.2525
62 444 14.800000 208.3239, 340.0340, 239.3945, 341.1270, 238.8066, 357.8362, 207.7361, 356.7432
62 445 14.840000 212.8256, 343.8232, 243.8593, 344.6418, 243.4156, 361.4621, 212.3819, 360.6434
62 446 14.870000 216.2711, 346.1114, 247.2604, 346.7905, 246.8898, 363.7009, 215.9005, 363.0218
62 447 14.900000 219.7672, 347.9370, 250.6989, 348.5296, 250.3732, 365.5311, 219.4415, 364.9385
62 448 14.940000 224.4918, 349.6748, 255.3304, 350.2095, 255.0335, 367.3300, 224.1950, 366.7953
62 449 14.970000 228.0737, 350.4910, 258.8325, 351.0101, 258.5422, 368.2122, 227.7833, 367.6931
