44 0 0.010000 73.1607, 429.3008, 107.6779, 431.0773, 106.6670, 450.7193, 72.1498, 448.9428
44 1 0.040000 74.1266, 426.0385, 108.0894, 429.4720, 106.0670, 449.4764, 72.1043, 446.0428
44 2 0.070000 74.9687, 422.0091, 108.5925, 426.3801, 106.0026, 446.3026, 72.3788, 441.9315
44 3 0.110000 76.1050, 416.4150, 109.4008, 421.6727, 106.3062, 441.2699, 73.0104, 436.0121
44 4 0.140000 76.9647, 412.5352, 110.0630, 418.3266, 106.6922, 437.5910, 73.5939, 431.7997
44 5 0.170000 77.6737, 409.2733, 110.7238, 415.2622, 107.3102, 434.1001, 74.2601, 428.1112
44 6 0.200000 78.5538, 406.3071, 111.4380, 412.7300, 107.8198, 431.2544, 74.9356, 424.8315
44 7 0.240000 79.6318, 403.2640, 112.4093, 409.9955, 108.6980, 428.0668, 75.9205, 421.3353
44 8 0.270000 80.3703, 401.6555, 113.1616, 408.3937, 109.5206, 426.1129, 76.7292, 419.3747
44 9 0.310000 81.5152, 400.1088, 114.2505, 406.9867, 110.6102, 424.3128, 77.8749, 417.4350
44 10 0.340000 82.5424, 399.3338, 115.1457, 406.4968, 111.3921, 423.5818, 78.7888, 416.4188
44 11 0.370000 83.4044, 399.2202, 116.0672, 406.2103, 112.4689, 423.0240, 79.8062, 416.0338
44 12 0.400000 84.5342, 399.2731, 117.0867, 406.4510, 113.4209, 423.0758, 80.8684, 415.8978
44 13 0.440000 85.9978, 400.0773, 118.5435, 407.1388, 114.9893, 423.5200, 82.4436, 416.4585
44 14 0.470000 87.0787, 401.1676, 119.7274, 407.8458, 116.4150, 424.0395, 83.7664, 417.3613
44 15 0.500000 88.5127, 402.1577, 121.0705, 408.8808, 117.7462, 424.9792, 85.1885, 418.2561
44 16 0.540000 90.5796, 403.5566, 123.1037, 410.0395, 119.9056, 426.0838, 87.3815, 419.6009
44 17 0.570000 92.2272, 404.6041, 124.8293, 410.6019, 121.8986, 426.5321, 89.2966, 420.5343
44 18 0.610000 95.0217, 405.2948, 127.5009, 411.1536, 124.6203, 427.1229, 92.1411, 421.2641
44 19 0.640000 97.5522, 405.2958, 129.7783, 411.4313, 126.7171, 427.5102, 94.4910, 421.3747
44 20 0.670000 99.7344, 405.7425, 132.1399, 410.9566, 129.5610, 426.9845, 97.1555, 421.7704
44 21 0.700000 102.5435, 405.3814, 134.7685, 410.6271, 132.1434, 426.7534, 99.9185, 421.5077
44 22 0.740000 106.2311, 404.9246, 138.4415, 409.4932, 136.1491, 425.6551, 103.9387, 421.0865
44 23 0.770000 108.8734, 404.7052, 141.2655, 408.0578, 139.6031, 424.1201, 107.2109, 420.7675
44 24 0.800000 112.1450, 403.4863, 144.3333, 406.8367, 142.6480, 423.0282, 110.4597, 419.6779
44 25 0.840000 116.2931, 401.9714, 148.4390, 404.4483, 147.1935, 420.6122, 115.0476, 418.1354
44 26 0.870000 119.3027, 400.8106, 151.4978, 402.1228, 150.8439, 418.1661, 118.6488, 416.8539
44 27 0.900000 122.8284, 398.5702, 154.7721, 400.0250, 154.0354, 416.2023, 122.0917, 414.7475
44 28 0.940000 127.2636, 395.6318, 159.0253, 396.4938, 158.5852, 412.7104, 126.8235, 411.8485
44 29 0.970000 130.4591, 393.4132, 162.1388, 393.5027, 162.0933, 409.5898, 130.4136, 409.5002
44 30 1.000000 133.9889, 390.3906, 165.3974, 390.7785, 165.1971, 407.0007, 133.7886, 406.6128
44 31 1.040000 138.3592, 386.9112, 169.5427, 386.9308, 169.5325, 403.0848, 138.3491, 403.0652
44 32 1.070000 141.4071, 384.7879, 172.4939, 384.0227, 172.8867, 399.9796, 141.7999, 400.7448
44 33 1.110000 145.5372, 381.9061, 176.4036, 380.5861, 177.0799, 396.3978, 146.2134, 397.7179
44 34 1.140000 148.6236, 379.7739, 179.2926, 378.2943, 180.0524, 394.0447, 149.3835, 395.5243
44 35 1.170000 151.3972, 378.2900, 181.9361, 375.8649, 183.1639, 391.3266, 152.6250, 393.7517
44 36 1.210000 155.1387, 376.0649, 185.4330, 373.0700, 186.9376, 388.2902, 156.6434, 391.2851
44 37 1.240000 157.9268, 374.2065, 188.0164, 371.2434, 189.5100, 386.4104, 159.4204, 389.3736
44 38 1.270000 160.4280, 372.8501, 190.3401, 369.2740, 192.1227, 384.1850, 162.2106, 387.7611
44 39 1.310000 163.7343, 370.6610, 193.3911, 366.9952, 195.2175, 381.7712, 165.5607, 385.4370
44 40 1.340000 166.1787, 368.7447, 195.6446, 365.5374, 197.2554, 380.3365, 167.7895, 383.5437
44 41 1.370000 168.3213, 367.3191, 197.6149, 363.8736, 199.3347, 378.4955, 170.0412, 381.9410
44 42 1.410000 171.1415, 365.0346, 200.2025, 361.9666, 201.7388, 376.5193, 172.6778, 379.5873
44 43 1.440000 173.2237, 363.1054, 202.0946, 360.7336, 203.2942, 375.3359, 174.4233, 377.7077
44 44 1.470000 175.0169, 361.6903, 203.7295, 359.3045, 204.9310, 373.7634, 176.2183, 376.1492
44 45 1.510000 177.3900, 359.6672, 205.8680, 357.7447, 206.8388, 372.1248, 178.3609, 374.0473
44 46 1.540000 179.2105, 358.0743, 207.4753, 356.9624, 208.0427, 371.3853, 179.7778, 372.4972
44 47 1.570000 180.8226, 357.0172, 208.9123, 356.2031, 209.3289, 370.5767, 181.2392, 371.3908
44 48 1.610000 182.9994, 355.7694, 210.8108, 355.6921, 210.8507, 370.0885, 183.0394, 370.1658
44 49 1.640000 184.6676, 354.9887, 212.2252, 355.6854, 211.8600, 370.1309, 184.3024, 369.4342
44 50 1.670000 186.1288, 354.7663, 213.5102, 355.6949, 213.0215, 370.1016, 185.6402, 369.1729
44 51 1.710000 188.1624, 354.6523, 215.2483, 356.2018, 214.4241, 370.6097, 187.3382, 369.0602
44 52 1.740000 189.7507, 354.7433, 216.5651, 356.9238, 215.3908, 371.3643, 188.5764, 369.1837
44 53 1.770000 191.1675, 355.3325, 217.8070, 357.6910, 216.5303, 372.1116, 189.8908, 369.7531
44 54 1.810000 193.1660, 356.3702, 219.5083, 359.1960, 217.9595, 373.6339, 191.6172, 370.8082
44 55 1.840000 194.7572, 357.3624, 220.8214, 360.7016, 218.9673, 375.1736, 192.9032, 371.8343
44 56 1.870000 196.1857, 358.8610, 222.0887, 362.2843, 220.1750, 376.7646, 194.2720, 373.3413
44 57 1.910000 198.2151, 361.1803, 223.8405, 364.9073, 221.7279, 379.4331, 196.1025, 375.7062
44 58 1.940000 199.8324, 363.1632, 225.2032, 367.2362, 222.8626, 381.8153, 197.4919, 377.7423
44 59 1.970000 201.3148, 365.5664, 226.5541, 369.6089, 224.2121, 384.2316, 198.9727, 380.1892
44 60 2.010000 203.4497, 368.8772, 228.4665, 373.0086, 226.0398, 387.7031, 201.0230, 383.5717
44 61 2.040000 205.2692, 371.1737, 230.0349, 375.5792, 227.4047, 390.3652, 202.6390, 385.9598
44 62 2.070000 206.9508, 373.5723, 231.6507, 377.7615, 229.1341, 392.5992, 204.4343, 388.4100
44 63 2.110000 209.6665, 376.1836, 234.0621, 380.6279, 231.3436, 395.5505, 206.9480, 391.1063
44 64 2.140000 211.9473, 377.8466, 236.0469, 382.6543, 233.0601, 397.6261, 208.9605, 392.8183
44 65 2.170000 213.8915, 379.7834, 238.0351, 384.0837, 235.3578, 399.1148, 211.2142, 394.8144
44 66 2.210000 216.8621, 381.9653, 240.9151, 385.9642, 238.4054, 401.0600, 214.3524, 397.0611
44 67 2.240000 219.3884, 383.2996, 243.2409, 387.4077, 240.6339, 402.5444, 216.7814, 398.4363
44 68 2.270000 221.6037, 384.9350, 245.5394, 388.3975, 243.3473, 403.5514, 219.4116, 400.0889
44 69 2.310000 224.8475, 386.8358, 248.7590, 389.7575, 246.9036, 404.9427, 222.9920, 402.0210
44 70 2.340000 227.5155, 388.0241, 251.2903, 390.8748, 249.4651, 406.0974, 225.6903, 403.2467
44 71 2.370000 229.8264, 389.5960, 253.7199, 391.5618, 252.4653, 406.8108, 228.5718, 404.8450
44 72 2.410000 233.2428, 391.3626, 257.0854, 392.7539, 256.1943, 408.0243, 232.3517, 406.6330
44 73 2.440000 235.9175, 392.5553, 259.6569, 393.7435, 258.8915, 409.0348, 235.1521, 407.8466
44 74 2.470000 238.3533, 394.0135, 262.1133, 394.4815, 261.8129, 409.7350, 238.0529, 409.2670
44 75 2.510000 241.6803, 395.7328, 265.3891, 395.4782, 265.5525, 410.6915, 241.8437, 410.9460
44 76 2.540000 244.3475, 396.5859, 267.9045, 396.3050, 268.0858, 411.5120, 244.5288, 411.7928
44 77 2.570000 246.6962, 397.6165, 270.2247, 396.6709, 270.8319, 411.7794, 247.3033, 412.7250
44 78 2.610000 249.9439, 398.3908, 273.3288, 397.0846, 274.1655, 412.0626, 250.7805, 413.3688
44 79 2.640000 252.4480, 398.4954, 275.6590, 397.3226, 276.4121, 412.2265, 253.2011, 413.3994
44 80 2.670000 254.5367, 398.8797, 277.7009, 396.9814, 278.9047, 411.6704, 255.7405, 413.5688
44 81 2.710000 257.3638, 398.7688, 280.3780, 396.3935, 281.8676, 410.8253, 258.8534, 413.2007
44 82 2.740000 259.4604, 398.2456, 282.3287, 395.8201, 283.8403, 410.0724, 260.9720, 412.4979
44 83 2.770000 261.1070, 398.0615, 283.8944, 394.6068, 286.0011, 408.5026, 263.2136, 411.9573
44 84 2.800000 262.9590, 396.9696, 285.6020, 393.6193, 287.6281, 407.3130, 264.9852, 410.6633
44 85 2.840000 265.0291, 395.3488, 287.4943, 391.7084, 289.6584, 405.0631, 267.1932, 408.7035
44 86 2.870000 266.3066, 393.9466, 288.6357, 389.8577, 291.0261, 402.9114, 268.6970, 407.0003
44 87 2.900000 267.6583, 391.7036, 289.8565, 388.1257, 291.9339, 401.0146, 269.7357, 404.5925
44 88 2.940000 269.0386, 388.6134, 291.0593, 385.1978, 293.0068, 397.7532, 270.9860, 401.1688
44 89 2.970000 269.7664, 386.3018, 291.6420, 382.5649, 293.7339, 394.8113, 271.8583, 398.5482
44 90 3.000000 270.5346, 383.4911, 292.2741, 380.1434, 294.1297, 392.1933, 272.3902, 395.5410
44 91 3.040000 271.3141, 380.1103, 292.8724, 377.0040, 294.5703, 388.7879, 273.0121, 391.8942
44 92 3.070000 271.8306, 377.8506, 293.2616, 375.0451, 294.7837, 386.6723, 273.3528, 389.4778
44 93 3.100000 272.3616, 375.7660, 293.6693, 373.5775, 294.8524, 385.0956, 273.5447, 387.2841
44 94 3.140000 272.9209, 373.6609, 294.0623, 372.0621, 294.9228, 383.4407, 273.7814, 385.0396
44 95 3.170000 273.2339, 372.5602, 294.2569, 371.2334, 294.9697, 382.5270, 273.9467, 383.8538
44 96 3.200000 273.5632, 371.6616, 294.4614, 370.8210, 294.9136, 382.0616, 274.0153, 382.9022
44 97 3.240000 273.8818, 371.0526, 294.6254, 370.6407, 294.8478, 381.8389, 274.1041, 382.2508
44 98 3.270000 274.0327, 371.0317, 294.6765, 370.7728, 294.8169, 381.9667, 274.1730, 382.2256
44 99 3.300000 274.2301, 371.1943, 294.7568, 371.3208, 294.6877, 382.5370, 274.1610, 382.4105
44 100 3.340000 274.3926, 372.0094, 294.7866, 372.4295, 294.5542, 383.7150, 274.1602, 383.2949
44 101 3.370000 274.4467, 373.0718, 294.7628, 373.5711, 294.4834, 384.9411, 274.1673, 384.4418
44 102 3.400000 274.5524, 374.3752, 294.7686, 375.1446, 294.3318, 386.6233, 274.1155, 385.8539
44 103 3.440000 274.6118, 376.7242, 294.7257, 377.6693, 294.1774, 389.3379, 274.0635, 388.3928
44 104 3.470000 274.5963, 378.9034, 294.6613, 379.8444, 294.1063, 391.6794, 274.0413, 390.7384
44 105 3.500000 274.6481, 381.1931, 294.6368, 382.3055, 293.9686, 394.3117, 273.9800, 393.1993
44 106 3.540000 274.6834, 384.3295, 294.5982, 385.5152, 293.8698, 397.7491, 273.9550, 396.5634
44 107 3.570000 274.6791, 386.5749, 294.5598, 387.6594, 293.8803, 400.1141, 273.9997, 399.0295
44 108 3.600000 274.8404, 388.4778, 294.6392, 389.7726, 293.8097, 402.4564, 274.0109, 401.1616
44 109 3.640000 275.0027, 390.8710, 294.7262, 392.1991, 293.8521, 405.1805, 274.1286, 403.8525
44 110 3.670000 274.9936, 392.6893, 294.7060, 393.6974, 294.0339, 406.8394, 274.3215, 405.8313
44 111 3.700000 275.2886, 394.1000, 294.9079, 395.3770, 294.0447, 408.6397, 274.4254, 407.3628
44 112 3.740000 275.4828, 396.0787, 295.0410, 397.2223, 294.2577, 410.6167, 274.6995, 409.4731
44 113 3.770000 275.5061, 397.6304, 295.0687, 398.3701, 294.5592, 411.8453, 274.9966, 411.1057
44 114 3.800000 275.8104, 398.8469, 295.2805, 399.7503, 294.6524, 413.2863, 275.1823, 412.3828
44 115 3.840000 276.0718, 400.5923, 295.4808, 401.3828, 294.9271, 414.9789, 275.5181, 414.1885
44 116 3.870000 276.1494, 402.0068, 295.5550, 402.4680, 295.2307, 416.1130, 275.8251, 415.6519
44 117 3.900000 276.4915, 403.1565, 295.8075, 403.8240, 295.3345, 417.5114, 276.0186, 416.8439
44 118 3.940000 276.7764, 404.8714, 296.0308, 405.4737, 295.6006, 419.2249, 276.3462, 418.6226
44 119 3.970000 276.9153, 406.2280, 296.1316, 406.6322, 295.8414, 420.4246, 276.6252, 420.0205
44 120 4.000000 277.2896, 407.2881, 296.4460, 407.9676, 295.9556, 421.7937, 276.7992, 421.1142
44 121 4.040000 277.7332, 408.5055, 296.8164, 409.4006, 296.1652, 423.2842, 277.0820, 422.3891
44 122 4.070000 277.8871, 409.3032, 296.9386, 409.9748, 296.4465, 423.9343, 277.3950, 423.2628
44 123 4.100000 278.4904, 409.4507, 297.4586, 410.7024, 296.5346, 424.7040, 277.5665, 423.4524
44 124 4.140000 278.9631, 409.5763, 297.8705, 410.8692, 296.9066, 424.9657, 277.9992, 423.6729
44 125 4.170000 279.1755, 409.5341, 298.0651, 410.5137, 297.3299, 424.6908, 278.4402, 423.7112
44 126 4.200000 279.7574, 408.9651, 298.5844, 410.2418, 297.6204, 424.4576, 278.7934, 423.1809
44 127 4.240000 280.3177, 408.0504, 299.1020, 409.2200, 298.2115, 423.5215, 279.4272, 422.3519
44 128 4.270000 280.5478, 407.2636, 299.3246, 407.9424, 298.8047, 422.3251, 280.0279, 421.6463
44 129 4.300000 281.1952, 405.8999, 299.9265, 406.7917, 299.2404, 421.2025, 280.5091, 420.3108
44 130 4.340000 281.8248, 403.8917, 300.5234, 404.5837, 299.9888, 419.0292, 281.2901, 418.3371
44 131 4.370000 282.0855, 402.2468, 300.7698, 402.3679, 300.6759, 416.8488, 281.9916, 416.7277
44 132 4.400000 282.7928, 399.9035, 301.4699, 400.3014, 301.1617, 414.7680, 282.4846, 414.3701
44 133 4.440000 283.4302, 396.5931, 302.0968, 396.7714, 301.9587, 411.2309, 283.2921, 411.0526
44 134 4.470000 283.8117, 393.9503, 302.4174, 393.6958, 302.6150, 408.1387, 284.0092, 408.3931
44 135 4.500000 284.4212, 390.7496, 303.2128, 390.9613, 303.0505, 405.3704, 284.2589, 405.1587
44 136 4.540000 284.9783, 387.1158, 303.7818, 387.0603, 303.8242, 401.4258, 285.0207, 401.4813
44 137 4.570000 285.3142, 384.8823, 304.0223, 384.3308, 304.4450, 398.6699, 285.7369, 399.2214
44 138 4.600000 285.6797, 382.8866, 304.3649, 382.0769, 304.9845, 396.3755, 286.2993, 397.1851
44 139 4.640000 286.1206, 380.7843, 304.7487, 379.5944, 305.6575, 393.8204, 287.0293, 395.0104
44 140 4.670000 286.4077, 379.6134, 304.9637, 378.0921, 306.1244, 392.2492, 287.5684, 393.7705
44 141 4.700000 286.7058, 378.6293, 305.2805, 377.0222, 306.4985, 391.1010, 287.9239, 392.7080
44 142 4.740000 287.0250, 377.8243, 305.5786, 376.0136, 306.9402, 389.9651, 288.3866, 391.7758
44 143 4.770000 287.2018, 377.5996, 305.7002, 375.5610, 307.2254, 389.4002, 288.7270, 391.4389
44 144 4.800000 287.3804, 377.5337, 305.9254, 375.5292, 307.4095, 389.2600, 288.8645, 391.2644
44 145 4.840000 287.5300, 377.9738, 306.0817, 375.9082, 307.5927, 389.4790, 289.0410, 391.5445
44 146 4.870000 287.5776, 378.7137, 306.0988, 376.5304, 307.6832, 389.9714, 289.1620, 392.1547
44 147 4.900000 287.6221, 379.6675, 306.1957, 377.5967, 307.6810, 390.9188, 289.1075, 392.9896
44 148 4.940000 287.5989, 381.5111, 306.1966, 379.5017, 307.6180, 392.6578, 289.0203, 394.6672
44 149 4.970000 287.5195, 383.2781, 306.1086, 381.2635, 307.5218, 394.3035, 288.9327, 396.3181
44 150 5.000000 287.4237, 385.1581, 306.0659, 383.3346, 307.3324, 396.2828, 288.6902, 398.1063
44 151 5.040000 287.1843, 387.7744, 305.8476, 386.1162, 306.9860, 398.9295, 288.3228, 400.5877
44 152 5.070000 286.8761, 389.7689, 305.4903, 388.0089, 306.6849, 400.6435, 288.0706, 402.4034
44 153 5.100000 286.5880, 391.3970, 305.2557, 389.9662, 306.2107, 402.4267, 287.5430, 403.8574
44 154 5.140000 286.0225, 393.5045, 304.6661, 392.1629, 305.5436, 404.3568, 286.8999, 405.6984
44 155 5.170000 285.4774, 395.0037, 304.0420, 393.5090, 305.0081, 405.5070, 286.4435, 407.0017
44 156 5.200000 285.0075, 395.9734, 303.6337, 394.9834, 304.2662, 406.8833, 285.6400, 407.8733
44 157 5.240000 284.2158, 397.2052, 302.8138, 396.4791, 303.2755, 408.3064, 284.6775, 409.0325
44 158 5.270000 283.4408, 398.1749, 301.9718, 397.2216, 302.5771, 408.9871, 284.0461, 409.9404
44 159 5.300000 282.8066, 398.6508, 301.3440, 398.1307, 301.6739, 409.8920, 283.1365, 410.4121
44 160 5.340000 281.7216, 399.3075, 300.2614, 398.9064, 300.5158, 410.6644, 281.9759, 411.0655
44 161 5.370000 280.7420, 399.8093, 299.2843, 399.1813, 299.6827, 410.9440, 281.1404, 411.5720
44 162 5.400000 279.9483, 399.8950, 298.4861, 399.5971, 298.6757, 411.4007, 280.1380, 411.6986
44 163 5.440000 278.6714, 400.0544, 297.2040, 399.7661, 297.3883, 411.6118, 278.8557, 411.9002
44 164 5.470000 277.5363, 400.2386, 296.1115, 399.6017, 296.5178, 411.4491, 277.9425, 412.0861
44 165 5.500000 276.5902, 400.0038, 295.2368, 399.5806, 295.5065, 411.4619, 276.8599, 411.8852
44 166 5.540000 275.1082, 399.7094, 293.9115, 399.1407, 294.2724, 411.0698, 275.4690, 411.6385
44 167 5.570000 273.8106, 399.5347, 292.7756, 398.4777, 293.4410, 410.4184, 274.4761, 411.4753
44 168 5.600000 272.6813, 398.9038, 291.7197, 397.9192, 292.3413, 409.9374, 273.3028, 410.9221
44 169 5.640000 270.9345, 398.0834, 290.1127, 396.7713, 290.9386, 408.8429, 271.7603, 410.1549
44 170 5.670000 269.4600, 397.4552, 288.7571, 395.6381, 289.8929, 407.6992, 270.5957, 409.5163
44 171 5.700000 268.1616, 396.2711, 287.4962, 394.6558, 288.5104, 406.7962, 269.1759, 408.4115
44 172 5.740000 266.1739, 394.6644, 285.5882, 392.9444, 286.6665, 405.1155, 267.2522, 406.8355
44 173 5.770000 264.4876, 393.4277, 283.9814, 391.3476, 285.2753, 403.4730, 265.7815, 405.5531
44 174 5.800000 262.9616, 391.5792, 282.4649, 389.8651, 283.5348, 402.0372, 264.0314, 403.7513
44 175 5.840000 260.6703, 388.9908, 280.2107, 387.4190, 281.1877, 399.5655, 261.6473, 401.1372
44 176 5.870000 258.7171, 386.9958, 278.3222, 385.1512, 279.4557, 397.1982, 259.8505, 399.0428
44 177 5.900000 256.9716, 384.2520, 276.5512, 382.9770, 277.3363, 395.0332, 257.7567, 396.3082
44 178 5.940000 254.3528, 380.4655, 273.9452, 379.4533, 274.5631, 391.4135, 254.9708, 392.4257
44 179 5.970000 252.1554, 377.5770, 271.8068, 376.3213, 272.5623, 388.1438, 252.9109, 389.3995
44 180 6.000000 250.1959, 374.0369, 269.8034, 373.3687, 270.2048, 385.1459, 250.5973, 385.8142
44 181 6.040000 247.4110, 369.4605, 266.9968, 369.2787, 267.1050, 380.9281, 247.5191, 381.1100
44 182 6.070000 245.2814, 366.1248, 264.8542, 366.2865, 264.7586, 377.8532, 245.1858, 377.6914
44 183 6.100000 243.3000, 362.6619, 262.7785, 363.5726, 262.2400, 375.0900, 242.7615, 374.1792
44 184 6.140000 240.5568, 358.3292, 259.9499, 359.9372, 259.0032, 371.3548, 239.6101, 369.7469
44 185 6.170000 238.3903, 355.3027, 257.7931, 357.1041, 256.7409, 368.4365, 237.3382, 366.6351
44 186 6.200000 236.4576, 352.0575, 255.7489, 354.5033, 254.3226, 365.7535, 235.0313, 363.3077
44 187 6.240000 233.7918, 347.9179, 253.0366, 350.8044, 251.3668, 361.9372, 232.1220, 359.0507
44 188 6.270000 231.7313, 344.9204, 251.0368, 347.8108, 249.3829, 358.8578, 230.0774, 355.9673
44 189 6.300000 230.0301, 341.5424, 249.2087, 345.0347, 247.2144, 355.9865, 228.0358, 352.4942
44 190 6.340000 227.7487, 337.0626, 246.8747, 340.9560, 244.6713, 351.7797, 225.5453, 347.8863
44 191 6.370000 225.9855, 333.7385, 245.2155, 337.5065, 243.1122, 348.2404, 223.8823, 344.4725
44 192 6.400000 224.6532, 329.9243, 243.7715, 334.1848, 241.4045, 344.8065, 222.2861, 340.5460
44 193 6.440000 222.8774, 324.7667, 242.0206, 329.1756, 239.6074, 339.6538, 220.4642, 335.2450
44 194 6.470000 221.5509, 320.8579, 240.8444, 324.9965, 238.6189, 335.3711, 219.3255, 331.2326
44 195 6.500000 220.7795, 316.3940, 239.9061, 321.1621, 237.3538, 331.4003, 218.2272, 326.6322
44 196 6.540000 219.4875, 311.0142, 238.7123, 315.7110, 236.2486, 325.7956, 217.0237, 321.0988
44 197 6.570000 218.4458, 307.3902, 237.8619, 311.6718, 235.6560, 321.6750, 216.2399, 317.3933
44 198 6.600000 217.5948, 303.8515, 237.0964, 307.9856, 234.9889, 317.9272, 215.4873, 313.7931
44 199 6.640000 216.4615, 299.5573, 236.1364, 303.2595, 234.2740, 313.1572, 214.5991, 309.4550
44 200 6.670000 215.6437, 296.5955, 235.4587, 299.8548, 233.8350, 309.7265, 214.0200, 306.4672
44 201 6.700000 215.0270, 293.5717, 234.8836, 296.7540, 233.3014, 306.6268, 213.4448, 303.4446
44 202 6.740000 214.2269, 289.7859, 234.1672, 292.6845, 232.7300, 302.5716, 212.7897, 299.6730
44 203 6.770000 213.6099, 287.1421, 233.6517, 289.6048, 232.4355, 299.5025, 212.3937, 297.0399
44 204 6.800000 213.2367, 284.2434, 233.2618, 286.8040, 231.9889, 296.7581, 211.9638, 294.1975
44 205 6.840000 212.7193, 280.5263, 232.7714, 282.9562, 231.5575, 292.9734, 211.5054, 290.5435
44 206 6.870000 212.3073, 277.8307, 232.4176, 279.9370, 231.3654, 289.9835, 211.2551, 287.8772
44 207 6.900000 212.1445, 274.7491, 232.2116, 277.1348, 231.0086, 287.2536, 210.9414, 284.8679
44 208 6.940000 211.8667, 270.7307, 231.9523, 273.1198, 230.7414, 283.3011, 210.6557, 280.9121
44 209 6.970000 211.5597, 267.8708, 231.7413, 269.8454, 230.7439, 280.0397, 210.5623, 278.0652
44 210 7.000000 211.5038, 264.6916, 231.6601, 266.8616, 230.5570, 277.1077, 210.4007, 274.9377
44 211 7.040000 211.3291, 260.9145, 231.5108, 262.9961, 230.4505, 273.2753, 210.2689, 271.1937
44 212 7.070000 211.2385, 258.3557, 231.4193, 260.4823, 230.3333, 270.7889, 210.1524, 268.6623
44 213 7.100000 211.2427, 255.9669, 231.3700, 258.3935, 230.1221, 268.7444, 209.9948, 266.3179
44 214 7.140000 211.1979, 253.3258, 231.2875, 255.9892, 229.9086, 266.3899, 209.8190, 263.7266
44 215 7.170000 211.1245, 251.7317, 231.2179, 254.4349, 229.8139, 264.8716, 209.7204, 262.1684
44 216 7.200000 211.1669, 250.2537, 231.2022, 253.2515, 229.6340, 263.7321, 209.5987, 260.7344
44 217 7.240000 211.1850, 248.7446, 231.1863, 251.9487, 229.4996, 262.4776, 209.4984, 259.2735
44 218 7.270000 211.1602, 247.9606, 231.1809, 251.1526, 229.4983, 261.7058, 209.4776, 258.5138
44 219 7.300000 211.2810, 247.2459, 231.2428, 250.7041, 229.4096, 261.2863, 209.4478, 257.8281
44 220 7.340000 211.3908, 246.7509, 231.3419, 250.3171, 229.4454, 260.9269, 209.4943, 257.3607
44 221 7.370000 211.4327, 246.7249, 231.4311, 250.1834, 229.5939, 260.8073, 209.5954, 257.3488
44 222 7.400000 211.6288, 246.7713, 231.5910, 250.3996, 229.6572, 261.0386, 209.6951, 257.4103
44 223 7.440000 211.8378, 247.3007, 231.8258, 250.9029, 229.9065, 261.5529, 209.9185, 257.9507
44 224 7.470000 211.9581, 248.0396, 232.0197, 251.4354, 230.2172, 262.0845, 210.1556, 258.6887
44 225 7.500000 212.2210, 248.8357, 232.2847, 252.2627, 230.4661, 262.9097, 210.4025, 259.4828
44 226 7.540000 212.5841, 250.1623, 232.6920, 253.4822, 230.9399, 264.0948, 210.8320, 260.7750
44 227 7.570000 212.8404, 251.3399, 233.0329, 254.3834, 231.4385, 264.9614, 211.2460, 261.9179
44 228 7.600000 213.3232, 252.3584, 233.4854, 255.5460, 231.8170, 266.0989, 211.6548, 262.9113
44 229 7.640000 213.8962, 254.0219, 234.1153, 257.0285, 232.5548, 267.5226, 212.3357, 264.5159
44 230 7.670000 214.2805, 255.5011, 234.6029, 258.1064, 233.2648, 268.5443, 212.9424, 265.9390
44 231 7.700000 214.8633, 256.8587, 235.1909, 259.4680, 233.8566, 269.8627, 213.5291, 267.2534
44 232 7.740000 215.5824, 258.9916, 235.9845, 261.3053, 234.8137, 271.6301, 214.4115, 269.3164
44 233 7.770000 216.0684, 260.8775, 236.5679, 262.7117, 235.6510, 272.9592, 215.1515, 271.1250
44 234 7.800000 216.7255, 262.6728, 237.2437, 264.4623, 236.3544, 274.6592, 215.8362, 272.8697
44 235 7.840000 217.5064, 265.5197, 238.1077, 266.8984, 237.4313, 277.0066, 216.8300, 275.6279
44 236 7.870000 218.0385, 267.9890, 238.7278, 268.8764, 238.2975, 278.9081, 217.6082, 278.0207
44 237 7.900000 218.6560, 270.5196, 239.4007, 271.2104, 239.0681, 281.1979, 218.3234, 280.5071
44 238 7.940000 219.4041, 274.3924, 240.2415, 274.6142, 240.1359, 284.5380, 219.2985, 284.3162
44 239 7.970000 219.9041, 277.6673, 240.8140, 277.3652, 240.9566, 287.2350, 220.0467, 287.5371
44 240 8.000000 220.4559, 280.9064, 241.4234, 280.3828, 241.6702, 290.2675, 220.7027, 290.7911
44 241 8.040000 221.1011, 285.2223, 242.1633, 284.3204, 242.5841, 294.1484, 221.5220, 295.0503
44 242 8.070000 221.4670, 288.4205, 242.5922, 286.9727, 243.2542, 296.6325, 222.1291, 298.0803
44 243 8.100000 221.8889, 291.0529, 243.0950, 289.6642, 243.7192, 299.1955, 222.5130, 300.5842
44 244 8.140000 222.2880, 294.2970, 243.5953, 292.7927, 244.2568, 302.1626, 222.9495, 303.6669
44 245 8.170000 222.4082, 296.6841, 243.7610, 294.6450, 244.6443, 303.8954, 223.2915, 305.9344
44 246 8.200000 222.5625, 298.4192, 244.0101, 296.5623, 244.8144, 305.8526, 223.3668, 307.7095
44 247 8.240000 222.5038, 300.7799, 244.0288, 298.5193, 245.0103, 307.8654, 223.4853, 310.1260
44 248 8.270000 222.3128, 302.4574, 243.8748, 299.7346, 245.0724, 309.2187, 223.5105, 311.9415
44 249 8.300000 222.1322, 303.6715, 243.8086, 301.1725, 244.9124, 310.7471, 223.2361, 313.2461
44 250 8.340000 221.6667, 305.2410, 243.4693, 302.7462, 244.5797, 312.4507, 222.7771, 314.9455
44 251 8.370000 221.1268, 306.4797, 242.9708, 303.6005, 244.2638, 313.4104, 222.4199, 316.2896
44 252 8.400000 220.6126, 307.2316, 242.6077, 304.7755, 243.7093, 314.6403, 221.7142, 317.0964
44 253 8.440000 219.6962, 308.3059, 241.8322, 305.9836, 242.8755, 315.9288, 220.7396, 318.2511
44 254 8.470000 218.8386, 309.1662, 241.0434, 306.6290, 242.1881, 316.6473, 219.9833, 319.1845
44 255 8.500000 218.0081, 309.6191, 240.3601, 307.5550, 241.2875, 317.5980, 218.9356, 319.6621
44 256 8.540000 216.6941, 310.2938, 239.1906, 308.4587, 240.0129, 318.5390, 217.5163, 320.3741
44 257 8.570000 215.5585, 310.8468, 238.1324, 308.8867, 239.0107, 319.0020, 216.4368, 320.9621
44 258 8.600000 214.4946, 310.9703, 237.2019, 309.6432, 237.7904, 319.7120, 215.0831, 321.0391
44 259 8.640000 212.9019, 311.2157, 235.7368, 310.3098, 236.1341, 320.3246, 213.2992, 321.2305
44 260 8.670000 211.5889, 311.4456, 234.4995, 310.5627, 234.8844, 320.5500, 211.9738, 321.4329
44 261 8.700000 210.3790, 311.2977, 233.3735, 311.1091, 233.4544, 320.9777, 210.4599, 321.1663
44 262 8.740000 208.6451, 311.1701, 231.7187, 311.5028, 231.5777, 321.2856, 208.5040, 320.9529
44 263 8.770000 207.2426, 311.1543, 230.3789, 311.4962, 230.2341, 321.2952, 207.0978, 320.9533
44 264 8.800000 206.0120, 310.7022, 229.1657, 311.7763, 228.7088, 321.6266, 205.5551, 320.5525
44 265 8.840000 204.2860, 310.0376, 227.4704, 311.5789, 226.8011, 321.6465, 203.6167, 320.1051
44 266 8.870000 202.9334, 309.6170, 226.1663, 311.1673, 225.4856, 321.3682, 202.2527, 319.8179
44 267 8.900000 201.8144, 308.7145, 225.0070, 310.9465, 224.0046, 321.3631, 200.8119, 319.1311
44 268 8.940000 200.2505, 307.6596, 223.4418, 310.2529, 222.2505, 320.9059, 199.0593, 318.3126
44 269 8.970000 199.0164, 306.9892, 222.2691, 309.4526, 221.1261, 320.2415, 197.8735, 317.7781
44 270 9.000000 198.0331, 305.9520, 221.2423, 308.8751, 219.8622, 319.8331, 196.6530, 316.9100
44 271 9.040000 196.7046, 304.7953, 219.8997, 308.0114, 218.3548, 319.1531, 195.1597, 315.9369
44 272 9.070000 195.6719, 304.1675, 218.9152, 307.3422, 217.3778, 318.5983, 194.1345, 315.4237
44 273 9.100000 194.8966, 303.3414, 218.0598, 307.0219, 216.2480, 318.4244, 193.0848, 314.7439
44 274 9.140000 193.8214, 302.5963, 216.9609, 306.5763, 214.9729, 318.1340, 191.8334, 314.1539
44 275 9.170000 192.9912, 302.2841, 216.1795, 306.2254, 214.1983, 317.8818, 191.0100, 313.9405
44 276 9.200000 192.4612, 301.7650, 215.5434, 306.2258, 213.2683, 317.9982, 190.1861, 313.5375
44 277 9.240000 191.7611, 301.3800, 214.7768, 306.2181, 212.2763, 318.1132, 189.2606, 313.2750
44 278 9.270000 191.1558, 301.4108, 214.2569, 306.1070, 211.8221, 318.0844, 188.7209, 313.3881
44 279 9.300000 190.8860, 301.2499, 213.8897, 306.3506, 211.2158, 318.4100, 188.2120, 313.3092
44 280 9.340000 190.4530, 301.4426, 213.4909, 306.5844, 210.7820, 318.7216, 187.7441, 313.5797
44 281 9.370000 190.1162, 301.8398, 213.2714, 306.7308, 210.6960, 318.9234, 187.5408, 314.0324
44 282 9.400000 190.0839, 302.1001, 213.1979, 307.2017, 210.4950, 319.4476, 187.3810, 314.3461
44 283 9.440000 189.9965, 302.8260, 213.1960, 307.7860, 210.5657, 320.0885, 187.3662, 315.1285
44 284 9.470000 189.8931, 303.6649, 213.2597, 308.1954, 210.8707, 320.5172, 187.5041, 315.9867
44 285 9.500000 190.0883, 304.3552, 213.4657, 308.9254, 211.0513, 321.2753, 187.6739, 316.7051
44 286 9.540000 190.3461, 305.5637, 213.8336, 309.8707, 211.5666, 322.2334, 188.0790, 317.9263
44 287 9.570000 190.5253, 306.6900, 214.1686, 310.5267, 212.1641, 322.8792, 188.5208, 319.0425
44 288 9.600000 191.0100, 307.5972, 214.6500, 311.5012, 212.6094, 323.8574, 188.9695, 319.9535
44 289 9.640000 191.6095, 309.1226, 215.3493, 312.7301, 213.4757, 325.0596, 189.7359, 321.4522
44 290 9.670000 192.0295, 310.5063, 215.9075, 313.6145, 214.3085, 325.8984, 190.4305, 322.7902
44 291 9.700000 192.7239, 311.6815, 216.6005, 314.8368, 214.9798, 327.1004, 191.1032, 323.9451
44 292 9.740000 193.5919, 313.5922, 217.5500, 316.4497, 216.0947, 328.6510, 192.1367, 325.7935
44 293 9.770000 194.2086, 315.2852, 218.2744, 317.6735, 217.0709, 329.8005, 193.0051, 327.4121
44 294 9.800000 195.0572, 316.8113, 219.1178, 319.2601, 217.8877, 331.3461, 193.8271, 328.8973
44 295 9.840000 196.1248, 319.2407, 220.2407, 321.4500, 219.1414, 333.4490, 195.0255, 331.2396
44 296 9.870000 196.8876, 321.3693, 221.0777, 323.1904, 220.1810, 335.1020, 195.9909, 333.2809
44 297 9.900000 197.8307, 323.4277, 222.0116, 325.3307, 221.0780, 337.1941, 196.8970, 335.2911
44 298 9.940000 199.0277, 326.6409, 223.2384, 328.3925, 222.3863, 340.1709, 198.1756, 338.4193
44 299 9.970000 199.8954, 329.3786, 224.1491, 330.8633, 223.4328, 342.5639, 199.1792, 341.0792
44 300 10.000000 200.9145, 332.0331, 225.1464, 333.6595, 224.3630, 345.3316, 200.1311, 343.7052
44 301 10.040000 202.2642, 335.6718, 226.4925, 337.3076, 225.7091, 348.9112, 201.4807, 347.2754
44 302 10.070000 203.2921, 338.3071, 227.5292, 339.8344, 226.7984, 351.4329, 202.5612, 349.9056
44 303 10.100000 204.6174, 340.3775, 228.7418, 342.5597, 227.6848, 354.2440, 203.5605, 352.0617
44 304 10.140000 206.2799, 343.2802, 230.3437, 345.6992, 229.1574, 357.4999, 205.0936, 355.0809
44 305 10.170000 207.4531, 345.5702, 231.5506, 347.7296, 230.4854, 359.6160, 206.3879, 357.4566
44 306 10.200000 208.9159, 347.4245, 232.9249, 349.9688, 231.6489, 362.0095, 207.6399, 359.4652
44 307 10.240000 210.7813, 350.0869, 234.7726, 352.6118, 233.4841, 364.8554, 209.4928, 362.3305
44 308 10.270000 212.1072, 352.2436, 236.1662, 354.3589, 235.0759, 366.7597, 211.0169, 364.6444
44 309 10.300000 213.7299, 354.0233, 237.7225, 356.3929, 236.4771, 369.0035, 212.4845, 366.6340
44 310 10.340000 215.7872, 356.6692, 239.7952, 358.8817, 238.6078, 371.7670, 214.5998, 369.5545
44 311 10.370000 217.2575, 358.8627, 241.3454, 360.6419, 240.3791, 373.7257, 216.2912, 371.9466
44 312 10.400000 218.9721, 360.8140, 243.0254, 362.7139, 241.9719, 376.0508, 217.9186, 374.1508
44 313 10.440000 221.1154, 363.8010, 245.2256, 365.3900, 244.3253, 379.0520, 220.2150, 377.4630
44 314 10.470000 222.6100, 366.3201, 246.8344, 367.3353, 246.2521, 381.2302, 222.0277, 380.2150
44 315 10.500000 224.2878, 368.6149, 248.5379, 369.5017, 248.0204, 383.6532, 223.7703, 382.7664
44 316 10.540000 226.4836, 371.4854, 250.7850, 372.0498, 250.4482, 386.5509, 226.1468, 385.9865
44 317 10.570000 228.0723, 373.4050, 252.4411, 373.5899, 252.3297, 388.2657, 227.9610, 388.0808
44 318 10.600000 230.0375, 374.4980, 254.2840, 375.2472, 253.8240, 390.1353, 229.5775, 389.3862
44 319 10.640000 232.3540, 375.9226, 256.5918, 376.6669, 256.1311, 391.6680, 231.8934, 390.9237
44 320 10.670000 233.8617, 376.9645, 258.2116, 377.1499, 258.0975, 392.1227, 233.7477, 391.9372
44 321 10.700000 235.7288, 377.2243, 260.0045, 377.7339, 259.6896, 392.7338, 235.4139, 392.2242
44 322 10.740000 237.9035, 377.5392, 262.2316, 377.7526, 262.1009, 392.6494, 237.7728, 392.4360
44 323 10.770000 239.3082, 377.7443, 263.7655, 377.2000, 264.0928, 391.9125, 239.6356, 392.4567
44 324 10.800000 241.0459, 377.1116, 265.4663, 376.7581, 265.6778, 391.3694, 241.2574, 391.7229
44 325 10.840000 243.0454, 376.1600, 267.5235, 375.3969, 267.9707, 389.7411, 243.4925, 390.5041
44 326 10.870000 244.3088, 375.3596, 268.8793, 373.7665, 269.7892, 387.7994, 245.2187, 389.3926
44 327 10.900000 245.8405, 373.6007, 270.3916, 372.2090, 271.1764, 386.0535, 246.6253, 387.4452
44 328 10.940000 247.5448, 371.0311, 272.1294, 369.2896, 273.0829, 382.7496, 248.4983, 384.4912
44 329 10.970000 248.5569, 369.0098, 273.1780, 366.4402, 274.5416, 379.5063, 249.9205, 382.0758
44 330 11.000000 249.7692, 366.0467, 274.3886, 363.7779, 275.5743, 376.6446, 250.9550, 378.9134
44 331 11.040000 251.0361, 362.4758, 275.6720, 359.8460, 277.0088, 372.3691, 252.3729, 374.9989
44 332 11.070000 251.9190, 359.8704, 276.5688, 357.1007, 277.9499, 369.3927, 253.3001, 372.1624
44 333 11.100000 252.8531, 357.0684, 277.5267, 354.7478, 278.6711, 366.9151, 253.9975, 369.2357
44 334 11.140000 253.9141, 353.6852, 278.6226, 351.7190, 279.5738, 363.6728, 254.8653, 365.6389
44 335 11.170000 254.5484, 351.4521, 279.2805, 349.4307, 280.2402, 361.1728, 255.5081, 363.1942
44 336 11.200000 255.2354, 348.9475, 279.9991, 347.4364, 280.7089, 359.0698, 255.9452, 360.5809
44 337 11.240000 255.9567, 345.8992, 280.7598, 344.6666, 281.3282, 356.1051, 256.5252, 357.3377
44 338 11.270000 256.3424, 343.8441, 281.1775, 342.4470, 281.8099, 353.6899, 256.9748, 355.0869
44 339 11.300000 256.8111, 341.3966, 281.6802, 340.4787, 282.0919, 351.6345, 257.2229, 352.5524
44 340 11.340000 257.2369, 338.3542, 282.1539, 337.5528, 282.5075, 348.5455, 257.5904, 349.3468
44 341 11.370000 257.4015, 336.0777, 282.3525, 334.9419, 282.8522, 345.9188, 257.9011, 347.0546
44 342 11.400000 257.6676, 333.3985, 282.6610, 332.6241, 283.0011, 343.6005, 258.0077, 344.3749
44 343 11.440000 257.8290, 329.8923, 282.8754, 329.0727, 283.2357, 340.0817, 258.1892, 340.9013
44 344 11.470000 257.7992, 327.3188, 282.8750, 326.0454, 283.4413, 337.1976, 258.3656, 338.4711
44 345 11.500000 257.9060, 324.2788, 283.0404, 323.4344, 283.4166, 334.6327, 258.2822, 335.4771
44 346 11.540000 257.8128, 320.7141, 282.9961, 319.6666, 283.4667, 330.9798, 258.2834, 332.0273
44 347 11.570000 257.6206, 318.4137, 282.8087, 316.8547, 283.5153, 328.2698, 258.3272, 329.8289
44 348 11.600000 257.4943, 316.0594, 282.7089, 314.5329, 283.4008, 325.9616, 258.1862, 327.4881
44 349 11.640000 257.2253, 313.2318, 282.4509, 311.6384, 283.1728, 323.0683, 257.9472, 324.6616
44 350 11.670000 256.8942, 311.4318, 282.0966, 309.4633, 282.9897, 320.8965, 257.7872, 322.8650
44 351 11.700000 256.6590, 309.4194, 281.8810, 307.8338, 282.5923, 319.1491, 257.3703, 320.7347
44 352 11.740000 256.1531, 307.1132, 281.3611, 305.5445, 282.0578, 316.7413, 256.8499, 318.3100
44 353 11.770000 255.7031, 305.5002, 280.8820, 303.9076, 281.5838, 315.0020, 256.4048, 316.5946
44 354 11.800000 255.2890, 303.7565, 280.4639, 302.6038, 280.9635, 313.5147, 255.7886, 314.6674
44 355 11.840000 254.6396, 301.6109, 279.7674, 300.8995, 280.0714, 311.6371, 254.9436, 312.3485
44 356 11.870000 254.0188, 300.2342, 279.1018, 299.4653, 279.4303, 310.1816, 254.3473, 310.9505
44 357 11.900000 253.5161, 298.4094, 278.5430, 298.3003, 278.5903, 309.1678, 253.5634, 309.2768
44 358 11.940000 252.7670, 296.0580, 277.6899, 296.5664, 277.4625, 307.7181, 252.5395, 307.2097
44 359 11.970000 252.0875, 294.5691, 276.9469, 295.1086, 276.7011, 306.4383, 251.8417, 305.8988
44 360 12.000000 251.6467, 292.6166, 276.3605, 294.0520, 275.6835, 305.7079, 250.9698, 304.2725
44 361 12.040000 250.8893, 290.4920, 275.4823, 292.4373, 274.5391, 304.3616, 249.9461, 302.4163
44 362 12.070000 250.2595, 289.0940, 274.8010, 291.1697, 273.7807, 303.2338, 249.2391, 301.1581
44 363 12.100000 249.8515, 287.4148, 274.2509, 290.1836, 272.8643, 302.4033, 248.4649, 299.6345
44 364 12.140000 249.2081, 285.4772, 273.4972, 288.6333, 271.8938, 300.9729, 247.6047, 297.8168
44 365 12.170000 248.6756, 284.1824, 272.9479, 287.3077, 271.3551, 299.6778, 247.0829, 296.5525
44 366 12.200000 248.4757, 282.4794, 272.5752, 286.2797, 270.6191, 298.6841, 246.5196, 294.8837
44 367 12.240000 248.2653, 280.2573, 272.1646, 284.7317, 269.8460, 297.1160, 245.9467, 292.6416
44 368 12.270000 248.1062, 278.6731, 271.9314, 283.3444, 269.5124, 295.6820, 245.6872, 291.0107
44 369 12.300000 248.3046, 276.7352, 271.8853, 282.1489, 269.0702, 294.4108, 245.4895, 288.9970
44 370 12.340000 248.4988, 274.3558, 271.9565, 280.0618, 269.0060, 292.1917, 245.5483, 286.4858
44 371 12.370000 248.5787, 272.7315, 272.1233, 278.0836, 269.3957, 290.0826, 245.8512, 284.7305
44 372 12.400000 249.0779, 270.6659, 272.5164, 276.2510, 269.6914, 288.1063, 246.2529, 282.5212
44 373 12.440000 249.7398, 267.9829, 273.2195, 273.2715, 270.6030, 284.8878, 247.1233, 279.5992
44 374 12.470000 250.2222, 266.0627, 273.8560, 270.6095, 271.6636, 282.0056, 248.0298, 277.4588
44 375 12.500000 251.2099, 263.5394, 274.7421, 268.3092, 272.4722, 279.5083, 248.9399, 274.7385
44 376 12.540000 252.2808, 260.8173, 275.9290, 264.8122, 274.0799, 275.7584, 250.4316, 271.7636
44 377 12.570000 253.0491, 259.1770, 276.8279, 262.2247, 275.4553, 272.9345, 251.6764, 269.8867
44 378 12.600000 254.0450, 257.4272, 277.8510, 260.0733, 276.6819, 270.5910, 252.8759, 267.9449
44 379 12.640000 255.3548, 255.4034, 279.2098, 257.2024, 278.4299, 267.5453, 254.5748, 265.7464
44 380 12.670000 256.3503, 253.9540, 280.2226, 255.0175, 279.7612, 265.3739, 255.8890, 264.3104
44 381 12.700000 257.4620, 252.4272, 281.3092, 253.2018, 280.9676, 263.7190, 257.1204, 262.9444
44 382 12.740000 258.8999, 250.5973, 282.7141, 250.8773, 282.5879, 261.6147, 258.7736, 261.3347
44 383 12.770000 259.8894, 249.4604, 283.6586, 249.0617, 283.8419, 259.9929, 260.0728, 260.3916
44 384 12.800000 260.9960, 248.0920, 284.7373, 247.6928, 284.9228, 258.7220, 261.1814, 259.1212
44 385 12.840000 262.3378, 246.5108, 286.0239, 245.7702, 286.3732, 256.9408, 262.6871, 257.6815
44 386 12.870000 263.2087, 245.5519, 286.8181, 244.1609, 287.4834, 255.4540, 263.8740, 256.8450
44 387 12.900000 264.1193, 244.3863, 287.6857, 242.8232, 288.4393, 254.1846, 264.8729, 255.7478
44 388 12.940000 265.1722, 242.9504, 288.6507, 240.9127, 289.6435, 252.3512, 266.1649, 254.3888
44 389 12.970000 265.8264, 241.9738, 289.1982, 239.3662, 290.4794, 250.8502, 267.1076, 253.4577
44 390 13.000000 266.5295, 240.6615, 289.9122, 238.2607, 291.0891, 249.7230, 267.7064, 252.1238
44 391 13.040000 267.2938, 239.2564, 290.6483, 236.8770, 291.8135, 248.3140, 268.4590, 250.6934
44 392 13.070000 267.7831, 238.4520, 291.1164, 236.1012, 292.2671, 247.5228, 268.9339, 249.8735
44 393 13.100000 268.2792, 237.6944, 291.6476, 235.7776, 292.5807, 247.1534, 269.2123, 249.0701
44 394 13.140000 268.8069, 237.1646, 292.1798, 235.6033, 292.9350, 246.9095, 269.5621, 248.4707
44 395 13.170000 269.0990, 237.1360, 292.4477, 235.6410, 293.1679, 246.8896, 269.8193, 248.3846
44 396 13.200000 269.4203, 237.1501, 292.7785, 236.1211, 293.2695, 247.2665, 269.9113, 248.2956
44 397 13.240000 269.7294, 237.6543, 293.0626, 236.9870, 293.3771, 247.9854, 270.0439, 248.6527
44 398 13.270000 269.8792, 238.3937, 293.1758, 237.8208, 293.4434, 248.7038, 270.1468, 249.2766
44 399 13.300000 270.0762, 239.2097, 293.3456, 239.1013, 293.3956, 249.8242, 270.1261, 249.9327
44 400 13.340000 270.2401, 240.8394, 293.4476, 241.0812, 293.3380, 251.5939, 270.1306, 251.3521
44 401 13.370000 270.2972, 242.4850, 293.4495, 242.8125, 293.3029, 253.1710, 270.1506, 252.8435
44 402 13.400000 270.4069, 244.3130, 293.4924, 245.0288, 293.1724, 255.3496, 270.0869, 254.6338
44 403 13.440000 270.4771, 247.3600, 293.4634, 248.3532, 293.0157, 258.7154, 270.0293, 257.7222
44 404 13.470000 270.4871, 249.9791, 293.4005, 251.0360, 292.9148, 261.5650, 270.0015, 260.5081
44 405 13.500000 270.5632, 252.7234, 293.3778, 254.0943, 292.7355, 264.7836, 269.9209, 263.4127
44 406 13.540000 270.6414, 256.4662, 293.3363, 258.0759, 292.5609, 269.0079, 269.8660, 267.3982
44 407 13.570000 270.6250, 259.1850, 293.2880, 260.6293, 292.5687, 271.9161, 269.9057, 270.4718
44 408 13.600000 270.7602, 261.5261, 293.3476, 263.2035, 292.4825, 274.8531, 269.8950, 273.1756
44 409 13.640000 270.9323, 264.5086, 293.4380, 266.2989, 292.4702, 278.4649, 269.9645, 276.6745
44 410 13.670000 271.0318, 266.6982, 293.5053, 268.3827, 292.5621, 280.9660, 270.0887, 279.2815
44 411 13.700000 271.3267, 268.5843, 293.6941, 270.6048, 292.5203, 283.5998, 270.1528, 281.5793
44 412 13.740000 271.5992, 271.2377, 293.9122, 273.2503, 292.6895, 286.8052, 270.3766, 284.7926
44 413 13.770000 271.7619, 273.2972, 294.0867, 275.1493, 292.9324, 289.0626, 270.6076, 287.2106
44 414 13.800000 272.1413, 275.1419, 294.3701, 277.2455, 293.0208, 291.5029, 270.7920, 289.3993
44 415 13.840000 272.5890, 277.7634, 294.7559, 279.9653, 293.2988, 294.6340, 271.1319, 292.4321
44 416 13.870000 272.7874, 279.9397, 295.0300, 281.8790, 293.7234, 296.8653, 271.4808, 294.9260
44 417 13.900000 273.3072, 281.9099, 295.4332, 284.1537, 293.8853, 299.4186, 271.7593, 297.1749
44 418 13.940000 273.7403, 284.9594, 295.9278, 287.0395, 294.4603, 302.6926, 272.2728, 300.6125
44 419 13.970000 273.9923, 287.4718, 296.2963, 289.2469, 295.0292, 305.1683, 272.7251, 303.3932
44 420 14.000000 274.4018, 289.9448, 296.7392, 291.6694, 295.4904, 307.8433, 273.1530, 306.1186
44 421 14.040000 274.9132, 293.3289, 297.3526, 294.8784, 296.2173, 311.3186, 273.7779, 309.7690
44 422 14.070000 275.1431, 295.9847, 297.7836, 297.0953, 296.9704, 313.6735, 274.3299, 312.5628
44 423 14.100000 275.7466, 298.2760, 298.3511, 299.5926, 297.3805, 316.2573, 274.7760, 314.9407
44 424 14.140000 276.2671, 301.5413, 299.0338, 302.5944, 298.2603, 319.3167, 275.4935, 318.2636
44 425 14.170000 276.4672, 304.1503, 299.4823, 304.6389, 299.1275, 321.3507, 276.1124, 320.8621
44 426 14.200000 277.0235, 306.4173, 300.0713, 307.0294, 299.6287, 323.6933, 276.5810, 323.0811
44 427 14.240000 277.4749, 309.7232, 300.7406, 309.9820, 300.5566, 326.5149, 277.2909, 326.2560
44 428 14.270000 277.6637, 312.3770, 301.1672, 312.1072, 301.3554, 328.5030, 277.8519, 328.7728
44 429 14.300000 278.1307, 314.7629, 301.7177, 314.6067, 301.8253, 330.8595, 278.2383, 331.0157
44 430 14.340000 278.5304, 318.2790, 302.3325, 317.9252, 302.5706, 333.9444, 278.7685, 334.2982
44 431 14.370000 278.6748, 321.2294, 302.6940, 320.4620, 303.1993, 336.2750, 279.1800, 337.0424
44 432 14.400000 279.0269, 324.0627, 303.1636, 323.4782, 303.5422, 339.1115, 279.4055, 339.6960
44 433 14.440000 279.2657, 328.4299, 303.6506, 327.7383, 304.0871, 343.1271, 279.7022, 343.8188
44 434 14.470000 279.3474, 332.1111, 303.9456, 331.2176, 304.4986, 346.4408, 279.9004, 347.3343
44 435 14.500000 279.5325, 335.8056, 304.2936, 335.1147, 304.7159, 350.2468, 279.9548, 350.9378
44 436 14.540000 279.6196, 340.8911, 304.6381, 340.2664, 305.0130, 355.2822, 279.9945, 355.9069
44 437 14.570000 279.5233, 344.7299, 304.7694, 343.8713, 305.2746, 358.7239, 280.0284, 359.5825
44 438 14.600000 279.5695, 348.0634, 304.9898, 347.5631, 305.2793, 362.2744, 279.8591, 362.7747
44 439 14.640000 279.4086, 352.4011, 305.1055, 351.9657, 305.3513, 366.4734, 279.6544, 366.9088
44 440 14.670000 279.1193, 355.5666, 305.0567, 354.8385, 305.4602, 369.2120, 279.5228, 369.9401
44 441 14.700000 279.0028, 358.1215, 305.1215, 357.8082, 305.2930, 372.1014, 279.1743, 372.4148
44 442 14.740000 278.6281, 361.4003, 305.0312, 361.1792, 305.1502, 375.3901, 278.7471, 375.6112
44 443 14.770000 278.1534, 363.8355, 304.8038, 363.2063, 305.1380, 377.3636, 278.4877, 377.9929
44 444 14.800000 277.8968, 365.5503, 304.7319, 365.3967, 304.8132, 379.5891, 277.9781, 379.7428
44 445 14.840000 277.2989, 367.8084, 304.4245, 367.6483, 304.5087, 381.9131, 277.3831, 382.0732
44 446 14.870000 276.6657, 369.4780, 304.0396, 368.8504, 304.3682, 383.1848, 276.9943, 383.8123
44 447 14.900000 276.2642, 370.4162, 303.8220, 370.2680, 303.8999, 384.7368, 276.3420, 384.8851
44 448 14.940000 275.4767, 371.6661, 303.3212, 371.5221, 303.3969, 386.1629, 275.5524, 386.3069
44 449 14.970000 274.6907, 372.6303, 302.7835, 371.9963, 303.1164, 386.7475, 275.0236, 387.3815
