42 0 0.010000 370.6135, 320.2773, 393.0903, 321.0391, 392.7077, 332.3271, 370.2309, 331.5653
42 1 0.040000 370.5972, 320.8100, 393.0750, 321.5715, 392.6919, 332.8783, 370.2141, 332.1168
42 2 0.070000 370.5608, 321.9951, 393.0410, 322.7559, 392.6569, 334.1046, 370.1767, 333.3438
42 3 0.110000 370.4812, 324.5910, 392.9665, 325.3504, 392.5802, 336.7907, 370.0948, 336.0313
42 4 0.140000 370.3980, 327.3007, 392.8887, 328.0585, 392.5001, 339.5945, 370.0094, 338.8367
42 5 0.170000 370.0757, 329.1173, 392.6631, 329.1254, 392.6578, 343.9609, 370.0704, 343.9528
42 6 0.200000 369.6543, 330.6837, 392.1722, 329.6973, 392.9310, 347.0207, 370.4132, 348.0070
42 7 0.240000 369.1421, 331.5773, 391.5233, 329.7332, 393.0875, 348.7176, 370.7062, 350.5616
42 8 0.270000 368.7214, 331.4223, 390.9829, 329.0595, 393.0531, 348.5650, 370.7916, 350.9278
42 9 0.310000 368.0390, 330.5779, 390.1110, 327.4956, 392.8442, 347.0680, 370.7722, 350.1502
42 10 0.340000 367.5582, 329.0786, 390.3427, 326.6419, 392.4161, 346.0288, 369.6315, 348.4655
42 11 0.370000 366.8901, 327.9159, 389.7265, 325.1806, 392.0236, 344.3583, 369.1872, 347.0937
42 12 0.400000 366.2888, 326.3854, 389.7405, 324.2822, 391.4273, 343.0906, 367.9756, 345.1938
42 13 0.440000 365.2927, 324.8435, 389.1283, 322.8506, 390.6591, 341.1601, 366.8235, 343.1530
42 14 0.470000 364.5146, 323.9250, 388.6226, 322.0652, 389.9975, 339.8870, 365.8894, 341.7468
42 15 0.500000 363.7510, 323.0970, 388.2871, 321.7617, 389.2263, 339.0192, 364.6902, 340.3545
42 16 0.540000 362.6100, 322.6498, 387.5295, 321.6404, 388.1991, 338.1694, 363.2795, 339.1788
42 17 0.570000 361.6950, 322.7453, 386.8536, 321.8886, 387.3990, 337.9053, 362.2404, 338.7620
42 18 0.610000 360.4195, 323.3654, 385.9087, 322.7629, 386.2712, 338.0961, 360.7820, 338.6987
42 19 0.640000 359.4700, 324.0831, 385.2227, 323.8964, 385.3299, 338.6934, 359.5772, 338.8801
42 20 0.670000 358.3949, 325.2375, 384.3403, 325.0438, 384.4473, 339.3798, 358.5019, 339.5735
42 21 0.700000 357.3579, 326.4787, 383.5251, 326.6182, 383.4513, 340.4593, 357.2841, 340.3198
42 22 0.740000 355.8596, 328.5502, 382.2851, 328.8558, 382.1314, 342.1427, 355.7060, 341.8371
42 23 0.770000 354.6588, 330.3995, 381.2831, 330.6570, 381.1582, 343.5712, 354.5339, 343.3137
42 24 0.800000 353.4724, 332.2945, 380.3277, 332.7792, 380.1017, 345.3032, 353.2464, 344.8186
42 25 0.840000 351.7498, 335.2480, 378.9306, 335.7860, 378.6918, 347.8495, 351.5110, 347.3114
42 26 0.870000 350.3734, 337.7042, 377.7749, 338.0540, 377.6233, 349.9334, 350.2218, 349.5836
42 27 0.900000 349.0379, 339.8881, 376.6559, 340.4080, 376.4300, 352.4101, 348.8120, 351.8902
42 28 0.940000 347.1342, 343.2878, 375.0080, 343.7415, 374.8049, 356.2178, 346.9311, 355.7641
42 29 0.970000 345.5748, 346.2126, 373.6197, 346.2758, 373.5909, 359.0468, 345.5460, 358.9835
42 30 1.000000 344.0990, 348.8771, 372.2968, 349.1215, 372.1835, 362.1875, 343.9858, 361.9431
42 31 1.040000 341.9634, 352.3546, 370.3472, 352.5285, 370.2654, 365.8737, 341.8816, 365.6997
42 32 1.070000 340.1457, 354.8479, 368.6568, 354.4115, 368.8637, 367.9301, 340.3527, 368.3665
42 33 1.110000 337.7928, 357.1351, 366.4470, 356.6382, 366.6857, 370.3995, 338.0314, 370.8964
42 34 1.140000 336.1210, 357.9650, 364.8638, 358.1433, 364.7772, 372.0973, 336.0345, 371.9190
42 35 1.170000 334.0657, 358.9888, 362.8843, 358.5940, 363.0768, 372.6431, 334.2582, 373.0380
42 36 1.210000 331.4224, 359.2087, 360.3126, 358.8589, 360.4844, 373.0525, 331.5943, 373.4024
42 37 1.240000 329.5026, 358.5096, 358.4233, 358.7344, 358.3118, 373.0845, 329.3911, 372.8597
42 38 1.270000 327.1435, 358.0323, 356.0887, 357.3901, 356.4089, 371.8228, 327.4637, 372.4650
42 39 1.310000 324.0913, 356.0847, 353.0380, 355.1256, 353.5226, 369.7523, 324.5760, 370.7114
42 40 1.340000 321.9202, 353.5105, 350.8426, 353.1512, 351.0265, 367.9545, 322.1041, 368.3138
42 41 1.370000 319.2822, 350.9932, 348.1849, 349.8708, 348.7651, 364.8090, 319.8623, 365.9314
42 42 1.410000 315.9022, 346.0912, 344.7401, 344.9995, 345.3139, 360.1569, 316.4760, 361.2486
42 43 1.440000 313.4912, 341.3023, 342.2302, 340.9731, 342.4061, 356.3278, 313.6671, 356.6570
42 44 1.470000 310.5673, 336.6455, 339.2427, 335.6512, 339.7812, 351.1797, 311.1058, 352.1740
42 45 1.510000 306.8091, 329.4488, 335.3339, 328.4172, 335.9052, 344.2145, 307.3804, 345.2461
42 46 1.540000 304.0590, 323.6198, 332.5162, 323.3617, 332.6615, 339.3848, 304.2043, 339.6428
42 47 1.570000 300.9774, 318.2168, 329.5153, 318.2628, 329.4891, 334.5253, 300.9512, 334.4793
42 48 1.610000 296.9002, 311.2451, 325.5222, 312.0768, 325.0407, 328.6471, 296.4187, 327.8154
42 49 1.640000 293.8899, 306.2421, 322.5380, 307.9144, 321.5626, 324.6251, 292.9145, 322.9529
42 50 1.670000 290.6953, 301.8111, 319.4480, 303.6505, 318.3686, 320.5222, 289.6160, 318.6827
42 51 1.710000 286.5599, 296.0678, 315.7166, 298.5177, 314.2886, 315.5127, 285.1319, 313.0628
42 52 1.740000 283.5404, 291.8863, 312.9854, 294.9550, 311.2102, 311.9882, 281.7652, 308.9194
42 53 1.770000 280.3918, 288.1212, 310.0960, 291.1753, 308.3365, 308.2883, 278.6323, 305.2342
42 54 1.810000 276.3785, 283.1035, 306.4115, 286.4431, 304.5070, 303.5705, 274.4740, 300.2309
42 55 1.840000 273.5827, 279.2197, 303.8334, 283.1899, 301.5974, 300.2266, 271.3468, 296.2564
42 56 1.870000 270.6304, 275.7301, 301.0949, 279.4663, 299.0035, 296.5191, 268.5390, 292.7828
42 57 1.910000 267.0020, 270.8469, 297.7149, 274.7717, 295.5454, 291.7488, 264.8325, 287.8241
42 58 1.940000 264.5310, 267.0011, 295.3934, 271.4856, 292.9488, 288.3093, 262.0863, 283.8247
42 59 1.970000 261.8698, 263.6220, 292.9050, 267.6284, 290.7325, 284.4571, 259.6974, 280.4507
42 60 2.010000 258.6631, 259.0068, 289.8778, 263.0263, 287.7253, 279.7425, 256.5106, 275.7231
42 61 2.040000 256.4630, 255.6477, 287.7822, 260.0923, 285.4294, 276.6715, 254.1102, 272.2269
42 62 2.070000 254.1954, 252.8232, 285.6296, 257.2513, 283.3035, 273.7637, 251.8693, 269.3356
42 63 2.110000 251.3718, 249.4693, 282.9266, 254.2513, 280.4478, 270.6077, 248.8930, 265.8258
42 64 2.140000 249.4039, 247.2728, 281.0148, 252.5658, 278.3042, 268.7542, 246.6933, 263.4612
42 65 2.170000 247.3704, 245.6139, 279.0676, 250.9431, 276.3588, 267.0545, 244.6616, 261.7253
42 66 2.210000 244.8721, 243.7891, 276.6419, 249.4459, 273.8010, 265.4010, 242.0312, 259.7441
42 67 2.240000 243.1704, 242.6957, 274.9538, 248.8111, 271.9149, 264.6053, 240.1314, 258.4899
42 68 2.270000 241.3799, 242.1505, 273.2414, 248.1162, 270.2899, 263.8796, 238.4284, 257.9139
42 69 2.310000 239.2315, 241.7789, 271.1466, 247.8226, 268.1794, 263.4912, 236.2644, 257.4476
42 70 2.340000 237.7985, 241.7733, 269.7133, 248.0792, 266.6395, 263.6365, 234.7246, 257.3306
42 71 2.370000 236.2781, 242.3189, 268.2659, 248.2838, 265.3605, 263.8642, 233.3728, 257.8993
42 72 2.410000 234.4842, 243.4167, 266.5154, 249.2041, 263.7047, 264.7608, 231.6734, 258.9735
42 73 2.440000 233.3090, 244.5035, 265.3364, 250.3563, 262.5035, 265.8583, 230.4762, 260.0055
42 74 2.470000 232.0528, 246.0805, 264.1423, 251.3947, 261.5618, 266.9769, 229.4723, 261.6627
42 75 2.510000 230.6283, 248.3044, 262.7473, 253.1362, 260.3962, 268.7646, 228.2773, 263.9328
42 76 2.540000 229.8757, 249.6819, 261.9514, 254.6835, 259.5191, 270.2823, 227.4433, 265.2807
42 77 2.570000 229.0853, 251.1848, 261.1612, 255.6934, 258.9598, 271.3548, 226.8839, 266.8462
42 78 2.610000 228.4725, 252.5870, 260.4608, 257.1143, 258.2511, 272.7272, 226.2628, 268.2000
42 79 2.640000 228.3323, 253.2003, 260.1911, 258.1977, 257.7622, 273.6824, 225.9034, 268.6850
42 80 2.670000 228.0074, 254.1031, 259.8314, 258.3760, 257.7408, 273.9463, 225.9168, 269.6733
42 81 2.710000 227.9954, 254.7109, 259.6835, 258.6629, 257.7423, 274.2276, 226.0543, 270.2756
42 82 2.740000 228.2760, 254.7303, 259.8119, 258.8921, 257.7684, 274.3761, 226.2326, 270.2143
42 83 2.770000 228.3836, 255.0093, 259.8193, 258.2910, 258.1939, 273.8606, 226.7582, 270.5788
42 84 2.800000 228.9048, 254.5962, 260.1623, 258.0791, 258.4360, 273.5719, 227.1785, 270.0890
42 85 2.840000 229.5294, 254.0591, 260.5646, 256.9623, 259.1138, 272.4713, 228.0786, 269.5680
42 86 2.870000 229.9714, 253.6028, 260.8147, 255.5603, 259.8256, 271.1456, 228.9823, 269.1881
42 87 2.900000 230.7622, 252.4002, 261.3918, 254.5061, 260.3233, 270.0475, 229.6936, 267.9416
42 88 2.940000 231.7377, 250.7107, 262.0525, 252.3832, 261.1937, 267.9497, 230.8789, 266.2772
42 89 2.970000 232.4092, 249.4101, 262.4496, 250.3429, 261.9643, 265.9710, 231.9239, 265.0381
42 90 3.000000 233.3887, 247.4482, 263.1920, 248.8423, 262.4622, 264.4458, 232.6588, 263.0517
42 91 3.040000 234.4784, 245.3916, 263.9252, 246.5128, 263.3297, 262.1518, 233.8829, 261.0306
42 92 3.070000 235.1635, 244.3724, 264.3199, 244.8196, 264.0804, 260.4342, 234.9240, 259.9870
42 93 3.100000 235.9689, 243.3434, 264.8815, 243.7330, 264.6725, 259.2404, 235.7599, 258.8507
42 94 3.140000 236.9118, 242.5849, 265.4900, 242.5749, 265.4953, 257.8720, 236.9171, 257.8820
42 95 3.170000 237.5343, 242.4355, 265.8500, 241.9507, 266.1082, 257.0304, 237.7925, 257.5152
42 96 3.200000 238.2202, 242.2965, 266.3434, 241.8572, 266.5746, 256.6589, 238.4514, 257.0982
42 97 3.240000 238.9972, 242.6509, 266.8533, 242.0164, 267.1804, 256.3768, 239.3243, 257.0113
42 98 3.270000 239.4603, 243.3405, 267.1124, 242.3173, 267.6300, 256.3055, 239.9779, 257.3287
42 99 3.300000 239.9755, 244.0237, 267.4887, 243.1488, 267.9202, 256.7183, 240.4071, 257.5932
42 100 3.340000 240.4929, 245.5227, 267.8165, 244.5141, 268.2954, 257.4862, 240.9718, 258.4948
42 101 3.370000 240.7629, 247.0905, 267.9494, 245.7698, 268.5615, 258.3693, 241.3750, 259.6900
42 102 3.400000 241.0524, 248.6511, 268.1474, 247.4620, 268.7021, 260.1026, 241.6072, 261.2917
42 103 3.440000 241.2252, 250.7945, 268.2193, 249.4353, 268.8864, 262.6845, 241.8923, 264.0437
42 104 3.470000 241.2067, 252.8170, 268.1489, 251.1309, 269.0062, 264.8290, 242.0640, 266.5151
42 105 3.500000 241.2076, 254.7789, 268.1272, 253.1916, 268.9626, 267.3585, 242.0430, 268.9459
42 106 3.540000 241.0192, 257.5050, 267.9214, 255.8537, 268.8272, 270.6113, 241.9250, 272.2627
42 107 3.570000 240.6786, 259.5573, 267.5935, 257.5938, 268.6986, 272.7425, 241.7837, 274.7060
42 108 3.600000 240.4283, 261.0740, 267.3276, 259.4571, 268.2645, 275.0433, 241.3653, 276.6603
42 109 3.640000 239.7688, 263.2016, 266.6912, 261.5100, 267.6932, 277.4563, 240.7707, 279.1479
42 110 3.670000 238.9301, 265.0205, 265.9383, 262.6201, 267.3641, 278.6624, 240.3559, 281.0629
42 111 3.700000 238.2944, 266.1517, 265.3142, 264.0320, 266.5851, 280.2326, 239.5653, 282.3522
42 112 3.740000 237.1100, 267.7422, 264.1988, 265.5602, 265.5098, 281.8357, 238.4210, 284.0177
42 113 3.770000 235.9616, 269.0181, 263.1474, 266.4498, 264.6815, 282.6885, 237.4958, 285.2569
42 114 3.800000 235.0088, 269.6421, 262.2180, 267.6651, 263.4028, 283.9710, 236.1936, 285.9480
42 115 3.840000 233.4042, 270.6301, 260.6998, 268.9846, 261.6813, 285.2664, 234.3858, 286.9119
42 116 3.870000 231.9808, 271.4537, 259.3851, 269.7896, 260.3692, 285.9939, 232.9648, 287.6581
42 117 3.900000 230.7308, 271.7821, 258.1563, 270.8774, 258.6910, 287.0856, 231.2655, 287.9904
42 118 3.940000 228.8149, 272.3823, 256.3155, 272.1236, 256.4672, 288.2475, 228.9665, 288.5061
42 119 3.970000 227.1670, 273.0123, 254.7832, 272.8586, 254.8723, 288.8649, 227.2561, 289.0187
42 120 4.000000 225.7817, 273.1507, 253.3744, 273.9418, 252.9171, 289.8925, 225.3244, 289.1014
42 121 4.040000 223.6830, 273.5799, 251.3346, 275.0595, 250.4866, 290.9071, 222.8351, 289.4275
42 122 4.070000 221.9388, 274.0640, 249.7182, 275.6509, 248.8182, 291.4042, 221.0388, 289.8173
42 123 4.100000 220.5004, 274.0837, 248.2420, 276.5351, 246.8534, 292.2497, 219.1118, 289.7983
42 124 4.140000 218.3943, 274.3430, 246.2024, 277.3629, 244.5042, 293.0004, 216.6961, 289.9805
42 125 4.170000 216.7248, 274.6457, 244.6666, 277.7632, 242.9278, 293.3475, 214.9860, 290.2300
42 126 4.200000 215.3918, 274.5412, 243.2843, 278.4171, 241.1202, 293.9908, 213.2277, 290.1148
42 127 4.240000 213.5576, 274.5323, 241.4852, 279.0198, 238.9855, 294.5764, 211.0579, 290.0889
42 128 4.270000 212.0631, 274.7264, 240.1602, 279.1665, 237.7036, 294.7116, 209.6066, 290.2715
42 129 4.300000 211.0041, 274.4674, 239.0355, 279.6173, 236.1760, 295.1818, 208.1446, 290.0319
42 130 4.340000 209.5523, 274.2898, 237.6383, 279.8968, 234.5265, 295.4838, 206.4405, 289.8768
42 131 4.370000 208.4092, 274.3089, 236.6791, 279.8218, 233.6346, 295.4336, 205.3648, 289.9207
42 132 4.400000 207.7737, 273.8633, 235.9481, 280.0757, 232.5007, 295.7105, 204.3263, 289.4981
42 133 4.440000 206.8849, 273.4751, 235.1281, 280.0338, 231.4872, 295.7126, 203.2439, 289.1539
42 134 4.470000 206.2131, 273.3288, 234.6480, 279.7638, 231.0894, 295.4886, 202.6545, 289.0536
42 135 4.500000 206.1281, 272.7461, 234.4120, 279.9386, 230.4048, 295.6965, 202.1210, 288.5040
42 136 4.540000 206.0603, 272.3198, 234.2733, 280.1261, 229.9009, 295.9285, 201.6879, 288.1222
42 137 4.570000 206.0366, 272.3263, 234.3115, 280.3082, 229.8361, 296.1620, 201.5611, 288.1801
42 138 4.600000 206.3853, 272.3328, 234.5338, 280.8915, 229.7065, 296.7680, 201.5580, 288.2094
42 139 4.640000 206.8515, 272.8884, 235.0343, 281.7340, 230.0339, 297.6656, 201.8511, 288.8199
42 140 4.670000 207.1882, 273.7331, 235.5716, 282.3995, 230.6850, 298.4038, 202.3016, 289.7374
42 141 4.700000 207.9754, 274.5555, 236.3188, 283.5449, 231.2313, 299.5855, 202.8880, 290.5961
42 142 4.740000 209.0443, 276.2259, 237.5419, 285.1785, 232.4733, 301.3126, 203.9757, 292.3599
42 143 4.770000 209.8670, 277.9243, 238.6299, 286.5061, 233.7867, 302.7385, 205.0238, 294.1566
42 144 4.800000 211.1154, 279.6586, 239.9222, 288.3524, 235.0040, 304.6487, 206.1972, 295.9549
42 145 4.840000 212.7789, 282.6604, 241.8445, 291.0265, 237.1171, 307.4506, 208.0515, 299.0846
42 146 4.870000 214.0545, 285.4367, 243.4250, 293.2640, 239.0141, 309.8151, 209.6435, 301.9878
42 147 4.900000 215.6721, 288.3866, 245.1728, 296.0712, 240.8330, 312.7314, 211.3323, 305.0468
42 148 4.940000 217.8533, 293.0813, 247.6584, 300.2143, 243.6266, 317.0609, 213.8215, 309.9278
42 149 4.970000 219.5276, 297.1344, 249.6376, 303.6050, 245.9823, 320.6143, 215.8723, 314.1437
42 150 5.000000 221.5550, 301.2100, 251.8092, 307.4297, 248.2766, 324.6131, 218.0225, 318.3933
42 151 5.040000 224.4292, 306.7835, 254.9553, 312.4140, 251.7527, 329.7771, 221.2266, 324.1467
42 152 5.070000 226.6042, 311.0448, 257.4699, 315.7233, 254.8328, 333.1215, 223.9671, 328.4431
42 153 5.100000 229.6131, 314.3079, 260.3901, 319.4312, 257.4788, 336.9200, 226.7018, 331.7967
42 154 5.140000 233.4870, 318.7891, 264.4371, 323.4383, 261.7838, 341.1016, 230.8337, 336.4524
42 155 5.170000 236.4167, 322.1174, 267.6095, 325.9257, 265.4346, 343.7395, 234.2418, 339.9311
42 156 5.200000 239.8971, 324.7937, 271.0870, 328.6600, 268.8660, 346.5771, 237.6761, 342.7108
42 157 5.240000 244.3663, 328.5868, 275.7798, 331.5388, 274.0877, 349.5462, 242.6741, 346.5943
42 158 5.270000 247.6435, 331.5465, 279.3218, 333.2125, 278.3736, 351.2411, 246.6953, 349.5751
42 159 5.300000 251.3982, 333.8133, 283.1254, 335.1415, 282.3671, 353.2563, 250.6399, 351.9281
42 160 5.340000 256.3032, 336.8924, 288.1769, 337.1944, 288.0045, 355.3847, 256.1308, 355.0826
42 161 5.370000 259.8841, 339.2681, 291.8788, 338.3242, 292.4168, 356.5614, 260.4221, 357.5053
42 162 5.400000 263.7651, 341.0419, 295.7838, 339.7584, 296.5159, 358.0219, 264.4972, 359.3054
42 163 5.440000 268.6490, 343.6433, 300.7667, 341.0971, 302.2132, 359.3435, 270.0955, 361.8897
42 164 5.470000 272.0945, 345.8199, 304.3078, 341.7573, 306.5914, 359.8645, 274.3781, 363.9271
42 165 5.500000 275.7312, 347.3146, 308.1150, 342.7654, 310.6618, 360.8947, 278.2780, 365.4439
42 166 5.540000 280.2214, 349.6853, 312.7310, 343.8593, 315.9622, 361.8892, 283.4525, 367.7153
42 167 5.570000 283.3656, 351.6053, 315.9060, 344.6357, 319.7479, 362.5731, 287.2074, 369.5427
42 168 5.600000 286.4684, 353.1924, 319.1514, 345.7573, 323.2230, 363.6553, 290.5400, 371.0904
42 169 5.640000 290.1571, 355.6310, 322.9263, 347.1474, 327.5303, 364.9307, 294.7611, 373.4143
42 170 5.670000 292.5529, 357.7953, 325.2502, 348.0732, 330.4841, 365.6757, 297.7868, 375.3977
42 171 5.700000 294.8597, 359.2837, 327.8127, 349.6026, 332.9805, 367.1931, 300.0276, 376.8743
42 172 5.740000 297.3399, 361.7409, 330.4610, 351.4745, 335.8875, 368.9812, 302.7663, 379.2475
42 173 5.770000 298.8056, 363.7042, 332.0470, 352.9891, 337.6665, 370.4223, 304.4251, 381.1375
42 174 5.800000 300.0447, 365.3377, 333.6282, 354.9409, 339.0373, 372.4129, 305.4537, 382.8098
42 175 5.840000 301.1435, 367.8939, 335.1194, 357.7084, 340.3489, 375.1522, 306.3729, 385.3378
42 176 5.870000 301.5448, 370.1955, 335.7318, 359.8592, 340.9883, 377.2448, 306.8012, 387.5810
42 177 5.900000 301.7572, 372.1474, 336.4041, 362.6223, 341.2122, 380.1115, 306.5654, 389.6367
42 178 5.940000 301.5405, 375.2743, 336.7043, 366.5531, 341.0692, 384.1525, 305.9055, 392.8737
42 179 5.970000 301.0156, 378.0099, 336.5055, 369.6679, 340.6562, 387.3265, 305.1663, 395.6685
42 180 6.000000 300.3701, 380.3534, 336.3491, 373.3800, 339.8005, 391.1872, 303.8215, 398.1606
42 181 6.040000 298.9778, 383.7800, 335.4294, 377.9560, 338.2973, 395.9059, 301.8457, 401.7298
42 182 6.070000 297.4648, 386.5163, 334.1451, 380.7660, 336.9783, 398.8385, 300.2979, 404.5887
42 183 6.100000 295.9415, 388.3590, 332.9627, 383.9174, 335.1550, 402.1901, 298.1337, 406.6317
42 184 6.140000 293.4434, 390.8585, 330.7906, 387.4493, 332.4771, 405.9252, 295.1299, 409.3344
42 185 6.170000 291.2387, 392.6742, 328.7742, 389.5331, 330.3358, 408.1945, 292.8003, 411.3356
42 186 6.200000 289.2281, 393.4832, 326.9629, 392.0126, 327.7019, 410.9756, 289.9671, 412.4461
42 187 6.240000 286.2388, 394.6126, 324.1366, 394.5825, 324.1520, 413.9373, 286.2541, 413.9674
42 188 6.270000 283.8203, 395.4426, 321.8141, 396.0207, 321.5150, 415.6773, 283.5212, 415.0992
42 189 6.300000 281.7499, 395.4954, 319.7548, 397.7750, 318.5563, 417.7553, 280.5514, 415.4757
42 190 6.340000 278.9213, 395.6026, 316.8820, 399.5112, 314.7808, 419.9177, 276.8202, 416.0090
42 191 6.370000 276.6476, 395.8588, 314.6117, 400.2222, 312.2275, 420.9660, 274.2634, 416.6026
42 192 6.400000 275.0235, 395.3478, 312.7877, 401.4333, 309.3996, 422.4578, 271.6355, 416.3723
42 193 6.440000 272.7801, 394.9723, 310.3453, 402.3649, 306.1372, 423.7482, 268.5720, 416.3556
42 194 6.470000 271.1449, 394.8129, 308.6249, 402.6899, 304.0705, 424.3606, 266.5905, 416.4837
42 195 6.500000 270.2227, 394.1565, 307.3712, 403.4962, 301.8770, 425.3493, 264.7285, 416.0097
42 196 6.540000 268.9677, 393.7079, 305.8507, 404.0587, 299.6285, 426.2303, 262.7454, 415.8794
42 197 6.570000 268.1403, 393.5863, 304.9343, 404.2459, 298.4381, 426.6688, 261.6442, 416.0092
42 198 6.600000 268.0262, 393.1688, 304.5044, 404.9393, 297.2403, 427.4515, 260.7621, 415.6810
42 199 6.640000 268.1529, 392.9123, 304.3145, 405.6387, 296.3618, 428.2358, 260.2003, 415.5094
42 200 6.670000 268.3858, 392.9444, 304.4710, 405.8280, 296.3362, 428.6125, 260.2510, 415.7289
42 201 6.700000 269.5095, 392.6772, 305.2052, 406.6366, 296.3233, 429.3487, 260.6276, 415.3893
42 202 6.740000 271.0720, 392.7346, 306.5873, 407.0800, 297.3618, 429.9197, 261.8466, 415.5743
42 203 6.770000 272.3131, 393.0956, 307.9391, 407.0343, 298.9426, 430.0285, 263.3166, 416.0897
42 204 6.800000 274.4616, 393.1714, 309.8979, 407.5412, 300.5878, 430.5003, 265.1514, 416.1305
42 205 6.840000 277.4087, 393.6622, 312.9346, 407.6489, 303.8391, 430.7513, 268.3132, 416.7646
42 206 6.870000 279.6970, 394.3073, 315.5149, 407.3261, 307.0246, 430.6851, 271.2066, 417.6663
42 207 6.900000 282.8113, 394.7117, 318.6481, 407.5589, 310.2611, 430.9544, 274.4243, 418.1072
42 208 6.940000 286.9528, 395.7006, 323.1011, 407.3535, 315.5016, 430.9279, 279.3533, 419.2750
42 209 6.970000 290.0575, 396.8030, 326.5799, 406.8832, 320.0280, 430.6217, 283.5057, 420.5415
42 210 7.000000 293.8949, 397.6104, 330.5481, 406.9562, 324.4857, 430.7321, 287.8326, 421.3863
42 211 7.040000 299.0965, 398.9872, 335.9991, 406.8086, 330.9387, 430.6839, 294.0362, 422.8625
42 212 7.070000 303.0382, 400.2403, 340.1434, 406.4863, 336.1022, 430.4934, 298.9970, 424.2473
42 213 7.100000 307.5929, 401.0720, 344.7317, 406.7225, 341.0737, 430.7653, 303.9349, 425.1148
42 214 7.140000 313.5356, 402.4902, 350.7568, 406.6906, 348.0318, 430.8375, 310.8106, 426.6371
42 215 7.170000 317.8231, 403.8859, 355.0883, 406.4139, 353.4500, 430.5629, 316.1849, 428.0350
42 216 7.200000 322.6372, 404.6736, 359.8672, 406.6822, 358.5612, 430.8891, 321.3312, 428.8806
42 217 7.240000 328.7823, 406.0422, 365.9432, 406.7417, 365.4864, 431.0038, 328.3255, 430.3042
42 218 7.270000 333.2422, 407.1782, 370.3060, 406.6505, 370.6525, 430.9914, 333.5887, 431.5190
42 219 7.300000 337.9543, 407.8907, 374.9392, 407.0041, 375.5243, 431.4129, 338.5394, 432.2995
42 220 7.340000 343.8244, 409.1981, 380.6434, 407.2232, 381.9563, 431.7007, 345.1373, 433.6756
42 221 7.370000 347.8953, 410.4958, 384.5087, 407.2382, 386.6853, 431.7013, 350.0719, 434.9589
42 222 7.400000 352.1810, 411.2538, 388.6945, 407.7662, 391.0409, 432.3321, 354.5274, 435.8197
42 223 7.440000 357.3849, 412.6862, 393.6703, 408.3040, 396.6501, 432.9771, 360.3647, 437.3593
42 224 7.470000 360.9142, 414.0408, 396.9449, 408.6318, 400.6556, 433.3492, 364.6248, 438.7582
42 225 7.500000 364.4732, 414.9843, 400.3762, 409.3284, 404.2911, 434.1797, 368.3881, 439.8356
42 226 7.540000 368.6962, 416.3508, 404.3646, 410.0976, 408.7390, 435.0491, 373.0706, 441.3023
42 227 7.570000 371.3793, 417.5027, 406.7749, 410.4295, 411.7561, 435.3563, 376.3605, 442.4295
42 228 7.600000 374.1051, 417.9334, 409.4625, 411.0888, 414.3062, 436.1104, 378.9489, 442.9549
42 229 7.640000 376.9424, 418.8438, 412.0518, 411.4891, 417.2860, 436.4759, 382.1766, 443.8306
42 230 7.670000 378.4189, 419.8965, 413.1281, 411.4030, 419.1952, 436.1968, 384.4860, 444.6902
42 231 7.700000 379.8209, 420.3642, 414.3452, 411.5805, 420.6319, 436.2907, 386.1077, 445.0743
42 232 7.740000 381.0492, 420.9636, 415.2760, 411.6606, 421.9554, 436.2349, 387.7287, 445.5379
42 233 7.770000 381.3804, 421.6316, 415.2525, 411.5280, 422.5143, 435.8731, 388.6422, 445.9767
42 234 7.800000 381.7067, 421.3696, 415.6254, 411.7881, 422.5298, 436.2299, 388.6111, 445.8114
42 235 7.840000 381.3503, 421.3390, 415.2634, 411.8734, 422.0667, 436.2485, 388.1537, 445.7141
42 236 7.870000 380.5339, 421.4459, 414.4643, 411.7595, 421.3889, 436.0152, 387.4584, 445.7017
42 237 7.900000 379.6631, 420.7863, 413.7022, 412.0193, 419.9900, 436.4327, 385.9510, 445.1997
42 238 7.940000 377.7567, 420.1996, 411.9325, 412.0482, 417.7795, 436.5622, 383.6036, 444.7136
42 239 7.970000 375.8665, 419.8606, 410.1519, 411.9442, 415.8137, 436.4654, 381.5284, 444.3818
42 240 8.000000 373.9543, 418.9314, 408.3843, 412.1579, 413.2487, 436.8835, 378.8187, 443.6570
42 241 8.040000 370.9051, 417.9317, 405.4741, 412.3317, 409.4996, 437.1815, 374.9307, 442.7815
42 242 8.070000 368.0834, 417.6490, 402.7876, 412.1846, 406.6899, 436.9678, 371.9857, 442.4322
42 243 8.100000 365.4641, 416.7557, 400.2023, 412.5125, 403.2388, 437.3717, 368.5007, 441.6149
42 244 8.140000 361.4025, 416.0727, 396.2275, 412.6556, 398.6617, 437.4628, 363.8367, 440.8800
42 245 8.170000 358.0468, 415.7866, 392.9545, 412.6425, 395.1799, 437.3503, 360.2722, 440.4944
42 246 8.200000 354.9173, 414.9933, 389.7827, 413.0145, 391.1875, 437.7660, 356.3221, 439.7447
42 247 8.240000 350.3213, 414.3944, 385.1791, 413.2938, 385.9573, 437.9417, 351.0995, 439.0423
42 248 8.270000 346.5627, 414.2525, 381.4870, 413.3111, 382.1482, 437.8397, 347.2240, 438.7811
42 249 8.300000 343.0946, 413.7071, 377.9131, 413.7289, 377.8977, 438.1927, 343.0792, 438.1709
42 250 8.340000 338.2307, 413.2608, 372.9575, 414.1548, 372.3301, 438.5266, 337.6033, 437.6326
42 251 8.370000 334.3526, 413.2309, 369.0964, 414.3283, 368.3294, 438.6096, 333.5857, 437.5122
42 252 8.400000 330.9151, 412.7982, 365.4193, 415.0263, 363.8577, 439.2093, 329.3535, 436.9812
42 253 8.440000 326.0330, 412.7061, 360.3607, 415.7257, 358.2447, 439.7797, 323.9171, 436.7600
42 254 8.470000 322.2508, 412.8906, 356.5276, 416.1713, 354.2336, 440.1403, 319.9568, 436.8596
42 255 8.500000 318.8767, 412.7932, 352.8624, 416.9984, 349.9089, 440.8678, 315.9232, 436.6626
42 256 8.540000 314.2995, 412.8589, 348.0044, 417.8789, 344.4716, 441.5991, 310.7666, 436.5791
42 257 8.570000 310.5965, 413.1757, 344.3451, 418.0668, 340.9134, 441.7455, 307.1648, 436.8543
42 258 8.600000 307.5291, 412.9706, 340.9615, 418.6776, 336.9407, 442.2322, 303.5083, 436.5252
42 259 8.640000 303.1725, 412.9665, 336.4980, 418.8900, 332.3208, 442.3913, 298.9953, 436.4678
42 260 8.670000 299.8431, 413.0595, 333.2454, 418.7591, 329.2366, 442.2525, 295.8343, 436.5529
42 261 8.700000 297.2345, 412.6213, 330.2847, 419.1013, 325.7005, 442.4825, 292.6503, 436.0026
42 262 8.740000 293.6275, 412.2559, 326.4639, 419.1240, 321.5971, 442.3923, 288.7607, 435.5243
42 263 8.770000 290.8957, 412.0858, 323.7274, 418.8660, 318.9296, 442.0983, 286.0979, 435.3181
42 264 8.800000 288.8730, 411.4764, 321.2837, 419.0524, 315.8918, 442.1194, 283.4811, 434.5435
42 265 8.840000 286.0289, 410.9351, 318.2023, 418.8248, 312.5780, 441.7600, 280.4046, 433.8702
42 266 8.870000 283.7543, 410.7598, 316.0343, 418.2849, 310.6955, 441.1863, 278.4155, 433.6612
42 267 8.900000 282.1485, 410.2311, 314.1531, 418.1473, 308.5317, 440.8740, 276.5272, 432.9578
42 268 8.940000 279.8884, 409.7948, 311.8501, 417.5329, 306.3900, 440.0853, 274.4283, 432.3471
42 269 8.970000 278.0739, 409.6691, 310.2698, 416.6829, 305.3696, 439.1765, 273.1737, 432.1627
42 270 9.000000 276.9440, 409.1081, 308.9820, 416.2022, 304.0497, 438.4771, 272.0117, 431.3829
42 271 9.040000 275.4298, 408.3107, 307.5066, 414.9729, 302.9273, 437.0209, 270.8505, 430.3586
42 272 9.070000 274.3024, 407.6129, 306.5662, 413.5302, 302.5466, 435.4470, 270.2828, 429.5297
42 273 9.100000 273.9380, 406.1665, 305.9738, 412.3665, 301.7803, 434.0351, 269.7444, 427.8352
42 274 9.140000 273.3474, 404.1215, 305.3622, 409.9694, 301.4527, 431.3723, 269.4379, 425.5244
42 275 9.170000 272.7987, 402.5295, 305.0099, 407.4974, 301.7348, 428.7328, 269.5236, 423.7649
42 276 9.200000 272.9933, 400.0980, 305.0031, 405.2995, 301.5966, 426.2628, 269.5868, 421.0613
42 277 9.240000 273.0900, 396.7215, 305.1024, 401.4276, 302.0692, 422.0601, 270.0569, 417.3539
42 278 9.270000 273.0392, 394.0901, 305.2257, 397.7814, 302.8882, 418.1629, 270.7018, 414.4716
42 279 9.300000 273.6865, 390.4645, 305.6944, 394.3564, 303.2536, 414.4299, 271.2458, 410.5380
42 280 9.340000 274.2742, 385.4594, 306.3079, 388.5996, 304.3807, 408.2594, 272.3470, 405.1191
42 281 9.370000 274.5119, 381.5278, 306.7196, 383.3215, 305.6444, 402.6280, 273.4367, 400.8344
42 282 9.400000 275.4481, 376.2687, 307.4939, 378.2592, 306.3165, 397.2137, 274.2708, 395.2232
42 283 9.440000 276.4911, 368.6901, 308.4460, 370.2724, 307.5319, 388.7339, 275.5770, 387.1517
42 284 9.470000 276.9914, 362.8299, 308.9890, 363.2268, 308.7653, 381.2645, 276.7676, 380.8676
42 285 9.500000 278.0135, 355.8314, 309.8422, 356.4926, 309.4746, 374.1846, 277.6460, 373.5233
42 286 9.540000 279.0975, 347.0397, 310.7841, 347.3810, 310.5990, 364.5688, 278.9124, 364.2276
42 287 9.570000 280.0149, 340.6856, 311.5514, 341.2443, 311.2530, 358.0909, 279.7165, 357.5322
42 288 9.600000 281.0834, 334.4877, 312.4149, 335.8448, 311.6984, 352.3865, 280.3669, 351.0294
42 289 9.640000 282.3713, 327.0533, 313.4613, 329.1679, 312.3640, 345.3003, 281.2740, 343.1858
42 290 9.670000 283.2549, 322.0097, 314.1986, 324.4421, 312.9541, 340.2748, 282.0103, 337.8424
42 291 9.700000 284.3308, 316.9771, 315.0498, 320.2597, 313.3879, 335.8126, 282.6689, 332.5300
42 292 9.740000 285.6855, 310.8397, 316.1586, 314.8390, 314.1643, 330.0342, 283.6912, 326.0348
42 293 9.770000 286.6260, 306.6581, 316.9841, 310.7724, 314.9583, 325.7199, 284.6003, 321.6056
42 294 9.800000 287.8424, 302.3142, 317.9793, 307.1260, 315.6317, 321.8295, 285.4948, 317.0177
42 295 9.840000 289.4117, 296.9486, 319.3567, 302.0950, 316.8801, 316.5054, 286.9351, 311.3590
42 296 9.870000 290.5487, 293.2155, 320.4432, 298.1059, 318.1170, 312.3258, 288.2225, 307.4354
42 297 9.900000 292.0469, 289.1242, 321.7555, 294.4603, 319.2383, 308.4751, 289.5296, 303.1390
42 298 9.940000 294.0731, 283.7931, 323.6431, 289.1159, 321.1481, 302.9769, 291.5780, 297.6541
42 299 9.970000 295.5783, 279.9285, 325.1329, 284.7068, 322.8934, 298.5585, 293.3388, 293.7801
42 300 10.000000 297.5244, 275.6398, 326.8839, 280.8923, 324.4218, 294.6546, 295.0623, 289.4021
42 301 10.040000 299.8496, 270.8473, 329.1493, 275.5270, 326.9550, 289.2660, 297.6553, 284.5864
42 302 10.070000 301.5370, 267.8780, 330.8234, 271.7614, 328.9820, 285.6487, 299.6955, 281.7652
42 303 10.100000 303.3919, 265.1212, 332.5939, 268.6449, 330.9082, 282.6148, 301.7062, 279.0910
42 304 10.140000 305.8430, 262.1260, 334.9369, 264.9679, 333.5628, 279.0360, 304.4688, 276.1941
42 305 10.170000 307.6509, 260.3651, 336.6602, 262.5130, 335.6138, 276.6464, 306.6045, 274.4986
42 306 10.200000 309.6132, 258.6642, 338.5029, 260.6521, 337.5301, 274.7895, 308.6404, 272.8015
42 307 10.240000 312.1541, 256.9631, 340.8931, 258.4730, 340.1501, 272.6158, 311.4111, 271.1059
42 308 10.270000 313.9896, 256.1075, 342.6144, 257.0282, 342.1593, 271.1745, 313.5346, 270.2538
42 309 10.300000 315.9492, 255.2382, 344.4557, 256.1253, 344.0170, 270.2257, 315.5104, 269.3386
42 310 10.340000 318.4397, 254.6099, 346.7936, 255.1304, 346.5358, 269.1703, 318.1820, 268.6497
42 311 10.370000 320.2099, 254.5361, 348.4460, 254.5337, 348.4472, 268.5222, 320.2111, 268.5247
42 312 10.400000 322.0731, 254.4300, 350.2083, 254.4520, 350.1974, 268.3462, 322.0622, 268.3241
42 313 10.440000 324.4091, 254.8034, 352.4093, 254.5347, 352.5413, 268.2904, 324.5411, 268.5590
42 314 10.470000 326.0507, 255.4518, 353.9461, 254.7402, 354.2939, 268.3754, 326.3986, 269.0870
42 315 10.500000 327.7637, 256.0227, 355.5845, 255.4241, 355.8743, 268.8943, 328.0536, 269.4929
42 316 10.540000 329.9024, 257.1153, 357.6113, 256.4328, 357.9378, 269.6845, 330.2289, 270.3671
42 317 10.570000 331.3622, 258.2089, 358.9687, 257.1274, 359.4857, 270.3250, 331.8792, 271.4065
42 318 10.600000 332.9012, 259.0883, 360.4298, 258.2452, 360.8331, 271.4135, 333.3045, 272.2566
42 319 10.640000 334.7497, 260.6574, 362.1501, 259.6560, 362.6296, 272.7781, 335.2292, 273.7794
42 320 10.670000 335.9901, 262.1251, 363.2801, 260.6879, 363.9689, 273.7686, 336.6790, 275.2057
42 321 10.700000 337.2857, 263.4309, 364.4887, 262.1361, 365.1099, 275.1883, 337.9069, 276.4831
42 322 10.740000 338.8030, 265.4786, 365.8655, 263.9442, 366.6098, 277.0717, 339.5473, 278.6061
42 323 10.770000 339.7868, 267.3280, 366.7238, 265.3133, 367.7104, 278.5052, 340.7734, 280.5199
42 324 10.800000 340.8012, 269.0479, 367.6394, 267.0906, 368.6092, 280.3890, 341.7710, 282.3463
42 325 10.840000 341.9371, 271.8431, 368.6684, 269.5596, 369.8153, 282.9856, 343.0840, 285.2691
42 326 10.870000 342.6297, 274.3293, 369.2565, 271.5384, 370.6727, 285.0495, 344.0458, 287.8404
42 327 10.900000 343.3241, 276.8172, 369.8913, 273.9656, 371.3542, 287.5944, 344.7870, 290.4460
42 328 10.940000 344.0234, 280.7432, 370.4682, 277.4494, 372.1828, 291.2154, 345.7380, 294.5091
42 329 10.970000 344.3851, 284.0899, 370.7057, 280.2733, 372.7142, 294.1246, 346.3936, 297.9412
42 330 11.000000 344.7089, 287.3649, 370.9630, 283.4451, 373.0475, 297.4066, 346.7933, 301.3264
42 331 11.040000 344.8228, 291.6898, 370.9586, 287.4559, 373.2437, 301.5617, 347.1079, 305.7956
42 332 11.070000 344.5698, 294.7813, 370.5590, 290.0080, 373.1786, 304.2715, 347.1895, 309.0448
42 333 11.100000 344.2410, 297.2857, 370.2016, 292.6307, 372.7816, 307.0193, 346.8210, 311.6743
42 334 11.140000 343.2854, 300.6162, 369.0794, 295.4528, 371.9827, 309.9562, 346.1887, 315.1197
42 335 11.170000 342.2385, 302.9926, 367.8597, 297.2634, 371.1121, 311.8080, 345.4909, 317.5373
42 336 11.200000 341.1401, 304.6933, 366.7880, 299.3031, 369.8687, 313.9619, 344.2209, 319.3522
42 337 11.240000 339.2137, 306.9616, 364.8149, 301.6480, 367.8710, 316.3724, 342.2699, 321.6861
42 338 11.270000 337.4098, 308.7182, 362.8999, 303.1068, 366.1406, 317.8278, 340.6505, 323.4392
42 339 11.300000 335.5699, 309.8839, 361.1339, 304.8246, 364.0621, 319.6204, 338.4981, 324.6797
42 340 11.340000 332.6855, 311.5222, 358.2585, 306.7964, 360.9999, 321.6316, 335.4270, 326.3574
42 341 11.370000 330.1864, 312.9065, 355.6864, 308.0154, 358.5225, 322.8017, 333.0225, 327.6928
42 342 11.400000 327.7160, 313.7271, 353.3117, 309.5801, 355.7083, 324.3720, 330.1126, 328.5190
42 343 11.440000 323.9783, 315.1453, 349.5681, 311.2791, 351.7900, 325.9856, 326.2001, 329.8518
42 344 11.470000 320.9483, 316.2133, 346.5468, 312.4457, 348.6988, 327.0670, 323.1003, 330.8346
42 345 11.500000 317.8938, 316.9452, 343.5727, 313.7538, 345.3823, 328.3144, 319.7034, 331.5058
42 346 11.540000 313.5294, 317.8602, 339.3294, 315.2245, 340.7992, 329.6121, 314.9992, 332.2478
42 347 11.570000 309.8874, 318.7814, 335.7574, 315.7547, 337.4164, 329.9340, 311.5464, 332.9608
42 348 11.600000 306.4048, 318.8819, 332.3980, 316.6562, 333.5998, 330.6917, 307.6065, 332.9174
42 349 11.640000 301.3618, 319.1612, 327.4955, 317.1616, 328.5545, 331.0018, 302.4208, 333.0014
42 350 11.670000 297.3766, 319.3302, 323.6285, 317.2158, 324.7277, 330.8628, 298.4758, 332.9772
42 351 11.700000 293.4956, 318.9011, 319.8773, 317.4785, 320.6041, 330.9559, 294.2223, 332.3784
42 352 11.740000 288.0232, 318.4520, 314.5860, 317.2813, 315.1650, 330.4190, 288.6022, 331.5897
42 353 11.770000 283.8007, 317.9707, 310.5093, 316.8614, 311.0447, 329.7529, 284.3361, 330.8622
42 354 11.800000 279.6328, 317.0484, 306.4703, 316.4282, 306.7644, 329.1559, 279.9269, 329.7760
42 355 11.840000 273.9997, 315.5423, 301.0306, 315.5953, 301.0061, 328.0460, 273.9752, 327.9929
42 356 11.870000 269.5567, 314.4735, 296.7355, 314.2023, 296.8585, 326.5326, 269.6798, 326.8038
42 357 11.900000 265.3843, 312.5321, 292.6923, 313.1300, 292.4229, 325.4363, 265.1149, 324.8385
42 358 11.940000 259.6648, 309.9792, 287.1477, 310.9838, 286.6957, 323.3471, 259.2128, 322.3425
42 359 11.970000 255.2967, 308.0224, 282.9273, 308.9032, 282.5276, 321.4444, 254.8970, 320.5636
42 360 12.000000 251.1862, 305.5303, 278.9195, 307.1475, 278.1838, 319.7640, 250.4505, 318.1469
42 361 12.040000 245.6581, 302.4289, 273.5297, 304.5566, 272.5560, 317.3110, 244.6845, 315.1833
42 362 12.070000 241.5272, 300.3040, 269.4981, 302.6369, 268.4259, 315.4930, 240.4550, 313.1601
42 363 12.100000 237.6378, 298.0318, 265.6390, 301.2042, 264.1870, 314.0197, 236.1858, 310.8472
42 364 12.140000 232.4653, 295.3416, 260.5144, 299.1630, 258.7665, 311.9923, 230.7175, 308.1709
42 365 12.170000 228.5720, 293.6095, 256.6978, 297.4461, 254.9382, 310.3457, 226.8123, 306.5091
42 366 12.200000 224.9832, 291.6704, 253.0873, 296.1575, 251.0391, 308.9858, 222.9350, 304.4988
42 367 12.240000 220.2561, 289.3671, 248.3701, 294.2204, 246.1656, 306.9903, 218.0516, 302.1370
42 368 12.270000 216.7662, 287.8204, 244.9277, 292.5791, 242.7692, 305.3531, 214.6076, 300.5944
42 369 12.300000 213.6513, 285.9976, 241.7243, 291.3967, 239.3040, 303.9813, 211.2310, 298.5823
42 370 12.340000 209.6047, 283.7694, 237.6121, 289.5260, 235.0648, 301.9192, 207.0574, 296.1626
42 371 12.370000 206.6449, 282.2454, 234.6667, 287.8594, 232.2002, 300.1707, 204.1784, 294.5567
42 372 12.400000 204.1355, 280.3673, 231.9803, 286.6870, 229.2574, 298.6843, 201.4126, 292.3646
42 373 12.440000 200.9411, 278.0021, 228.6188, 284.7744, 225.7683, 296.4242, 198.0906, 289.6519
42 374 12.470000 198.6337, 276.3628, 226.2842, 283.0211, 223.5194, 294.5026, 195.8689, 287.8443
42 375 12.500000 196.8060, 274.4005, 224.1889, 281.7950, 221.1762, 292.9518, 193.7933, 285.5573
42 376 12.540000 194.3660, 272.2238, 221.6205, 279.7256, 218.5715, 290.8026, 191.3171, 283.3008
42 377 12.570000 192.5623, 270.9423, 219.8637, 278.0282, 216.9913, 289.0953, 189.6900, 282.0094
42 378 12.600000 191.1771, 269.4155, 218.3227, 276.7612, 215.3101, 287.8940, 188.1645, 280.5483
42 379 12.640000 189.3936, 267.7773, 216.4871, 274.8921, 213.5254, 286.1703, 186.4319, 279.0555
42 380 12.670000 188.1695, 266.7754, 215.2647, 273.5065, 212.4397, 284.8780, 185.3446, 278.1468
42 381 12.700000 187.3182, 265.5463, 214.2471, 272.4884, 211.2787, 284.0029, 184.3498, 277.0608
42 382 12.740000 186.2533, 264.2588, 213.0805, 271.0434, 210.1234, 282.7362, 183.2962, 275.9517
42 383 12.770000 185.5133, 263.5262, 212.3458, 269.9159, 209.5353, 281.7183, 182.7027, 275.3286
42 384 12.800000 185.1650, 262.5069, 211.8089, 269.1284, 208.8339, 281.0991, 182.1901, 274.4777
42 385 12.840000 184.7397, 261.4740, 211.2707, 267.9924, 208.2842, 280.1478, 181.7532, 273.6293
42 386 12.870000 184.3991, 260.9501, 210.9983, 267.0140, 208.1996, 279.2904, 181.6004, 273.2265
42 387 12.900000 184.4945, 260.0489, 210.9323, 266.4307, 207.9248, 278.8899, 181.4870, 272.5082
42 388 12.940000 184.5835, 259.2214, 210.9771, 265.4730, 207.9797, 278.1279, 181.5861, 271.8763
42 389 12.970000 184.6880, 258.7855, 211.1175, 264.7069, 208.2562, 277.4780, 181.8267, 271.5565
42 390 13.000000 185.1546, 258.0689, 211.4379, 264.2649, 208.3892, 277.1976, 182.1058, 271.0016
42 391 13.040000 185.7614, 257.4270, 211.9822, 263.5574, 208.9066, 276.7125, 182.6858, 270.5820
42 392 13.070000 186.1356, 257.2672, 212.4553, 262.9115, 209.6064, 276.1957, 183.2868, 270.5514
42 393 13.100000 186.8613, 256.8412, 213.0881, 262.5923, 210.1335, 276.0661, 183.9067, 270.3150
42 394 13.140000 187.8140, 256.5743, 214.0153, 262.1353, 211.1187, 275.7829, 184.9174, 270.2220
42 395 13.170000 188.4084, 256.6746, 214.7529, 261.6197, 212.1650, 275.4060, 185.8206, 270.4608
42 396 13.200000 189.4645, 256.3450, 215.6624, 261.5499, 212.8826, 275.5417, 186.6846, 270.3368
42 397 13.240000 190.6026, 256.4080, 216.8823, 261.1537, 214.3133, 275.3799, 188.0335, 270.6342
42 398 13.270000 191.5033, 256.5533, 217.8405, 260.9120, 215.4655, 275.2630, 189.1282, 270.9042
42 399 13.300000 192.5613, 256.5873, 218.8905, 260.8290, 216.5528, 275.3397, 190.2236, 271.0980
42 400 13.340000 194.0036, 256.7310, 220.3299, 260.7450, 218.0836, 275.4776, 191.7573, 271.4636
42 401 13.370000 194.8903, 257.1685, 221.3725, 260.5145, 219.4962, 275.3643, 193.0140, 272.0184
42 402 13.400000 196.1385, 257.2228, 222.5449, 260.6777, 220.5776, 275.7141, 194.1712, 272.2591
42 403 13.440000 197.5772, 257.6957, 224.0432, 260.7603, 222.2848, 275.9459, 195.8189, 272.8813
42 404 13.470000 198.5340, 258.2654, 225.1247, 260.7515, 223.6962, 276.0297, 197.1055, 273.5436
42 405 13.500000 199.7723, 258.5023, 226.3058, 261.0773, 224.8066, 276.5247, 198.2731, 273.9496
42 406 13.540000 201.1445, 259.1833, 227.7735, 261.3046, 226.5304, 276.9099, 199.9014, 274.7887
42 407 13.570000 202.0949, 259.7983, 228.8246, 261.4611, 227.8507, 277.1169, 201.1210, 275.4541
42 408 13.600000 203.3104, 260.0148, 229.9755, 261.9283, 228.8426, 277.7148, 202.1776, 275.8013
42 409 13.640000 204.6559, 260.6274, 231.3758, 262.3547, 230.3514, 278.2011, 203.6315, 276.4738
42 410 13.670000 205.4289, 261.3580, 232.3123, 262.4937, 231.6442, 278.3073, 204.7608, 277.1716
42 411 13.700000 206.3919, 261.7688, 233.3122, 262.8788, 232.6586, 278.7312, 205.7383, 277.6212
42 412 13.740000 207.4422, 262.5502, 234.5123, 263.2696, 234.0918, 279.0927, 207.0217, 278.3733
42 413 13.770000 208.0731, 263.2927, 235.3072, 263.4963, 235.1894, 279.2399, 207.9554, 279.0363
42 414 13.800000 208.9585, 263.5508, 236.2121, 264.0951, 235.8966, 279.8935, 208.6430, 279.3492
42 415 13.840000 209.9037, 264.1518, 237.2653, 264.8067, 236.8876, 280.5900, 209.5260, 279.9352
42 416 13.870000 210.4689, 264.7529, 237.9627, 265.3137, 237.6419, 281.0388, 210.1481, 280.4779
42 417 13.900000 211.2534, 264.9743, 238.7481, 266.1629, 238.0663, 281.9349, 210.5716, 280.7463
42 418 13.940000 212.0983, 265.5575, 239.6740, 267.2503, 238.7069, 283.0054, 211.1312, 281.3126
42 419 13.970000 212.5382, 266.3025, 240.2673, 267.9903, 239.3134, 283.6638, 211.5843, 281.9761
42 420 14.000000 213.2403, 266.7214, 240.9695, 269.1255, 239.6083, 284.8262, 211.8791, 282.4221
42 421 14.040000 214.0415, 267.6792, 241.8323, 270.7329, 240.1098, 286.4096, 212.3190, 283.3559
42 422 14.070000 214.4917, 268.8151, 242.4154, 271.9850, 240.6456, 287.5754, 212.7219, 284.4054
42 423 14.100000 215.2135, 269.7902, 243.1001, 273.6781, 240.9290, 289.2499, 213.0425, 285.3620
42 424 14.140000 215.9805, 271.7112, 243.9531, 276.0001, 241.5836, 291.4534, 213.6110, 287.1645
42 425 14.170000 216.4788, 273.5301, 244.5919, 277.8557, 242.2324, 293.1906, 214.1193, 288.8650
42 426 14.200000 217.1970, 275.3405, 245.3203, 280.0958, 242.7417, 295.3464, 214.6184, 290.5912
42 427 14.240000 218.0814, 278.3042, 246.3153, 283.2991, 243.6475, 298.3790, 215.4136, 293.3840
42 428 14.270000 218.6228, 281.0708, 247.0553, 285.8029, 244.5764, 300.6972, 216.1439, 295.9651
42 429 14.300000 219.4597, 283.8038, 247.9252, 288.8437, 245.3128, 303.5987, 216.8473, 298.5588
42 430 14.340000 220.4417, 288.2446, 249.0889, 293.1556, 246.5977, 307.6873, 217.9505, 302.7763
42 431 14.370000 221.1453, 292.1571, 249.9833, 296.7349, 247.7076, 311.0702, 218.8697, 306.4924
42 432 14.400000 222.0144, 296.3533, 250.9548, 300.8995, 248.7270, 315.0815, 219.7866, 310.5353
42 433 14.440000 223.0865, 302.9932, 252.2403, 307.1206, 250.2668, 321.0602, 221.1131, 316.9327
42 434 14.470000 223.8338, 308.7169, 253.2084, 312.3562, 251.5024, 326.1259, 222.1278, 322.4866
42 435 14.500000 224.7089, 314.7282, 254.2775, 318.1127, 252.7169, 331.7467, 223.1483, 328.3623
42 436 14.540000 225.9214, 322.9052, 255.8151, 325.7107, 254.5553, 339.1344, 224.6616, 336.3289
42 437 14.570000 226.9208, 328.7409, 257.0675, 330.9269, 256.1054, 344.1949, 225.9587, 342.0088
42 438 14.600000 228.1605, 333.9084, 258.4909, 335.9111, 257.6222, 349.0676, 227.2918, 347.0649
42 439 14.640000 229.9049, 340.2379, 260.4891, 341.7784, 259.8328, 354.8090, 229.2486, 353.2685
42 440 14.670000 231.2461, 344.5846, 262.0230, 345.5048, 261.6336, 358.5304, 230.8566, 357.6102
42 441 14.700000 232.8213, 348.0789, 263.7352, 349.0586, 263.3188, 362.1982, 232.4049, 361.2185
42 442 14.740000 234.9129, 352.3862, 266.0171, 353.0825, 265.7196, 366.3692, 234.6155, 365.6729
42 443 14.770000 236.4501, 355.4184, 267.6977, 355.5658, 267.6346, 368.9560, 236.3869, 368.8085
42 444 14.800000 238.2190, 357.6321, 269.5740, 358.0807, 269.3809, 371.5745, 238.0260, 371.1259
42 445 14.840000 240.5030, 360.3958, 272.0037, 360.7441, 271.8531, 374.3672, 240.3523, 374.0189
42 446 14.870000 242.1431, 362.3813, 273.7544, 362.2307, 273.8197, 375.9422, 242.2085, 376.0928
42 447 14.900000 244.0079, 363.5215, 275.6996, 363.7592, 275.5961, 377.5620, 243.9043, 377.3242
42 448 14.940000 246.3915, 364.8901, 278.1918, 365.1087, 278.0961, 379.0210, 246.2959, 378.8023
42 449 14.970000 248.0918, 365.8344, 279.9780, 365.6132, 280.0750, 379.5978, 248.1888, 379.8190
