36 0 0.010000 358.1268, 124.6754, 382.6353, 125.6347, 382.0063, 141.7036, 357.4978, 140.7443
36 1 0.040000 358.1069, 125.2811, 382.6169, 126.2401, 381.9890, 142.2888, 357.4789, 141.3298
36 2 0.070000 358.0626, 126.6288, 382.5760, 127.5870, 381.9504, 143.5907, 357.4370, 142.6325
36 3 0.110000 357.9657, 129.5809, 382.4863, 130.5375, 381.8659, 146.4426, 357.3452, 145.4860
36 4 0.140000 357.8645, 132.6627, 382.3928, 133.6176, 381.7776, 149.4196, 357.2493, 148.4647
36 5 0.170000 357.7389, 136.4895, 382.2765, 137.4423, 381.6680, 153.1163, 357.1303, 152.1636
36 6 0.200000 357.5888, 141.0632, 382.1377, 142.0133, 381.5369, 157.5343, 356.9880, 156.5841
36 7 0.240000 357.3505, 148.3264, 381.9171, 149.2725, 381.3287, 164.5500, 356.7621, 163.6039
36 8 0.270000 357.1431, 154.6507, 381.7250, 155.5932, 381.1474, 170.6585, 356.5654, 169.7159
36 9 0.310000 356.8282, 164.2573, 381.4332, 165.1944, 380.8718, 179.9368, 356.2667, 178.9997
36 10 0.340000 356.5631, 172.3470, 381.1875, 173.2796, 380.6395, 187.7496, 356.0152, 186.8170
36 11 0.370000 354.8245, 181.5111, 380.1157, 178.8950, 381.7975, 195.1542, 356.5063, 197.7702
36 12 0.400000 352.7236, 189.1807, 378.3399, 183.0266, 382.5191, 200.4225, 356.9028, 206.5765
36 13 0.440000 349.5385, 194.8821, 375.0586, 186.5069, 380.8506, 204.1557, 355.3306, 212.5310
36 14 0.470000 346.4499, 196.6921, 371.7876, 187.7173, 377.9992, 205.2538, 352.6614, 214.2286
36 15 0.500000 343.1415, 197.0300, 368.3193, 188.7592, 373.9722, 205.9675, 348.7943, 214.2383
36 16 0.540000 338.1053, 196.9223, 363.0226, 189.6651, 367.8578, 206.2665, 342.9405, 213.5237
36 17 0.570000 333.9282, 196.9490, 358.6172, 190.1460, 363.0464, 206.2202, 338.3574, 213.0232
36 18 0.610000 328.2234, 197.2522, 352.5565, 191.2400, 356.2711, 206.2736, 331.9379, 212.2859
36 19 0.640000 323.9166, 197.3025, 348.0374, 192.4432, 350.9562, 206.9317, 326.8355, 211.7910
36 20 0.670000 319.3362, 197.9894, 343.1959, 193.5935, 345.7227, 207.3081, 321.8630, 211.7041
36 21 0.700000 314.8052, 198.3913, 338.4439, 195.0758, 340.2937, 208.2646, 316.6550, 211.5801
36 22 0.740000 308.5554, 199.3494, 331.8654, 197.0779, 333.0625, 209.3626, 309.7525, 211.6341
36 23 0.770000 303.7966, 200.0573, 326.8683, 198.5913, 327.6065, 210.2081, 304.5347, 211.6740
36 24 0.800000 299.0448, 200.6210, 321.8549, 200.0980, 322.1059, 211.0468, 299.2958, 211.5697
36 25 0.840000 292.6738, 201.1389, 315.1408, 201.8160, 314.8284, 212.1822, 292.3614, 211.5050
36 26 0.870000 287.8678, 200.9784, 310.0825, 202.1911, 309.4947, 212.9574, 287.2800, 211.7447
36 27 0.900000 283.3070, 200.2191, 305.2518, 202.5224, 304.0838, 213.6513, 282.1389, 211.3480
36 28 0.940000 277.2871, 199.0371, 298.8723, 202.1325, 297.2157, 213.6848, 275.6305, 210.5894
36 29 0.970000 272.8883, 197.9094, 294.2235, 201.4153, 292.2838, 213.2197, 270.9486, 209.7138
36 30 1.000000 268.7825, 196.4425, 289.8183, 200.7412, 287.4007, 212.5718, 266.3649, 208.2730
36 31 1.040000 263.2576, 194.7497, 283.9833, 199.1788, 281.4450, 211.0565, 260.7194, 206.6274
36 32 1.070000 259.2468, 193.5211, 279.7515, 197.9644, 277.1807, 209.8276, 256.6761, 205.3843
36 33 1.110000 254.2085, 191.7130, 274.4372, 196.6729, 271.5740, 208.3503, 251.3453, 203.3904
36 34 1.140000 250.6668, 190.2473, 270.6847, 195.8593, 267.4705, 207.3242, 247.4526, 201.7122
36 35 1.170000 247.0931, 188.9625, 267.0188, 194.8002, 263.7189, 206.0637, 243.7932, 200.2260
36 36 1.210000 242.6981, 187.1675, 262.4506, 193.4582, 258.9725, 204.3795, 239.2199, 198.0888
36 37 1.240000 239.7785, 185.6798, 259.2937, 192.5977, 255.5433, 203.1774, 236.0282, 196.2594
36 38 1.270000 236.7981, 184.4017, 256.3857, 191.4204, 252.6921, 201.7281, 233.1046, 194.7093
36 39 1.310000 233.3392, 182.5201, 252.9161, 190.0007, 249.1459, 199.8674, 229.5690, 192.3868
36 40 1.340000 231.1126, 180.9951, 250.5906, 188.9940, 246.6896, 198.4933, 227.2116, 190.4943
36 41 1.370000 228.8492, 179.6973, 248.4900, 187.6209, 244.7769, 196.8250, 225.1360, 188.9014
36 42 1.410000 226.4984, 177.4889, 246.2109, 185.5920, 242.4816, 194.6643, 222.7691, 186.5611
36 43 1.440000 225.2135, 175.5996, 244.8404, 184.1526, 240.8029, 193.4177, 221.1760, 184.8647
36 44 1.470000 223.9208, 173.9390, 243.7038, 182.3369, 239.6226, 191.9510, 219.8396, 183.5530
36 45 1.510000 222.7481, 171.6997, 242.5265, 180.3940, 238.1831, 190.2746, 218.4047, 181.5803
36 46 1.540000 222.0804, 170.2679, 241.8292, 179.2402, 237.2746, 189.2654, 217.5257, 180.2932
36 47 1.570000 221.3174, 169.3162, 241.2330, 177.9912, 236.7282, 188.3330, 216.8126, 179.6580
36 48 1.610000 220.6098, 168.4198, 240.6372, 176.9703, 236.0828, 187.6380, 216.0554, 179.0876
36 49 1.640000 220.2460, 168.0901, 240.3282, 176.5924, 235.7313, 187.4502, 215.6491, 178.9479
36 50 1.670000 219.9048, 168.1352, 240.1119, 176.3110, 235.6078, 187.4432, 215.4007, 179.2673
36 51 1.710000 219.7133, 168.5679, 240.0157, 176.4571, 235.5746, 187.8860, 215.2722, 179.9967
36 52 1.740000 219.7819, 169.1445, 240.1002, 176.9951, 235.6271, 188.5721, 215.3088, 180.7214
36 53 1.770000 219.8384, 170.1252, 240.2363, 177.5778, 235.9227, 189.3840, 215.5249, 181.9314
36 54 1.810000 220.1607, 171.8019, 240.5969, 178.9210, 236.4116, 190.9355, 215.9754, 183.8164
36 55 1.840000 220.5680, 173.3538, 240.9951, 180.3578, 236.8431, 192.4670, 216.4160, 185.4629
36 56 1.870000 220.9453, 175.3475, 241.4018, 181.8968, 237.4723, 194.1706, 217.0158, 187.6212
36 57 1.910000 221.6167, 178.4756, 242.0658, 184.5596, 238.3707, 196.9791, 217.9216, 190.8951
36 58 1.940000 222.2274, 181.1891, 242.6465, 187.0148, 239.0850, 199.4976, 218.6659, 193.6719
36 59 1.970000 222.8236, 184.3236, 243.2189, 189.6457, 239.9357, 202.2277, 219.5404, 196.9057
36 60 2.010000 223.7930, 188.7989, 244.1222, 193.5724, 241.1498, 206.2314, 220.8205, 201.4579
36 61 2.040000 224.7106, 192.1262, 244.9735, 196.6509, 242.1471, 209.3083, 221.8842, 204.7836
36 62 2.070000 225.6590, 195.5264, 245.8588, 199.5035, 243.3799, 212.0942, 223.1800, 208.1171
36 63 2.110000 227.1208, 199.9077, 247.2361, 203.2159, 245.2007, 215.5919, 225.0854, 212.2837
36 64 2.140000 228.5626, 202.7657, 248.5933, 206.3100, 246.4539, 218.4013, 226.4231, 214.8571
36 65 2.170000 229.8001, 205.9707, 249.7747, 208.8033, 248.0879, 220.6976, 228.1134, 217.8649
36 66 2.210000 231.7485, 209.8701, 251.6332, 212.3571, 250.1842, 223.9424, 230.2995, 221.4554
36 67 2.240000 233.3308, 212.6597, 253.1587, 215.1038, 251.7638, 226.4200, 231.9359, 223.9760
36 68 2.270000 234.7981, 215.7206, 254.5721, 217.5586, 253.5449, 228.6092, 233.7709, 226.7712
36 69 2.310000 236.9433, 219.6169, 256.6500, 221.1524, 255.8234, 231.7614, 236.1167, 230.2259
36 70 2.340000 238.5823, 222.5540, 258.2563, 223.9259, 257.5404, 234.1933, 237.8664, 232.8214
36 71 2.370000 240.1552, 225.6962, 259.8111, 226.6199, 259.3435, 236.5720, 239.6875, 235.6483
36 72 2.410000 242.2702, 230.0090, 261.8858, 230.4597, 261.6674, 239.9625, 242.0518, 239.5118
36 73 2.440000 243.9094, 233.2914, 263.4889, 233.6607, 263.3119, 243.0426, 243.7324, 242.6733
36 74 2.470000 245.4014, 236.6013, 264.9621, 236.4092, 265.0575, 246.1178, 245.4968, 246.3100
36 75 2.510000 247.4082, 240.9392, 266.9655, 240.3313, 267.2803, 250.4564, 247.7230, 251.0644
36 76 2.540000 248.9340, 243.9089, 268.4805, 243.2861, 268.8143, 253.7619, 249.2678, 254.3847
36 77 2.570000 250.2927, 246.8984, 269.8395, 245.9045, 270.3874, 256.6803, 250.8406, 257.6742
36 78 2.610000 252.0404, 250.4770, 271.5915, 249.1426, 272.3519, 260.2837, 252.8008, 261.6180
36 79 2.640000 253.3335, 252.8494, 272.8795, 251.4978, 273.6637, 262.8386, 254.1177, 264.1902
36 80 2.670000 254.3433, 255.4312, 273.9086, 253.4135, 275.0867, 264.8375, 255.5213, 266.8552
36 81 2.710000 255.7322, 258.3129, 275.3062, 256.0745, 276.6261, 267.6171, 257.0522, 269.8555
36 82 2.740000 256.7504, 260.1735, 276.3360, 258.1119, 277.5585, 269.7263, 257.9729, 271.7879
36 83 2.770000 257.5228, 262.2171, 277.1312, 259.8578, 278.5270, 271.4583, 258.9186, 273.8177
36 84 2.800000 258.3568, 263.8686, 277.9877, 261.7923, 279.2193, 273.4363, 259.5884, 275.5126
36 85 2.840000 259.2390, 266.1396, 278.9131, 264.2007, 280.0600, 275.8385, 260.3859, 277.7774
36 86 2.870000 259.7358, 267.9147, 279.4561, 265.9060, 280.6366, 277.4957, 260.9163, 279.5043
36 87 2.900000 260.3346, 269.3552, 280.0789, 267.8911, 280.9375, 279.4700, 261.1932, 280.9340
36 88 2.940000 260.9072, 271.4961, 280.6988, 270.3988, 281.3372, 281.9145, 261.5456, 283.0117
36 89 2.970000 261.1942, 273.2550, 281.0354, 272.2204, 281.6322, 283.6637, 261.7910, 284.6984
36 90 3.000000 261.5833, 274.7875, 281.4349, 274.2931, 281.7189, 285.6993, 261.8674, 286.1937
36 91 3.040000 261.9560, 277.0109, 281.8369, 276.9908, 281.8483, 288.3016, 261.9674, 288.3216
36 92 3.070000 262.0662, 278.9117, 282.0064, 278.8431, 282.0450, 290.0568, 262.1047, 290.1254
36 93 3.100000 262.3423, 280.5295, 282.2831, 280.9889, 282.0265, 292.1250, 262.0857, 291.6656
36 94 3.140000 262.5583, 282.9503, 282.5327, 283.7026, 282.1176, 294.7236, 262.1433, 293.9714
36 95 3.170000 262.6267, 284.9513, 282.6592, 285.6662, 282.2690, 296.6000, 262.2364, 295.8851
36 96 3.200000 262.8517, 286.7771, 282.8759, 287.9112, 282.2608, 298.7708, 262.2367, 297.6367
36 97 3.240000 263.0395, 289.5229, 283.0981, 290.8549, 282.3836, 301.6147, 262.3250, 300.2827
36 98 3.270000 263.0942, 291.8537, 283.2156, 293.0395, 282.5859, 303.7232, 262.4646, 302.5374
36 99 3.300000 263.2908, 294.1103, 283.4197, 295.5429, 282.6642, 306.1585, 262.5353, 304.7258
36 100 3.340000 263.4506, 297.5457, 283.6358, 298.9484, 282.9035, 309.4851, 262.7184, 308.0824
36 101 3.370000 263.5192, 300.4400, 283.7707, 301.6336, 283.1523, 312.1259, 262.9008, 310.9322
36 102 3.400000 263.6909, 303.4091, 283.9671, 304.6950, 283.3035, 315.1589, 263.0273, 313.8730
36 103 3.440000 263.8458, 307.8929, 284.1859, 309.0665, 283.5832, 319.5125, 263.2430, 318.3389
36 104 3.470000 263.9127, 311.6402, 284.3171, 312.5686, 283.8417, 323.0169, 263.4373, 322.0886
36 105 3.500000 264.0655, 315.4172, 284.5038, 316.3672, 284.0163, 326.8556, 263.5780, 325.9056
36 106 3.540000 264.2284, 320.5132, 284.7356, 321.3232, 284.3208, 331.8250, 263.8136, 331.0150
36 107 3.570000 264.2767, 324.3292, 284.8593, 324.7391, 284.6518, 335.1530, 264.0693, 334.7430
36 108 3.600000 264.4865, 327.6790, 285.1057, 328.2334, 284.8289, 338.5301, 264.2096, 337.9757
36 109 3.640000 264.7040, 331.9477, 285.3889, 332.4749, 285.1294, 342.6587, 264.4444, 342.1315
36 110 3.670000 264.7707, 335.1320, 285.5289, 335.2978, 285.4481, 345.4131, 264.6899, 345.2473
36 111 3.700000 265.0097, 337.8420, 285.8011, 338.2941, 285.5819, 348.3752, 264.7905, 347.9231
36 112 3.740000 265.1656, 341.5766, 286.0396, 341.8514, 285.9072, 351.9033, 265.0333, 351.6284
36 113 3.770000 265.1667, 344.5092, 286.1189, 344.2509, 286.2422, 354.2554, 265.2901, 354.5138
36 114 3.800000 265.2937, 347.0864, 286.3063, 346.8744, 286.4071, 356.8645, 265.3945, 357.0765
36 115 3.840000 265.3273, 350.6607, 286.4349, 350.1522, 286.6757, 360.1442, 265.5680, 360.6527
36 116 3.870000 265.2676, 353.4509, 286.4470, 352.5352, 286.8793, 362.5355, 265.6999, 363.4512
36 117 3.900000 265.3018, 356.0175, 286.5589, 355.2756, 286.9087, 365.2963, 265.6515, 366.0382
36 118 3.940000 265.2227, 359.6958, 286.5868, 358.9305, 286.9465, 368.9713, 265.5823, 369.7365
36 119 3.970000 265.0791, 362.5840, 286.5279, 361.6582, 286.9627, 371.7333, 265.5139, 372.6591
36 120 4.000000 264.9990, 365.1748, 286.5341, 364.5519, 286.8284, 374.7250, 265.2933, 375.3479
36 121 4.040000 264.7774, 368.3895, 286.4102, 367.9204, 286.6330, 378.1973, 265.0003, 378.6665
36 122 4.070000 264.4525, 370.6701, 286.1477, 369.8132, 286.5508, 380.0172, 264.8556, 380.8741
36 123 4.100000 264.3216, 371.9598, 286.0637, 371.6925, 286.1899, 381.9537, 264.4478, 382.2211
36 124 4.140000 263.9250, 373.4518, 285.7190, 373.2154, 285.8302, 383.4721, 264.0363, 383.7085
36 125 4.170000 263.4675, 374.3862, 285.3153, 373.6699, 285.6495, 383.8635, 263.8017, 384.5797
36 126 4.200000 263.2384, 374.3644, 285.0871, 374.1820, 285.1725, 384.4144, 263.3238, 384.5968
36 127 4.240000 262.7699, 374.0133, 284.6317, 374.0394, 284.6194, 384.2913, 262.7576, 384.2652
36 128 4.270000 262.3090, 373.5379, 284.1790, 373.3376, 284.2723, 383.5295, 262.4023, 383.7298
36 129 4.300000 262.0948, 372.1273, 283.9201, 372.6799, 283.6610, 382.9164, 261.8357, 382.3639
36 130 4.340000 261.6238, 370.0944, 283.4121, 370.8507, 283.0587, 381.0299, 261.2705, 380.2736
36 131 4.370000 261.1016, 368.4547, 282.9092, 368.6547, 282.8164, 378.7734, 261.0088, 378.5735
36 132 4.400000 260.8525, 365.8639, 282.6005, 366.4543, 282.3257, 376.5768, 260.5777, 375.9864
36 133 4.440000 260.3217, 362.1636, 282.0355, 362.4549, 281.9005, 372.5166, 260.1867, 372.2253
36 134 4.470000 259.8091, 359.1941, 281.4993, 358.7793, 281.6893, 368.7168, 259.9992, 369.1316
36 135 4.500000 259.6168, 355.2357, 281.2217, 355.4519, 281.1224, 365.3780, 259.5175, 365.1619
36 136 4.540000 259.0574, 350.7668, 280.5926, 350.6927, 280.6261, 360.4307, 259.0910, 360.5048
36 137 4.570000 258.5227, 347.9790, 280.0056, 347.2673, 280.3242, 356.8862, 258.8414, 357.5979
36 138 4.600000 258.0522, 345.3401, 279.4583, 344.3455, 279.9028, 353.9112, 258.4966, 354.9058
36 139 4.640000 257.3490, 342.4327, 278.6392, 340.9196, 279.3135, 350.4082, 258.0233, 351.9212
36 140 4.670000 256.7847, 340.6242, 277.9695, 338.7219, 278.8161, 348.1498, 257.6313, 350.0521
36 141 4.700000 256.2292, 338.9703, 277.3237, 336.9526, 278.2209, 346.3326, 257.1264, 348.3502
36 142 4.740000 255.3969, 337.0834, 276.3590, 334.8806, 277.3489, 344.3009, 256.3869, 346.5037
36 143 4.770000 254.6721, 335.9786, 275.5231, 333.4816, 276.6586, 342.9640, 255.8076, 345.4609
36 144 4.800000 253.9561, 334.8515, 274.7245, 332.4546, 275.8337, 342.0662, 255.0653, 344.4630
36 145 4.840000 252.8817, 333.7216, 273.5298, 331.3416, 274.6584, 341.1329, 254.0103, 343.5130
36 146 4.870000 251.9691, 333.1908, 272.5166, 330.6621, 273.7385, 340.5901, 253.1910, 343.1189
36 147 4.900000 251.0937, 332.5693, 271.5645, 330.3744, 272.6545, 340.5400, 252.1837, 342.7349
36 148 4.940000 249.7745, 332.2235, 270.1298, 330.1747, 271.1829, 340.6373, 250.8276, 342.6861
36 149 4.970000 248.7248, 332.1904, 268.9891, 330.2566, 270.0099, 340.9535, 249.7456, 342.8874
36 150 5.000000 247.6938, 332.1672, 267.8687, 330.6204, 268.7100, 341.5929, 248.5351, 343.1398
36 151 5.040000 246.2347, 332.3183, 266.2721, 331.2128, 266.8969, 342.5375, 246.8595, 343.6430
36 152 5.070000 244.9800, 332.6566, 264.9451, 331.5466, 265.5872, 343.0966, 245.6221, 344.2066
36 153 5.100000 243.8325, 332.7908, 263.6836, 332.1206, 264.0810, 343.8883, 244.2298, 344.5586
36 154 5.140000 242.1198, 333.2297, 261.8659, 332.7695, 262.1452, 344.7531, 242.3991, 345.2133
36 155 5.170000 240.7372, 333.6914, 260.4353, 333.2399, 260.7127, 345.3405, 241.0146, 345.7920
36 156 5.200000 239.5032, 333.9468, 259.0870, 333.9523, 259.0836, 346.2015, 239.4997, 346.1960
36 157 5.240000 237.7221, 334.5448, 257.1983, 334.8668, 256.9937, 347.2379, 237.5176, 346.9159
36 158 5.270000 236.2705, 335.1931, 255.7218, 335.5142, 255.5167, 347.9432, 236.0653, 347.6221
36 159 5.300000 235.0136, 335.6704, 254.3376, 336.4474, 253.8348, 348.9494, 234.5109, 348.1723
36 160 5.340000 233.2147, 336.5887, 252.4364, 337.6840, 251.7206, 350.2473, 232.4988, 349.1521
36 161 5.370000 231.7827, 337.4906, 250.9837, 338.6352, 250.2334, 351.2204, 231.0325, 350.0758
36 162 5.400000 230.5622, 338.2904, 249.6234, 339.8912, 248.5645, 352.4994, 229.5033, 350.8986
36 163 5.440000 228.8390, 339.6858, 247.7883, 341.6340, 246.4922, 354.2405, 227.5429, 352.2923
36 164 5.470000 227.4903, 340.9623, 246.4123, 343.0064, 245.0527, 355.5928, 226.1306, 353.5488
36 165 5.500000 226.3541, 342.1685, 245.1281, 344.6415, 243.4744, 357.1956, 224.7004, 354.7227
36 166 5.540000 224.8726, 343.8561, 243.4734, 346.8044, 241.4884, 359.3273, 222.8876, 356.3791
36 167 5.570000 223.6988, 345.2298, 242.2665, 348.2619, 240.2221, 360.7810, 221.6545, 357.7490
36 168 5.600000 222.8470, 346.3769, 241.1983, 349.9091, 238.7898, 362.4225, 220.4385, 358.8903
36 169 5.640000 221.5908, 348.1273, 239.8361, 351.8644, 237.2693, 364.3959, 219.0240, 360.6587
36 170 5.670000 220.5758, 349.6006, 238.8738, 353.1913, 236.4068, 365.7630, 218.1088, 362.1724
36 171 5.700000 219.8685, 350.9347, 238.0461, 354.7468, 235.4055, 367.3384, 217.2279, 363.5264
36 172 5.740000 218.8316, 352.9742, 237.0174, 356.7073, 234.4208, 369.3570, 216.2349, 365.6239
36 173 5.770000 217.9966, 354.7060, 236.2986, 358.1339, 233.9174, 370.8471, 215.6155, 367.4192
36 174 5.800000 217.4381, 356.3674, 235.6943, 359.8347, 233.2708, 372.5950, 215.0146, 369.1277
36 175 5.840000 216.5983, 358.9182, 234.9323, 362.1221, 232.6868, 374.9715, 214.3529, 371.7677
36 176 5.870000 215.9169, 361.0965, 234.3847, 363.9138, 232.4126, 376.8417, 213.9447, 374.0245
36 177 5.900000 215.4407, 363.3130, 233.9157, 366.0294, 232.0040, 379.0317, 213.5290, 376.3154
36 178 5.940000 214.7333, 366.6813, 233.2969, 369.0577, 231.6174, 382.1768, 213.0538, 379.8003
36 179 5.970000 214.1816, 369.4808, 232.8403, 371.5137, 231.4014, 384.7202, 212.7427, 382.6873
36 180 6.000000 213.8102, 372.2431, 232.4563, 374.2027, 231.0581, 387.5072, 212.4120, 385.5475
36 181 6.040000 213.3035, 375.8107, 231.9942, 377.5401, 230.7530, 390.9545, 212.0624, 389.2251
36 182 6.070000 212.8760, 378.2748, 231.6779, 379.6484, 230.6946, 393.1081, 211.8927, 391.7345
36 183 6.100000 212.7785, 380.1881, 231.5152, 381.7474, 230.3958, 395.1974, 211.6592, 393.6381
36 184 6.140000 212.5419, 382.4485, 231.2909, 383.9257, 230.2308, 397.3802, 211.4818, 395.9030
36 185 6.170000 212.2754, 383.9506, 231.1315, 385.1433, 230.2812, 398.5875, 211.4250, 397.3948
36 186 6.200000 212.3833, 384.8855, 231.1184, 386.4045, 230.0280, 399.8529, 211.2930, 398.3339
36 187 6.240000 212.1584, 386.1598, 231.0243, 387.3531, 230.1752, 400.7768, 211.3093, 399.5835
36 188 6.270000 211.8284, 387.0629, 230.9049, 387.6354, 230.5044, 400.9829, 211.4279, 400.4105
36 189 6.300000 211.9523, 387.2704, 230.9784, 388.1030, 230.3960, 401.4127, 211.3699, 400.5801
36 190 6.340000 211.8379, 387.5027, 230.9724, 388.1098, 230.5534, 401.3155, 211.4190, 400.7084
36 191 6.370000 211.6776, 387.4829, 230.9430, 387.7708, 230.7470, 400.8836, 211.4816, 400.5956
36 192 6.400000 211.8406, 386.8459, 231.0493, 387.4906, 230.6104, 400.5666, 211.4018, 399.9219
36 193 6.440000 211.8960, 385.7899, 231.1336, 386.5894, 230.5941, 399.5682, 211.3565, 398.7686
36 194 6.470000 211.7133, 384.9906, 231.1078, 385.4267, 230.8188, 398.2795, 211.4243, 397.8434
36 195 6.500000 211.8645, 383.6339, 231.2299, 384.4185, 230.7111, 397.2213, 211.3457, 396.4366
36 196 6.540000 211.8489, 382.1036, 231.2975, 382.9049, 230.7735, 395.6217, 211.3250, 394.8204
36 197 6.570000 211.9036, 381.0449, 231.3726, 382.0259, 230.7348, 394.6853, 211.2658, 393.7044
36 198 6.600000 212.1255, 379.9770, 231.5057, 381.4854, 230.5234, 394.1063, 211.1433, 392.5979
36 199 6.640000 212.3167, 378.9611, 231.6432, 380.9226, 230.3721, 393.4460, 211.0457, 391.4845
36 200 6.670000 212.3488, 378.5225, 231.7171, 380.5563, 230.4122, 392.9832, 211.0438, 390.9494
36 201 6.700000 212.5791, 378.0428, 231.8700, 380.4913, 230.3037, 392.8325, 211.0127, 390.3841
36 202 6.740000 212.7725, 377.7770, 232.0682, 380.4457, 230.3782, 392.6650, 211.0825, 389.9964
36 203 6.770000 212.8369, 377.8581, 232.2223, 380.4443, 230.6068, 392.5533, 211.2215, 389.9671
36 204 6.800000 213.1331, 377.8682, 232.4736, 380.7452, 230.6872, 392.7542, 211.3467, 389.8771
36 205 6.840000 213.3919, 378.3000, 232.8136, 381.1548, 231.0718, 393.0047, 211.6501, 390.1498
36 206 6.870000 213.5635, 378.8519, 233.0993, 381.5326, 231.4873, 393.2805, 211.9514, 390.5999
36 207 6.900000 213.8921, 379.4326, 233.4577, 382.1644, 231.8310, 393.8150, 212.2653, 391.0831
36 208 6.940000 214.3003, 380.5425, 233.9727, 383.1515, 232.4441, 394.6780, 212.7716, 392.0690
36 209 6.970000 214.4990, 381.7426, 234.3479, 383.9113, 233.1013, 395.3207, 213.2523, 393.1519
36 210 7.000000 214.8961, 382.8607, 234.8155, 384.9366, 233.6349, 396.2654, 213.7155, 394.1895
36 211 7.040000 215.4091, 384.4713, 235.4729, 386.2114, 234.5011, 397.4168, 214.4373, 395.6767
36 212 7.070000 215.7608, 385.7066, 235.9765, 386.9588, 235.2881, 398.0721, 215.0725, 396.8200
36 213 7.100000 216.4885, 386.3638, 236.6619, 387.9751, 235.7747, 399.0835, 215.6012, 397.4722
36 214 7.140000 217.3138, 387.3553, 237.5452, 388.9037, 236.6970, 399.9870, 216.4656, 398.4386
36 215 7.170000 217.8670, 388.1202, 238.2041, 389.3258, 237.5479, 400.3937, 217.2109, 399.1881
36 216 7.200000 218.6875, 388.4433, 238.9995, 389.8955, 238.2045, 401.0155, 217.8925, 399.5632
36 217 7.240000 219.6563, 388.9514, 240.0337, 390.2582, 239.3169, 401.4358, 218.9395, 400.1290
36 218 7.270000 220.2702, 389.4212, 240.7716, 390.2161, 240.3374, 401.4149, 219.8360, 400.6200
36 219 7.300000 221.1190, 389.4644, 241.6309, 390.3082, 241.1665, 401.5955, 220.6546, 400.7516
36 220 7.340000 222.0630, 389.6675, 242.6852, 390.0028, 242.5005, 401.3639, 221.8783, 401.0286
36 221 7.370000 222.7012, 389.8140, 243.4235, 389.5521, 243.5675, 400.9476, 222.8452, 401.2095
36 222 7.400000 223.5874, 389.4161, 244.2945, 389.3078, 244.3549, 400.8479, 223.6478, 400.9562
36 223 7.440000 224.6053, 388.9309, 245.3432, 388.6439, 245.5049, 400.3364, 224.7671, 400.6233
36 224 7.470000 225.2424, 388.6051, 246.0375, 387.9070, 246.4325, 399.6745, 225.6374, 400.3725
36 225 7.500000 226.0585, 387.8433, 246.8295, 387.3475, 247.1141, 399.2716, 226.3431, 399.7674
36 226 7.540000 226.9941, 386.9416, 247.7681, 386.4277, 248.0672, 398.5189, 227.2932, 399.0328
36 227 7.570000 227.5938, 386.3610, 248.3957, 385.6689, 248.8012, 397.8560, 227.9992, 398.5481
36 228 7.600000 228.3586, 385.4635, 249.1093, 385.1469, 249.2979, 397.5026, 228.5472, 397.8193
36 229 7.640000 229.2395, 384.4043, 249.9581, 384.3271, 250.0048, 396.8705, 229.2862, 396.9477
36 230 7.670000 229.7295, 383.7869, 250.4918, 383.5338, 250.6460, 396.1782, 229.8837, 396.4314
36 231 7.700000 230.4374, 382.7920, 251.1298, 382.9729, 251.0178, 395.7937, 230.3254, 395.6128
36 232 7.740000 231.2090, 381.6087, 251.8788, 382.0076, 251.6278, 395.0149, 230.9580, 394.6159
36 233 7.770000 231.6571, 380.8150, 252.3719, 381.1124, 252.1837, 394.2215, 231.4689, 393.9241
36 234 7.800000 232.3659, 379.6140, 252.9851, 380.4341, 252.4572, 393.7056, 231.8381, 392.8856
36 235 7.840000 233.1146, 378.1586, 253.7139, 379.2299, 253.0155, 392.6580, 232.4162, 391.5867
36 236 7.870000 233.4916, 377.1791, 254.2065, 378.0593, 253.6322, 391.5744, 232.9173, 390.6941
36 237 7.900000 234.1666, 375.7700, 254.8292, 377.0782, 253.9651, 390.7253, 233.3025, 389.4171
36 238 7.940000 234.8621, 373.9882, 255.5934, 375.3968, 254.6570, 389.1786, 233.9257, 387.7701
36 239 7.970000 235.2351, 372.7193, 256.1236, 373.8691, 255.3617, 387.7112, 234.4732, 386.5614
36 240 8.000000 235.9770, 370.9802, 256.8039, 372.5954, 255.7217, 386.5508, 234.8947, 384.9357
36 241 8.040000 236.6169, 369.0823, 257.5932, 370.5719, 256.5961, 384.6130, 235.6198, 383.1234
36 242 8.070000 236.8904, 367.9986, 258.0990, 368.9365, 257.4788, 382.9616, 236.2702, 382.0237
36 243 8.100000 237.4483, 366.6566, 258.7115, 367.6279, 258.0697, 381.6770, 236.8066, 380.7057
36 244 8.140000 237.9488, 365.2351, 259.4054, 365.7380, 259.0773, 379.7341, 237.6207, 379.2311
36 245 8.170000 238.2332, 364.3124, 259.8637, 364.2845, 259.8817, 378.1863, 238.2511, 378.2141
36 246 8.200000 238.7010, 363.1357, 260.3810, 363.0394, 260.4425, 376.8883, 238.7625, 376.9847
36 247 8.240000 239.1263, 361.7707, 260.9347, 361.2351, 261.2702, 374.8999, 239.4619, 375.4354
36 248 8.270000 239.3114, 360.8448, 261.2346, 359.7480, 261.9087, 373.2215, 239.9855, 374.3183
36 249 8.300000 239.6279, 359.5848, 261.5796, 358.4158, 262.2896, 371.7474, 240.3379, 372.9164
36 250 8.340000 239.8517, 357.9284, 261.8699, 356.4157, 262.7683, 369.4920, 240.7501, 371.0047
36 251 8.370000 239.8147, 356.7934, 261.8973, 354.6511, 263.1368, 367.4282, 241.0543, 369.5705
36 252 8.400000 239.9494, 355.0277, 262.0308, 353.0971, 263.1320, 365.6916, 241.0505, 367.6222
36 253 8.440000 239.8206, 352.6971, 261.9369, 350.5873, 263.1036, 362.8178, 240.9873, 364.9276
36 254 8.470000 239.4722, 351.0157, 261.6535, 348.3407, 263.0853, 360.2130, 240.9039, 362.8880
36 255 8.500000 239.2102, 348.8282, 261.4345, 346.2903, 262.7643, 357.9353, 240.5401, 360.4733
36 256 8.540000 238.6211, 346.3474, 260.9055, 343.5788, 262.3122, 354.9004, 240.0277, 357.6691
36 257 8.570000 238.1492, 344.6590, 260.4872, 341.9596, 261.8357, 353.1189, 239.4977, 355.8183
36 258 8.600000 237.6629, 343.1393, 260.0585, 340.7434, 261.2400, 351.7873, 238.8444, 354.1832
36 259 8.640000 236.8830, 341.6285, 259.3638, 339.5364, 260.3762, 350.4157, 237.8954, 352.5078
36 260 8.670000 236.1826, 340.9142, 258.7283, 338.8786, 259.6975, 349.6129, 237.1518, 351.6486
36 261 8.700000 235.4870, 340.2764, 258.1048, 338.6079, 258.8898, 349.2491, 236.2720, 350.9177
36 262 8.740000 234.4128, 339.9462, 257.1281, 338.5330, 257.7811, 349.0288, 235.0657, 350.4420
36 263 8.770000 233.5047, 340.0710, 256.2964, 338.6893, 256.9259, 349.0727, 234.1342, 350.4544
36 264 8.800000 232.6177, 340.2476, 255.4882, 339.2332, 255.9463, 349.5615, 233.0758, 350.5759
36 265 8.840000 231.3109, 341.0010, 254.2896, 340.2574, 254.6214, 350.5099, 231.6427, 351.2535
36 266 8.870000 230.2415, 341.9766, 253.3057, 341.2665, 253.6196, 351.4614, 230.5553, 352.1714
36 267 8.900000 229.2027, 343.0655, 252.3489, 342.7027, 252.5086, 352.8956, 229.3625, 353.2584
36 268 8.940000 227.7089, 345.1335, 250.9701, 344.9995, 251.0289, 355.1953, 227.7677, 355.3294
36 269 8.970000 226.5211, 347.1119, 249.8749, 347.0240, 249.9133, 357.2291, 226.5596, 357.3171
36 270 9.000000 225.3712, 349.1523, 248.8066, 349.3823, 248.7059, 359.6403, 225.2705, 359.4103
36 271 9.040000 223.7868, 351.9085, 247.3271, 352.4171, 247.1041, 362.7407, 223.5638, 362.2321
36 272 9.070000 222.5051, 353.8870, 246.1443, 354.2167, 245.9980, 364.7071, 222.3588, 364.3775
36 273 9.100000 221.4133, 355.2691, 245.0887, 356.1084, 244.7098, 366.7993, 221.0343, 365.9600
36 274 9.140000 219.8345, 357.0520, 243.5851, 357.9853, 243.1528, 368.9843, 219.4022, 368.0509
36 275 9.170000 218.5775, 358.3403, 242.4064, 359.0094, 242.0918, 370.2124, 218.2630, 369.5433
36 276 9.200000 217.5466, 359.0463, 241.3742, 360.1685, 240.8338, 371.6425, 217.0062, 370.5203
36 277 9.240000 216.1740, 359.8146, 239.9834, 361.3578, 239.2163, 373.1921, 215.4069, 371.6488
36 278 9.270000 214.9841, 360.5182, 238.8726, 361.7804, 238.2343, 373.8600, 214.3458, 372.5978
36 279 9.300000 214.1753, 360.5224, 237.9614, 362.4873, 236.9358, 374.9033, 213.1497, 372.9384
36 280 9.340000 212.9373, 360.6898, 236.6999, 362.9130, 235.5048, 375.6872, 211.7422, 373.4641
36 281 9.370000 211.9445, 360.8298, 235.7527, 362.9049, 234.6170, 375.9362, 210.8087, 373.8612
36 282 9.400000 211.3565, 360.3733, 235.0052, 363.1563, 233.4361, 376.4902, 209.7874, 373.7072
36 283 9.440000 210.3903, 359.9443, 233.9967, 362.9249, 232.2635, 376.6514, 208.6572, 373.6708
36 284 9.470000 209.5675, 359.7128, 233.2606, 362.4341, 231.6542, 376.4202, 207.9611, 373.6989
36 285 9.500000 209.1776, 359.0170, 232.7145, 362.2700, 230.7458, 376.5137, 207.2090, 373.2606
36 286 9.540000 208.4896, 358.4919, 231.9904, 361.8954, 229.8886, 376.4090, 206.3877, 373.0056
36 287 9.570000 207.9241, 358.3644, 231.4725, 361.6511, 229.4187, 376.3654, 205.8703, 373.0787
36 288 9.600000 207.6065, 358.1854, 231.0694, 361.7515, 228.8055, 376.6472, 205.3426, 373.0811
36 289 9.640000 207.1118, 358.3183, 230.5693, 361.9323, 228.2359, 377.0778, 204.7784, 373.4639
36 290 9.670000 206.6888, 358.6925, 230.2278, 362.1217, 227.9980, 377.4284, 204.4590, 373.9992
36 291 9.700000 206.5421, 358.9906, 230.0072, 362.6440, 227.6019, 378.0930, 204.1367, 374.4395
36 292 9.740000 206.3040, 359.7210, 229.7667, 363.4144, 227.3094, 379.0249, 203.8467, 375.3315
36 293 9.770000 206.0409, 360.5576, 229.6157, 363.9931, 227.3235, 379.7217, 203.7488, 376.2861
36 294 9.800000 206.1179, 361.2750, 229.6014, 364.9610, 227.1192, 380.7753, 203.6357, 377.0893
36 295 9.840000 206.0951, 362.6439, 229.6175, 366.2597, 227.1700, 382.1816, 203.6476, 378.5658
36 296 9.870000 206.0116, 363.9678, 229.6598, 367.2835, 227.4176, 383.2749, 203.7695, 379.9593
36 297 9.900000 206.2313, 365.2359, 229.8261, 368.6987, 227.4732, 384.7311, 203.8783, 381.2683
36 298 9.940000 206.4081, 367.3817, 230.0741, 370.6775, 227.8340, 386.7625, 204.1681, 383.4667
36 299 9.970000 206.4741, 369.3141, 230.2822, 372.2490, 228.2952, 388.3681, 204.4871, 385.4333
36 300 10.000000 206.7947, 371.1830, 230.6035, 374.1182, 228.6135, 390.2598, 204.8047, 387.3246
36 301 10.040000 207.2412, 373.7107, 231.1232, 376.4828, 229.2517, 392.6065, 205.3696, 389.8345
36 302 10.070000 207.5908, 375.4882, 231.5887, 377.9739, 229.9156, 394.1268, 205.9177, 391.6411
36 303 10.100000 208.4321, 376.7040, 232.2703, 379.6648, 230.2610, 395.8420, 206.4228, 392.8811
36 304 10.140000 209.3579, 378.3754, 233.2230, 381.3245, 231.2160, 397.5654, 207.3510, 394.6163
36 305 10.170000 209.9283, 379.6527, 233.9793, 382.1574, 232.2807, 398.4688, 208.2297, 395.9642
36 306 10.200000 210.9724, 380.4113, 234.9486, 383.1899, 233.0506, 399.5675, 209.0744, 396.7888
36 307 10.240000 212.2157, 381.4484, 236.2957, 384.0602, 234.5078, 400.5440, 210.4278, 397.9321
36 308 10.270000 213.0233, 382.2616, 237.3333, 384.3253, 235.9268, 400.8941, 211.6168, 398.8304
36 309 10.300000 214.2967, 382.5398, 238.5818, 384.8032, 237.0299, 401.4543, 212.7448, 399.1909
36 310 10.340000 215.8254, 382.9334, 240.2683, 384.9307, 238.8990, 401.6881, 214.4561, 399.6909
36 311 10.370000 216.8269, 383.2595, 241.5302, 384.6244, 240.6011, 401.4411, 215.8978, 400.0763
36 312 10.400000 218.2893, 382.9812, 243.0014, 384.5250, 241.9465, 401.4115, 217.2344, 399.8678
36 313 10.440000 220.0559, 382.5753, 244.9460, 383.8532, 244.0762, 400.7961, 219.1860, 399.5183
36 314 10.470000 221.2552, 382.2390, 246.3826, 382.9660, 245.8922, 399.9153, 220.7648, 399.1882
36 315 10.500000 222.9943, 381.1988, 248.0642, 382.4478, 247.2172, 399.4486, 222.1473, 398.1996
36 316 10.540000 224.9239, 380.3233, 250.1739, 381.3962, 249.4493, 398.4476, 224.1993, 397.3747
36 317 10.570000 226.1793, 380.0939, 251.6812, 380.5888, 251.3504, 397.6329, 225.8486, 397.1380
36 318 10.600000 227.7227, 379.7031, 253.3232, 380.2374, 252.9669, 397.3118, 227.3664, 396.7775
36 319 10.640000 229.5575, 379.7051, 255.4094, 379.8029, 255.3447, 396.8752, 229.4929, 396.7773
36 320 10.670000 230.8675, 379.9555, 256.9415, 379.6019, 257.1727, 396.6503, 231.0987, 397.0039
36 321 10.700000 232.3471, 380.1081, 258.5496, 379.7322, 258.7944, 396.7950, 232.5919, 397.1708
36 322 10.740000 234.1780, 380.6731, 260.6163, 380.0358, 261.0262, 397.0442, 234.5880, 397.6815
36 323 10.770000 235.3715, 381.4559, 262.0519, 380.2574, 262.8121, 397.1810, 236.1317, 398.3795
36 324 10.800000 236.7499, 382.0453, 263.5833, 380.8589, 264.3305, 397.7577, 237.4971, 398.9442
36 325 10.840000 238.3816, 383.2177, 265.4866, 381.7122, 266.4222, 398.5567, 239.3172, 400.0622
36 326 10.870000 239.4023, 384.5201, 266.7657, 382.3751, 268.0741, 399.0660, 240.7106, 401.2110
36 327 10.900000 240.6227, 385.5268, 268.1698, 383.5005, 269.3955, 400.1630, 241.8484, 402.1893
36 328 10.940000 241.8987, 387.5748, 269.7747, 384.9853, 271.3048, 401.4578, 243.4289, 404.0472
36 329 10.970000 242.7038, 389.4262, 270.8507, 386.2186, 272.7086, 402.5218, 244.5617, 405.7294
36 330 11.000000 243.5353, 391.1922, 271.9340, 387.7497, 273.8957, 403.9330, 245.4970, 407.3754
36 331 11.040000 244.3871, 393.7316, 273.1309, 389.7116, 275.3604, 405.6528, 246.6166, 409.6728
36 332 11.070000 244.7976, 395.7488, 273.7833, 390.9995, 276.3437, 406.6259, 247.3580, 411.3753
36 333 11.100000 245.2976, 396.9543, 274.5285, 392.5239, 276.8990, 408.1635, 247.6680, 412.5939
36 334 11.140000 245.4965, 398.9381, 275.0432, 394.0754, 277.5804, 409.4922, 248.0337, 414.3549
36 335 11.170000 245.3764, 400.4900, 275.1417, 394.9990, 277.9407, 410.1718, 248.1754, 415.6628
36 336 11.200000 245.2891, 401.2543, 275.3175, 396.1927, 277.8824, 411.4090, 247.8540, 416.4706
36 337 11.240000 244.7986, 402.3903, 275.1567, 397.4968, 277.5966, 412.6335, 247.2386, 417.5270
36 338 11.270000 244.1601, 403.3087, 274.7489, 398.2563, 277.2277, 413.2632, 246.6388, 418.3157
36 339 11.300000 243.5571, 403.5037, 274.4051, 399.2947, 276.4675, 414.4100, 245.6195, 418.6190
36 340 11.340000 242.4366, 403.8720, 273.5917, 400.4046, 275.2788, 415.5631, 244.1237, 419.0305
36 341 11.370000 241.3332, 404.3447, 272.6983, 400.9624, 274.3255, 416.0515, 242.9604, 419.4338
36 342 11.400000 240.3772, 404.0669, 271.9207, 401.8841, 272.9754, 417.1260, 241.4319, 419.3088
36 343 11.440000 238.8319, 403.9833, 270.5669, 402.7727, 271.1514, 418.0950, 239.4164, 419.3056
36 344 11.470000 237.5447, 403.9812, 269.4095, 403.2820, 269.7463, 418.6307, 237.8815, 419.3299
36 345 11.500000 236.5007, 403.3718, 268.3590, 404.0919, 268.0087, 419.5858, 236.1504, 418.8657
36 346 11.540000 234.9355, 402.6965, 266.7918, 404.6241, 265.8490, 420.2052, 233.9927, 418.2776
36 347 11.570000 233.5535, 402.3483, 265.5075, 404.3965, 264.5097, 419.9643, 232.5556, 417.9161
36 348 11.600000 232.6329, 401.0956, 264.4472, 404.3896, 262.8253, 420.0537, 231.0110, 416.7597
36 349 11.640000 231.2662, 399.4528, 263.0147, 403.5225, 260.9991, 419.2464, 229.2507, 415.1767
36 350 11.670000 230.1544, 398.1940, 261.9777, 402.2166, 259.9891, 417.9484, 228.1659, 413.9258
36 351 11.700000 229.6453, 395.9702, 261.2243, 401.0894, 258.6577, 416.9220, 227.0787, 411.8028
36 352 11.740000 228.9939, 392.8356, 260.3676, 398.7227, 257.3813, 414.6375, 226.0076, 408.7505
36 353 11.770000 228.4820, 390.3874, 259.8693, 396.2140, 256.9090, 412.1605, 225.5218, 406.3339
36 354 11.800000 228.7601, 386.8843, 259.7275, 393.9012, 256.0983, 409.9177, 225.1309, 402.9007
36 355 11.840000 229.2215, 381.9840, 259.8473, 389.8252, 255.7373, 405.8778, 225.1116, 398.0366
36 356 11.870000 229.6378, 378.0825, 260.2118, 385.8775, 256.1130, 401.9539, 225.5391, 394.1589
36 357 11.900000 230.9875, 373.0890, 261.0482, 382.0209, 256.2790, 398.0719, 226.2182, 389.1400
36 358 11.940000 232.8666, 366.1108, 262.6215, 375.4450, 257.5919, 391.4781, 227.8370, 382.1439
36 359 11.970000 234.3047, 360.6586, 264.1711, 369.4255, 259.4627, 385.4658, 229.5963, 376.6990
36 360 12.000000 237.0641, 353.9836, 266.2282, 364.0438, 260.7537, 379.9141, 231.5896, 369.8539
36 361 12.040000 240.1925, 346.1575, 269.1156, 356.3040, 263.6398, 371.9132, 234.7167, 361.7668
36 362 12.070000 242.3571, 341.1069, 271.3667, 350.7236, 266.2286, 366.2230, 237.2191, 356.6062
36 363 12.100000 244.8331, 336.3825, 273.7323, 345.8545, 268.6916, 361.2340, 239.7924, 351.7620
36 364 12.140000 248.1590, 330.9209, 277.0214, 339.9070, 272.2611, 355.1967, 243.3987, 346.2106
36 365 12.170000 250.7278, 327.3478, 279.6045, 335.8094, 275.1246, 351.0979, 246.2479, 342.6362
36 366 12.200000 253.6142, 323.9335, 282.3406, 332.2521, 277.9118, 347.5460, 249.1854, 339.2274
36 367 12.240000 257.5450, 319.9616, 286.1554, 327.8310, 281.9240, 343.2148, 253.3136, 335.3455
36 368 12.270000 260.5406, 317.3926, 289.1344, 324.7082, 285.1674, 340.2134, 256.5736, 332.8978
36 369 12.300000 263.8712, 314.8480, 292.2820, 322.0600, 288.3175, 337.6773, 259.9068, 330.4653
36 370 12.340000 268.4122, 311.8873, 296.6380, 318.7504, 292.7936, 334.5612, 264.5678, 327.6981
36 371 12.370000 271.8275, 310.0240, 300.0047, 316.3367, 296.4202, 332.3369, 268.2429, 326.0243
36 372 12.400000 275.6440, 308.0558, 303.5579, 314.4277, 299.8761, 330.5572, 271.9621, 324.1853
36 373 12.440000 280.7383, 305.8513, 308.4239, 311.9196, 304.8412, 328.2650, 277.1557, 322.1967
36 374 12.470000 284.5627, 304.4929, 312.1650, 310.0654, 308.8289, 326.5903, 281.2266, 321.0179
36 375 12.500000 288.7859, 302.9947, 316.0915, 308.6673, 312.6340, 325.3101, 285.3284, 319.6375
36 376 12.540000 294.3755, 301.4230, 321.4281, 306.8097, 318.0825, 323.6116, 291.0299, 318.2250
36 377 12.570000 298.5171, 300.5556, 325.5002, 305.3897, 322.4642, 322.3360, 295.4811, 317.5019
36 378 12.600000 303.0930, 299.5165, 329.9990, 304.5160, 326.8469, 321.4800, 299.9409, 316.4805
36 379 12.640000 309.1324, 298.4920, 336.0554, 303.2682, 333.0404, 320.2636, 306.1174, 315.4875
36 380 12.670000 313.6283, 297.9595, 340.6224, 302.2523, 337.9152, 319.2755, 310.9211, 314.9826
36 381 12.700000 318.4721, 297.2776, 345.4605, 301.6078, 342.7403, 318.5616, 315.7520, 314.2314
36 382 12.740000 324.8287, 296.6415, 351.9350, 300.6176, 349.4632, 317.4691, 322.3569, 313.4930
36 383 12.770000 329.4000, 296.3982, 356.7554, 299.6591, 354.7544, 316.4459, 327.3989, 313.1851
36 384 12.800000 334.2673, 295.8635, 361.8901, 299.1612, 359.9074, 315.7682, 332.2846, 312.4704
36 385 12.840000 340.7123, 295.4156, 368.6859, 298.1984, 367.0530, 314.6132, 339.0793, 311.8303
36 386 12.870000 345.5218, 295.2850, 373.7404, 297.2881, 372.5867, 313.5421, 344.3681, 311.5390
36 387 12.900000 350.5898, 294.8046, 379.0893, 296.8302, 377.9524, 312.8266, 349.4529, 310.8010
36 388 12.940000 357.2414, 294.4906, 386.0873, 295.8788, 385.3349, 311.5117, 356.4891, 310.1235
36 389 12.970000 362.2201, 294.3385, 391.3164, 295.0342, 390.9481, 310.4382, 361.8518, 309.7425
36 390 13.000000 367.3400, 293.9703, 396.7351, 294.5544, 396.4351, 309.6511, 367.0400, 309.0670
36 391 13.040000 374.0991, 293.7534, 403.8511, 293.8347, 403.8107, 308.6281, 374.0587, 308.5468
36 392 13.070000 379.0508, 293.9611, 409.0363, 293.1554, 409.4296, 307.7941, 379.4442, 308.5998
36 393 13.100000 384.1472, 293.9106, 414.4206, 293.0392, 414.8367, 307.4967, 384.5633, 308.3680
36 394 13.140000 390.7694, 294.2533, 421.3748, 292.7203, 422.0926, 307.0486, 391.4872, 308.5816
36 395 13.170000 395.6453, 294.7117, 426.4575, 292.4733, 427.4955, 306.7625, 396.6834, 309.0009
36 396 13.200000 400.5631, 294.9776, 431.6495, 292.6527, 432.7143, 306.8899, 401.6279, 309.2148
36 397 13.240000 406.9324, 295.6496, 438.3157, 292.7944, 439.6128, 307.0511, 408.2294, 309.9063
36 398 13.270000 411.5506, 296.4263, 443.0805, 292.7928, 444.7329, 307.1314, 413.2030, 310.7649
36 399 13.300000 416.1740, 296.9877, 447.9457, 293.2578, 449.6359, 307.6549, 417.8642, 311.3848
36 400 13.340000 422.0936, 298.0997, 454.0793, 293.7500, 456.0626, 308.3347, 424.0769, 312.6844
36 401 13.370000 426.3437, 299.2277, 458.3833, 294.0388, 460.7799, 308.8372, 428.7403, 314.0261
36 402 13.400000 430.5556, 300.1638, 462.7881, 294.8477, 465.2595, 309.8327, 433.0271, 315.1488
36 403 13.440000 435.8909, 301.8536, 468.2379, 295.8854, 471.0655, 311.2104, 438.7185, 317.1786
36 404 13.470000 439.6751, 303.4632, 471.9668, 296.6350, 475.2764, 312.2871, 442.9848, 319.1153
36 405 13.500000 443.3455, 304.9387, 475.7174, 297.7932, 479.2434, 313.7676, 446.8716, 320.9130
36 406 13.540000 447.8594, 307.0673, 480.2003, 299.1551, 484.2139, 315.5605, 451.8730, 323.4727
36 407 13.570000 450.9248, 308.7052, 483.1427, 299.9965, 487.6439, 316.6486, 455.4260, 325.3574
36 408 13.600000 453.8138, 309.7524, 486.3394, 301.3433, 490.6852, 318.1522, 458.1596, 326.5614
36 409 13.640000 457.1748, 311.3366, 489.8617, 302.6929, 494.3536, 319.6795, 461.6667, 328.3232
36 410 13.670000 459.3229, 312.7130, 491.8936, 303.3436, 496.8140, 320.4483, 464.2434, 329.8178
36 411 13.700000 461.2549, 313.6330, 494.0905, 304.4137, 498.9062, 321.5653, 466.0705, 330.7846
36 412 13.740000 463.3119, 315.1691, 496.1501, 305.3600, 501.2877, 322.5594, 468.4495, 332.3685
36 413 13.770000 464.4535, 316.6141, 496.9404, 305.6629, 502.7481, 322.8915, 470.2612, 333.8427
36 414 13.800000 465.3325, 317.5839, 497.9260, 306.4481, 503.8029, 323.6493, 471.2095, 334.7851
36 415 13.840000 465.9466, 319.0069, 498.4883, 307.2803, 504.6692, 324.4326, 472.1275, 336.1592
36 416 13.870000 465.9731, 320.2049, 498.2859, 307.7231, 504.8905, 324.8208, 472.5776, 337.3026
36 417 13.900000 465.6710, 320.8777, 498.3544, 308.7184, 504.6735, 325.7035, 471.9901, 337.8629
36 418 13.940000 464.6453, 321.9949, 497.5119, 309.7266, 503.7917, 326.5500, 470.9251, 338.8183
36 419 13.970000 463.4122, 322.9226, 496.2579, 310.3085, 502.6742, 327.0159, 469.8285, 339.6300
36 420 14.000000 461.8307, 323.4581, 495.1210, 311.3436, 501.1330, 327.8644, 467.8427, 339.9789
36 421 14.040000 459.1608, 324.4168, 492.7803, 312.5918, 498.5113, 328.8855, 464.8918, 340.7105
36 422 14.070000 456.7495, 325.3280, 490.4172, 313.4244, 496.1582, 329.6621, 462.4905, 341.5657
36 423 14.100000 454.0647, 325.9515, 488.1656, 314.8251, 493.4262, 330.9481, 459.3253, 342.0745
36 424 14.140000 449.9910, 327.1075, 484.3864, 316.5929, 489.3002, 332.6668, 454.9048, 343.1815
36 425 14.170000 446.5742, 328.2658, 480.9767, 317.8181, 485.8696, 333.9297, 451.4671, 344.3774
36 426 14.200000 442.9549, 329.1462, 477.7296, 319.7160, 482.0779, 335.7505, 447.3031, 345.1807
36 427 14.240000 437.6981, 330.7914, 472.6469, 322.1033, 476.6374, 338.1552, 441.6886, 346.8434
36 428 14.270000 433.4670, 332.3129, 468.4080, 323.9247, 472.2834, 340.0676, 437.3425, 348.4559
36 429 14.300000 429.1010, 333.7167, 464.2561, 326.3713, 467.6295, 342.5163, 432.4744, 349.8617
36 430 14.340000 422.9717, 336.1113, 458.2098, 329.7641, 461.1344, 346.0004, 425.8962, 352.3476
36 431 14.370000 418.1700, 338.3383, 453.3562, 332.4827, 456.0811, 348.8567, 420.8950, 354.7124
36 432 14.400000 413.3303, 340.6190, 448.6070, 335.9413, 450.7867, 352.3796, 415.5100, 357.0573
36 433 14.440000 406.6914, 344.4283, 441.9289, 340.9710, 443.5609, 357.6044, 408.3233, 361.0616
36 434 14.470000 401.5970, 347.8697, 436.7251, 345.1348, 438.0372, 361.9875, 402.9090, 364.7224
36 435 14.500000 396.4986, 351.4871, 431.5506, 349.8612, 432.3406, 366.8937, 397.2887, 368.5196
36 436 14.540000 389.5403, 356.3663, 424.3992, 355.9034, 424.6292, 373.2211, 389.7702, 373.6840
36 437 14.570000 384.1889, 359.8294, 418.8486, 359.8833, 418.8214, 377.4243, 384.1617, 377.3704
36 438 14.600000 378.9315, 362.6893, 413.4399, 363.8501, 412.8459, 381.5081, 378.3375, 380.3473
36 439 14.640000 371.8298, 366.2105, 406.0693, 368.3155, 404.9726, 386.1554, 370.7330, 384.0504
36 440 14.670000 366.4175, 368.7265, 400.4228, 370.9895, 399.2255, 388.9825, 365.2201, 386.7195
36 441 14.700000 361.2700, 370.5047, 395.0705, 373.7926, 393.3084, 391.9075, 359.5079, 388.6195
36 442 14.740000 354.3206, 372.8413, 387.8214, 376.6304, 385.7581, 394.8732, 352.2573, 391.0841
36 443 14.770000 349.0655, 374.5225, 382.3386, 378.0985, 380.3636, 396.4747, 347.0905, 392.8987
36 444 14.800000 344.1760, 375.4946, 377.2262, 379.8147, 374.8168, 398.2476, 341.7666, 393.9275
36 445 14.840000 337.6201, 376.7696, 370.3754, 381.2645, 367.8327, 399.7942, 335.0773, 395.2993
36 446 14.870000 332.6907, 377.6882, 365.2319, 381.7548, 362.9024, 400.3953, 330.3613, 396.3287
36 447 14.900000 328.1572, 377.9432, 360.4891, 382.5412, 357.8360, 401.1970, 325.5041, 396.5990
36 448 14.940000 322.1118, 378.2520, 354.1800, 382.8394, 351.5026, 401.5556, 319.4344, 396.9682
36 449 14.970000 317.5787, 378.4695, 349.4610, 382.5318, 347.0683, 401.3100, 315.1861, 397.2476
