80 0 0.010000 249.1927, 343.2064, 268.9927, 343.8689, 268.6245, 354.8758, 248.8244, 354.2132
80 1 0.040000 249.1721, 343.6893, 268.9734, 344.3515, 268.6047, 355.3737, 248.8035, 354.7115
80 2 0.070000 249.1264, 344.7635, 268.9302, 345.4253, 268.5608, 356.4817, 248.7569, 355.8199
80 3 0.110000 249.0261, 347.1165, 268.8358, 347.7772, 268.4645, 358.9084, 248.6549, 358.2477
80 4 0.140000 248.9215, 349.5725, 268.7372, 350.2320, 268.3641, 361.4414, 248.5484, 360.7818
80 5 0.170000 248.7915, 352.6218, 268.6147, 353.2799, 268.2394, 364.5864, 248.4162, 363.9282
80 6 0.200000 248.6412, 356.2287, 268.4699, 356.8915, 268.0859, 368.3800, 248.2572, 367.7173
80 7 0.240000 248.6294, 360.1054, 268.3716, 361.1092, 267.6666, 374.9747, 247.9244, 373.9708
80 8 0.270000 248.5554, 362.7378, 268.3270, 363.8491, 267.4868, 378.7978, 247.7151, 377.6864
80 9 0.310000 248.4343, 365.3568, 268.2879, 366.4651, 267.4097, 382.1977, 247.5561, 381.0894
80 10 0.340000 248.3318, 366.6475, 268.2790, 367.6884, 267.4432, 383.7062, 247.4960, 382.6653
80 11 0.370000 248.2008, 367.5678, 268.2698, 368.4802, 267.5434, 384.4566, 247.4745, 383.5442
80 12 0.400000 248.0755, 368.0651, 268.2695, 368.8522, 267.6483, 384.7906, 247.4542, 384.0034
80 13 0.440000 247.9011, 368.3989, 268.2538, 369.0168, 267.7788, 384.6629, 247.4261, 384.0451
80 14 0.470000 247.7928, 368.5040, 268.2229, 369.0380, 267.8247, 384.2750, 247.3946, 383.7410
80 15 0.500000 247.6194, 368.3751, 268.1945, 368.7723, 267.9017, 383.9419, 247.3266, 383.5448
80 16 0.540000 247.3552, 368.4273, 268.0898, 368.5860, 267.9771, 383.3129, 247.2424, 383.1541
80 17 0.570000 247.1554, 368.7434, 267.9807, 368.7456, 267.9792, 382.7303, 247.1539, 382.7281
80 18 0.610000 246.8410, 369.1596, 267.7924, 368.9346, 267.9346, 382.1828, 246.9832, 382.4078
80 19 0.640000 246.5265, 369.4727, 267.6334, 369.0478, 267.8914, 381.8682, 246.7845, 382.2931
80 20 0.670000 246.1736, 369.9429, 267.4410, 369.3007, 267.8059, 381.3860, 246.5385, 382.0283
80 21 0.700000 245.8047, 370.1774, 267.2078, 369.3610, 267.6536, 381.0480, 246.2505, 381.8644
80 22 0.740000 245.2593, 370.4227, 266.8329, 369.3962, 267.3545, 380.3579, 245.7809, 381.3845
80 23 0.770000 244.8112, 370.5803, 266.5114, 369.4331, 267.0446, 379.5190, 245.3443, 380.6661
80 24 0.800000 244.3056, 370.2256, 266.1062, 368.9508, 266.6830, 378.8137, 244.8824, 380.0885
80 25 0.840000 243.5265, 369.0106, 265.4600, 367.6121, 266.0957, 377.5828, 244.1622, 378.9812
80 26 0.870000 242.8533, 367.4484, 264.8724, 365.9677, 265.6075, 376.8995, 243.5884, 378.3802
80 27 0.900000 242.1646, 365.9902, 264.2571, 364.4838, 265.0104, 375.5314, 242.9179, 377.0378
80 28 0.940000 241.1386, 363.2789, 263.3166, 361.7639, 264.1229, 373.5663, 241.9448, 375.0812
80 29 0.970000 240.3038, 360.8578, 262.5528, 359.3784, 263.3849, 371.8931, 241.1359, 373.3725
80 30 1.000000 239.4670, 358.6536, 261.7654, 357.2536, 262.5472, 369.7045, 240.2487, 371.1045
80 31 1.040000 238.2612, 355.4257, 260.6392, 354.1501, 261.3803, 367.1518, 239.0023, 368.4274
80 32 1.070000 237.3142, 353.0558, 259.7448, 351.8840, 260.4593, 365.5615, 238.0287, 366.7333
80 33 1.110000 236.0168, 350.3818, 258.5201, 349.3636, 259.1659, 363.6360, 236.6626, 364.6542
80 34 1.140000 235.0259, 348.7590, 257.5844, 347.8799, 258.1482, 362.3478, 235.5897, 363.2270
80 35 1.170000 234.0077, 347.2958, 256.6131, 346.5390, 257.1093, 361.3596, 234.5039, 362.1163
80 36 1.210000 232.6321, 345.8471, 255.2926, 345.2618, 255.6794, 360.2393, 233.0190, 360.8246
80 37 1.240000 231.5882, 345.1503, 254.2808, 344.6907, 254.5812, 359.5281, 231.8887, 359.9876
80 38 1.270000 230.5334, 344.5555, 253.2528, 344.2271, 253.4686, 359.1611, 230.7492, 359.4895
80 39 1.310000 229.1224, 344.2668, 251.8658, 344.1212, 251.9603, 358.8767, 229.2168, 359.0223
80 40 1.340000 228.0645, 344.4189, 250.8182, 344.4266, 250.8133, 358.8444, 228.0596, 358.8367
80 41 1.370000 227.0035, 344.7267, 249.7551, 344.8769, 249.6609, 359.1443, 226.9093, 358.9941
80 42 1.410000 225.5956, 345.6657, 248.3281, 346.0216, 248.1126, 359.7855, 225.3801, 359.4296
80 43 1.440000 224.5485, 346.7498, 247.2504, 347.2735, 246.9466, 360.4421, 224.2447, 359.9184
80 44 1.470000 223.5125, 347.9334, 246.1730, 348.6270, 245.7820, 361.4000, 223.1215, 360.7064
80 45 1.510000 222.1680, 349.7906, 244.7466, 350.7364, 244.2442, 362.7294, 221.6656, 361.7836
80 46 1.540000 221.1859, 351.2560, 243.6805, 352.3431, 243.1388, 363.5526, 220.6442, 362.4656
80 47 1.570000 220.2354, 352.3894, 242.6452, 353.5441, 242.0855, 364.4067, 219.6757, 363.2520
80 48 1.610000 219.0516, 353.6752, 241.3453, 354.9831, 240.7464, 365.1910, 218.4527, 363.8831
80 49 1.640000 218.2359, 354.5182, 240.4155, 355.9834, 239.7702, 365.7510, 217.5906, 364.2858
80 50 1.670000 217.4935, 354.6773, 239.5797, 356.2979, 238.8449, 366.3119, 216.7587, 364.6912
80 51 1.710000 216.6287, 354.4827, 238.5532, 356.3236, 237.6651, 366.9009, 215.7406, 365.0601
80 52 1.740000 216.0828, 353.9261, 237.8692, 355.9203, 236.8231, 367.3490, 215.0366, 365.3548
80 53 1.770000 215.5720, 353.5467, 237.2329, 355.7273, 236.0712, 367.2669, 214.4103, 365.0863
80 54 1.810000 215.0526, 352.5220, 236.5152, 354.9644, 235.1269, 367.1643, 213.6642, 364.7218
80 55 1.840000 214.7792, 351.4894, 236.0679, 354.1268, 234.4767, 366.9706, 213.1880, 364.3331
80 56 1.870000 214.5353, 350.5698, 235.6807, 353.3967, 233.9509, 366.3359, 212.8055, 363.5090
80 57 1.910000 214.3623, 348.9730, 235.3028, 352.0146, 233.3609, 365.3836, 212.4205, 362.3420
80 58 1.940000 214.3363, 347.4916, 235.1341, 350.6706, 233.0024, 364.6169, 212.2046, 361.4379
80 59 1.970000 214.3523, 346.2041, 235.0229, 349.5253, 232.7879, 363.4355, 212.1173, 360.1143
80 60 2.010000 214.5085, 344.2796, 235.0215, 347.7661, 232.6197, 361.8972, 212.1068, 358.4107
80 61 2.040000 214.7072, 342.7559, 235.1262, 346.3311, 232.5725, 360.9160, 212.1535, 357.3408
80 62 2.070000 214.9546, 341.5016, 235.2579, 345.1708, 232.6046, 359.8533, 212.3012, 356.1841
80 63 2.110000 215.3923, 339.9020, 235.5489, 343.6868, 232.7297, 358.7013, 212.5731, 354.9166
80 64 2.140000 215.7996, 338.7692, 235.8540, 342.6288, 232.8929, 358.0148, 212.8385, 354.1553
80 65 2.170000 216.2399, 337.9143, 236.1849, 341.8291, 233.1599, 357.2410, 213.2149, 353.3262
80 66 2.210000 216.9437, 336.8129, 236.7581, 340.7903, 233.6177, 356.4347, 213.8033, 352.4573
80 67 2.240000 217.5580, 335.9898, 237.2935, 339.9937, 234.0454, 356.0035, 214.3100, 351.9996
80 68 2.270000 218.2023, 335.3888, 237.8720, 339.3912, 234.5961, 355.4900, 214.9264, 351.4876
80 69 2.310000 219.1727, 334.6116, 238.7809, 338.5879, 235.4557, 354.9855, 215.8474, 351.0092
80 70 2.340000 219.9718, 334.0852, 239.5606, 338.0251, 236.2069, 354.6991, 216.6181, 350.7592
80 71 2.370000 220.7937, 333.8045, 240.3744, 337.6770, 237.0883, 354.2930, 217.5075, 350.4204
80 72 2.410000 222.0014, 333.4764, 241.5938, 337.2559, 238.3836, 353.8972, 218.7912, 350.1177
80 73 2.440000 222.9771, 333.2395, 242.6082, 336.9205, 239.4538, 353.7432, 219.8227, 350.0623
80 74 2.470000 223.9772, 333.2795, 243.6510, 336.8463, 240.6371, 353.4701, 220.9633, 349.9033
80 75 2.510000 225.3877, 333.4087, 245.1592, 336.7876, 242.3279, 353.3547, 222.5564, 349.9758
80 76 2.540000 226.5062, 333.6330, 246.3590, 336.8609, 243.6562, 353.4840, 223.8034, 350.2561
80 77 2.570000 227.6416, 334.2080, 247.5717, 337.2726, 245.0583, 353.6180, 225.1282, 350.5535
80 78 2.610000 229.2244, 335.1744, 249.2662, 338.0006, 246.9848, 354.1787, 226.9431, 351.3526
80 79 2.640000 230.4609, 336.0741, 250.5904, 338.7202, 248.4674, 354.8713, 228.3378, 352.2252
80 80 2.670000 231.7223, 337.2911, 251.9261, 339.7461, 249.9952, 355.6370, 229.7913, 353.1820
80 81 2.710000 233.4642, 339.1391, 253.7702, 341.3375, 252.0682, 357.0580, 231.7622, 354.8595
80 82 2.740000 234.8123, 340.6993, 255.1949, 342.7080, 253.6442, 358.4426, 233.2616, 356.4339
80 83 2.770000 236.1764, 342.6246, 256.6229, 344.4341, 255.2528, 359.9151, 234.8063, 358.1056
80 84 2.800000 237.5750, 344.6628, 258.0881, 346.2850, 256.8639, 361.7662, 236.3508, 360.1441
80 85 2.840000 239.4688, 347.8895, 260.0677, 349.2738, 259.0389, 364.5825, 238.4400, 363.1981
80 86 2.870000 240.8997, 350.7059, 261.5643, 351.8932, 260.6975, 366.9789, 240.0330, 365.7916
80 87 2.900000 242.3457, 353.7250, 263.0745, 354.7223, 262.3482, 369.8177, 241.6195, 368.8204
80 88 2.940000 244.2625, 358.3178, 265.0933, 359.0608, 264.5582, 374.0626, 243.7274, 373.3196
80 89 2.970000 245.7018, 362.1582, 266.6105, 362.7043, 266.2226, 377.5537, 245.3139, 377.0076
80 90 3.000000 247.1538, 366.0791, 268.1353, 366.4288, 267.8864, 381.3610, 246.9049, 381.0113
80 91 3.040000 249.1153, 371.3215, 270.1919, 371.4559, 270.0966, 386.3906, 249.0200, 386.2562
80 92 3.070000 250.5936, 375.1533, 271.7368, 375.1260, 271.7559, 389.8747, 250.6127, 389.9020
80 93 3.100000 252.1396, 378.4746, 273.3094, 378.4112, 273.3544, 393.4344, 252.1846, 393.4978
80 94 3.140000 254.1119, 382.6142, 275.3850, 382.3588, 275.5702, 397.7871, 254.2971, 398.0425
80 95 3.170000 255.6250, 385.6715, 276.9627, 385.3692, 277.1787, 400.6226, 255.8411, 400.9249
80 96 3.200000 257.1228, 388.1946, 278.5379, 387.8467, 278.7944, 403.6375, 257.3794, 403.9854
80 97 3.240000 259.1210, 391.5486, 280.6407, 391.1809, 280.9137, 407.1598, 259.3941, 407.5275
80 98 3.270000 260.6125, 394.0863, 282.2082, 393.7063, 282.4849, 409.4352, 260.8893, 409.8152
80 99 3.300000 262.0949, 396.1648, 283.7784, 395.7937, 284.0542, 411.9067, 262.3707, 412.2778
80 100 3.340000 264.0714, 398.9876, 285.8990, 398.6497, 286.1483, 414.7596, 264.3208, 415.0974
80 101 3.370000 265.5391, 401.1364, 287.5246, 400.8123, 287.7572, 416.5931, 265.7717, 416.9172
80 102 3.400000 267.0089, 402.8631, 289.1499, 402.5801, 289.3551, 418.6350, 267.2141, 418.9181
80 103 3.440000 268.9668, 405.2228, 291.3212, 404.9981, 291.4817, 420.9597, 269.1273, 421.1844
80 104 3.470000 270.4401, 407.0061, 292.9567, 406.8349, 293.0752, 422.4209, 270.5586, 422.5921
80 105 3.500000 271.9019, 408.4052, 294.5805, 408.2752, 294.6707, 424.0059, 271.9920, 424.1358
80 106 3.540000 273.8571, 410.1882, 296.7530, 410.1112, 296.8053, 425.6536, 273.9094, 425.7307
80 107 3.570000 275.3429, 411.4437, 298.4002, 411.4265, 298.4114, 426.4759, 275.3541, 426.4931
80 108 3.600000 276.8214, 412.1368, 300.0419, 412.1582, 300.0278, 427.4078, 276.8073, 427.3863
80 109 3.640000 278.8173, 412.9019, 302.2521, 412.9827, 302.2002, 428.0342, 278.7654, 427.9534
80 110 3.670000 280.3255, 413.3912, 303.9158, 413.5099, 303.8430, 427.9695, 280.2527, 427.8508
80 111 3.700000 281.8349, 413.2437, 305.5851, 413.3713, 305.5066, 427.9938, 281.7563, 427.8662
80 112 3.740000 283.8648, 412.8620, 307.8201, 412.9812, 307.7491, 427.2637, 283.7938, 427.1446
80 113 3.770000 285.4095, 412.4296, 309.5082, 412.5504, 309.4404, 426.0880, 285.3417, 425.9673
80 114 3.800000 286.9521, 411.2147, 311.2002, 411.2961, 311.1543, 424.9902, 286.9061, 424.9088
80 115 3.840000 289.0317, 409.3176, 313.4605, 409.3627, 313.4362, 422.5547, 289.0074, 422.5097
80 116 3.870000 290.5952, 407.6250, 315.1465, 407.5929, 315.1627, 419.9696, 290.6114, 420.0017
80 117 3.900000 292.1246, 405.0427, 316.8257, 404.9228, 316.8860, 417.3495, 292.1849, 417.4694
80 118 3.940000 294.1476, 400.7375, 319.0493, 400.5091, 319.1624, 412.8463, 294.2607, 413.0747
80 119 3.970000 295.6569, 396.5900, 320.6917, 396.3158, 320.8366, 409.5384, 295.8017, 409.8127
80 120 4.000000 297.1525, 392.8402, 322.3234, 392.5063, 322.4938, 405.3513, 297.3229, 405.6852
80 121 4.040000 299.1060, 387.2089, 324.4641, 386.7966, 324.6859, 400.4382, 299.3278, 400.8505
80 122 4.070000 300.5414, 383.0589, 326.0317, 382.5870, 326.3021, 397.1959, 300.8118, 397.6677
80 123 4.100000 301.9487, 379.4080, 327.5689, 378.8685, 327.8879, 394.0140, 302.2677, 394.5536
80 124 4.140000 303.7875, 374.8494, 329.5598, 374.2320, 329.9442, 390.2805, 304.1720, 390.8978
80 125 4.170000 305.1222, 371.6378, 331.0045, 370.9551, 331.4491, 387.8086, 305.5667, 388.4913
80 126 4.200000 306.4229, 368.8985, 332.3997, 368.1388, 332.9002, 385.2545, 306.9234, 386.0141
80 127 4.240000 308.0938, 365.4338, 334.1786, 364.5763, 334.7569, 382.1700, 308.6721, 383.0275
80 128 4.270000 309.3060, 362.9350, 335.4481, 362.0309, 336.0723, 380.0778, 309.9301, 380.9819
80 129 4.300000 310.4756, 360.8147, 336.6618, 359.8666, 337.3125, 377.8370, 311.1262, 378.7851
80 130 4.340000 311.9651, 358.0961, 338.1731, 357.1092, 338.8482, 375.0375, 312.6402, 376.0244
80 131 4.370000 313.0083, 356.0122, 339.2209, 354.9998, 339.9220, 373.1518, 313.7093, 374.1642
80 132 4.400000 314.0100, 354.3930, 340.1993, 353.3424, 340.9059, 370.9562, 314.7166, 372.0068
80 133 4.440000 315.2682, 352.0496, 341.4047, 351.0220, 342.0875, 368.3903, 315.9510, 369.4178
80 134 4.470000 316.1593, 350.3391, 342.2179, 349.3520, 342.8708, 366.5871, 316.8122, 367.5743
80 135 4.500000 316.9963, 348.9264, 342.9753, 347.9888, 343.5786, 364.7058, 317.5996, 365.6434
80 136 4.540000 318.0187, 347.2847, 343.8720, 346.3983, 344.4244, 362.5089, 318.5711, 363.3954
80 137 4.570000 318.7433, 346.1847, 344.4974, 345.4081, 344.9756, 361.2661, 319.2215, 362.0427
80 138 4.600000 319.4275, 345.5651, 345.0764, 344.9149, 345.4594, 360.0232, 319.8105, 360.6734
80 139 4.640000 320.2826, 344.9342, 345.7861, 344.5260, 346.0160, 358.8886, 320.5124, 359.2968
80 140 4.670000 320.8665, 344.5957, 346.2641, 344.3676, 346.3903, 358.4140, 320.9926, 358.6421
80 141 4.700000 321.4116, 344.7225, 346.6983, 344.6790, 346.7211, 357.9007, 321.4344, 357.9442
80 142 4.740000 322.0733, 344.9635, 347.2300, 345.1695, 347.1268, 357.7797, 321.9701, 357.5738
80 143 4.770000 322.5479, 345.3073, 347.6014, 345.7437, 347.3879, 358.0034, 322.3344, 357.5670
80 144 4.800000 322.9908, 345.9457, 347.9617, 346.6439, 347.6212, 358.8227, 322.6503, 358.1245
80 145 4.840000 323.5844, 346.4614, 348.4325, 347.5092, 347.8926, 360.3128, 323.0445, 359.2650
80 146 4.870000 324.0069, 347.2951, 348.7834, 348.6056, 348.1005, 361.5166, 323.3240, 360.2061
80 147 4.900000 324.4480, 348.1153, 349.1475, 349.6992, 348.2799, 363.2291, 323.5804, 361.6452
80 148 4.940000 325.0404, 349.7500, 349.6575, 351.7339, 348.5297, 365.7285, 323.9126, 363.7447
80 149 4.970000 325.5025, 351.2718, 350.0581, 353.5583, 348.7297, 367.8244, 324.1741, 365.5378
80 150 5.000000 326.0013, 352.7962, 350.5072, 355.3791, 348.9437, 370.2122, 324.4379, 367.6292
80 151 5.040000 326.7146, 355.0011, 351.1669, 357.9180, 349.3442, 373.1974, 324.8920, 370.2805
80 152 5.070000 327.3088, 356.7671, 351.7187, 359.9288, 349.7591, 375.0586, 325.3491, 371.8969
80 153 5.100000 327.9984, 358.2047, 352.3707, 361.5723, 350.2414, 376.9829, 325.8691, 373.6154
80 154 5.140000 329.0421, 360.0942, 353.3573, 363.7295, 351.0460, 379.1894, 326.7307, 375.5542
80 155 5.170000 329.8896, 361.5890, 354.1745, 365.3786, 351.8110, 380.5244, 327.5261, 376.7348
80 156 5.200000 330.8759, 362.7120, 355.1133, 366.6132, 352.6240, 382.0788, 328.3866, 378.1776
80 157 5.240000 332.2906, 364.3138, 356.4784, 368.2937, 353.9168, 383.8622, 329.7290, 379.8824
80 158 5.270000 333.4326, 365.5994, 357.5906, 369.6040, 355.0340, 385.0270, 330.8760, 381.0224
80 159 5.300000 334.7132, 366.5675, 358.8233, 370.5477, 356.1926, 386.4833, 332.0825, 382.5030
80 160 5.340000 336.5155, 368.0513, 360.5807, 371.9567, 357.9368, 388.2489, 333.8715, 384.3435
80 161 5.370000 337.9155, 369.4006, 361.9421, 373.1949, 359.3834, 389.3973, 335.3568, 385.6030
80 162 5.400000 339.4149, 370.6233, 363.4014, 374.2596, 360.8977, 390.7751, 336.9111, 387.1388
80 163 5.440000 341.4629, 372.5621, 365.3898, 375.9033, 363.0735, 392.4908, 339.1466, 389.1497
80 164 5.470000 343.0479, 374.2666, 366.9318, 377.3879, 364.8040, 393.6698, 340.9201, 390.5485
80 165 5.500000 344.7132, 375.7858, 368.5498, 378.6422, 366.5768, 395.1066, 342.7401, 392.2502
80 166 5.540000 347.0092, 377.9542, 370.7954, 380.5012, 369.0536, 396.7680, 345.2674, 394.2210
80 167 5.570000 348.7617, 379.5585, 372.5289, 381.8130, 371.0084, 397.8415, 347.2413, 395.5870
80 168 5.600000 350.5911, 380.8412, 374.3089, 382.7965, 372.9681, 399.0606, 349.2503, 397.1053
80 169 5.640000 353.0365, 382.5898, 376.7173, 384.1018, 375.6777, 400.3853, 351.9969, 398.8733
80 170 5.670000 354.8913, 384.0017, 378.5570, 385.2205, 377.7388, 401.1075, 354.0732, 399.8888
80 171 5.700000 356.7676, 385.0563, 380.4096, 385.9712, 379.7865, 402.0723, 356.1445, 401.1573
80 172 5.740000 359.2646, 386.5141, 382.8897, 387.0695, 382.5117, 403.1512, 358.8866, 402.5959
80 173 5.770000 361.1084, 387.6964, 384.7282, 387.9581, 384.5529, 403.7804, 360.9331, 403.5187
80 174 5.800000 362.9428, 388.5939, 386.5441, 388.5880, 386.5481, 404.6495, 362.9468, 404.6555
80 175 5.840000 365.3198, 389.9661, 388.9032, 389.5645, 389.1761, 405.5880, 365.5927, 405.9896
80 176 5.870000 367.0605, 391.1089, 390.6551, 390.4517, 391.0931, 406.1756, 367.4985, 406.8328
80 177 5.900000 368.7610, 392.0040, 392.3519, 391.1235, 392.9460, 407.0407, 369.3551, 407.9212
80 178 5.940000 370.9501, 393.3690, 394.5813, 392.2608, 395.3229, 408.0747, 371.6916, 409.1829
80 179 5.970000 372.5277, 394.4996, 396.1803, 393.2146, 397.0252, 408.7660, 373.3726, 410.0510
80 180 6.000000 374.0240, 395.3496, 397.7108, 393.9189, 398.6637, 409.6949, 374.9769, 411.1256
80 181 6.040000 375.9145, 396.4739, 399.6333, 394.8561, 400.7088, 410.6247, 376.9901, 412.2425
80 182 6.070000 377.2324, 397.3281, 400.9936, 395.5542, 402.1426, 410.9446, 378.3813, 412.7185
80 183 6.100000 378.4603, 397.6607, 402.2078, 395.7477, 403.4734, 411.4580, 379.7258, 413.3710
80 184 6.140000 379.9431, 398.0544, 403.6926, 395.9295, 405.1011, 411.6730, 381.3517, 413.7979
80 185 6.170000 380.9616, 398.3143, 404.6980, 396.0392, 406.1798, 411.4977, 382.4433, 413.7729
80 186 6.200000 381.8354, 398.1054, 405.5509, 395.6736, 407.1734, 411.4958, 383.4579, 413.9277
80 187 6.240000 382.8860, 397.8129, 406.5648, 395.2434, 408.2790, 411.0404, 384.6002, 413.6099
80 188 6.270000 383.5429, 397.6365, 407.1952, 394.8970, 408.9790, 410.2986, 385.3267, 413.0380
80 189 6.300000 384.0590, 397.0107, 407.6383, 394.1240, 409.5461, 409.7075, 385.9668, 412.5941
80 190 6.340000 384.5294, 396.1854, 407.9859, 392.9428, 410.1210, 408.3876, 386.6644, 411.6302
80 191 6.370000 384.7787, 395.5111, 408.1767, 392.1145, 410.3422, 407.0314, 386.9442, 410.4281
80 192 6.400000 384.8184, 394.1738, 408.1349, 390.6588, 410.4429, 405.9692, 387.1265, 409.4842
80 193 6.440000 384.7061, 392.3660, 407.9688, 388.8100, 410.2839, 403.9547, 387.0211, 407.5107
80 194 6.470000 384.4678, 390.9304, 407.6417, 387.3022, 409.9595, 402.1066, 386.7857, 405.7348
80 195 6.500000 384.0157, 389.1071, 407.1124, 385.3990, 409.5302, 400.4585, 386.4334, 404.1666
80 196 6.540000 383.2850, 386.9792, 406.2457, 383.1896, 408.7162, 398.1579, 385.7555, 401.9475
80 197 6.570000 382.6013, 385.5962, 405.5155, 381.7829, 407.9888, 396.6449, 385.0746, 400.4581
80 198 6.600000 381.8067, 384.2791, 404.6388, 380.4521, 407.1606, 395.4975, 384.3285, 399.3245
80 199 6.640000 380.6035, 382.9323, 403.3581, 379.1113, 405.8939, 394.2123, 383.1394, 398.0333
80 200 6.670000 379.6011, 382.2094, 402.3046, 378.4287, 404.8002, 393.4150, 382.0967, 397.1957
80 201 6.700000 378.4731, 381.5412, 401.1487, 377.8235, 403.6287, 392.9504, 380.9531, 396.6681
80 202 6.740000 376.8342, 380.9943, 399.4732, 377.4014, 401.8760, 392.5419, 379.2370, 396.1347
80 203 6.770000 375.5091, 380.9412, 398.1176, 377.4405, 400.4162, 392.2855, 377.8077, 395.7862
80 204 6.800000 374.0599, 380.8286, 396.6609, 377.4702, 398.8884, 392.4605, 376.2874, 395.8189
80 205 6.840000 372.0126, 381.1222, 394.6129, 377.9898, 396.6678, 392.8163, 374.0676, 395.9487
80 206 6.870000 370.3916, 381.6313, 392.9939, 378.6890, 394.8881, 393.2403, 372.2858, 396.1826
80 207 6.900000 368.6675, 382.1896, 391.2853, 379.4699, 393.0368, 394.0356, 370.4190, 396.7553
80 208 6.940000 366.2731, 383.3824, 388.9038, 380.9665, 390.4336, 395.2971, 367.8030, 397.7130
80 209 6.970000 364.3998, 384.5972, 387.0551, 382.4342, 388.3861, 396.3745, 365.7308, 398.5376
80 210 7.000000 362.4484, 385.7503, 385.1256, 383.8902, 386.2649, 397.7800, 363.5877, 399.6400
80 211 7.040000 359.7292, 387.3828, 382.4104, 385.8801, 383.3150, 399.5348, 360.6339, 401.0374
80 212 7.070000 357.5994, 388.6054, 380.2672, 387.3250, 381.0171, 400.5999, 358.3493, 401.8804
80 213 7.100000 355.4069, 389.3514, 378.0461, 388.3579, 378.6394, 401.8783, 356.0002, 402.8718
80 214 7.140000 352.4019, 390.4175, 375.0019, 389.7816, 375.3762, 403.0813, 352.7762, 403.7173
80 215 7.170000 350.1018, 391.2527, 372.6705, 390.8974, 372.8712, 403.6459, 350.3025, 404.0012
80 216 7.200000 347.7718, 391.6207, 370.2790, 391.5440, 370.3230, 404.4527, 347.8158, 404.5294
80 217 7.240000 344.6374, 392.0698, 367.0487, 392.3578, 366.8832, 405.2314, 344.4719, 404.9434
80 218 7.270000 342.2604, 392.4545, 364.5969, 392.9771, 364.3031, 405.5328, 341.9666, 405.0101
80 219 7.300000 339.8915, 392.3978, 362.1217, 393.1115, 361.7045, 406.1059, 339.4744, 405.3923
80 220 7.340000 336.7356, 392.4139, 358.8311, 393.3741, 358.2598, 406.5197, 336.1643, 405.5596
80 221 7.370000 334.3764, 392.4496, 356.3637, 393.5615, 355.7026, 406.6343, 333.7153, 405.5223
80 222 7.400000 332.0484, 392.1651, 353.9126, 393.3948, 353.1503, 406.9483, 331.2861, 405.7186
80 223 7.440000 328.9611, 391.8872, 350.6627, 393.2198, 349.8108, 407.0938, 328.1092, 405.7612
80 224 7.470000 326.6640, 391.7552, 348.2414, 393.1308, 347.3554, 407.0289, 325.7780, 405.6534
80 225 7.500000 324.3982, 391.3668, 345.8389, 392.7283, 344.9210, 407.1840, 323.4803, 405.8225
80 226 7.540000 321.4053, 391.0247, 342.6691, 392.3598, 341.7350, 407.2362, 320.4712, 405.9011
80 227 7.570000 319.1866, 390.9128, 340.3243, 392.2366, 339.3877, 407.1920, 318.2500, 405.8682
80 228 7.600000 317.0073, 390.6246, 338.0244, 391.9408, 337.0568, 407.3908, 316.0397, 406.0746
80 229 7.640000 314.1088, 390.4168, 334.9774, 391.7036, 333.9987, 407.5757, 313.1301, 406.2889
80 230 7.670000 311.8708, 390.4473, 332.7091, 391.7168, 331.7417, 407.5959, 310.9034, 406.3263
80 231 7.700000 309.6529, 390.2846, 330.4690, 391.5190, 329.4989, 407.8777, 308.6828, 406.6433
80 232 7.740000 306.7307, 390.3066, 327.5162, 391.5235, 326.5446, 408.1207, 305.7590, 406.9039
80 233 7.770000 304.5515, 390.4699, 325.3158, 391.6751, 324.3541, 408.2435, 303.5898, 407.0383
80 234 7.800000 302.3923, 390.4711, 323.1449, 391.6580, 322.1749, 408.6190, 301.4223, 407.4322
80 235 7.840000 299.5250, 390.7090, 320.2719, 391.8781, 319.3050, 409.0356, 298.5581, 407.8665
80 236 7.870000 297.3891, 391.0457, 318.1939, 392.2185, 317.2294, 409.3289, 296.4246, 408.1561
80 237 7.900000 295.2662, 391.2390, 316.1701, 392.4176, 315.1843, 409.9034, 294.2804, 408.7248
80 238 7.940000 292.4530, 391.6880, 313.4838, 392.8954, 312.4614, 410.7035, 291.4306, 409.4961
80 239 7.970000 290.3467, 392.1950, 311.4759, 393.4344, 310.4285, 411.2901, 289.2993, 410.0507
80 240 8.000000 288.2490, 392.6045, 309.4852, 393.8792, 308.3951, 412.0406, 287.1589, 410.7659
80 241 8.040000 285.4602, 393.1669, 306.8451, 394.4978, 305.7015, 412.8742, 284.3165, 411.5433
80 242 8.070000 283.3673, 393.5992, 304.8685, 394.9669, 303.7058, 413.2463, 282.2046, 411.8786
80 243 8.100000 281.2594, 393.7220, 302.9160, 395.0938, 301.7376, 413.6949, 280.0810, 412.3230
80 244 8.140000 278.4377, 393.8929, 300.3096, 395.2627, 299.1408, 413.9257, 277.2689, 412.5559
80 245 8.170000 276.2987, 394.0588, 298.3498, 395.4147, 297.2196, 413.7952, 275.1684, 412.4393
80 246 8.200000 274.1365, 393.8875, 296.3998, 395.1924, 295.3110, 413.7696, 273.0476, 412.4648
80 247 8.240000 271.2037, 393.6949, 293.7724, 394.8950, 292.7926, 413.3203, 270.2239, 412.1202
80 248 8.270000 268.9957, 393.5385, 291.7821, 394.6768, 290.8826, 412.6837, 268.0962, 411.5454
80 249 8.300000 266.7447, 392.9755, 289.7864, 394.0085, 288.9728, 412.1577, 265.9311, 411.1248
80 250 8.340000 263.7249, 392.1781, 287.0938, 393.1256, 286.3702, 410.9734, 263.0012, 410.0260
80 251 8.370000 261.3889, 391.4947, 285.0143, 392.3009, 284.4202, 409.7116, 260.7948, 408.9054
80 252 8.400000 259.0140, 390.3610, 282.9281, 391.0455, 282.4298, 408.4525, 258.5158, 407.7681
80 253 8.440000 255.8013, 388.5583, 280.0706, 389.0954, 279.6901, 406.2877, 255.4208, 405.7506
80 254 8.470000 253.3759, 387.1218, 277.8817, 387.6258, 277.5415, 404.1651, 253.0357, 403.6611
80 255 8.500000 250.8503, 385.0270, 275.6581, 385.4421, 275.3754, 402.3389, 250.5676, 401.9238
80 256 8.540000 247.4175, 382.7138, 272.5790, 383.0131, 272.3845, 399.3597, 247.2230, 399.0604
80 257 8.570000 244.7984, 381.1721, 270.1955, 381.4084, 270.0491, 397.1414, 244.6520, 396.9050
80 258 8.600000 242.1017, 379.5597, 267.7623, 379.7203, 267.6654, 395.2053, 242.0048, 395.0448
80 259 8.640000 238.4269, 377.6795, 264.4142, 377.7436, 264.3775, 392.5994, 238.3902, 392.5353
80 260 8.670000 235.5997, 376.4009, 261.8290, 376.4339, 261.8112, 390.6217, 235.5818, 390.5888
80 261 8.700000 232.6918, 374.8676, 259.2077, 374.8649, 259.2091, 388.9245, 232.6932, 388.9272
80 262 8.740000 228.7090, 372.9510, 255.6537, 372.9360, 255.6613, 386.4932, 228.7165, 386.5082
80 263 8.770000 225.6340, 371.5998, 252.9348, 371.5766, 252.9457, 384.5024, 225.6450, 384.5256
80 264 8.800000 222.5317, 369.9021, 250.1373, 369.8782, 250.1484, 382.7330, 222.5428, 382.7569
80 265 8.840000 218.3019, 367.6961, 246.3530, 367.7200, 246.3425, 380.0146, 218.2914, 379.9907
80 266 8.870000 215.0576, 365.9632, 243.4757, 366.0326, 243.4474, 377.6398, 215.0293, 377.5704
80 267 8.900000 211.8144, 363.6604, 240.5377, 363.8061, 240.4786, 375.4689, 211.7553, 375.3233
80 268 8.940000 207.4367, 360.1159, 236.5978, 360.4011, 236.4780, 372.6495, 207.3169, 372.3643
80 269 8.970000 204.1276, 357.0740, 233.6363, 357.4874, 233.4522, 370.6283, 203.9435, 370.2149
80 270 9.000000 200.8428, 354.4458, 230.6262, 355.0103, 230.3791, 368.0497, 200.5957, 367.4852
80 271 9.040000 196.4478, 350.5722, 226.6482, 351.4758, 226.2338, 365.3256, 196.0334, 364.4220
80 272 9.070000 193.1402, 347.8317, 223.6621, 349.0185, 223.0919, 363.6827, 192.5700, 362.4959
80 273 9.100000 189.8507, 345.5661, 220.6530, 347.0803, 219.9144, 362.1029, 189.1122, 360.5886
80 274 9.140000 185.4781, 342.8803, 216.6461, 344.8210, 215.6728, 360.4526, 184.5048, 358.5120
80 275 9.170000 182.2471, 341.0787, 213.6784, 343.3992, 212.4858, 359.5525, 181.0545, 357.2319
80 276 9.200000 179.0762, 339.6802, 210.7226, 342.4334, 209.3079, 358.6941, 177.6615, 355.9409
80 277 9.240000 174.9589, 338.1073, 206.8681, 341.5188, 205.1147, 357.9188, 173.2055, 354.5073
80 278 9.270000 171.9683, 337.0537, 204.0534, 340.9467, 202.0207, 357.6995, 169.9356, 353.8065
80 279 9.300000 169.0493, 336.5397, 201.2560, 340.9329, 199.0142, 357.3680, 166.8074, 352.9747
80 280 9.340000 165.3529, 335.9769, 197.6785, 341.0755, 195.0903, 357.4848, 162.7647, 352.3861
80 281 9.370000 162.7251, 335.8150, 195.1072, 341.4864, 192.2403, 357.8559, 159.8581, 352.1845
80 282 9.400000 160.2300, 336.0517, 192.5899, 342.3505, 189.4799, 358.3277, 157.1201, 352.0289
80 283 9.440000 157.1136, 336.7680, 189.3879, 343.9224, 185.9655, 359.3608, 153.6913, 352.2064
80 284 9.470000 154.9686, 337.5116, 187.1366, 345.2952, 183.4592, 360.4928, 151.2913, 352.7092
80 285 9.500000 152.9964, 338.6509, 184.9587, 347.0955, 181.1392, 361.5523, 149.1768, 353.1077
80 286 9.540000 150.7538, 340.0858, 182.4259, 349.2501, 178.4597, 362.9574, 146.7876, 353.7932
80 287 9.570000 149.4326, 340.8761, 180.9200, 350.4047, 176.8336, 363.9082, 145.3463, 354.3796
80 288 9.600000 148.4591, 341.6788, 179.6461, 351.6525, 175.5570, 364.4388, 144.3700, 354.4651
80 289 9.640000 147.7450, 342.2796, 178.5401, 352.7667, 174.3827, 364.9749, 143.5876, 354.4878
80 290 9.670000 147.6306, 342.4683, 178.1440, 353.2313, 173.9281, 365.1835, 143.4147, 354.4204
80 291 9.700000 147.8295, 342.6560, 178.0334, 353.5635, 173.7083, 365.5401, 143.5045, 354.6327
80 292 9.740000 148.9877, 341.8729, 178.6895, 353.0117, 173.8885, 365.8138, 144.1866, 354.6749
80 293 9.770000 150.0538, 341.4448, 179.5189, 352.5913, 174.6571, 365.4432, 145.1920, 354.2967
80 294 9.800000 151.7427, 340.3989, 180.8029, 351.5392, 175.4992, 365.3741, 146.4391, 354.2338
80 295 9.840000 154.1843, 339.1992, 182.9534, 350.0077, 177.4852, 364.5623, 148.7162, 353.7538
80 296 9.870000 156.2879, 338.2834, 184.9008, 348.8614, 179.4597, 363.5793, 150.8467, 353.0012
80 297 9.900000 158.7599, 336.7718, 187.3355, 347.1556, 181.6271, 362.8649, 153.0514, 352.4812
80 298 9.940000 162.3625, 334.9930, 190.7889, 345.0697, 185.0802, 361.1742, 156.6537, 351.0974
80 299 9.970000 165.2131, 333.6938, 193.6088, 343.2864, 188.1082, 359.5692, 159.7124, 349.9766
80 300 10.000000 168.3001, 332.1745, 196.6992, 341.3172, 191.3105, 358.0559, 162.9113, 348.9133
80 301 10.040000 172.6557, 330.2883, 201.0106, 338.8132, 195.8185, 356.0829, 167.4636, 347.5580
80 302 10.070000 175.9840, 329.2099, 204.3185, 337.2194, 199.4128, 354.5741, 171.0782, 346.5646
80 303 10.100000 179.4817, 327.9859, 207.8062, 335.5287, 203.0264, 353.4775, 174.7019, 345.9346
80 304 10.140000 184.1792, 326.8172, 212.4977, 333.6600, 208.0926, 351.8904, 179.7740, 345.0476
80 305 10.170000 187.7898, 326.1285, 216.0689, 332.4454, 211.9899, 350.7061, 183.7108, 344.3892
80 306 10.200000 191.4946, 325.3230, 219.7678, 331.1625, 215.9262, 349.7624, 187.6530, 343.9229
80 307 10.240000 196.5181, 324.4758, 224.7329, 329.6841, 221.2764, 348.4092, 193.0616, 343.2008
80 308 10.270000 200.3142, 324.0472, 228.4806, 328.7789, 225.3775, 347.2505, 197.2111, 342.5188
80 309 10.300000 204.1727, 323.3845, 232.3197, 327.6439, 229.4883, 346.3539, 201.3413, 342.0945
80 310 10.340000 209.2897, 322.7954, 237.4258, 326.3391, 235.0924, 344.8654, 206.9563, 341.3216
80 311 10.370000 213.1701, 322.4540, 241.2581, 325.4866, 239.3008, 343.6150, 211.2128, 340.5824
80 312 10.400000 217.0701, 321.8272, 245.1465, 324.3537, 243.5046, 342.5999, 215.4282, 340.0734
80 313 10.440000 222.3071, 321.2045, 250.3105, 323.1461, 249.0780, 340.9224, 221.0746, 338.9808
80 314 10.470000 226.1634, 320.8883, 254.1283, 322.2149, 253.3110, 339.4434, 225.3461, 338.1168
80 315 10.500000 230.0119, 320.3157, 257.9695, 321.0760, 257.5027, 338.2392, 229.5452, 337.4790
80 316 10.540000 235.1362, 319.9437, 263.0146, 319.9620, 263.0037, 336.5382, 235.1254, 336.5199
80 317 10.570000 238.9908, 319.9844, 266.7577, 319.5106, 267.0271, 335.2966, 239.2602, 335.7703
80 318 10.600000 242.7976, 319.9072, 270.4723, 318.9720, 270.9971, 334.5001, 243.3223, 335.4353
80 319 10.640000 247.8433, 320.2178, 275.3479, 318.7167, 276.1547, 333.4985, 248.6501, 334.9996
80 320 10.670000 251.6042, 320.6317, 278.9493, 318.7820, 279.9045, 332.9032, 252.5593, 334.7529
80 321 10.700000 255.2771, 320.9411, 282.4978, 318.7803, 283.6028, 332.7008, 256.3822, 334.8616
80 322 10.740000 260.1129, 321.7120, 287.1349, 319.1965, 288.3738, 332.5045, 261.3517, 335.0200
80 323 10.770000 263.6449, 322.4859, 290.5477, 319.7695, 291.8300, 332.4688, 264.9272, 335.1852
80 324 10.800000 267.0869, 323.2025, 293.8843, 320.2941, 295.2438, 332.8197, 268.4463, 335.7281
80 325 10.840000 271.5637, 324.5093, 298.2318, 321.3813, 299.6474, 333.4497, 272.9792, 336.5778
80 326 10.870000 274.8248, 325.7123, 301.4027, 322.4289, 302.8354, 334.0266, 276.2575, 337.3100
80 327 10.900000 277.9945, 326.8392, 304.4540, 323.4451, 305.9436, 335.0580, 279.4842, 338.4521
80 328 10.940000 282.0630, 328.5065, 308.3759, 324.9917, 309.9578, 336.8341, 283.6449, 340.3489
80 329 10.970000 284.9961, 329.8914, 311.2018, 326.3042, 312.8960, 338.6808, 286.6903, 342.2681
80 330 11.000000 287.8680, 331.6019, 313.9472, 327.9586, 315.6967, 340.4818, 289.6175, 344.1251
80 331 11.040000 291.5124, 333.7474, 317.4333, 330.1168, 319.2293, 342.9396, 293.3084, 346.5702
80 332 11.070000 294.0488, 335.0581, 319.8407, 331.3868, 321.7432, 344.7521, 295.9513, 348.4234
80 333 11.100000 296.4873, 336.5715, 322.1664, 332.8685, 324.0635, 346.0241, 298.3843, 349.7270
80 334 11.140000 299.4475, 338.0493, 324.9422, 334.2214, 326.9697, 347.7251, 301.4750, 351.5529
80 335 11.170000 301.4450, 338.7104, 326.8450, 334.8432, 329.0100, 349.0634, 303.6101, 352.9306
80 336 11.200000 303.3980, 339.7533, 328.6745, 335.8872, 330.7902, 349.7202, 305.5138, 353.5863
80 337 11.240000 305.6824, 340.5479, 330.8234, 336.6782, 332.9861, 350.7288, 307.8451, 354.5985
80 338 11.270000 307.1849, 340.8991, 332.2321, 337.0076, 334.4688, 351.4035, 309.4216, 355.2951
80 339 11.300000 308.6013, 341.5018, 333.5413, 337.6101, 335.7193, 351.5674, 310.7793, 355.4592
80 340 11.340000 310.2031, 341.9919, 335.0151, 338.0756, 337.1671, 351.7098, 312.3551, 355.6262
80 341 11.370000 311.1975, 342.0651, 335.9359, 338.1810, 338.0794, 351.8335, 313.3409, 355.7175
80 342 11.400000 312.0975, 342.3972, 336.7547, 338.5583, 338.7673, 351.4855, 314.1102, 355.3245
80 343 11.440000 313.0343, 342.5105, 337.6163, 338.8181, 339.4514, 351.0350, 314.8693, 354.7274
80 344 11.470000 313.5294, 342.2883, 338.0672, 338.7440, 339.8070, 350.7886, 315.2691, 354.3329
80 345 11.500000 313.9234, 342.3604, 338.4183, 338.9400, 340.0378, 350.5386, 315.5429, 353.9590
80 346 11.540000 314.1316, 341.4136, 338.5705, 338.2591, 340.1427, 350.4385, 315.7037, 353.5931
80 347 11.570000 314.1384, 340.6415, 338.5516, 337.7114, 340.0598, 350.2777, 315.6466, 353.2078
80 348 11.600000 314.0248, 339.6706, 338.3834, 336.9909, 339.8356, 350.1911, 315.4770, 352.8708
80 349 11.640000 313.6472, 338.3399, 337.9795, 335.9108, 339.3764, 349.9039, 315.0441, 352.3330
80 350 11.670000 313.3178, 337.5879, 337.5715, 335.3957, 338.8249, 349.2633, 314.5712, 351.4554
80 351 11.700000 312.8053, 336.3214, 337.0315, 334.3228, 338.2426, 349.0031, 314.0163, 351.0017
80 352 11.740000 312.1103, 334.7100, 336.2253, 333.1769, 337.1883, 348.3241, 313.0733, 349.8573
80 353 11.770000 311.4902, 333.5748, 335.5352, 332.3603, 336.3024, 347.5505, 312.2574, 348.7650
80 354 11.800000 310.7980, 332.0904, 334.7528, 331.2043, 335.3358, 346.9641, 311.3809, 347.8502
80 355 11.840000 309.7648, 330.3032, 333.6103, 329.7669, 333.9688, 345.7098, 310.1233, 346.2460
80 356 11.870000 308.9823, 328.9255, 332.7078, 328.7334, 332.8361, 344.5804, 309.1106, 344.7725
80 357 11.900000 308.1881, 327.2367, 331.7837, 327.4491, 331.6386, 343.5590, 308.0430, 343.3466
80 358 11.940000 307.1476, 324.8425, 330.5380, 325.6731, 329.9582, 342.0019, 306.5678, 341.1713
80 359 11.970000 306.3385, 323.2413, 329.5724, 324.4873, 328.7184, 340.4112, 305.4845, 339.1652
80 360 12.000000 305.5582, 321.2257, 328.6368, 322.8963, 327.4602, 339.1505, 304.3816, 337.4799
80 361 12.040000 304.4704, 319.0393, 327.3779, 321.1663, 325.8886, 337.2066, 302.9811, 335.0797
80 362 12.070000 303.7224, 317.5906, 326.4612, 320.1289, 324.6991, 335.9143, 301.9603, 333.3760
80 363 12.100000 302.9981, 316.1475, 325.5998, 319.0594, 323.5537, 334.9403, 300.9521, 332.0285
80 364 12.140000 302.0817, 314.6146, 324.4930, 317.9881, 322.1285, 333.6967, 299.7172, 330.3233
80 365 12.170000 301.4122, 313.7366, 323.7140, 317.4054, 321.1840, 332.7850, 298.8821, 329.1161
80 366 12.200000 300.8316, 312.7554, 323.0331, 316.6810, 320.2893, 332.1993, 298.0878, 328.2738
80 367 12.240000 300.1137, 311.7896, 322.2158, 315.9788, 319.2962, 331.3823, 297.1941, 327.1931
80 368 12.270000 299.6442, 311.3029, 321.6805, 315.6705, 318.6935, 330.7411, 296.6572, 326.3735
80 369 12.300000 299.2714, 310.7314, 321.2725, 315.2224, 318.1830, 330.3576, 296.1819, 325.8666
80 370 12.340000 298.8566, 310.3030, 320.8424, 314.8935, 317.7373, 329.7649, 295.7515, 325.1744
80 371 12.370000 298.6111, 310.2271, 320.6084, 314.8439, 317.5823, 329.2619, 295.5851, 324.6452
80 372 12.400000 298.4862, 310.0403, 320.5162, 314.6362, 317.5117, 329.0379, 295.4817, 324.4420
80 373 12.440000 298.4117, 310.1430, 320.5083, 314.6528, 317.6526, 328.6449, 295.5560, 324.1351
80 374 12.470000 298.4324, 310.4619, 320.5876, 314.8532, 317.9246, 328.2888, 295.7694, 323.8976
80 375 12.500000 298.5595, 310.6915, 320.8008, 314.9061, 318.2953, 328.1278, 296.0540, 323.9132
80 376 12.540000 298.9107, 311.0139, 321.2396, 314.9779, 318.9566, 327.8382, 296.6277, 323.8742
80 377 12.570000 299.2938, 311.3288, 321.6705, 315.0941, 319.6030, 327.3809, 297.2263, 323.6156
80 378 12.600000 299.8299, 311.2406, 322.2603, 314.7799, 320.3073, 327.1568, 297.8769, 323.6175
80 379 12.640000 300.6806, 311.1795, 323.1574, 314.3788, 321.4327, 326.4953, 298.9560, 323.2959
80 380 12.670000 301.4165, 311.1775, 323.9179, 314.1381, 322.3968, 325.6985, 299.8954, 322.7378
80 381 12.700000 302.3001, 310.7007, 324.8016, 313.4171, 323.3819, 325.1773, 300.8804, 322.4609
80 382 12.740000 303.5732, 310.1666, 326.0609, 312.5836, 324.8334, 324.0036, 302.3458, 321.5866
80 383 12.770000 304.6004, 309.7593, 327.0821, 311.9291, 326.0299, 322.8310, 303.5482, 320.6613
80 384 12.800000 305.7388, 308.8767, 328.2563, 310.8339, 327.2970, 321.8705, 304.7796, 319.9133
80 385 12.840000 307.3435, 307.4955, 329.9056, 309.1645, 329.0971, 320.0935, 306.5351, 318.4246
80 386 12.870000 308.6296, 305.9374, 331.2212, 307.4019, 330.4777, 318.8708, 307.8861, 317.4063
80 387 12.900000 309.9524, 304.5048, 332.5606, 305.8156, 331.8941, 317.3111, 309.2859, 316.0003
80 388 12.940000 311.7978, 302.0210, 334.4199, 303.1662, 333.8132, 315.1512, 311.1910, 314.0060
80 389 12.970000 313.2021, 299.7726, 335.8475, 300.7843, 335.2821, 313.4392, 312.6367, 312.4274
80 390 13.000000 314.4812, 297.7142, 337.2734, 298.6382, 336.7612, 311.2734, 313.9689, 310.3494
80 391 13.040000 316.1666, 294.9612, 339.1651, 295.7222, 338.7409, 308.5411, 315.7424, 307.7801
80 392 13.070000 317.4083, 293.1482, 340.5578, 293.7548, 340.2198, 306.6519, 317.0703, 306.0453
80 393 13.100000 318.6369, 291.7442, 341.9156, 292.1846, 341.6780, 304.7415, 318.3994, 304.3011
80 394 13.140000 320.2502, 290.0987, 343.6869, 290.2925, 343.5859, 302.5156, 320.1491, 302.3218
80 395 13.170000 321.4391, 288.9142, 344.9811, 288.9116, 344.9824, 301.1600, 321.4404, 301.1625
80 396 13.200000 322.6152, 288.1552, 346.2388, 287.9737, 346.3286, 299.6669, 322.7050, 299.8483
80 397 13.240000 324.1286, 287.1242, 347.8418, 286.6473, 348.0718, 298.0855, 324.3586, 298.5625
80 398 13.270000 325.2118, 286.4795, 348.9920, 285.7569, 349.3350, 297.0452, 325.5548, 297.7678
80 399 13.300000 326.2723, 286.1009, 350.0742, 285.1139, 350.5241, 295.9625, 326.7221, 296.9495
80 400 13.340000 327.6088, 285.6068, 351.4589, 284.3351, 352.0402, 295.2372, 328.1902, 296.5089
80 401 13.370000 328.5411, 285.2971, 352.3992, 283.7497, 353.1000, 294.5543, 329.2419, 296.1016
80 402 13.400000 329.3779, 284.7473, 353.2390, 282.9499, 354.0961, 294.3281, 330.2350, 296.1255
80 403 13.440000 330.3885, 284.3988, 354.2403, 282.1801, 355.3332, 293.9294, 331.4814, 296.1481
80 404 13.470000 331.0728, 284.3314, 354.9013, 281.8303, 356.1424, 293.6537, 332.3139, 296.1549
80 405 13.500000 331.6436, 284.1241, 355.4519, 281.3467, 356.8924, 293.6944, 333.0840, 296.4718
80 406 13.540000 332.2820, 284.0788, 356.0421, 280.9747, 357.7064, 293.7141, 333.9464, 296.8182
80 407 13.570000 332.6668, 284.2390, 356.3689, 280.9060, 358.1600, 293.6428, 334.4579, 296.9759
80 408 13.600000 332.9020, 284.1656, 356.5633, 280.6332, 358.5430, 293.8938, 334.8817, 297.4262
80 409 13.640000 333.0690, 284.2798, 356.6626, 280.5266, 358.8272, 294.1337, 335.2336, 297.8869
80 410 13.670000 333.0801, 284.5046, 356.6192, 280.6272, 358.8653, 294.2630, 335.3262, 298.1404
80 411 13.700000 332.9200, 284.4718, 356.4148, 280.4900, 358.8291, 294.7358, 335.3343, 298.7176
80 412 13.740000 332.5577, 284.6700, 356.0099, 280.6311, 358.5285, 295.2554, 335.0763, 299.2944
80 413 13.770000 332.1640, 284.8993, 355.5871, 280.8791, 358.1267, 295.6752, 334.7036, 299.6954
80 414 13.800000 331.6122, 284.9994, 355.0417, 281.0302, 357.6344, 296.3342, 334.2049, 300.3034
80 415 13.840000 330.7186, 285.2914, 354.1471, 281.4308, 356.7525, 297.2419, 333.3240, 301.1026
80 416 13.870000 329.9361, 285.6873, 353.3981, 281.9676, 355.9254, 297.9085, 332.4634, 301.6282
80 417 13.900000 329.0195, 285.9495, 352.5285, 282.4056, 355.0105, 298.8708, 331.5015, 302.4147
80 418 13.940000 327.6599, 286.5414, 351.2744, 283.2957, 353.5967, 300.1921, 329.9822, 303.4377
80 419 13.970000 326.5530, 287.1901, 350.2494, 284.2042, 352.3923, 301.2102, 328.6959, 304.1962
80 420 14.000000 325.3279, 287.7806, 349.1366, 285.0638, 351.1259, 302.4975, 327.3172, 305.2143
80 421 14.040000 323.5950, 288.8668, 347.5126, 286.4934, 349.2713, 304.2160, 325.3537, 306.5894
80 422 14.070000 322.2221, 289.9114, 346.2472, 287.8402, 347.7690, 305.4927, 323.7439, 307.5639
80 423 14.100000 320.7623, 290.8593, 344.9080, 289.1018, 346.2149, 307.0573, 322.0692, 308.8148
80 424 14.140000 318.7457, 292.3846, 343.0643, 291.1051, 344.0161, 309.1944, 319.6975, 310.4740
80 425 14.170000 317.1722, 293.8091, 341.6125, 292.8701, 342.3001, 310.7700, 317.8599, 311.7089
80 426 14.200000 315.5395, 295.1686, 340.1066, 294.5625, 340.5529, 312.6526, 315.9858, 313.2587
80 427 14.240000 313.3095, 297.3629, 338.0417, 297.2111, 338.1522, 315.2120, 313.4200, 315.3638
80 428 14.270000 311.5946, 299.3290, 336.4400, 299.5031, 336.3161, 317.1907, 311.4707, 317.0167
80 429 14.300000 309.8449, 301.3056, 334.8068, 301.7896, 334.4623, 319.5532, 309.5004, 319.0691
80 430 14.340000 307.4679, 304.4832, 332.5762, 305.3677, 331.9583, 322.9085, 306.8500, 322.0241
80 431 14.370000 305.6512, 307.3239, 330.8608, 308.4980, 330.0615, 325.6583, 304.8520, 324.4842
80 432 14.400000 303.8085, 310.3979, 329.1220, 311.8417, 328.1490, 328.9017, 302.8355, 327.4580
80 433 14.440000 301.3040, 315.2772, 326.7484, 317.0684, 325.5725, 333.7727, 300.1280, 331.9815
80 434 14.470000 299.3888, 319.5205, 324.9270, 321.5560, 323.6241, 337.9023, 298.0859, 335.8668
80 435 14.500000 297.4620, 324.0072, 323.0997, 326.2626, 321.6708, 342.5060, 296.0331, 340.2506
80 436 14.540000 294.9143, 330.1134, 320.6853, 332.6160, 319.1357, 348.5733, 293.3647, 346.0708
80 437 14.570000 293.0565, 334.5356, 318.9312, 337.2150, 317.3220, 352.7545, 291.4473, 350.0752
80 438 14.600000 291.2663, 338.5145, 317.2564, 341.2995, 315.5930, 356.8228, 289.6029, 354.0378
80 439 14.640000 288.9825, 343.5032, 315.1334, 346.4239, 313.4280, 361.6941, 287.2770, 358.7735
80 440 14.670000 287.3589, 347.0428, 313.6321, 350.1085, 311.9043, 364.9165, 285.6310, 361.8507
80 441 14.700000 285.8073, 350.0735, 312.2220, 353.1223, 310.4898, 368.1299, 284.0751, 365.0810
80 442 14.740000 283.8897, 353.8477, 310.4794, 356.9828, 308.7247, 371.8655, 282.1350, 368.7304
80 443 14.770000 282.5554, 356.4990, 309.2749, 359.7613, 307.5071, 374.2402, 280.7876, 370.9778
80 444 14.800000 281.2949, 358.6050, 308.1772, 361.7885, 306.4156, 376.6640, 279.5332, 373.4804
80 445 14.840000 279.7756, 361.1825, 306.8638, 364.3983, 305.0901, 379.3392, 278.0018, 376.1233
80 446 14.870000 278.7471, 362.9570, 305.9866, 366.2638, 304.2073, 380.9202, 276.9679, 377.6134
80 447 14.900000 277.8111, 364.1799, 305.2276, 367.4093, 303.4414, 382.5737, 276.0249, 379.3443
80 448 14.940000 276.7232, 365.6100, 304.3666, 368.8529, 302.5655, 384.2054, 274.9221, 380.9624
80 449 14.970000 276.0281, 366.5520, 303.8330, 369.8933, 302.0173, 385.0027, 274.2125, 381.6615
