21 0 0.010000 356.3729, 322.4541, 380.9424, 323.2841, 380.5131, 335.9922, 355.9436, 335.1622
21 1 0.040000 356.3033, 323.4509, 380.9013, 324.1622, 380.5548, 336.1439, 355.9568, 335.4326
21 2 0.070000 356.1868, 324.2759, 380.8531, 324.7369, 380.6322, 336.5549, 355.9659, 336.0939
21 3 0.110000 356.0642, 323.9565, 380.7823, 324.2495, 380.6201, 337.9334, 355.9020, 337.6404
21 4 0.140000 355.9732, 323.2604, 380.6911, 323.5359, 380.5288, 338.0974, 355.8109, 337.8219
21 5 0.170000 355.8710, 322.0919, 380.5591, 322.4066, 380.3652, 337.6163, 355.6772, 337.3017
21 6 0.200000 355.7583, 320.6197, 380.3840, 321.0254, 380.1291, 336.5001, 355.5034, 336.0944
21 7 0.240000 355.5756, 318.2050, 380.0859, 318.7605, 379.7324, 334.3537, 355.2222, 333.7981
21 8 0.270000 355.4092, 316.1244, 379.8187, 316.7884, 379.3938, 332.4085, 354.9843, 331.7445
21 9 0.310000 355.1620, 313.2224, 379.4145, 314.0418, 378.8963, 329.3774, 354.6438, 328.5580
21 10 0.340000 354.9928, 311.0234, 379.0992, 312.0523, 378.4695, 326.8065, 354.3630, 325.7776
21 11 0.370000 354.7458, 308.5866, 378.7580, 309.6644, 378.1039, 324.2388, 354.0916, 323.1610
21 12 0.400000 354.5311, 306.1560, 378.4002, 307.3367, 377.7012, 321.4681, 353.8321, 320.2874
21 13 0.440000 354.2200, 302.7783, 377.9095, 304.0171, 377.1959, 317.6618, 353.5064, 316.4229
21 14 0.470000 353.9864, 300.1369, 377.5498, 301.4027, 376.8303, 314.7978, 353.2669, 313.5320
21 15 0.500000 353.7520, 297.8007, 377.1664, 299.0878, 376.4765, 311.6385, 353.0621, 310.3514
21 16 0.540000 353.4532, 294.6740, 376.6761, 295.9924, 376.0111, 307.7065, 352.7882, 306.3881
21 17 0.570000 353.2059, 292.4758, 376.2998, 293.7168, 375.6980, 304.9150, 352.6041, 303.6740
21 18 0.610000 352.8804, 289.8924, 375.7792, 290.9755, 375.2921, 301.2749, 352.3933, 300.1918
21 19 0.640000 352.6811, 287.5785, 375.4213, 288.5730, 374.9490, 299.3716, 352.2088, 298.3770
21 20 0.670000 352.4776, 285.3152, 375.0784, 286.2001, 374.6473, 297.2128, 352.0465, 296.3280
21 21 0.700000 352.2740, 282.7889, 374.7809, 283.5846, 374.3651, 295.3449, 351.8582, 294.5492
21 22 0.740000 351.9991, 279.7016, 374.3562, 280.3047, 374.0284, 292.4555, 351.6713, 291.8524
21 23 0.770000 351.7819, 277.4320, 374.0280, 277.8473, 373.7996, 290.0801, 351.5535, 289.6647
21 24 0.800000 351.5696, 274.8804, 373.6956, 275.0926, 373.5739, 287.7862, 351.4478, 287.5739
21 25 0.840000 351.2624, 271.4289, 373.2378, 271.3535, 373.2824, 284.3644, 351.3070, 284.4398
21 26 0.870000 351.0243, 268.8797, 372.8491, 268.5518, 373.0421, 281.3934, 351.2173, 281.7214
21 27 0.900000 350.7427, 265.8718, 372.4476, 265.2822, 372.8080, 278.5511, 351.1032, 279.1407
21 28 0.940000 350.3291, 261.8233, 371.8322, 260.8605, 372.4338, 274.2964, 350.9306, 275.2591
21 29 0.970000 349.9711, 258.7957, 371.3300, 257.5510, 372.1029, 270.8138, 350.7441, 272.0586
21 30 1.000000 349.5547, 255.4312, 370.7575, 253.9117, 371.7397, 267.6160, 350.5369, 269.1355
21 31 1.040000 348.9404, 251.4374, 369.9332, 249.5542, 371.1620, 263.2518, 350.1692, 265.1350
21 32 1.070000 348.4501, 248.8629, 369.2868, 246.7443, 370.6464, 260.1158, 349.8097, 262.2343
21 33 1.110000 347.7130, 245.7410, 368.3601, 243.3410, 369.8869, 256.4758, 349.2398, 258.8758
21 34 1.140000 347.0918, 243.6493, 367.6070, 241.0581, 369.2562, 254.1144, 348.7409, 256.7056
21 35 1.170000 346.4271, 241.9059, 366.8151, 239.1424, 368.5428, 251.8888, 348.1548, 254.6523
21 36 1.210000 345.4281, 239.8000, 365.6667, 236.8542, 367.4900, 249.3806, 347.2514, 252.3265
21 37 1.240000 344.5827, 238.3556, 364.7240, 235.3029, 366.6210, 247.8188, 346.4796, 250.8715
21 38 1.270000 343.6844, 237.2222, 363.7337, 234.0904, 365.6398, 246.2928, 345.5904, 249.4246
21 39 1.310000 342.3418, 235.8328, 362.2853, 232.6335, 364.2097, 244.6295, 344.2662, 247.8288
21 40 1.340000 341.2206, 234.8557, 361.1006, 231.6422, 363.0428, 243.6567, 343.1627, 246.8702
21 41 1.370000 340.0415, 234.1692, 359.8590, 230.9698, 361.7462, 242.6595, 341.9287, 245.8589
21 42 1.410000 338.3111, 233.3193, 358.0658, 230.1871, 359.8835, 241.6508, 340.1288, 244.7830
21 43 1.440000 336.8907, 232.6947, 356.6069, 229.6422, 358.3873, 241.1417, 338.6710, 244.1942
21 44 1.470000 335.4097, 232.3637, 355.0864, 229.4103, 356.7540, 240.5202, 337.0773, 243.4736
21 45 1.510000 333.2669, 231.8619, 352.8952, 229.0772, 354.4361, 239.9382, 334.8078, 242.7230
21 46 1.540000 331.5262, 231.3819, 351.1312, 228.7517, 352.5918, 239.6386, 332.9868, 242.2688
21 47 1.570000 329.7188, 231.0473, 349.2876, 228.6047, 350.6038, 239.1487, 331.0349, 241.5914
21 48 1.610000 327.1349, 230.4419, 346.6693, 228.2624, 347.8159, 238.5392, 328.2816, 240.7187
21 49 1.640000 325.0780, 229.7268, 344.5837, 227.7839, 345.6247, 238.2352, 326.1190, 240.1782
21 50 1.670000 322.9651, 229.2929, 342.4377, 227.5895, 343.3077, 237.5347, 323.8351, 239.2381
21 51 1.710000 320.0275, 228.3376, 339.4523, 227.0617, 340.0914, 236.7922, 320.6666, 238.0681
21 52 1.740000 317.7291, 227.4923, 337.1219, 226.5169, 337.6092, 236.2045, 318.2164, 237.1799
21 53 1.770000 315.3799, 226.6372, 334.7228, 225.9802, 335.0392, 235.2977, 315.6963, 235.9546
21 54 1.810000 312.0380, 225.1140, 331.4130, 224.7788, 331.5785, 234.3475, 312.2036, 234.6826
21 55 1.840000 309.5169, 223.9174, 328.9151, 223.9311, 328.9083, 233.5657, 309.5101, 233.5520
21 56 1.870000 306.9816, 222.3650, 326.3990, 222.7728, 326.1852, 232.9503, 306.7678, 232.5425
21 57 1.910000 303.5828, 220.3213, 323.0160, 221.2096, 322.5313, 231.8128, 303.0981, 230.9245
21 58 1.940000 301.0344, 218.8484, 320.4700, 220.0911, 319.7911, 230.7091, 300.3555, 229.4664
21 59 1.970000 298.5145, 217.0250, 318.0110, 218.6029, 317.1018, 229.8372, 297.6052, 228.2593
21 60 2.010000 295.1842, 214.8809, 314.8249, 216.9248, 313.6309, 228.3993, 293.9901, 226.3555
21 61 2.040000 292.7250, 213.3818, 312.4633, 215.7748, 311.0544, 227.3957, 291.3161, 225.0027
21 62 2.070000 290.3054, 211.8726, 310.1584, 214.5991, 308.5023, 226.6582, 288.6493, 223.9317
21 63 2.110000 287.1300, 210.1846, 307.1190, 213.2924, 305.1768, 225.7846, 285.1877, 222.6767
21 64 2.140000 284.7774, 209.2262, 304.8685, 212.5803, 302.7725, 225.1353, 282.6814, 221.7811
21 65 2.170000 282.5010, 208.2598, 302.6931, 211.8307, 300.4101, 224.7401, 280.2180, 221.1692
21 66 2.210000 279.5356, 207.3257, 299.8510, 211.1194, 297.4042, 224.2220, 277.0888, 220.4283
21 67 2.240000 277.3745, 206.8759, 297.7713, 210.7972, 295.2634, 223.8420, 274.8666, 219.9207
21 68 2.270000 275.3164, 206.3590, 295.7979, 210.3704, 293.1788, 223.7428, 272.6973, 219.7313
21 69 2.310000 272.6796, 205.9347, 293.2623, 210.0119, 290.5534, 223.6870, 269.9707, 219.6098
21 70 2.340000 270.7711, 205.8910, 291.4150, 209.9681, 288.7153, 223.6378, 268.0714, 219.5608
21 71 2.370000 268.9643, 205.8463, 289.6642, 209.8832, 286.9448, 223.8276, 266.2448, 219.7907
21 72 2.410000 266.6432, 206.1623, 287.4003, 210.0745, 284.7575, 224.0962, 264.0005, 220.1840
21 73 2.440000 264.9767, 206.6964, 285.7565, 210.4923, 283.2339, 224.3017, 262.4541, 220.5057
21 74 2.470000 263.4068, 207.2012, 284.2128, 210.8482, 281.7692, 224.7885, 260.9633, 221.1415
21 75 2.510000 261.4056, 208.2564, 282.2193, 211.6703, 279.9646, 225.4163, 259.1509, 222.0024
21 76 2.540000 259.9816, 209.2270, 280.7957, 212.4463, 278.7109, 225.9253, 257.8968, 222.7060
21 77 2.570000 258.6594, 210.1177, 279.4676, 213.1482, 277.4987, 226.6673, 256.6905, 223.6368
21 78 2.610000 256.9956, 211.5186, 277.7902, 214.3159, 275.9934, 227.6727, 255.1988, 224.8753
21 79 2.640000 255.8168, 212.7546, 276.5920, 215.3905, 274.9391, 228.4179, 254.1639, 225.7820
21 80 2.670000 254.7181, 213.8775, 275.4778, 216.3629, 273.9128, 229.4346, 253.1531, 226.9491
21 81 2.710000 253.3284, 215.6422, 274.0587, 217.9596, 272.6232, 230.8006, 251.8930, 228.4832
21 82 2.740000 252.3387, 217.1747, 273.0402, 219.3910, 271.7063, 231.8514, 251.0047, 229.6351
21 83 2.770000 251.4078, 218.6374, 272.0888, 220.7742, 270.8051, 233.1988, 250.1241, 231.0620
21 84 2.800000 250.5067, 220.4046, 271.1561, 222.4865, 269.9443, 234.5058, 249.2949, 232.4239
21 85 2.840000 249.3715, 222.8679, 269.9834, 224.9160, 268.8216, 236.6086, 248.2097, 234.5605
21 86 2.870000 248.5645, 224.8323, 269.1505, 226.8848, 267.9958, 238.4659, 247.4098, 236.4134
21 87 2.900000 247.7813, 227.1201, 268.3298, 229.2057, 267.1963, 240.3737, 246.6478, 238.2881
21 88 2.940000 246.7947, 230.3306, 267.2943, 232.5011, 266.1478, 243.3300, 245.6481, 241.1595
21 89 2.970000 246.1022, 232.8278, 266.5662, 235.0899, 265.3812, 245.8098, 244.9172, 243.5477
21 90 3.000000 245.4532, 235.5103, 265.8639, 237.8942, 264.6574, 248.2246, 244.2467, 245.8407
21 91 3.040000 244.6893, 238.8087, 265.0345, 241.3133, 263.7962, 251.3725, 243.4509, 248.8679
21 92 3.070000 244.2317, 240.8021, 264.5424, 243.3947, 263.2325, 253.6565, 242.9218, 251.0639
21 93 3.100000 243.8613, 242.7950, 264.1024, 245.5127, 262.7759, 255.3924, 242.5348, 252.6747
21 94 3.140000 243.5321, 244.8144, 263.7088, 247.6876, 262.3139, 257.4837, 242.1371, 254.6106
21 95 3.170000 243.4321, 245.8720, 263.5526, 248.8567, 262.0634, 258.8953, 241.9430, 255.9106
21 96 3.200000 243.3862, 247.0646, 263.4440, 250.1438, 261.9791, 259.6861, 241.9213, 256.6070
21 97 3.240000 243.5199, 248.0981, 263.4835, 251.2550, 262.0118, 260.5617, 242.0482, 257.4048
21 98 3.270000 243.7694, 248.3865, 263.6955, 251.6179, 262.1469, 261.1672, 242.2208, 257.9358
21 99 3.300000 244.0988, 248.7956, 263.9400, 252.0610, 262.4346, 261.2080, 242.5934, 257.9426
21 100 3.340000 244.7563, 248.6397, 264.5310, 252.0037, 262.9584, 261.2478, 243.1837, 257.8838
21 101 3.370000 245.4016, 248.0668, 265.1338, 251.4264, 263.4711, 261.1920, 243.7389, 257.8324
21 102 3.400000 246.0995, 247.6157, 265.7908, 250.9300, 264.1703, 260.5585, 244.4789, 257.2442
21 103 3.440000 247.2034, 246.5255, 266.8429, 249.6250, 265.2832, 259.5076, 245.6437, 256.4081
21 104 3.470000 248.1989, 245.2701, 267.7955, 248.2703, 266.1982, 258.7035, 246.6016, 255.7032
21 105 3.500000 249.2285, 244.3056, 268.7657, 247.1829, 267.2648, 257.3739, 247.7276, 254.4967
21 106 3.540000 250.7574, 242.7572, 270.2030, 245.5200, 268.7321, 255.8728, 249.2865, 253.1099
21 107 3.570000 251.9310, 241.7379, 271.3290, 244.3639, 269.9131, 254.8231, 250.5151, 252.1971
21 108 3.600000 253.1287, 241.0127, 272.4443, 243.4564, 271.1453, 253.7242, 251.8297, 251.2804
21 109 3.640000 254.7783, 240.1411, 274.0065, 242.3552, 272.8346, 252.5330, 253.6063, 250.3189
21 110 3.670000 256.0643, 239.5637, 275.2101, 241.6116, 274.1185, 251.8174, 254.9727, 249.7696
21 111 3.700000 257.3576, 239.2202, 276.4292, 241.1025, 275.4460, 251.0645, 256.3744, 249.1822
21 112 3.740000 259.1321, 238.8116, 278.0916, 240.4798, 277.2293, 250.2791, 258.2699, 248.6109
21 113 3.770000 260.4862, 238.4634, 279.3734, 239.9705, 278.5801, 249.9114, 259.6930, 248.4042
21 114 3.800000 261.8452, 238.4245, 280.6408, 239.7710, 279.9522, 249.3826, 261.1566, 248.0361
21 115 3.840000 263.6675, 238.3530, 282.3524, 239.4641, 281.7909, 248.9056, 263.1060, 247.7945
21 116 3.870000 265.0436, 238.2944, 283.6464, 239.2429, 283.1640, 248.7036, 264.5612, 247.7551
21 117 3.900000 266.4126, 238.5018, 284.9258, 239.2881, 284.5402, 248.3685, 266.0270, 247.5822
21 118 3.940000 268.2320, 238.7480, 286.6324, 239.3300, 286.3534, 248.1510, 267.9530, 247.5691
21 119 3.970000 269.5790, 238.9229, 287.9005, 239.3440, 287.6981, 248.1499, 269.3766, 247.7288
21 120 4.000000 270.9067, 239.3516, 289.1452, 239.6054, 289.0279, 248.0336, 270.7894, 247.7798
21 121 4.040000 272.6438, 239.8878, 290.7762, 239.9242, 290.7592, 248.3500, 272.6268, 248.3136
21 122 4.070000 273.9137, 240.2838, 291.9774, 240.1754, 292.0278, 248.5769, 273.9641, 248.6852
21 123 4.100000 275.1435, 240.5115, 293.1512, 240.2712, 293.2691, 249.1102, 275.2614, 249.3506
21 124 4.140000 276.7250, 241.0896, 294.6587, 240.6671, 294.8727, 249.7500, 276.9389, 250.1724
21 125 4.170000 277.8693, 241.6675, 295.7448, 241.1186, 296.0249, 250.2405, 278.1494, 250.7894
21 126 4.200000 278.9556, 242.1511, 296.7884, 241.4785, 297.1463, 250.9672, 279.3135, 251.6398
21 127 4.240000 280.3385, 243.0158, 298.1159, 242.1987, 298.5637, 251.9428, 280.7863, 252.7598
21 128 4.270000 281.3239, 243.8336, 299.0610, 242.9190, 299.5648, 252.6908, 281.8277, 253.6053
21 129 4.300000 282.2425, 244.5638, 299.9534, 243.5605, 300.5282, 253.7072, 282.8173, 254.7105
21 130 4.340000 283.3924, 245.8064, 301.0706, 244.6958, 301.7244, 255.1028, 284.0462, 256.2134
21 131 4.370000 284.1984, 246.9277, 301.8554, 245.7519, 302.5526, 256.2211, 284.8955, 257.3969
21 132 4.400000 284.9319, 248.0154, 302.5816, 246.7778, 303.3420, 257.6221, 285.6923, 258.8597
21 133 4.440000 285.8313, 249.7388, 303.4768, 248.4391, 304.2999, 259.6150, 286.6545, 260.9147
21 134 4.470000 286.4457, 251.2162, 304.0921, 249.8878, 304.9438, 261.2018, 287.2974, 262.5302
21 135 4.500000 286.9802, 252.6322, 304.6414, 251.2774, 305.5418, 263.0145, 287.8806, 264.3693
21 136 4.540000 287.5982, 254.5910, 305.2787, 253.2269, 306.2161, 265.3764, 288.5356, 266.7405
21 137 4.570000 287.9911, 256.0912, 305.6781, 254.7389, 306.6161, 267.0082, 288.9292, 268.3604
21 138 4.600000 288.2914, 257.3735, 305.9923, 256.0357, 306.9530, 268.7471, 289.2521, 270.0849
21 139 4.640000 288.6034, 259.2125, 306.3108, 257.9158, 307.2539, 270.7931, 289.5465, 272.0899
21 140 4.670000 288.7639, 260.6911, 306.4759, 259.4318, 307.3807, 272.1590, 289.6688, 273.4183
21 141 4.700000 288.8529, 261.9870, 306.5651, 260.7909, 307.4358, 273.6851, 289.7236, 274.8811
21 142 4.740000 288.8813, 263.8818, 306.5933, 262.7775, 307.3914, 275.5783, 289.6795, 276.6827
21 143 4.770000 288.8438, 265.4476, 306.5493, 264.4245, 307.2715, 276.9217, 289.5660, 277.9448
21 144 4.800000 288.7416, 266.9057, 306.4442, 265.9782, 307.0991, 278.4781, 289.3965, 279.4055
21 145 4.840000 288.5349, 269.1127, 306.2313, 268.3232, 306.7760, 280.5328, 289.0796, 281.3222
21 146 4.870000 288.3191, 271.0090, 306.0137, 270.3032, 306.4833, 282.0783, 288.7888, 282.7840
21 147 4.900000 288.0535, 272.8733, 305.7509, 272.2650, 306.1515, 283.9198, 288.4541, 284.5281
21 148 4.940000 287.6324, 275.7773, 305.3297, 275.2639, 305.6532, 286.4201, 287.9560, 286.9334
21 149 4.970000 287.2710, 278.1839, 304.9714, 277.7415, 305.2378, 288.4036, 287.5375, 288.8460
21 150 5.000000 286.8585, 280.6124, 304.5667, 280.2154, 304.7986, 290.5584, 287.0903, 290.9553
21 151 5.040000 286.2444, 283.8985, 303.9739, 283.5570, 304.1621, 293.3256, 286.4326, 293.6671
21 152 5.070000 285.7192, 286.3472, 303.4877, 286.0327, 303.6495, 295.1704, 285.8810, 295.4850
21 153 5.100000 285.1613, 288.2213, 302.9804, 287.9880, 303.1026, 297.3204, 285.2835, 297.5537
21 154 5.140000 284.3715, 290.7812, 302.2632, 290.6793, 302.3145, 299.6908, 284.4228, 299.7927
21 155 5.170000 283.7257, 292.6493, 301.6910, 292.6114, 301.7092, 301.2112, 283.7438, 301.2491
21 156 5.200000 283.0624, 294.1282, 301.0942, 294.1692, 301.0744, 302.8796, 283.0426, 302.8386
21 157 5.240000 282.1341, 296.0144, 300.2658, 296.1466, 300.2033, 304.7127, 282.0716, 304.5805
21 158 5.270000 281.4126, 297.0505, 299.6293, 297.2487, 299.5322, 306.1810, 281.3154, 305.9828
21 159 5.300000 280.6755, 298.2576, 298.9718, 298.5137, 298.8473, 307.4113, 280.5509, 307.1552
21 160 5.340000 279.6635, 299.5820, 298.0769, 299.8964, 297.9204, 309.0630, 279.5070, 308.7486
21 161 5.370000 278.8909, 300.3436, 297.3971, 300.6990, 297.2118, 310.3500, 278.7056, 309.9946
21 162 5.400000 278.1100, 301.3087, 296.7035, 301.7099, 296.4966, 311.3003, 277.9030, 310.8991
21 163 5.440000 277.0648, 302.3163, 295.7845, 302.8107, 295.5247, 312.6484, 276.8050, 312.1540
21 164 5.470000 276.2786, 302.8241, 295.0984, 303.3886, 294.7873, 313.7593, 275.9676, 313.1949
21 165 5.500000 275.4914, 303.4622, 294.4098, 304.1067, 294.0524, 314.5974, 275.1340, 313.9529
21 166 5.540000 274.4445, 304.0403, 293.4937, 304.7531, 293.0847, 315.6831, 274.0355, 314.9702
21 167 5.570000 273.6775, 304.2665, 292.8304, 305.0502, 292.3643, 316.4396, 273.2115, 315.6558
21 168 5.600000 272.9235, 304.6614, 292.1574, 305.5060, 291.6613, 316.8035, 272.4274, 315.9589
21 169 5.640000 271.9465, 304.9967, 291.3069, 305.9604, 290.7502, 317.1431, 271.3898, 316.1794
21 170 5.670000 271.2548, 304.9467, 290.6913, 305.9971, 290.0718, 317.4593, 270.6354, 316.4089
21 171 5.700000 270.5530, 305.2544, 290.0698, 306.3604, 289.4537, 317.2325, 269.9369, 316.1264
21 172 5.740000 269.7172, 305.1611, 289.3100, 306.4408, 288.6110, 317.1420, 269.0183, 315.8623
21 173 5.770000 269.1173, 305.0497, 288.7830, 306.4796, 288.0245, 316.9115, 268.3588, 315.4816
21 174 5.800000 268.5658, 304.9727, 288.2614, 306.5648, 287.4603, 316.4752, 267.7647, 314.8831
21 175 5.840000 267.8835, 304.7175, 287.6253, 306.5213, 286.7791, 315.7829, 267.0372, 313.9791
21 176 5.870000 267.4609, 304.2194, 287.2246, 306.2575, 286.2848, 315.3709, 266.5211, 313.3329
21 177 5.900000 267.1013, 303.6687, 286.8554, 305.9241, 285.8059, 315.1161, 266.0518, 312.8607
21 178 5.940000 266.8162, 302.3031, 286.5302, 304.9905, 285.1875, 314.8402, 265.4735, 312.1529
21 179 5.970000 266.6431, 301.4447, 286.3339, 304.4321, 284.8268, 314.3659, 265.1360, 311.3785
21 180 6.000000 266.5777, 300.2557, 286.2773, 303.5420, 284.4931, 314.2372, 264.7935, 310.9509
21 181 6.040000 266.5779, 299.0974, 286.2268, 302.7984, 284.1287, 313.9373, 264.4798, 310.2363
21 182 6.070000 266.6376, 298.4643, 286.2390, 302.4423, 283.9251, 313.8435, 264.3238, 309.8655
21 183 6.100000 266.7728, 297.8922, 286.3307, 302.1080, 283.7621, 314.0238, 264.2043, 309.8080
21 184 6.140000 267.0220, 297.5444, 286.5082, 302.0079, 283.6843, 314.3367, 264.1980, 309.8733
21 185 6.170000 267.2618, 297.5736, 286.6918, 302.1754, 283.7441, 314.6212, 264.3142, 310.0194
21 186 6.200000 267.6000, 297.6006, 286.9858, 302.3077, 283.8588, 315.1858, 264.4731, 310.4787
21 187 6.240000 268.1223, 297.9935, 287.4609, 302.7653, 284.1940, 316.0050, 264.8554, 311.2331
21 188 6.270000 268.5520, 298.6009, 287.8702, 303.3628, 284.5988, 316.6346, 265.2806, 311.8728
21 189 6.300000 269.0697, 299.2446, 288.3858, 303.9611, 285.0724, 317.5308, 265.7563, 312.8143
21 190 6.340000 269.7928, 300.5481, 289.1368, 305.1128, 285.9067, 318.8013, 266.5627, 314.2366
21 191 6.370000 270.3667, 301.8665, 289.7461, 306.2636, 286.6625, 319.8538, 267.2831, 315.4566
21 192 6.400000 271.0113, 303.2898, 290.4385, 307.4901, 287.4685, 321.2268, 268.0413, 317.0265
21 193 6.440000 271.8943, 305.7243, 291.3976, 309.5943, 288.6901, 323.2393, 269.1868, 319.3694
21 194 6.470000 272.5721, 307.9308, 292.1433, 311.4792, 289.7094, 324.9032, 270.1382, 321.3548
21 195 6.500000 273.3074, 310.2363, 292.9544, 313.4300, 290.7769, 326.8258, 271.1299, 323.6321
21 196 6.540000 274.4162, 313.4485, 294.1234, 316.2078, 292.2761, 329.4010, 272.5690, 326.6418
21 197 6.570000 275.3323, 315.9021, 295.0686, 318.3450, 293.4808, 331.1730, 273.7445, 328.7301
21 198 6.600000 276.3563, 318.0485, 296.1189, 320.2207, 294.7039, 333.0940, 274.9413, 330.9218
21 199 6.640000 277.7901, 320.8978, 297.5907, 322.6825, 296.4432, 335.4136, 276.6426, 333.6289
21 200 6.670000 278.9105, 323.1005, 298.7328, 324.5811, 297.8116, 336.9134, 277.9893, 335.4327
21 201 6.700000 280.0945, 324.9901, 299.9427, 326.2078, 299.1825, 338.6000, 279.3342, 337.3823
21 202 6.740000 281.7271, 327.6167, 301.5862, 328.5162, 301.0405, 340.5645, 281.1813, 339.6649
21 203 6.770000 282.9598, 329.6806, 302.8469, 330.3532, 302.4588, 341.8305, 282.5717, 341.1579
21 204 6.800000 284.2436, 331.4268, 304.1402, 331.9325, 303.8502, 343.3416, 283.9536, 342.8359
21 205 6.840000 285.9739, 333.8669, 305.8788, 334.1941, 305.6987, 345.1491, 285.7938, 344.8218
21 206 6.870000 287.2843, 335.7892, 307.1888, 336.0160, 307.0710, 346.3650, 287.1664, 346.1383
21 207 6.900000 288.6142, 337.4212, 308.5109, 337.5964, 308.4204, 347.8625, 288.5238, 347.6873
21 208 6.940000 290.3901, 339.7750, 310.2699, 339.9201, 310.1986, 349.6881, 290.3188, 349.5430
21 209 6.970000 291.7268, 341.1359, 311.6211, 341.2983, 311.5403, 351.1945, 291.6460, 351.0320
21 210 7.000000 293.0750, 342.5979, 313.0316, 342.8253, 312.9163, 352.9382, 292.9598, 352.7108
21 211 7.040000 294.8635, 344.4881, 314.8970, 344.8017, 314.7314, 355.3807, 294.6979, 355.0671
21 212 7.070000 296.2056, 345.8382, 316.2907, 346.2232, 316.0779, 357.3248, 295.9928, 356.9398
21 213 7.100000 297.5398, 347.4739, 317.6762, 347.9217, 317.4291, 359.0353, 297.2926, 358.5875
21 214 7.140000 299.3158, 349.5613, 319.5219, 350.0773, 319.2299, 361.5105, 299.0238, 360.9944
21 215 7.170000 300.6491, 351.0532, 320.9039, 351.6090, 320.5764, 363.5434, 300.3217, 362.9877
21 216 7.200000 301.9695, 352.8141, 322.2680, 353.3857, 321.9289, 365.4278, 301.6304, 364.8562
21 217 7.240000 303.7285, 355.1930, 324.0794, 355.7717, 323.7274, 368.1480, 303.3766, 367.5693
21 218 7.270000 305.0362, 357.0491, 325.4220, 357.6034, 325.0757, 370.3363, 304.6899, 369.7819
21 219 7.300000 306.3276, 359.2883, 326.7432, 359.7981, 326.4285, 372.4007, 306.0129, 371.8909
21 220 7.340000 308.0192, 362.4503, 328.4880, 362.8928, 328.2161, 375.4694, 307.7472, 375.0268
21 221 7.370000 309.2580, 365.0185, 329.7719, 365.3872, 329.5450, 378.0139, 309.0310, 377.6452
21 222 7.400000 310.4758, 368.0273, 331.0247, 368.2966, 330.8638, 380.5726, 310.3149, 380.3033
21 223 7.440000 312.0765, 372.3752, 332.6579, 372.4911, 332.5908, 384.4099, 312.0094, 384.2939
21 224 7.470000 313.2533, 375.8790, 333.8486, 375.8561, 333.8615, 387.5458, 313.2662, 387.5687
21 225 7.500000 314.4148, 379.6290, 335.0065, 379.4623, 335.0966, 390.5877, 314.5049, 390.7544
21 226 7.540000 315.9311, 384.1834, 336.5031, 383.8446, 336.6764, 394.3691, 316.1044, 394.7080
21 227 7.570000 317.0231, 386.9757, 337.5630, 386.4927, 337.8048, 396.7724, 317.2648, 397.2554
21 228 7.600000 318.0683, 389.2110, 338.5248, 388.5277, 338.8760, 399.0421, 318.4195, 399.7253
21 229 7.640000 319.3915, 391.1674, 339.8165, 390.4471, 340.1919, 401.0915, 319.7669, 401.8118
21 230 7.670000 320.3280, 392.2325, 340.7085, 391.5058, 341.0795, 401.9084, 320.6990, 402.6351
21 231 7.700000 321.1932, 392.4285, 341.5354, 391.7498, 341.9007, 402.6991, 321.5585, 403.3778
21 232 7.740000 322.2295, 392.3057, 342.5173, 391.5955, 342.9087, 402.7764, 322.6209, 403.4866
21 233 7.770000 322.9873, 391.6957, 343.2404, 391.1429, 343.5468, 402.3683, 323.2937, 402.9211
21 234 7.800000 323.6981, 390.3809, 343.9591, 390.0987, 344.1226, 401.8396, 323.8616, 402.1218
21 235 7.840000 324.6107, 388.0846, 344.8395, 388.1528, 344.7983, 400.3751, 324.5695, 400.3069
21 236 7.870000 325.2548, 386.2287, 345.4964, 386.5861, 345.2876, 398.4101, 325.0460, 398.0527
21 237 7.900000 325.9105, 383.3329, 346.1196, 383.9561, 345.7285, 396.6384, 325.5194, 396.0152
21 238 7.940000 326.7919, 379.3288, 347.0297, 380.4257, 346.3434, 393.0877, 326.1056, 391.9908
21 239 7.970000 327.4758, 376.0923, 347.7056, 377.5131, 346.8434, 389.7895, 326.6135, 388.3687
21 240 8.000000 328.2091, 372.3194, 348.4325, 374.0581, 347.3533, 386.6111, 327.1299, 384.8724
21 241 8.040000 329.2016, 367.6948, 349.4043, 369.8377, 348.0835, 382.2898, 327.8808, 380.1469
21 242 8.070000 329.9679, 364.4622, 350.1551, 366.9085, 348.6217, 379.5624, 328.4345, 377.1160
21 243 8.100000 330.7523, 361.4928, 350.9502, 364.2390, 349.1751, 377.2949, 328.9772, 374.5488
21 244 8.140000 331.8033, 358.1697, 352.0159, 361.2651, 349.9603, 374.6886, 329.7477, 371.5932
21 245 8.170000 332.6027, 356.1216, 352.8262, 359.4420, 350.6004, 372.9984, 330.3769, 369.6780
21 246 8.200000 333.4432, 354.2705, 353.6887, 357.7962, 351.2748, 371.6574, 331.0293, 368.1317
21 247 8.240000 334.6049, 352.3094, 354.8762, 356.0569, 352.2747, 370.1292, 332.0034, 366.3817
21 248 8.270000 335.5112, 351.2041, 355.7985, 355.0742, 353.1132, 369.1507, 332.8259, 365.2805
21 249 8.300000 336.4860, 350.2063, 356.8026, 354.1776, 354.0027, 368.5012, 333.6861, 364.5299
21 250 8.340000 337.8467, 349.3257, 358.1987, 353.3725, 355.3213, 367.8436, 334.9693, 363.7967
21 251 8.370000 338.9152, 348.9972, 359.2916, 353.0570, 356.4118, 367.5111, 336.0354, 363.4513
21 252 8.400000 340.0607, 348.7641, 360.4745, 352.8176, 357.5565, 367.5127, 337.1428, 363.4592
21 253 8.440000 341.6563, 348.8875, 362.1174, 352.8804, 359.2169, 367.7437, 338.7558, 363.7509
21 254 8.470000 342.9084, 349.2833, 363.4037, 353.1909, 360.5656, 368.0768, 340.0703, 364.1692
21 255 8.500000 344.2473, 349.7238, 364.7854, 353.5191, 361.9873, 368.6608, 341.4493, 364.8654
21 256 8.540000 346.1673, 350.4659, 366.7655, 354.1057, 364.0625, 369.4022, 343.4644, 365.7624
21 257 8.570000 347.7229, 351.1073, 368.3578, 354.6271, 365.7726, 369.7833, 345.1377, 366.2635
21 258 8.600000 349.4072, 351.4961, 370.0898, 354.8366, 367.5926, 370.2978, 346.9100, 366.9573
21 259 8.640000 351.7886, 352.1129, 372.5133, 355.1527, 370.2325, 370.7026, 349.5078, 367.6628
21 260 8.670000 353.6719, 352.6598, 374.4220, 355.4489, 372.3590, 370.7977, 351.6088, 368.0087
21 261 8.700000 355.6676, 352.9760, 376.4475, 355.4893, 374.5684, 371.0253, 353.7886, 368.5121
21 262 8.740000 358.4400, 353.4987, 379.2543, 355.6308, 377.6722, 371.0759, 356.8579, 368.9439
21 263 8.770000 360.5932, 353.9687, 381.4236, 355.7835, 380.1050, 370.9175, 359.2747, 369.1027
21 264 8.800000 362.8252, 354.2072, 383.6811, 355.6992, 382.5948, 370.8832, 361.7390, 369.3913
21 265 8.840000 365.8661, 354.5873, 386.7525, 355.6075, 386.0207, 370.5907, 365.1342, 369.5705
21 266 8.870000 368.2085, 354.9588, 389.1092, 355.6549, 388.6270, 370.1336, 367.7262, 369.4374
21 267 8.900000 370.5716, 354.9734, 391.5212, 355.3215, 391.2791, 369.8935, 370.3295, 369.5454
21 268 8.940000 373.7774, 355.1651, 394.7536, 355.0799, 394.8108, 369.1619, 373.8347, 369.2471
21 269 8.970000 376.1657, 355.2398, 397.1790, 354.7700, 397.4857, 368.4878, 376.4724, 368.9576
21 270 9.000000 378.5764, 355.1670, 399.6044, 354.3609, 400.1191, 367.7882, 379.0911, 368.5943
21 271 9.040000 381.7389, 354.9123, 402.8499, 353.6864, 403.6069, 366.7213, 382.4958, 367.9472
21 272 9.070000 384.0999, 354.7614, 405.2391, 353.2277, 406.1391, 365.6313, 384.9998, 367.1650
21 273 9.100000 386.3683, 354.1857, 407.5777, 352.3315, 408.6611, 364.7247, 387.4517, 366.5789
21 274 9.140000 389.3184, 353.4326, 410.5967, 351.1248, 411.8904, 363.0540, 390.6122, 365.3617
21 275 9.170000 391.4278, 352.7837, 412.8117, 350.1540, 414.2076, 361.5050, 392.8236, 364.1347
21 276 9.200000 393.4202, 351.6277, 414.8719, 348.7026, 416.4298, 360.1278, 394.9781, 363.0529
21 277 9.240000 395.9394, 350.0524, 417.5259, 346.8210, 419.1568, 357.7157, 397.5704, 360.9472
21 278 9.270000 397.6646, 348.7525, 419.3461, 345.1929, 421.0414, 355.5194, 399.3599, 359.0789
21 279 9.300000 399.2220, 346.9017, 420.9598, 343.0842, 422.7726, 353.4067, 401.0348, 357.2242
21 280 9.340000 401.0460, 344.1762, 422.8833, 340.0301, 424.7788, 350.0137, 402.9415, 354.1598
21 281 9.370000 402.1911, 341.7931, 424.1258, 337.4416, 425.9979, 346.8785, 404.0632, 351.2300
21 282 9.400000 403.1124, 338.9564, 425.0930, 334.3960, 427.0503, 343.8300, 405.0697, 348.3904
21 283 9.440000 403.9136, 334.3392, 425.9738, 329.5421, 428.0846, 339.2488, 406.0244, 344.0459
21 284 9.470000 404.1771, 330.2788, 426.3117, 325.3228, 428.6355, 335.7013, 406.5009, 340.6574
21 285 9.500000 404.3650, 326.5141, 426.5119, 321.4429, 428.7917, 331.3992, 406.6449, 336.4705
21 286 9.540000 404.2224, 320.9875, 426.4445, 315.8279, 428.8617, 326.2387, 406.6396, 331.3983
21 287 9.570000 403.9134, 316.8871, 426.2155, 311.6748, 428.8122, 322.7853, 406.5100, 327.9976
21 288 9.600000 403.5350, 313.1546, 425.8922, 307.9302, 428.5786, 319.4264, 406.2214, 324.6507
21 289 9.640000 402.8051, 308.4159, 425.2451, 303.1978, 428.0697, 315.3451, 405.6298, 320.5632
21 290 9.670000 402.0939, 305.0106, 424.5848, 299.8347, 427.5060, 312.5281, 405.0152, 317.7041
21 291 9.700000 401.2814, 301.8865, 423.8101, 296.7975, 426.7242, 309.6980, 404.1955, 314.7870
21 292 9.740000 399.9546, 297.8534, 422.5084, 292.9079, 425.4028, 306.1077, 402.8490, 311.0532
21 293 9.770000 398.7452, 294.7829, 421.3192, 289.9827, 424.2213, 303.6304, 401.6472, 308.4306
21 294 9.800000 397.4476, 292.0449, 420.0027, 287.4172, 422.7724, 300.9166, 400.2174, 305.5443
21 295 9.840000 395.4412, 288.2221, 417.9735, 283.9281, 420.5661, 297.5327, 398.0339, 301.8267
21 296 9.870000 393.7487, 285.3096, 416.2348, 281.2901, 418.6905, 295.0280, 396.2044, 299.0475
21 297 9.900000 391.9423, 282.5733, 414.3691, 278.8658, 416.5883, 292.2894, 394.1615, 295.9970
21 298 9.940000 389.2657, 278.7751, 411.5859, 275.4425, 413.5569, 288.6433, 391.2368, 291.9760
21 299 9.970000 387.1011, 275.6790, 409.3385, 272.7259, 411.1085, 286.0545, 388.8711, 289.0076
21 300 10.000000 384.8947, 272.7780, 407.0149, 270.3053, 408.4650, 283.2781, 386.3448, 285.7507
21 301 10.040000 381.8257, 268.9739, 403.7616, 267.1659, 404.8079, 279.8602, 382.8720, 281.6682
21 302 10.070000 379.4645, 266.3322, 401.2371, 265.0235, 401.9867, 277.4938, 380.2141, 278.8025
21 303 10.100000 377.0597, 264.0110, 398.6638, 263.1892, 399.1185, 275.1440, 377.5144, 275.9657
21 304 10.140000 373.7760, 261.1066, 395.1417, 260.8604, 395.2729, 272.2475, 373.9072, 272.4937
21 305 10.170000 371.2773, 258.9080, 392.4798, 259.0879, 392.3843, 270.3396, 371.1818, 270.1597
21 306 10.200000 368.7755, 257.0271, 389.7853, 257.6132, 389.4879, 268.2725, 368.4782, 267.6863
21 307 10.240000 365.4595, 254.3952, 386.2241, 255.5742, 385.6435, 265.8005, 364.8789, 264.6216
21 308 10.270000 362.9964, 252.3588, 383.5778, 253.9400, 382.7990, 264.0776, 362.2176, 262.4964
21 309 10.300000 360.5577, 250.5570, 380.9406, 252.5300, 380.0100, 262.1449, 359.6270, 260.1719
21 310 10.340000 357.3814, 247.9828, 377.5174, 250.4069, 376.3981, 259.7043, 356.2621, 257.2801
21 311 10.370000 355.1037, 245.9143, 375.0499, 248.7014, 373.7592, 257.9390, 353.8129, 255.1519
21 312 10.400000 352.8966, 243.9563, 372.6465, 247.1273, 371.2216, 256.0017, 351.4718, 252.8306
21 313 10.440000 350.1205, 241.1381, 369.6155, 244.7633, 367.9723, 253.5998, 348.4773, 249.9746
21 314 10.470000 348.1963, 238.7890, 367.5083, 242.7063, 365.7343, 251.4520, 346.4223, 247.5348
21 315 10.500000 346.3447, 236.6536, 365.4781, 240.8507, 363.5581, 249.6037, 344.4247, 245.4066
21 316 10.540000 344.0605, 233.8247, 362.9607, 238.3599, 360.8584, 247.1207, 341.9582, 242.5855
21 317 10.570000 342.4389, 231.9457, 361.1754, 236.6955, 358.9537, 245.4595, 340.2171, 240.7097
21 318 10.600000 340.9338, 230.1269, 359.5297, 235.0626, 357.1219, 244.1343, 338.5260, 239.1986
21 319 10.640000 339.0406, 228.1062, 357.4659, 233.2293, 354.8841, 242.5149, 336.4587, 237.3918
21 320 10.670000 337.7074, 226.8941, 356.0145, 232.1146, 353.3772, 241.3630, 335.0701, 236.1425
21 321 10.700000 336.5191, 225.6727, 354.7337, 230.9615, 351.9625, 240.5056, 333.7478, 235.2169
21 322 10.740000 335.0637, 224.4041, 353.1685, 229.7199, 350.3271, 239.3973, 332.2223, 234.0815
21 323 10.770000 334.0720, 223.6960, 352.1098, 228.9844, 349.2913, 238.5980, 331.2534, 233.3097
21 324 10.800000 333.2376, 222.9407, 351.2280, 228.1680, 348.3493, 238.0756, 330.3588, 232.8483
21 325 10.840000 332.2594, 222.2299, 350.2043, 227.3120, 347.3410, 237.4222, 329.3961, 232.3401
21 326 10.870000 331.6248, 221.9257, 349.5433, 226.8579, 346.7637, 236.9562, 328.8452, 232.0241
21 327 10.900000 331.1316, 221.5851, 349.0374, 226.3366, 346.2742, 236.7495, 328.3684, 231.9980
21 328 10.940000 330.5833, 221.4795, 348.4740, 225.9492, 345.8462, 236.4671, 327.9555, 231.9974
21 329 10.970000 330.2519, 221.6365, 348.1390, 225.8584, 345.6814, 236.2707, 327.7942, 232.0488
21 330 11.000000 330.0390, 221.7809, 347.9242, 225.7369, 345.5916, 236.2827, 327.7064, 232.3267
21 331 11.040000 329.8784, 222.1376, 347.7791, 225.7461, 345.6423, 236.3461, 327.7416, 232.7376
21 332 11.070000 329.8401, 222.6057, 347.7425, 225.9536, 345.8073, 236.3016, 327.9049, 232.9537
21 333 11.100000 329.9161, 222.8965, 347.8297, 225.9591, 346.0243, 236.5191, 328.1107, 233.4564
21 334 11.140000 330.0913, 223.5383, 348.0126, 226.1817, 346.4652, 236.6726, 328.5439, 234.0293
21 335 11.170000 330.2936, 224.1510, 348.2190, 226.5115, 346.8715, 236.7443, 328.9460, 234.3838
21 336 11.200000 330.5796, 224.5708, 348.5176, 226.6578, 347.3040, 237.0887, 329.3660, 235.0017
21 337 11.240000 331.0321, 225.3995, 348.9675, 227.1937, 347.9467, 237.3976, 330.0113, 235.6034
21 338 11.270000 331.3932, 226.1426, 349.3375, 227.6706, 348.4919, 237.6016, 330.5475, 236.0736
21 339 11.300000 331.8099, 226.7670, 349.7557, 228.0596, 349.0384, 238.0178, 331.0926, 236.7251
21 340 11.340000 332.3920, 227.7636, 350.3490, 228.7660, 349.8017, 238.5696, 331.8447, 237.5672
21 341 11.370000 332.8521, 228.7209, 350.8077, 229.5449, 350.3776, 238.9164, 332.4220, 238.0924
21 342 11.400000 333.3250, 229.5123, 351.2912, 230.1528, 350.9550, 239.5815, 332.9888, 238.9409
21 343 11.440000 333.9570, 230.9145, 351.9245, 231.3206, 351.7198, 240.3790, 333.7523, 239.9729
21 344 11.470000 334.4311, 232.1124, 352.4054, 232.3737, 352.2797, 241.0204, 334.3054, 240.7591
21 345 11.500000 334.9035, 233.0884, 352.8830, 233.2106, 352.8245, 241.8286, 334.8450, 241.7064
21 346 11.540000 335.5177, 234.1938, 353.5043, 234.1559, 353.5230, 243.0318, 335.5364, 243.0697
21 347 11.570000 335.9599, 234.8127, 353.9682, 234.7009, 354.0255, 243.9272, 336.0171, 244.0389
21 348 11.600000 336.3858, 235.5617, 354.4046, 235.3806, 354.4955, 244.4184, 336.4767, 244.5996
21 349 11.640000 336.9175, 236.1660, 354.9629, 235.9288, 355.0826, 245.0372, 337.0373, 245.2745
21 350 11.670000 337.2844, 236.2909, 355.3586, 236.0423, 355.4889, 245.5187, 337.4148, 245.7673
21 351 11.700000 337.6273, 236.5625, 355.7311, 236.3137, 355.8587, 245.6040, 337.7549, 245.8527
21 352 11.740000 338.0483, 236.4971, 356.1950, 236.2837, 356.3064, 245.7537, 338.1597, 245.9671
21 353 11.770000 338.3346, 236.1115, 356.5157, 235.9390, 356.6103, 245.9118, 338.4292, 246.0843
21 354 11.800000 338.6039, 235.8214, 356.8163, 235.7045, 356.8806, 245.7326, 338.6683, 245.8495
21 355 11.840000 338.9265, 235.0376, 357.1814, 234.9981, 357.2042, 245.5008, 338.9492, 245.5404
21 356 11.870000 339.1501, 234.2206, 357.4360, 234.2607, 357.4119, 245.2592, 339.1260, 245.2191
21 357 11.900000 339.3631, 233.5579, 357.6745, 233.6905, 357.5954, 244.6041, 339.2840, 244.4714
21 358 11.940000 339.6267, 232.3642, 357.9696, 232.6335, 357.8083, 243.6164, 339.4654, 243.3471
21 359 11.970000 339.8239, 231.1441, 358.1892, 231.5237, 357.9542, 242.8921, 339.5889, 242.5124
21 360 12.000000 340.0061, 230.1704, 358.3876, 230.6602, 358.0927, 241.7276, 339.7112, 241.2378
21 361 12.040000 340.2590, 228.6346, 358.6600, 229.2975, 358.2623, 240.3381, 339.8612, 239.6752
21 362 12.070000 340.4462, 227.5043, 358.8597, 228.2969, 358.3846, 239.3351, 339.9711, 238.5425
21 363 12.100000 340.6342, 226.6016, 359.0559, 227.5247, 358.5225, 238.1694, 340.1008, 237.2463
21 364 12.140000 340.8955, 225.3125, 359.3286, 226.3876, 358.7236, 236.7593, 340.2906, 235.6843
21 365 12.170000 341.1195, 224.2297, 359.5609, 225.4252, 358.8864, 235.8292, 340.4450, 234.6338
21 366 12.200000 341.3490, 223.3499, 359.7951, 224.6647, 359.0809, 234.6847, 340.6348, 233.3700
21 367 12.240000 341.7087, 222.0109, 360.1605, 223.4987, 359.3737, 233.2562, 340.9219, 231.7684
21 368 12.270000 342.0183, 220.8487, 360.4765, 222.4547, 359.6226, 232.2692, 341.1644, 230.6632
21 369 12.300000 342.3466, 219.9104, 360.8125, 221.6372, 359.9392, 230.9755, 341.4733, 229.2486
21 370 12.340000 342.8507, 218.4512, 361.3292, 220.3276, 360.4202, 229.2789, 341.9418, 227.4026
21 371 12.370000 343.3059, 217.0897, 361.7936, 219.0689, 360.8270, 228.0980, 342.3393, 226.1189
21 372 12.400000 343.7953, 215.8424, 362.2946, 217.9391, 361.2805, 226.8869, 342.7812, 224.7901
21 373 12.440000 344.5856, 213.7084, 363.0989, 215.9748, 361.9859, 225.0663, 343.4727, 222.7999
21 374 12.470000 345.2416, 212.0999, 363.7647, 214.4962, 362.6111, 223.4134, 344.0880, 221.0171
21 375 12.500000 345.9873, 210.1860, 364.5398, 212.7244, 363.2616, 222.0667, 344.7091, 219.5283
21 376 12.540000 347.0076, 208.0557, 365.6112, 210.7536, 364.2714, 219.9921, 345.6678, 217.2941
21 377 12.570000 347.8077, 206.7272, 366.4521, 209.5183, 365.1130, 218.4636, 346.4685, 215.6725
21 378 12.600000 348.6720, 205.4182, 367.3654, 208.2857, 365.9912, 217.2443, 347.2978, 214.3768
21 379 12.640000 349.9089, 203.8393, 368.6753, 206.7759, 367.2426, 215.9315, 348.4762, 212.9950
21 380 12.670000 350.9058, 202.7548, 369.7333, 205.7197, 368.2272, 215.2839, 349.3996, 212.3190
21 381 12.700000 351.9225, 202.0015, 370.8228, 204.9738, 369.3112, 214.5858, 350.4109, 211.6136
21 382 12.740000 353.3746, 201.1027, 372.3830, 204.0517, 370.8470, 213.9518, 351.8387, 211.0028
21 383 12.770000 354.5363, 200.4994, 373.6340, 203.4059, 372.0679, 213.6959, 352.9703, 210.7894
21 384 12.800000 355.7182, 200.2188, 374.9186, 203.0620, 373.3923, 213.3691, 354.1918, 210.5258
21 385 12.840000 357.3853, 199.9417, 376.7344, 202.6657, 375.2482, 213.2225, 355.8991, 210.4986
21 386 12.870000 358.6927, 199.8240, 378.1699, 202.4235, 376.7139, 213.3323, 357.2367, 210.7327
21 387 12.900000 360.0203, 200.0300, 379.6317, 202.4905, 378.2643, 213.3898, 358.6529, 210.9293
21 388 12.940000 361.8616, 200.4282, 381.6694, 202.6645, 380.4137, 213.7871, 360.6059, 211.5507
21 389 12.970000 363.2810, 200.8360, 383.2541, 202.8778, 382.0876, 214.2878, 362.1146, 212.2460
21 390 13.000000 364.7145, 201.5340, 384.8506, 203.3504, 383.8298, 214.6666, 363.6937, 212.8502
21 391 13.040000 366.7260, 202.2921, 387.0854, 203.8786, 386.2023, 215.2119, 365.8429, 213.6254
21 392 13.070000 368.3041, 202.5599, 388.8307, 203.9817, 388.0250, 215.6126, 367.4985, 214.1908
21 393 13.100000 369.8878, 202.9384, 390.5827, 204.1360, 389.9196, 215.5943, 369.2247, 214.3967
21 394 13.140000 372.0426, 203.0823, 392.9715, 203.9375, 392.5015, 215.4380, 371.5727, 214.5827
21 395 13.170000 373.6792, 202.8476, 394.8023, 203.4447, 394.4673, 215.2981, 373.3442, 214.7010
21 396 13.200000 375.3320, 202.7891, 396.6130, 203.1275, 396.4293, 214.6802, 375.1483, 214.3417
21 397 13.240000 377.5385, 202.2609, 399.0451, 202.2724, 399.0390, 213.8192, 377.5323, 213.8078
21 398 13.270000 379.1646, 201.5850, 400.8502, 201.3179, 400.9951, 213.0781, 379.3094, 213.3453
21 399 13.300000 380.7893, 201.0237, 402.6173, 200.4862, 402.8982, 211.8942, 381.0702, 212.4316
21 400 13.340000 382.8912, 199.8995, 404.9197, 198.9726, 405.3891, 210.1302, 383.3607, 211.0571
21 401 13.370000 384.4031, 198.5999, 406.5959, 197.3952, 407.2149, 208.7981, 385.0220, 210.0028
21 402 13.400000 385.9145, 197.4833, 408.2224, 196.0531, 408.9150, 206.8551, 386.6071, 208.2853
21 403 13.440000 387.7956, 195.2951, 410.2785, 193.5529, 411.1046, 204.2136, 388.6217, 205.9557
21 404 13.470000 389.0794, 193.1924, 411.7326, 191.2030, 412.6939, 202.1500, 390.0407, 204.1394
21 405 13.500000 390.3365, 191.2218, 413.1041, 188.9988, 414.1465, 199.6749, 391.3789, 201.8979
21 406 13.540000 391.8673, 188.6040, 414.8297, 186.0095, 416.0300, 196.6321, 393.0676, 199.2266
21 407 13.570000 392.9508, 186.9935, 416.0590, 184.0852, 417.3771, 194.5584, 394.2689, 197.4667
21 408 13.600000 393.9962, 185.8108, 417.2637, 182.5870, 418.6527, 192.6120, 395.3852, 195.8358
21 409 13.640000 395.2982, 184.5917, 418.7555, 180.9257, 420.2862, 190.7203, 396.8289, 194.3863
21 410 13.670000 396.1813, 183.8003, 419.7585, 179.8050, 421.4342, 189.6937, 397.8571, 193.6891
21 411 13.700000 396.9419, 183.0183, 420.6562, 178.7004, 422.5441, 189.0685, 398.8298, 193.3864
21 412 13.740000 397.8561, 182.4762, 421.7245, 177.7221, 423.8694, 188.4912, 400.0010, 193.2453
21 413 13.770000 398.4591, 182.4408, 422.4234, 177.3471, 424.7425, 188.2575, 400.7781, 193.3512
21 414 13.800000 398.9355, 182.5150, 423.0116, 177.0932, 425.5619, 188.4179, 401.4858, 193.8397
21 415 13.840000 399.4512, 183.1378, 423.6513, 177.2724, 426.4732, 188.9150, 402.2730, 194.7804
21 416 13.870000 399.7463, 184.0081, 424.0218, 177.8074, 427.0142, 189.5223, 402.7387, 195.7230
21 417 13.900000 399.9012, 185.0375, 424.2699, 178.5149, 427.4921, 190.5529, 403.1234, 197.0755
21 418 13.940000 399.9760, 186.9916, 424.4492, 180.0432, 427.9267, 192.2912, 403.4535, 199.2397
21 419 13.970000 399.9271, 188.8869, 424.4675, 181.6294, 428.0901, 193.8787, 403.5497, 201.1362
21 420 14.000000 399.7147, 190.9340, 424.3467, 183.4008, 428.1580, 195.8630, 403.5260, 203.3962
21 421 14.040000 399.2282, 194.0290, 423.9735, 186.1910, 427.9378, 198.7067, 403.1925, 206.5447
21 422 14.070000 398.6924, 196.5949, 423.5081, 188.5606, 427.4919, 200.8656, 402.6762, 208.8999
21 423 14.100000 397.9000, 199.0336, 422.8625, 190.9362, 426.8945, 203.3658, 401.9320, 211.4632
21 424 14.140000 396.5875, 202.5428, 421.7596, 194.4929, 425.6992, 206.8121, 400.5271, 214.8619
21 425 14.170000 395.4086, 205.3416, 420.7547, 197.4710, 424.5142, 209.5780, 399.1681, 217.4486
21 426 14.200000 393.9759, 208.1264, 419.5609, 200.5209, 423.1960, 212.7494, 397.6110, 220.3550
21 427 14.240000 391.8706, 212.3319, 417.7561, 205.2160, 421.0727, 217.2808, 395.1872, 224.3967
21 428 14.270000 390.1590, 215.9335, 416.2641, 209.2970, 419.2435, 221.0168, 393.1384, 227.6533
21 429 14.300000 388.2751, 219.7822, 414.6237, 213.6885, 417.3290, 225.3858, 390.9804, 231.4795
21 430 14.340000 385.6521, 225.8586, 412.2816, 220.5538, 414.5641, 232.0119, 387.9347, 237.3167
21 431 14.370000 383.5971, 231.2252, 410.4094, 226.5017, 412.4022, 237.8137, 385.5899, 242.5372
21 432 14.400000 381.4645, 237.3921, 408.4479, 233.1811, 410.2069, 244.4520, 383.2234, 248.6630
21 433 14.440000 378.4992, 246.7927, 405.7326, 243.2553, 407.2156, 254.6729, 379.9822, 258.2103
21 434 14.470000 376.2194, 254.8838, 403.6362, 251.8745, 404.9032, 263.4177, 377.4864, 266.4270
21 435 14.500000 373.8690, 263.9388, 401.4126, 261.2942, 402.5324, 272.9568, 374.9888, 275.6015
21 436 14.540000 370.5104, 275.9524, 398.2277, 273.8721, 399.1154, 285.6991, 371.3981, 287.7794
21 437 14.570000 367.7807, 284.2292, 395.6297, 282.6317, 396.3152, 294.5827, 368.4662, 296.1802
21 438 14.600000 364.8889, 291.7611, 392.8656, 290.6884, 393.3285, 302.7612, 365.3518, 303.8339
21 439 14.640000 360.8210, 300.7561, 388.9470, 300.3684, 389.1155, 312.5967, 360.9895, 312.9844
21 440 14.670000 357.6398, 306.7925, 385.8599, 306.8751, 385.8237, 319.2146, 357.6036, 319.1320
21 441 14.700000 354.3782, 312.2297, 382.6793, 312.7696, 382.4412, 325.2489, 354.1401, 324.7090
21 442 14.740000 349.9232, 318.6441, 378.3112, 319.6939, 377.8410, 332.4061, 349.4531, 331.3563
21 443 14.770000 346.5210, 322.8527, 374.9618, 324.1972, 374.3547, 337.0386, 345.9139, 335.6940
21 444 14.800000 343.0973, 326.5088, 371.5816, 328.1283, 370.8442, 341.0967, 342.3599, 339.4772
21 445 14.840000 338.4979, 330.6068, 367.0293, 332.4750, 366.1730, 345.5539, 337.6415, 343.6857
21 446 14.870000 335.0358, 333.1001, 363.5963, 335.0685, 362.6920, 348.1898, 334.1315, 346.2214
21 447 14.900000 331.5931, 335.0363, 360.1747, 337.1055, 359.2208, 350.2817, 330.6392, 348.2125
21 448 14.940000 327.0189, 336.8211, 355.6206, 338.9367, 354.6429, 352.1553, 326.0412, 350.0397
21 449 14.970000 323.6082, 337.5777, 352.2190, 339.6759, 351.2460, 352.9433, 322.6353, 350.8451
