14 0 0.010000 60.2771, 157.9215, 107.5835, 161.0661, 106.2105, 181.7210, 58.9041, 178.5764
14 1 0.040000 61.2374, 157.7928, 108.1718, 165.8962, 105.2993, 182.5334, 58.3649, 174.4300
14 2 0.070000 62.5170, 154.9585, 108.9294, 166.5548, 104.3489, 184.8875, 57.9365, 173.2912
14 3 0.110000 64.6079, 150.0263, 110.4199, 163.9522, 104.3987, 183.7602, 58.5866, 169.8342
14 4 0.140000 66.2103, 146.0493, 111.9046, 160.4870, 105.5634, 180.5563, 59.8692, 166.1187
14 5 0.170000 67.8326, 142.0425, 113.6639, 156.3012, 107.4705, 176.2084, 61.6392, 161.9496
14 6 0.200000 69.5147, 138.2534, 115.6104, 151.9516, 109.8219, 171.4306, 63.7261, 157.7324
14 7 0.240000 71.8219, 134.0179, 118.3515, 146.5831, 113.3140, 165.2373, 66.7844, 152.6722
14 8 0.270000 73.5927, 131.7065, 120.4417, 143.2538, 116.0251, 161.1726, 69.1760, 149.6253
14 9 0.310000 76.0201, 129.9622, 123.2215, 140.1030, 119.5987, 156.9655, 72.3973, 146.8247
14 10 0.340000 78.0701, 128.7625, 125.4748, 137.8896, 122.1839, 154.9821, 74.7792, 145.8550
14 11 0.370000 80.0797, 128.5764, 127.6437, 136.5978, 124.5695, 154.8261, 77.0056, 146.8047
14 12 0.400000 82.0791, 129.3617, 129.7461, 136.3489, 126.9137, 155.6720, 79.2466, 148.6849
14 13 0.440000 84.7004, 131.9168, 132.4422, 137.5004, 130.0149, 158.2549, 82.2731, 152.6713
14 14 0.470000 86.5024, 134.8457, 134.4936, 139.3583, 132.4419, 161.1783, 84.4507, 156.6658
14 15 0.500000 88.2742, 138.4202, 136.5644, 141.9368, 134.8997, 164.7966, 86.6095, 161.2800
14 16 0.540000 90.6619, 143.8232, 139.2822, 145.9437, 138.2272, 170.1350, 89.6069, 168.0146
14 17 0.570000 92.4844, 148.0886, 141.2846, 149.0952, 140.7660, 174.2356, 91.9658, 173.2289
14 18 0.610000 94.9916, 153.7943, 143.9637, 153.4465, 144.1502, 179.7143, 95.1782, 180.0621
14 19 0.640000 96.9287, 158.0151, 146.0022, 156.8253, 146.6562, 183.8006, 97.5827, 184.9904
14 20 0.670000 98.8391, 162.2694, 147.9340, 160.0758, 149.1713, 187.7665, 100.0763, 189.9601
14 21 0.700000 100.8059, 166.4009, 149.9590, 163.5578, 151.5904, 191.7615, 102.4373, 194.6046
14 22 0.740000 103.3794, 171.9154, 152.5458, 168.1655, 154.7448, 196.9970, 105.5783, 200.7469
14 23 0.770000 105.2204, 176.1045, 154.2878, 171.4573, 157.0729, 200.8635, 108.0054, 205.5107
14 24 0.800000 107.1240, 180.1756, 156.2486, 175.2492, 159.2192, 204.8718, 110.0946, 209.7982
14 25 0.840000 109.5260, 185.7375, 158.6260, 180.2528, 161.9777, 210.2574, 112.8777, 215.7421
14 26 0.870000 111.2226, 190.0343, 160.2274, 184.0165, 163.9562, 214.3808, 114.9514, 220.3986
14 27 0.900000 112.9740, 194.3324, 162.0998, 188.4539, 165.7207, 218.7137, 116.5950, 224.5922
14 28 0.940000 115.1286, 200.3326, 164.2962, 194.3569, 167.9786, 224.6552, 118.8110, 230.6309
14 29 0.970000 116.6263, 204.9821, 165.7644, 198.8168, 169.5864, 229.2787, 120.4483, 235.4439
14 30 1.000000 118.1487, 209.7185, 167.3760, 203.7935, 171.0102, 233.9883, 121.7830, 239.9133
14 31 1.040000 120.0532, 216.0531, 169.3060, 210.3440, 172.7778, 240.2949, 123.5249, 246.0040
14 32 1.070000 121.3609, 220.7105, 170.5304, 214.9710, 174.0384, 245.0238, 124.8690, 250.7633
14 33 1.110000 123.1326, 226.8926, 172.2277, 221.5133, 175.4788, 251.1853, 126.3837, 256.5646
14 34 1.140000 124.4319, 231.6304, 173.4257, 226.5557, 176.4377, 255.6356, 127.4440, 260.7103
14 35 1.170000 125.6348, 236.1432, 174.5299, 231.3512, 177.3688, 260.3178, 128.4737, 265.1098
14 36 1.210000 127.2410, 242.3427, 175.9178, 238.0305, 178.4402, 266.5033, 129.7634, 270.8155
14 37 1.240000 128.4502, 247.3838, 176.8941, 243.4455, 179.1296, 270.9433, 130.6857, 274.8816
14 38 1.270000 129.5784, 252.1686, 177.7885, 248.6108, 179.8013, 275.8849, 131.5912, 279.4427
14 39 1.310000 131.1007, 259.1255, 178.9193, 256.1456, 180.5568, 282.4222, 132.7381, 285.4021
14 40 1.340000 132.2511, 264.7608, 179.7158, 262.2804, 181.0289, 287.4065, 133.5642, 289.8869
14 41 1.370000 133.3374, 270.4186, 180.4428, 268.4097, 181.4860, 292.8729, 134.3806, 294.8818
14 42 1.410000 134.7968, 278.6564, 181.3317, 277.3354, 181.9847, 300.3374, 135.4498, 301.6585
14 43 1.440000 135.8981, 285.3249, 181.9319, 284.5696, 182.2849, 306.0829, 136.2510, 306.8383
14 44 1.470000 136.9516, 292.0031, 182.4809, 291.7882, 182.5773, 312.2229, 137.0480, 312.4377
14 45 1.510000 138.3779, 301.1439, 183.1347, 301.6768, 182.9136, 320.2427, 138.1569, 319.7098
14 46 1.540000 139.4669, 307.8640, 183.5681, 308.9077, 183.1659, 325.9027, 139.0646, 324.8589
14 47 1.570000 140.4841, 313.7819, 183.9991, 315.0660, 183.5007, 331.9542, 139.9857, 330.6701
14 48 1.610000 141.9506, 319.9680, 184.6324, 321.6024, 183.9480, 339.4742, 141.2662, 337.8398
14 49 1.640000 143.1790, 323.6934, 185.1566, 325.7169, 184.2352, 344.8322, 142.2576, 342.8087
14 50 1.670000 144.2408, 327.8187, 185.6907, 329.9155, 184.7273, 348.9598, 143.2774, 346.8630
14 51 1.710000 145.6765, 332.7065, 186.4599, 334.8468, 185.4554, 353.9868, 144.6720, 351.8465
14 52 1.740000 146.9269, 335.4867, 187.0637, 337.7831, 185.9071, 357.9981, 145.7703, 355.7017
14 53 1.770000 148.0338, 338.7175, 187.7071, 341.0451, 186.5326, 361.0647, 146.8592, 358.7371
14 54 1.810000 149.6505, 342.3590, 188.6040, 344.8408, 187.3023, 365.2729, 148.3487, 362.7912
14 55 1.840000 150.8918, 344.8056, 189.2984, 347.3526, 187.9017, 368.4138, 149.4951, 365.8669
14 56 1.870000 152.0502, 347.6144, 190.0077, 350.1720, 188.6044, 370.9977, 150.6470, 368.4401
14 57 1.910000 153.6429, 351.0265, 190.9778, 353.5470, 189.5559, 374.6084, 152.2210, 372.0879
14 58 1.940000 154.9089, 353.4022, 191.7509, 356.0009, 190.2408, 377.4099, 153.3988, 374.8112
14 59 1.970000 156.1367, 356.0508, 192.5410, 358.7119, 190.9962, 379.8447, 154.5919, 377.1836
14 60 2.010000 157.8490, 359.3358, 193.6490, 362.1109, 192.0228, 383.0902, 156.2228, 380.3152
14 61 2.040000 159.2163, 361.4118, 194.5430, 364.2824, 192.8134, 385.5675, 157.4867, 382.6969
14 62 2.070000 160.5407, 363.6749, 195.4783, 366.5853, 193.7391, 387.4625, 158.8016, 384.5520
14 63 2.110000 162.4405, 366.0883, 196.8340, 369.0662, 195.0201, 390.0173, 160.6266, 387.0395
14 64 2.140000 163.9361, 367.5348, 197.9320, 370.5341, 196.0459, 391.9130, 162.0499, 388.9137
14 65 2.170000 165.3927, 369.2923, 199.0629, 372.2779, 197.2076, 393.2005, 163.5375, 390.2150
14 66 2.210000 167.4097, 371.3032, 200.6669, 374.2185, 198.8539, 394.9013, 165.5966, 391.9860
14 67 2.240000 168.9894, 372.5976, 201.9478, 375.4655, 200.1447, 396.1868, 167.1864, 393.3189
14 68 2.270000 170.5511, 374.2210, 203.2542, 377.0225, 201.5428, 396.9997, 168.8398, 394.1982
14 69 2.310000 172.7461, 376.0038, 205.1016, 378.7318, 203.4477, 398.3478, 171.0922, 395.6197
14 70 2.340000 174.4340, 377.1607, 206.5460, 379.7762, 204.9391, 399.5058, 172.8270, 396.8903
14 71 2.370000 176.1171, 378.6004, 208.0142, 381.0989, 206.5041, 400.3772, 174.6071, 397.8788
14 72 2.410000 178.4040, 380.3565, 210.0390, 382.6461, 208.6548, 401.7699, 177.0198, 399.4802
14 73 2.440000 180.1581, 381.5106, 211.6031, 383.6249, 210.2981, 403.0331, 178.8531, 400.9187
14 74 2.470000 181.9017, 382.9325, 213.1823, 384.8741, 211.9943, 404.0141, 180.7137, 402.0726
14 75 2.510000 184.2675, 384.4585, 215.3443, 386.1449, 214.2953, 405.4769, 183.2184, 403.7905
14 76 2.540000 186.0828, 385.2005, 217.0010, 386.6931, 216.0427, 406.5436, 185.1245, 405.0511
14 77 2.570000 187.8979, 386.1340, 218.6698, 387.4813, 217.8207, 406.8732, 187.0489, 405.5259
14 78 2.610000 190.3674, 386.6545, 220.9344, 387.8167, 220.1991, 407.1571, 189.6320, 405.9949
14 79 2.640000 192.2678, 386.4835, 222.6545, 387.5488, 221.9631, 407.2715, 191.5764, 406.2063
14 80 2.670000 194.1643, 386.3928, 224.3896, 387.4243, 223.7305, 406.7371, 193.5052, 405.7056
14 81 2.710000 196.7451, 385.5302, 226.7201, 386.5699, 226.0485, 405.9352, 196.0734, 404.8955
14 82 2.740000 198.7078, 384.3391, 228.4760, 385.4012, 227.7673, 405.2654, 197.9990, 404.2033
14 83 2.770000 200.6600, 383.2494, 230.2429, 384.3943, 229.4860, 403.9517, 199.9031, 402.8068
14 84 2.800000 202.6604, 381.4479, 232.0197, 382.6804, 231.1741, 402.8236, 201.8148, 401.5911
14 85 2.840000 205.3291, 378.8276, 234.4052, 380.2079, 233.4338, 400.6719, 204.3576, 399.2916
14 86 2.870000 207.3473, 376.7175, 236.2180, 378.2723, 235.1267, 398.5365, 206.2559, 396.9816
14 87 2.900000 209.4176, 373.9823, 238.0535, 375.6978, 236.8095, 396.4621, 208.1737, 394.7466
14 88 2.940000 212.1651, 370.2008, 240.5427, 372.1712, 239.0985, 392.9706, 210.7209, 391.0002
14 89 2.970000 214.2602, 367.3042, 242.4414, 369.4823, 240.8650, 389.8793, 212.6838, 387.7012
14 90 3.000000 216.3703, 363.8814, 244.3792, 366.2398, 242.6240, 387.0854, 214.6151, 384.7270
14 91 3.040000 219.1949, 359.9007, 246.9725, 362.4869, 245.0603, 383.0249, 217.2827, 380.4387
14 92 3.070000 221.3118, 357.3596, 248.9220, 360.1159, 246.9321, 380.0483, 219.3219, 377.2919
14 93 3.100000 223.4309, 354.8865, 250.8895, 357.7824, 248.8071, 377.5278, 221.3484, 374.6318
14 94 3.140000 226.2584, 352.1664, 253.5308, 355.2358, 251.3766, 374.3772, 224.1042, 371.3079
14 95 3.170000 228.3735, 350.4656, 255.5281, 353.6361, 253.3592, 372.2123, 226.2045, 369.0418
14 96 3.200000 230.5252, 348.7965, 257.5718, 352.0395, 255.3665, 370.4310, 228.3199, 367.1879
14 97 3.240000 233.4274, 346.9616, 260.3422, 350.2875, 258.1252, 368.2287, 231.2104, 364.9028
14 98 3.270000 235.6187, 345.8929, 262.4560, 349.2549, 260.2778, 366.6429, 233.4405, 363.2810
14 99 3.300000 237.8796, 344.7487, 264.6336, 348.1043, 262.4608, 365.4275, 235.7069, 362.0719
14 100 3.340000 240.9264, 343.5660, 267.5936, 346.8646, 265.4911, 363.8627, 238.8238, 360.5641
14 101 3.370000 243.2425, 342.9537, 269.8572, 346.1960, 267.8486, 362.6836, 241.2339, 359.4413
14 102 3.400000 245.6426, 342.1747, 272.1943, 345.3202, 270.2306, 361.8952, 243.6790, 358.7497
14 103 3.440000 248.8811, 341.4861, 275.3659, 344.4849, 273.5182, 360.8035, 247.0334, 357.8047
14 104 3.470000 251.3356, 341.2240, 277.7813, 344.0839, 276.0646, 359.9588, 249.6189, 357.0989
14 105 3.500000 253.8591, 340.8195, 280.2581, 343.5089, 278.6317, 359.4730, 252.2327, 356.7836
14 106 3.540000 257.2417, 340.6805, 283.5909, 343.1104, 282.1457, 358.7813, 255.7965, 356.3513
14 107 3.570000 259.8018, 340.8423, 286.1155, 343.0713, 284.8269, 358.2826, 258.5133, 356.0536
14 108 3.600000 262.4204, 340.8353, 288.6822, 342.8470, 287.5051, 358.2126, 261.2434, 356.2009
14 109 3.640000 265.9258, 341.1636, 292.1237, 342.8877, 291.1184, 358.1625, 264.9205, 356.4383
14 110 3.670000 268.5650, 341.6255, 294.7125, 343.1288, 293.8463, 358.1958, 267.6988, 356.6925
14 111 3.700000 271.2232, 341.9768, 297.3184, 343.2449, 296.5722, 358.5996, 270.4770, 357.3314
14 112 3.740000 274.7656, 342.7268, 300.7839, 343.6954, 300.2044, 359.2620, 274.1861, 358.2934
14 113 3.770000 277.4052, 343.5739, 303.3757, 344.3304, 302.9251, 359.7979, 276.9547, 359.0414
14 114 3.800000 280.0430, 344.3009, 305.9550, 344.8380, 305.6248, 360.7686, 279.7127, 360.2315
14 115 3.840000 283.5095, 345.6735, 309.3666, 345.9229, 309.2097, 362.1846, 283.3526, 361.9352
14 116 3.870000 286.0722, 346.9973, 311.8964, 347.0427, 311.8677, 363.3852, 286.0434, 363.3398
14 117 3.900000 288.5873, 348.2922, 314.3991, 348.1332, 314.5032, 365.0263, 288.6913, 365.1853
14 118 3.940000 291.8850, 350.4488, 317.6808, 350.0362, 317.9590, 367.4311, 292.1632, 367.8437
14 119 3.970000 294.3138, 352.3600, 320.0996, 351.7775, 320.4975, 369.3916, 294.7117, 369.9741
14 120 4.000000 296.6762, 354.1960, 322.4715, 353.4491, 323.0002, 371.7081, 297.2049, 372.4550
14 121 4.040000 299.7563, 356.8014, 325.5617, 355.8841, 326.2312, 374.7222, 300.4259, 375.6394
14 122 4.070000 302.0075, 358.8488, 327.8129, 357.8249, 328.5643, 376.7624, 302.7588, 377.7863
14 123 4.100000 304.1606, 360.4737, 329.9896, 359.3501, 330.8477, 379.0766, 305.0187, 380.2002
14 124 4.140000 306.9382, 362.7353, 332.7885, 361.5021, 333.7590, 381.8458, 307.9087, 383.0789
14 125 4.170000 308.9696, 364.5755, 334.8327, 363.3192, 335.8204, 383.6532, 309.9573, 384.9095
14 126 4.200000 310.9028, 366.1018, 336.7847, 364.8158, 337.8229, 385.7117, 311.9411, 386.9976
14 127 4.240000 313.3882, 368.3819, 339.2998, 367.0852, 340.3550, 388.1713, 314.4434, 389.4679
14 128 4.270000 315.1833, 370.2509, 341.1180, 368.9665, 342.1536, 389.8759, 316.2188, 391.1602
14 129 4.300000 316.8911, 371.9238, 342.8579, 370.6549, 343.8932, 391.8396, 317.9264, 393.1086
14 130 4.340000 319.0845, 374.4481, 345.0984, 373.2285, 346.0877, 394.3304, 320.0738, 395.5500
14 131 4.370000 320.6591, 376.5901, 346.7150, 375.4079, 347.6552, 396.1309, 321.5994, 397.3131
14 132 4.400000 322.1416, 378.6310, 348.2588, 377.4637, 349.1873, 398.2376, 323.0701, 399.4048
14 133 4.440000 324.0263, 381.7406, 350.2369, 380.5830, 351.1390, 401.0102, 324.9284, 402.1678
14 134 4.470000 325.3656, 384.3575, 351.6604, 383.1917, 352.5405, 403.0425, 326.2456, 404.2082
14 135 4.500000 326.6121, 386.8562, 353.0058, 385.6477, 353.9046, 405.2784, 327.5110, 406.4869
14 136 4.540000 328.1756, 390.0663, 354.7008, 388.8297, 355.5981, 408.0785, 329.0729, 409.3150
14 137 4.570000 329.2781, 392.4329, 355.8935, 391.1924, 356.7582, 409.7436, 330.1428, 410.9841
14 138 4.600000 330.2915, 394.1496, 356.9882, 392.9380, 357.8345, 411.5865, 331.1379, 412.7981
14 139 4.640000 331.5511, 396.3375, 358.3404, 395.1955, 359.1143, 413.3481, 332.3250, 414.4902
14 140 4.670000 332.4295, 397.8473, 359.3136, 396.7995, 359.9914, 414.1886, 333.1073, 415.2364
14 141 4.700000 333.2286, 398.7129, 360.2468, 397.7919, 360.8387, 415.1549, 333.8205, 416.0759
14 142 4.740000 334.1974, 399.6793, 361.3862, 398.9423, 361.8424, 415.7702, 334.6536, 416.5072
14 143 4.770000 334.8542, 400.3651, 362.1608, 399.7485, 362.5184, 415.5848, 335.2118, 416.2014
14 144 4.800000 335.4622, 400.1885, 362.8947, 399.7738, 363.1349, 415.6611, 335.7024, 416.0758
14 145 4.840000 336.2158, 399.7410, 363.8016, 399.6330, 363.8615, 414.9174, 336.2757, 415.0254
14 146 4.870000 336.7219, 399.3146, 364.4099, 399.4149, 364.3586, 413.5856, 336.6706, 413.4854
14 147 4.900000 337.2109, 397.9521, 364.9953, 398.3105, 364.8132, 412.4319, 337.0288, 412.0736
14 148 4.940000 337.8210, 395.3346, 365.7115, 395.9732, 365.3935, 409.8640, 337.5030, 409.2253
14 149 4.970000 338.2922, 392.4443, 366.2490, 393.3132, 365.7787, 408.4446, 337.8219, 407.5757
14 150 5.000000 338.7203, 389.8722, 366.7779, 391.0393, 366.1464, 406.2215, 338.0888, 405.0544
14 151 5.040000 339.2090, 386.2660, 367.4637, 387.8244, 366.6056, 403.3838, 338.3508, 401.8255
14 152 5.070000 339.5614, 383.8189, 367.9555, 385.6133, 366.9601, 401.3633, 338.5661, 399.5690
14 153 5.100000 339.8998, 381.8770, 368.4185, 383.8933, 367.3321, 399.2596, 338.8134, 397.2433
14 154 5.140000 340.3481, 379.5473, 369.0331, 381.7892, 367.8570, 396.8362, 339.1721, 394.5943
14 155 5.170000 340.7153, 377.8455, 369.5119, 380.2311, 368.2542, 395.4122, 339.4576, 393.0266
14 156 5.200000 341.0777, 376.6570, 369.9780, 379.2008, 368.6911, 393.8211, 339.7908, 391.2773
14 157 5.240000 341.6049, 375.0890, 370.6347, 377.7722, 369.3056, 392.1518, 340.2758, 389.4686
14 158 5.270000 342.0364, 373.9308, 371.1622, 376.6704, 369.7953, 391.2022, 340.6695, 388.4626
14 159 5.300000 342.4750, 373.2090, 371.6801, 376.0035, 370.3331, 390.0811, 341.1280, 387.2866
14 160 5.340000 343.1089, 372.2880, 372.4195, 375.0879, 371.0981, 388.9214, 341.7875, 386.1216
14 161 5.370000 343.6293, 371.5896, 373.0164, 374.3553, 371.7011, 388.3311, 342.3141, 385.5655
14 162 5.400000 344.1551, 371.3464, 373.6010, 374.0762, 372.3397, 387.6819, 342.8938, 384.9520
14 163 5.440000 344.9153, 370.9888, 374.4342, 373.6150, 373.2263, 387.1918, 343.7074, 384.5656
14 164 5.470000 345.5148, 370.7589, 375.0939, 373.2651, 373.9455, 386.8188, 344.3664, 384.3127
14 165 5.500000 346.1528, 370.6251, 375.7590, 373.0043, 374.6506, 386.7971, 345.0444, 384.4179
14 166 5.540000 347.0459, 370.3579, 376.6960, 372.5465, 375.6529, 386.6782, 346.0028, 384.4896
14 167 5.570000 347.7132, 370.4488, 377.3977, 372.4482, 376.4623, 386.3348, 346.7779, 384.3354
14 168 5.600000 348.4423, 370.1302, 378.1277, 371.9608, 377.2343, 386.4466, 347.5490, 384.6159
14 169 5.640000 349.3830, 370.0742, 379.0678, 371.5523, 378.3351, 386.2670, 348.6503, 384.7889
14 170 5.670000 350.0859, 370.1502, 379.7783, 371.3698, 379.1747, 386.0652, 349.4824, 384.8457
14 171 5.700000 350.8191, 369.9529, 380.4737, 370.9237, 379.9734, 386.2081, 350.3188, 385.2374
14 172 5.740000 351.7836, 369.9687, 381.4091, 370.6953, 381.0279, 386.2383, 351.4024, 385.5117
14 173 5.770000 352.4562, 370.1944, 382.0687, 370.6379, 381.8362, 386.1626, 352.2237, 385.7191
14 174 5.800000 353.1061, 370.2358, 382.6848, 370.4076, 382.5920, 386.3894, 353.0133, 386.2176
14 175 5.840000 353.9116, 370.4925, 383.4623, 370.2631, 383.5897, 386.6718, 354.0390, 386.9013
14 176 5.870000 354.5070, 371.0005, 384.0121, 370.5042, 384.2851, 386.7351, 354.7800, 387.2314
14 177 5.900000 355.0408, 371.1627, 384.5782, 370.4678, 384.9748, 387.3273, 355.4374, 388.0222
14 178 5.940000 355.7166, 371.8722, 385.2206, 370.8930, 385.7846, 387.8884, 356.2806, 388.8676
14 179 5.970000 356.1644, 372.5374, 385.6552, 371.3539, 386.3385, 388.3800, 356.8476, 389.5635
14 180 6.000000 356.5726, 373.0912, 386.0614, 371.7774, 386.8348, 389.1357, 357.3460, 390.4496
14 181 6.040000 357.0390, 373.9720, 386.5196, 372.4920, 387.4053, 390.1352, 357.9247, 391.6152
14 182 6.070000 357.3630, 374.8895, 386.7767, 373.2885, 387.7232, 390.6761, 358.3094, 392.2771
14 183 6.100000 357.6058, 375.4875, 386.9956, 373.7987, 388.0175, 391.5840, 358.6278, 393.2728
14 184 6.140000 357.8750, 376.5673, 387.1682, 374.7470, 388.2758, 392.5716, 358.9826, 394.3919
14 185 6.170000 358.0321, 377.5082, 387.2328, 375.6206, 388.3719, 393.2419, 359.1712, 395.1295
14 186 6.200000 358.1115, 378.2100, 387.2447, 376.2799, 388.4339, 394.2286, 359.3006, 396.1588
14 187 6.240000 358.1604, 379.3707, 387.1708, 377.4201, 388.3834, 395.4543, 359.3730, 397.4049
14 188 6.270000 358.1569, 380.4021, 387.0546, 378.4745, 388.2467, 396.3444, 359.3490, 398.2720
14 189 6.300000 358.0720, 381.2365, 386.8822, 379.3342, 388.0873, 397.5856, 359.2771, 399.4879
14 190 6.340000 357.9113, 382.6313, 386.5761, 380.8033, 387.7521, 399.2444, 359.0873, 401.0724
14 191 6.370000 357.7554, 383.9042, 386.2936, 382.1595, 387.4166, 400.5277, 358.8784, 402.2724
14 192 6.400000 357.5299, 385.0854, 385.9538, 383.4038, 387.0646, 402.1799, 358.6407, 403.8614
14 193 6.440000 357.1892, 387.0221, 385.4330, 385.4445, 386.4963, 404.4813, 358.2525, 406.0588
14 194 6.470000 356.9032, 388.7161, 384.9944, 387.2300, 386.0028, 406.2922, 357.9116, 407.7783
14 195 6.500000 356.5576, 390.3255, 384.4955, 388.8925, 385.4943, 408.3642, 357.5563, 409.7972
14 196 6.540000 356.0571, 392.5594, 383.7706, 391.2167, 384.7259, 410.9343, 357.0124, 412.2770
14 197 6.570000 355.6507, 394.2091, 383.2229, 392.9991, 384.0842, 412.6267, 356.5120, 413.8367
14 198 6.600000 355.1796, 395.4294, 382.6467, 394.3450, 383.4428, 414.5092, 355.9757, 415.5937
14 199 6.640000 354.5446, 397.1601, 381.8859, 396.3440, 382.4901, 416.5865, 355.1489, 417.4026
14 200 6.670000 354.0376, 398.5248, 381.2800, 397.8934, 381.7432, 417.8797, 354.5009, 418.5111
14 201 6.700000 353.4920, 399.5873, 380.6563, 399.1265, 380.9994, 419.3509, 353.8351, 419.8117
14 202 6.740000 352.7453, 401.1410, 379.8051, 400.9162, 379.9721, 421.0265, 352.9123, 421.2513
14 203 6.770000 352.1811, 402.4349, 379.1549, 402.4088, 379.1740, 422.0754, 352.2002, 422.1015
14 204 6.800000 351.5825, 403.4382, 378.4938, 403.5641, 378.4010, 423.3777, 351.4897, 423.2517
14 205 6.840000 350.7856, 405.0067, 377.5890, 405.3386, 377.3474, 424.8533, 350.5441, 424.5215
14 206 6.870000 350.1729, 406.2991, 376.8914, 406.7579, 376.5636, 425.8484, 349.8451, 425.3896
14 207 6.900000 349.5503, 407.4075, 376.1890, 407.9598, 375.7930, 427.0575, 349.1543, 426.5052
14 208 6.940000 348.7143, 409.0497, 375.2460, 409.7223, 374.7685, 428.5564, 348.2368, 427.8838
14 209 6.970000 348.0811, 410.4542, 374.5138, 411.1876, 374.0051, 429.5227, 347.5723, 428.7893
14 210 7.000000 347.4348, 411.6177, 373.7770, 412.3540, 373.2650, 430.6737, 346.9228, 429.9374
14 211 7.040000 346.5716, 413.0807, 372.7866, 413.8022, 372.2872, 431.9468, 346.0722, 431.2253
14 212 7.070000 345.9336, 414.1187, 372.0578, 414.8622, 371.5544, 432.5514, 345.4301, 431.8079
14 213 7.100000 345.2953, 414.6254, 371.3452, 415.3783, 370.8261, 433.3350, 344.7763, 432.5820
14 214 7.140000 344.4571, 415.2466, 370.4243, 416.0551, 369.8703, 433.8473, 343.9031, 433.0388
14 215 7.170000 343.8133, 415.6792, 369.7478, 416.5515, 369.1667, 433.8282, 343.2323, 432.9559
14 216 7.200000 343.1894, 415.6012, 369.0713, 416.5336, 368.4435, 433.9586, 342.5616, 433.0261
14 217 7.240000 342.3630, 415.4310, 368.1916, 416.4811, 367.4953, 433.6069, 341.6667, 432.5568
14 218 7.270000 341.7488, 415.2635, 367.5509, 416.4362, 366.8017, 432.9204, 340.9997, 431.7477
14 219 7.300000 341.1733, 414.5301, 366.9297, 415.8407, 366.0874, 432.3940, 340.3310, 431.0834
14 220 7.340000 340.4355, 413.4362, 366.1426, 414.9918, 365.1678, 431.1011, 339.4607, 429.5455
14 221 7.370000 339.9101, 412.5650, 365.5769, 414.3500, 364.5162, 429.6011, 338.8494, 427.8160
14 222 7.400000 339.4498, 411.0530, 365.0614, 413.0762, 363.8651, 428.2199, 338.2535, 426.1967
14 223 7.440000 338.9223, 408.7825, 364.4356, 411.1894, 363.0607, 425.7630, 337.5474, 423.3561
14 224 7.470000 338.5897, 406.9863, 364.0164, 409.7477, 362.5335, 423.4023, 337.1068, 420.6409
14 225 7.500000 338.3792, 404.5394, 363.7002, 407.6724, 362.0059, 421.3650, 336.6849, 418.2319
14 226 7.540000 338.1675, 401.5065, 363.3421, 405.1311, 361.4236, 418.4557, 336.2491, 414.8310
14 227 7.570000 338.0626, 399.3854, 363.1246, 403.3115, 361.0658, 416.4544, 336.0038, 412.5283
14 228 7.600000 338.0389, 397.1823, 363.0083, 401.3546, 360.7459, 414.8940, 335.7765, 410.7217
14 229 7.640000 338.0577, 394.7533, 362.9154, 399.1699, 360.4908, 412.8163, 335.6331, 408.3998
14 230 7.670000 338.1231, 393.2225, 362.9134, 397.7610, 360.4319, 411.3157, 335.6416, 406.7771
14 231 7.700000 338.2952, 391.6136, 363.0302, 396.2237, 360.4307, 410.1707, 335.6957, 405.5605
14 232 7.740000 338.6077, 389.8282, 363.2897, 394.4613, 360.6245, 408.6597, 335.9425, 404.0266
14 233 7.770000 338.8957, 388.7918, 363.5499, 393.3666, 360.9304, 407.4834, 336.2762, 402.9086
14 234 7.800000 339.2985, 387.6250, 363.9363, 392.0900, 361.2956, 406.6617, 336.6577, 402.1967
14 235 7.840000 339.9045, 386.4246, 364.5336, 390.6366, 361.9858, 405.5346, 337.3567, 401.3225
14 236 7.870000 340.4039, 385.8290, 365.0351, 389.7859, 362.6509, 404.6270, 338.0197, 400.6701
14 237 7.900000 341.0019, 385.0971, 365.6339, 388.7556, 363.3582, 404.0766, 338.7263, 400.4180
14 238 7.940000 341.8387, 384.5088, 366.4741, 387.6816, 364.4668, 403.2680, 339.8314, 400.0953
14 239 7.970000 342.4923, 384.3154, 367.1270, 387.0421, 365.4042, 402.6071, 340.7695, 399.8804
14 240 8.000000 343.2084, 383.9429, 367.8282, 386.1883, 366.3679, 402.1999, 341.7481, 399.9545
14 241 8.040000 344.2068, 383.4846, 368.7972, 385.0868, 367.7336, 401.4107, 343.1432, 399.8085
14 242 8.070000 344.9830, 383.1732, 369.5451, 384.3124, 368.7967, 400.4500, 344.2346, 399.3108
14 243 8.100000 345.8024, 382.3371, 370.3219, 383.0647, 369.8289, 399.6766, 345.3095, 398.9490
14 244 8.140000 346.8924, 381.1573, 371.3666, 381.4125, 371.1923, 398.1289, 346.7181, 397.8737
14 245 8.170000 347.6933, 380.2337, 372.1416, 380.1687, 372.1852, 396.5538, 347.7369, 396.6187
14 246 8.200000 348.4802, 378.7346, 372.9035, 378.4257, 373.1153, 395.1649, 348.6919, 395.4739
14 247 8.240000 349.4743, 376.6897, 373.8875, 376.1158, 374.2775, 392.7025, 349.8642, 393.2765
14 248 8.270000 350.1777, 375.0688, 374.6156, 374.3729, 375.0726, 390.4200, 350.6347, 391.1159
14 249 8.300000 350.8424, 372.8234, 375.3058, 372.1009, 375.7840, 388.2909, 351.3206, 389.0135
14 250 8.340000 351.6632, 369.6312, 376.2010, 368.9836, 376.6191, 384.8230, 352.0813, 385.4706
14 251 8.370000 352.2304, 367.0726, 376.8393, 366.5453, 377.1640, 381.6981, 352.5551, 382.2254
14 252 8.400000 352.7605, 363.7339, 377.4350, 363.4148, 377.6329, 378.7195, 352.9583, 379.0385
14 253 8.440000 353.4223, 358.9991, 378.1940, 359.0278, 378.1767, 373.9596, 353.4050, 373.9309
14 254 8.470000 353.8976, 355.2521, 378.7626, 355.6374, 378.5428, 369.8189, 353.6779, 369.4336
14 255 8.500000 354.4044, 350.7836, 379.3275, 351.6270, 378.8425, 365.9605, 353.9194, 365.1171
14 256 8.540000 355.0845, 345.1895, 380.0912, 346.7360, 379.2429, 360.4529, 354.2362, 358.9063
14 257 8.570000 355.6072, 341.1830, 380.6424, 343.2471, 379.5509, 356.4854, 354.5157, 354.4213
14 258 8.600000 356.1777, 337.0794, 381.2111, 339.6424, 379.8477, 352.9594, 354.8143, 350.3964
14 259 8.640000 356.9583, 332.0457, 381.9835, 335.1895, 380.3447, 348.2346, 355.3195, 345.0908
14 260 8.670000 357.5892, 328.4808, 382.6051, 332.0460, 380.8031, 344.6901, 355.7872, 341.1250
14 261 8.700000 358.3321, 324.7382, 383.3121, 328.7084, 381.2912, 341.4235, 356.3112, 337.4533
14 262 8.740000 359.4223, 319.9527, 384.3607, 324.4051, 382.1339, 336.8777, 357.1955, 332.4254
14 263 8.770000 360.3175, 316.5093, 385.2380, 321.2712, 382.9506, 333.2418, 358.0301, 328.4799
14 264 8.800000 361.4091, 312.6792, 386.2806, 317.7239, 383.8195, 329.8574, 358.9481, 324.8127
14 265 8.840000 363.0316, 307.6037, 387.8615, 312.9638, 385.2720, 324.9592, 360.4421, 319.5991
14 266 8.870000 364.3780, 303.7991, 389.2038, 309.3355, 386.6208, 320.9180, 361.7950, 315.3816
14 267 8.900000 366.0029, 299.4238, 390.7860, 305.1088, 388.0436, 317.0640, 363.2605, 311.3789
14 268 8.940000 368.3755, 293.5240, 393.1514, 299.3428, 390.3442, 311.2953, 365.5684, 305.4765
14 269 8.970000 370.2856, 289.1483, 395.1007, 295.0015, 392.4134, 306.3943, 367.5983, 300.5411
14 270 9.000000 372.4709, 284.2899, 397.2900, 290.1710, 394.5399, 301.7767, 369.7208, 295.8956
14 271 9.040000 375.4357, 278.3680, 400.3287, 284.1415, 397.7132, 295.4188, 372.8202, 289.6453
14 272 9.070000 377.7504, 274.2138, 402.7118, 279.8647, 400.1821, 291.0387, 375.2207, 285.3878
14 273 9.100000 380.1651, 270.1788, 405.2193, 275.7034, 402.6907, 287.1708, 377.6365, 281.6463
14 274 9.140000 383.4631, 265.3570, 408.6526, 270.6637, 406.2037, 282.2880, 381.0142, 276.9813
14 275 9.170000 386.0030, 262.1355, 411.2883, 267.2351, 408.9641, 278.7593, 383.6788, 273.6597
14 276 9.200000 388.6477, 258.9336, 414.0579, 263.8099, 411.7988, 275.5818, 386.3886, 270.7054
14 277 9.240000 392.2729, 255.0356, 417.8508, 259.5368, 415.7615, 271.4089, 390.1836, 266.9077
14 278 9.270000 395.0804, 252.4084, 420.7587, 256.6196, 418.8565, 268.2184, 393.1782, 264.0072
14 279 9.300000 397.9946, 249.5835, 423.8257, 253.4847, 422.0310, 265.3680, 396.1999, 261.4668
14 280 9.340000 401.9956, 246.1448, 427.9825, 249.6208, 426.4157, 261.3344, 400.4288, 257.8584
14 281 9.370000 405.0676, 243.6864, 431.1754, 246.7820, 429.8234, 258.1847, 403.7156, 255.0891
14 282 9.400000 408.2291, 241.0418, 434.4688, 243.7388, 433.2946, 255.1635, 407.0548, 252.4665
14 283 9.440000 412.5211, 237.5072, 438.9559, 239.6298, 438.0455, 250.9684, 411.6107, 248.8459
14 284 9.470000 415.8394, 234.8498, 442.3407, 236.5638, 441.6381, 247.4270, 415.1368, 245.7129
14 285 9.500000 419.1294, 232.2004, 445.8077, 233.4327, 445.3053, 244.3089, 418.6270, 243.0765
14 286 9.540000 423.5852, 228.3972, 450.4016, 228.9124, 450.1914, 239.8499, 423.3750, 239.3347
14 287 9.570000 426.8803, 225.5432, 453.8878, 225.5338, 453.8918, 236.9992, 426.8843, 237.0086
14 288 9.600000 430.1860, 222.9947, 457.3309, 222.4898, 457.5455, 234.0282, 430.4006, 234.5331
14 289 9.640000 434.5440, 219.4723, 461.9115, 218.4148, 462.3727, 230.3494, 435.0052, 231.4069
14 290 9.670000 437.7378, 216.7800, 465.2836, 215.2798, 465.9588, 227.6788, 438.4131, 229.1790
14 291 9.700000 440.8995, 214.2526, 468.5804, 212.3362, 469.4446, 224.8183, 441.7636, 226.7348
14 292 9.740000 444.9730, 210.7986, 472.8383, 208.2852, 473.9801, 220.9441, 446.1148, 223.4575
14 293 9.770000 447.8889, 207.8807, 475.9311, 204.9850, 477.2941, 218.1838, 449.2519, 221.0796
14 294 9.800000 450.7675, 205.2173, 478.8978, 201.9627, 480.4021, 214.9635, 452.2718, 218.2182
14 295 9.840000 454.3658, 201.1208, 482.6645, 197.4907, 484.3676, 210.7671, 456.0689, 214.3972
14 296 9.870000 456.8483, 197.7011, 485.2941, 193.7726, 487.1959, 207.5431, 458.7501, 211.4716
14 297 9.900000 459.2397, 194.3688, 487.7557, 190.1815, 489.7560, 203.8037, 461.2400, 207.9910
14 298 9.940000 462.0926, 189.3411, 490.7262, 184.8225, 492.9062, 198.6364, 464.2725, 203.1550
14 299 9.970000 463.9529, 185.0434, 492.7275, 180.3422, 495.0793, 194.7364, 466.3047, 199.4376
14 300 10.000000 465.7524, 181.0136, 494.5465, 176.1742, 496.9221, 190.3094, 468.1281, 195.1487
14 301 10.040000 467.8572, 175.4793, 496.7593, 170.5215, 499.2235, 184.8867, 470.3213, 189.8445
14 302 10.070000 469.3016, 171.5939, 498.2689, 166.5478, 500.8166, 181.1733, 471.8494, 186.2194
14 303 10.100000 470.6657, 168.1063, 499.6850, 162.9952, 502.2659, 177.6488, 473.2466, 182.7599
14 304 10.140000 472.3137, 163.8024, 501.3857, 158.6531, 504.0036, 173.4338, 474.9317, 178.5831
14 305 10.170000 473.3795, 160.7490, 502.5116, 155.5801, 505.1832, 170.6377, 476.0512, 175.8065
14 306 10.200000 474.3770, 158.0753, 503.5068, 152.9108, 506.1578, 167.8639, 477.0280, 173.0283
14 307 10.240000 475.4588, 154.6545, 504.6088, 149.5017, 507.2683, 164.5466, 478.1182, 169.6993
14 308 10.270000 476.0903, 152.1195, 505.2672, 147.0288, 507.9426, 162.3624, 478.7657, 167.4531
14 309 10.300000 476.6374, 149.8980, 505.7864, 144.8961, 508.3971, 160.1100, 479.2480, 165.1118
14 310 10.340000 477.1202, 146.8871, 506.2476, 142.0900, 508.7787, 157.4579, 479.6513, 162.2551
14 311 10.370000 477.2744, 144.5920, 506.4018, 139.9411, 508.9148, 155.6793, 479.7874, 160.3303
14 312 10.400000 477.3437, 142.5687, 506.4060, 138.0878, 508.8196, 153.7418, 479.7572, 158.2226
14 313 10.440000 477.1583, 139.7739, 506.1490, 135.4958, 508.4906, 151.3642, 479.4999, 155.6423
14 314 10.470000 476.8327, 137.5417, 505.7909, 133.4778, 508.0793, 149.7837, 479.1211, 153.8477
14 315 10.500000 476.4412, 135.6067, 505.2812, 131.7675, 507.4431, 148.0075, 478.6031, 151.8467
14 316 10.540000 475.7012, 132.9687, 504.4246, 129.4917, 506.4275, 146.0371, 477.7041, 149.5142
14 317 10.570000 475.0110, 131.1647, 503.6288, 127.9151, 505.5383, 144.7310, 476.9205, 147.9806
14 318 10.600000 474.2466, 129.6998, 502.7321, 126.6763, 504.5054, 143.3827, 476.0199, 146.4063
14 319 10.640000 473.0488, 127.8372, 501.3592, 125.0936, 502.9880, 141.9008, 474.6775, 144.6444
14 320 10.670000 472.0004, 126.4763, 500.2150, 123.9148, 501.7675, 141.0149, 473.5528, 143.5763
14 321 10.700000 470.8959, 125.4360, 498.9506, 123.0346, 500.4030, 140.0026, 472.3483, 142.4040
14 322 10.740000 469.2187, 124.0500, 497.1184, 121.8030, 498.4952, 138.8980, 470.5955, 141.1449
14 323 10.770000 467.8593, 123.0000, 495.6323, 120.8872, 496.9518, 138.2331, 469.1788, 140.3459
14 324 10.800000 466.4388, 122.1823, 494.0624, 120.2196, 495.2859, 137.4402, 467.6623, 139.4029
14 325 10.840000 464.4311, 121.0705, 491.8277, 119.3462, 492.9085, 136.5179, 465.5119, 138.2422
14 326 10.870000 462.7840, 120.1354, 490.0513, 118.5363, 491.0737, 135.9704, 463.8064, 137.5695
14 327 10.900000 461.0950, 119.5045, 488.1763, 118.0201, 489.1140, 135.1289, 462.0328, 136.6133
14 328 10.940000 458.7046, 118.4029, 485.5715, 117.0913, 486.4088, 134.2422, 459.5419, 135.5538
14 329 10.970000 456.8344, 117.4542, 483.5480, 116.3035, 484.2972, 133.6937, 457.5835, 134.8445
14 330 11.000000 454.9504, 116.7252, 481.4604, 115.7780, 482.0759, 133.0063, 455.5659, 133.9535
14 331 11.040000 452.3649, 115.8795, 478.6040, 115.2014, 479.0483, 132.3948, 452.8092, 133.0729
14 332 11.070000 450.3938, 115.4854, 476.4193, 115.0133, 476.7306, 132.1731, 450.7050, 132.6451
14 333 11.100000 448.4129, 115.4415, 474.2001, 115.1864, 474.3668, 132.0310, 448.5795, 132.2861
14 334 11.140000 445.7285, 115.6646, 471.2029, 115.6770, 471.1949, 132.1976, 445.7205, 132.1852
14 335 11.170000 443.6834, 115.9614, 468.9477, 116.1637, 468.8157, 132.6437, 443.5514, 132.4413
14 336 11.200000 441.6415, 116.6436, 466.6581, 117.0283, 466.4113, 133.0764, 441.3947, 132.6917
14 337 11.240000 438.9114, 117.6726, 463.6241, 118.3259, 463.2073, 134.0921, 438.4946, 133.4388
14 338 11.270000 436.8660, 118.6096, 461.3540, 119.4610, 460.8100, 135.1063, 436.3220, 134.2548
14 339 11.300000 434.8306, 119.8719, 459.0776, 120.9230, 458.4169, 136.1629, 434.1699, 135.1118
14 340 11.340000 432.1319, 121.7546, 456.0749, 123.0702, 455.2563, 137.9683, 431.3132, 136.6527
14 341 11.370000 430.1228, 123.3492, 453.8545, 124.8593, 452.9153, 139.6202, 429.1836, 138.1101
14 342 11.400000 428.1331, 125.3218, 451.6330, 127.0229, 450.5963, 141.3441, 427.0964, 139.6430
14 343 11.440000 425.5031, 128.2591, 448.7208, 130.1960, 447.5630, 144.0745, 424.3454, 142.1377
14 344 11.470000 423.5541, 130.6967, 446.5780, 132.7946, 445.3356, 146.4291, 422.3118, 144.3312
14 345 11.500000 421.6299, 133.4396, 444.4508, 135.6843, 443.1583, 148.8248, 420.3373, 146.5801
14 346 11.540000 419.1213, 137.0508, 441.7381, 139.4715, 440.3837, 152.1255, 417.7669, 149.7048
14 347 11.570000 417.3353, 139.4812, 439.7958, 141.9982, 438.3743, 154.6825, 415.9139, 152.1656
14 348 11.600000 415.6005, 141.9925, 437.9294, 144.6281, 436.4734, 156.9635, 414.1445, 154.3280
14 349 11.640000 413.4155, 145.0931, 435.5696, 147.8593, 434.0562, 159.9802, 411.9021, 157.2141
14 350 11.670000 411.8823, 147.2180, 433.8962, 150.0496, 432.3228, 162.2819, 410.3089, 159.4503
14 351 11.700000 410.3618, 149.5827, 432.2908, 152.4653, 430.7413, 164.2535, 408.8122, 161.3709
14 352 11.740000 408.4598, 152.5648, 430.2730, 155.4558, 428.7490, 166.9547, 406.9358, 164.0637
14 353 11.770000 407.1199, 154.7033, 428.8524, 157.5551, 427.3441, 169.0493, 405.6116, 166.1974
14 354 11.800000 405.7931, 157.1160, 427.4851, 159.8993, 426.0742, 170.8952, 404.3822, 168.1119
14 355 11.840000 404.1252, 160.2738, 425.7694, 162.8903, 424.4845, 173.5187, 402.8404, 170.9022
14 356 11.870000 402.9580, 162.5842, 424.5545, 165.0360, 423.3451, 175.6887, 401.7486, 173.2368
14 357 11.900000 401.7979, 165.1979, 423.3801, 167.4563, 422.3029, 177.7500, 400.7207, 175.4916
14 358 11.940000 400.3327, 168.7123, 421.8795, 170.6574, 420.9606, 180.8376, 399.4137, 178.8926
14 359 11.970000 399.2707, 171.4254, 420.7926, 173.0902, 419.9991, 183.3488, 398.4771, 181.6840
14 360 12.000000 398.2172, 174.3346, 419.7258, 175.6705, 419.0997, 185.7511, 397.5911, 184.4151
14 361 12.040000 396.9025, 177.8503, 418.3915, 178.8497, 417.9274, 188.8293, 396.4384, 187.8299
14 362 12.070000 395.9969, 179.9185, 417.4284, 180.7149, 417.0452, 191.0259, 395.6138, 190.2294
14 363 12.100000 395.0761, 182.0035, 416.5100, 182.6004, 416.2318, 192.5897, 394.7980, 191.9928
14 364 12.140000 393.8552, 184.2526, 415.2631, 184.4433, 415.1755, 194.2778, 393.7676, 194.0871
14 365 12.170000 392.9322, 185.4645, 414.3055, 185.3026, 414.3817, 195.3679, 393.0084, 195.5298
14 366 12.200000 391.9923, 186.7004, 413.3489, 186.2042, 413.5746, 195.9185, 392.2180, 196.4147
14 367 12.240000 390.6929, 187.7765, 412.0115, 186.8272, 412.4397, 196.4416, 391.1210, 197.3909
14 368 12.270000 389.6804, 187.9942, 410.9202, 186.7521, 411.5105, 196.8481, 390.2707, 198.0901
14 369 12.300000 388.6010, 188.3644, 409.8194, 186.8246, 410.5306, 196.6246, 389.3121, 198.1643
14 370 12.340000 387.0500, 188.2013, 408.2007, 186.3009, 409.0911, 196.2111, 387.9405, 198.1114
14 371 12.370000 385.7490, 187.5626, 406.8760, 185.4085, 407.9365, 195.8105, 386.8095, 197.9646
14 372 12.400000 384.3952, 186.9415, 405.4756, 184.5858, 406.6246, 194.8681, 385.5442, 197.2237
14 373 12.440000 382.3697, 185.4073, 403.4247, 182.8174, 404.7323, 193.4480, 383.6774, 196.0380
14 374 12.470000 380.6804, 183.7676, 401.7395, 181.0422, 403.1905, 192.2542, 382.1314, 194.9796
14 375 12.500000 378.9649, 182.3368, 399.9682, 179.5471, 401.4220, 190.4930, 380.4187, 193.2827
14 376 12.540000 376.4850, 180.0300, 397.4576, 177.2557, 398.9521, 188.5540, 377.9795, 191.3282
14 377 12.570000 374.5234, 178.2978, 395.4818, 175.5865, 397.0116, 187.4123, 376.0533, 190.1236
14 378 12.600000 372.5310, 176.8691, 393.4426, 174.2609, 394.9432, 186.2927, 374.0317, 188.9008
14 379 12.640000 369.7654, 175.1027, 390.6051, 172.6809, 392.0522, 185.1328, 371.2125, 187.5547
14 380 12.670000 367.6199, 173.8681, 388.3876, 171.6289, 389.7745, 184.4920, 369.0068, 186.7312
14 381 12.700000 365.4443, 172.9148, 386.1104, 170.8955, 387.3732, 183.8196, 366.7072, 185.8389
14 382 12.740000 362.4592, 171.7418, 382.9603, 170.0623, 384.0345, 183.1742, 363.5334, 184.8537
14 383 12.770000 360.1652, 170.8826, 380.5250, 169.5018, 381.4344, 182.9110, 361.0746, 184.2918
14 384 12.800000 357.8559, 170.3272, 378.0370, 169.2700, 378.7322, 182.5410, 358.5512, 183.5983
14 385 12.840000 354.7397, 169.5842, 374.6529, 169.0334, 375.0208, 182.3343, 355.1076, 182.8851
14 386 12.870000 352.3943, 169.0723, 372.0704, 168.9368, 372.1627, 182.3387, 352.4866, 182.4742
14 387 12.900000 350.0442, 168.8191, 369.4629, 169.1163, 369.2618, 182.2585, 349.8430, 181.9613
14 388 12.940000 346.9216, 168.5363, 365.9592, 169.4193, 365.3585, 182.3692, 346.3209, 181.4861
14 389 12.970000 344.6332, 168.3343, 363.3490, 169.7121, 362.3954, 182.6657, 343.6796, 181.2879
14 390 13.000000 342.3168, 168.4068, 360.7425, 170.2972, 359.4475, 182.9185, 341.0218, 181.0281
14 391 13.040000 339.0226, 168.6741, 357.3302, 171.3104, 355.5732, 183.5121, 337.2656, 180.8758
14 392 13.070000 336.6157, 169.0232, 354.8644, 172.1470, 352.7980, 184.2187, 334.5493, 181.0949
14 393 13.100000 334.2284, 169.7715, 352.5509, 173.3584, 350.2893, 184.9109, 331.9668, 181.3240
14 394 13.140000 331.1659, 170.9551, 349.5366, 175.0829, 347.0383, 186.2019, 328.6675, 182.0741
14 395 13.170000 328.9661, 172.0306, 347.3476, 176.5306, 344.6848, 187.4078, 326.3033, 182.9078
14 396 13.200000 326.8161, 173.4489, 345.1792, 178.2751, 342.4509, 188.6560, 324.0878, 183.8298
14 397 13.240000 324.0766, 175.6265, 342.4009, 180.8012, 339.6148, 190.6671, 321.2906, 185.4924
14 398 13.270000 322.1189, 177.4989, 340.4073, 182.8720, 337.5927, 192.4521, 319.3043, 187.0790
14 399 13.300000 320.1974, 179.7695, 338.4376, 185.2920, 335.7006, 194.3318, 317.4605, 188.8093
14 400 13.340000 317.7328, 183.1791, 335.9312, 188.8263, 333.2980, 197.3120, 315.0996, 191.6648
14 401 13.370000 315.9617, 186.0797, 334.1350, 191.7724, 331.5077, 200.1601, 313.3343, 194.4674
14 402 13.400000 314.3493, 188.9759, 332.5026, 194.6878, 329.7241, 203.5183, 311.5708, 197.8065
14 403 13.440000 312.2330, 193.5215, 330.3596, 199.2003, 327.4386, 208.5244, 309.3119, 202.8456
14 404 13.470000 310.6676, 197.4332, 328.7799, 203.0388, 325.7898, 212.7000, 307.6775, 207.0944
14 405 13.500000 309.1732, 201.5961, 327.2771, 207.1012, 324.2103, 217.1867, 306.1064, 211.6816
14 406 13.540000 307.3933, 207.1450, 325.5061, 212.4700, 322.3884, 223.0747, 304.2756, 217.7498
14 407 13.570000 306.2634, 211.0946, 324.4086, 216.2427, 321.3121, 227.1569, 303.1669, 222.0087
14 408 13.600000 305.3972, 214.6558, 323.5542, 219.6859, 320.3899, 231.1080, 302.2329, 226.0779
14 409 13.640000 304.5118, 219.1062, 322.6984, 223.9639, 319.4894, 235.9778, 301.3029, 231.1202
14 410 13.670000 303.9880, 222.3377, 322.2336, 227.0116, 319.0807, 239.3198, 300.8351, 234.6459
14 411 13.700000 303.6478, 225.3008, 321.9617, 229.8116, 318.7990, 242.6523, 300.4851, 238.1416
14 412 13.740000 303.2841, 229.2996, 321.7735, 233.5052, 318.7674, 246.7213, 300.2780, 242.5158
14 413 13.770000 303.1404, 232.2719, 321.7563, 236.2417, 318.9031, 249.6217, 300.2872, 245.6519
14 414 13.800000 303.0970, 235.0093, 321.8963, 238.7037, 319.1532, 252.6622, 300.3539, 248.9678
14 415 13.840000 303.1461, 238.8441, 322.1750, 242.1901, 319.6642, 256.4687, 300.6353, 253.1227
14 416 13.870000 303.2101, 241.8331, 322.4595, 244.8671, 320.1953, 259.2327, 300.9459, 256.1988
14 417 13.900000 303.3590, 244.6920, 322.8263, 247.4144, 320.7579, 262.2050, 301.2906, 259.4826
14 418 13.940000 303.5656, 248.7539, 323.3683, 251.0245, 321.6363, 266.1297, 301.8337, 263.8592
14 419 13.970000 303.7529, 251.9632, 323.7987, 253.8933, 322.3340, 269.1052, 302.2882, 267.1751
14 420 14.000000 303.9709, 255.1092, 324.2765, 256.7236, 323.0405, 272.2706, 302.7349, 270.6562
14 421 14.040000 304.3444, 259.3246, 324.9334, 260.6245, 323.9379, 276.3913, 303.3489, 275.0914
14 422 14.070000 304.5848, 262.4666, 325.4181, 263.4638, 324.6594, 279.3126, 303.8261, 278.3154
14 423 14.100000 304.8496, 265.3439, 325.9160, 266.0939, 325.3375, 282.3419, 304.2712, 281.5920
14 424 14.140000 305.1824, 269.2562, 326.5441, 269.7040, 326.1997, 286.1327, 304.8380, 285.6848
14 425 14.170000 305.4279, 272.3226, 326.9914, 272.6029, 326.7812, 288.7728, 305.2178, 288.4925
14 426 14.200000 305.6216, 275.1542, 327.4090, 275.2465, 327.3396, 291.6357, 305.5521, 291.5434
14 427 14.240000 305.8353, 279.1476, 327.9090, 279.0278, 327.9974, 295.3040, 305.9237, 295.4239
14 428 14.270000 305.9541, 282.3205, 328.2403, 282.0608, 328.4262, 298.0065, 306.1399, 298.2662
14 429 14.300000 306.0419, 285.3982, 328.5381, 285.0446, 328.7888, 300.9990, 306.2927, 301.3526
14 430 14.340000 306.0996, 289.9170, 328.8738, 289.4603, 329.1865, 305.0505, 306.4122, 305.5072
14 431 14.370000 306.0975, 293.7175, 329.0791, 293.1874, 329.4255, 308.2031, 306.4438, 308.7332
14 432 14.400000 306.0403, 297.6588, 329.2455, 297.0547, 329.6306, 311.8476, 306.4254, 312.4517
14 433 14.440000 305.8994, 303.7885, 329.4046, 303.0514, 329.8455, 317.1117, 306.3403, 317.8488
14 434 14.470000 305.7451, 309.0485, 329.4778, 308.1838, 329.9634, 321.5120, 306.2307, 322.3767
14 435 14.500000 305.5346, 314.6451, 329.5070, 313.6379, 330.0440, 326.4183, 306.0716, 327.4255
14 436 14.540000 305.1634, 322.2927, 329.4688, 321.1486, 330.0303, 333.0775, 305.7250, 334.2216
14 437 14.570000 304.7590, 327.7294, 329.3657, 326.5311, 329.9149, 337.8080, 305.3082, 339.0063
14 438 14.600000 304.2539, 332.2761, 329.1719, 331.0895, 329.7286, 342.7787, 304.8106, 343.9653
14 439 14.640000 303.4311, 337.7893, 328.7949, 336.6206, 329.3812, 349.3449, 304.0174, 350.5136
14 440 14.670000 302.6839, 341.4810, 328.3858, 340.2527, 329.0399, 353.9406, 303.3381, 355.1689
14 441 14.700000 301.9119, 345.0558, 327.9487, 343.9366, 328.5518, 357.9665, 302.5150, 359.0857
14 442 14.740000 300.7141, 349.1970, 327.1983, 348.1262, 327.7942, 362.8659, 301.3100, 363.9366
14 443 14.770000 299.6807, 351.8383, 326.4864, 350.6770, 327.1582, 366.1830, 300.3525, 367.3443
14 444 14.800000 298.6628, 354.3566, 325.8180, 353.4273, 326.3483, 368.9207, 299.1930, 369.8501
14 445 14.840000 297.1134, 357.1115, 324.7105, 356.2436, 325.2094, 372.1047, 297.6122, 372.9727
14 446 14.870000 295.8195, 358.7251, 323.7319, 357.7489, 324.3057, 374.1556, 296.3933, 375.1317
14 447 14.900000 294.5393, 360.2157, 322.7926, 359.4255, 323.2464, 375.6531, 294.9931, 376.4433
14 448 14.940000 292.6565, 361.5893, 321.3381, 360.8172, 321.7798, 377.2253, 293.0982, 377.9974
14 449 14.970000 291.1157, 362.1671, 320.0960, 361.2344, 320.6392, 378.1129, 291.6589, 379.0457
