16 0 0.010000 332.8540, 421.2814, 352.3345, 421.8928, 351.9108, 435.3915, 332.4304, 434.7801
16 1 0.040000 332.7430, 421.8047, 352.1599, 422.0369, 351.9951, 435.8218, 332.5783, 435.5896
16 2 0.070000 332.5647, 422.6503, 351.8684, 422.3161, 352.1150, 436.5597, 332.8112, 436.8938
16 3 0.110000 332.3455, 423.7242, 351.5234, 422.8921, 352.1619, 437.6081, 332.9840, 438.4402
16 4 0.140000 332.1677, 424.3583, 351.2905, 423.3212, 352.1031, 438.3049, 332.9803, 439.3419
16 5 0.170000 331.9702, 424.8282, 351.0940, 423.7441, 351.9540, 438.9159, 332.8303, 440.0000
16 6 0.200000 331.7322, 425.1854, 350.8819, 424.1195, 351.7348, 439.4415, 332.5851, 440.5074
16 7 0.240000 331.3665, 425.5399, 350.6099, 424.6425, 351.3298, 440.0804, 332.0864, 440.9778
16 8 0.270000 331.0627, 425.7616, 350.4157, 425.0923, 350.9503, 440.5509, 331.5973, 441.2201
16 9 0.310000 330.6110, 426.0733, 350.1157, 425.7394, 350.3801, 441.1822, 330.8754, 441.5162
16 10 0.340000 330.2400, 426.3470, 349.8484, 426.2521, 349.9229, 441.6685, 330.3145, 441.7633
16 11 0.370000 329.8815, 426.6358, 349.6276, 426.9069, 349.4176, 442.2002, 329.6715, 441.9291
16 12 0.400000 329.4928, 426.9856, 349.3356, 427.5167, 348.9285, 442.7265, 329.0857, 442.1953
16 13 0.440000 329.0038, 427.4849, 348.9881, 428.4604, 348.2561, 443.4556, 328.2718, 442.4801
16 14 0.470000 328.6965, 427.8581, 348.7996, 429.3295, 347.7253, 444.0075, 327.6222, 442.5360
16 15 0.500000 328.3567, 428.2598, 348.5116, 429.9549, 347.2906, 444.4719, 327.1357, 442.7768
16 16 0.540000 328.0184, 428.6846, 348.2476, 430.8452, 346.7371, 444.9869, 326.5080, 442.8263
16 17 0.570000 327.8759, 428.8752, 348.1502, 431.5283, 346.3533, 445.2593, 326.0790, 442.6062
16 18 0.610000 327.7316, 428.9769, 348.0330, 432.0006, 346.0426, 445.3643, 325.7412, 442.3405
16 19 0.640000 327.6562, 428.9317, 347.9761, 431.9640, 345.9957, 445.2351, 325.6758, 442.2028
16 20 0.670000 327.7808, 428.6780, 348.1379, 432.1163, 345.9611, 445.0044, 325.6040, 441.5661
16 21 0.700000 327.8848, 428.3383, 348.2587, 431.6961, 346.1469, 444.5093, 325.7731, 441.1514
16 22 0.740000 328.2449, 427.5646, 348.6578, 431.0166, 346.5318, 443.5885, 326.1189, 440.1364
16 23 0.770000 328.7138, 426.6857, 349.1602, 430.4455, 346.9029, 442.7215, 326.4564, 438.9617
16 24 0.800000 329.1563, 425.7484, 349.6169, 429.1880, 347.5537, 441.4609, 327.0932, 438.0213
16 25 0.840000 330.0731, 423.9388, 350.5786, 427.4817, 348.4846, 439.6018, 327.9791, 436.0589
16 26 0.870000 331.0639, 422.0737, 351.5850, 426.2069, 349.1818, 438.1386, 328.6607, 434.0054
16 27 0.900000 331.9191, 420.3463, 352.4716, 424.0861, 350.2999, 436.0210, 329.7474, 432.2812
16 28 0.940000 333.4278, 417.4506, 354.0052, 421.1904, 351.8471, 433.0650, 331.2697, 429.3253
16 29 0.970000 334.8194, 414.8994, 355.4000, 419.0123, 353.0471, 430.7863, 332.4665, 426.6734
16 30 1.000000 336.1073, 412.5433, 356.7121, 416.2490, 354.5811, 428.0979, 333.9764, 424.3922
16 31 1.040000 338.0247, 409.3799, 358.6494, 412.7966, 356.6831, 424.6658, 336.0585, 421.2491
16 32 1.070000 339.5298, 407.1817, 360.1695, 410.3813, 358.3275, 422.2632, 337.6879, 419.0637
16 33 1.110000 341.5175, 404.6740, 362.1707, 407.2697, 360.6693, 419.2154, 340.0161, 416.6196
16 34 1.140000 343.0104, 403.0779, 363.6566, 405.0721, 362.4969, 417.0781, 341.8508, 415.0839
16 35 1.170000 344.6425, 401.4594, 365.3011, 403.3046, 364.2283, 415.3156, 343.5697, 413.4704
16 36 1.210000 346.8003, 399.6183, 367.4596, 401.0792, 366.6075, 413.1287, 345.9482, 411.6678
16 37 1.240000 348.3972, 398.4637, 369.0362, 399.4838, 368.4382, 411.5820, 347.7992, 410.5619
16 38 1.270000 350.1047, 397.2333, 370.7666, 398.2610, 370.1646, 410.3641, 349.5027, 409.3364
16 39 1.310000 352.3309, 395.8584, 372.9968, 396.6737, 372.5178, 408.8161, 351.8519, 408.0009
16 40 1.340000 353.9498, 395.0349, 374.5860, 395.4772, 374.3245, 407.6792, 353.6883, 407.2369
16 41 1.370000 355.6728, 394.0788, 376.3451, 394.6499, 376.0076, 406.8657, 355.3353, 406.2946
16 42 1.410000 357.8894, 393.0605, 378.5657, 393.5079, 378.3002, 405.7764, 357.6240, 405.3290
16 43 1.440000 359.4911, 392.4741, 380.1344, 392.6145, 380.0505, 404.9440, 359.4072, 404.8036
16 44 1.470000 361.1813, 391.7257, 381.8628, 392.0356, 381.6777, 404.3890, 360.9962, 404.0791
16 45 1.510000 363.3366, 390.9168, 384.0128, 391.1165, 383.8928, 403.5388, 363.2166, 403.3390
16 46 1.540000 364.8705, 390.4129, 385.4920, 390.2506, 385.5906, 402.7719, 364.9690, 402.9342
16 47 1.570000 366.5131, 389.5776, 387.1907, 389.6795, 387.1287, 402.2713, 366.4510, 402.1695
16 48 1.610000 368.5933, 388.5283, 389.2829, 388.6364, 389.2164, 401.3730, 368.5268, 401.2649
16 49 1.640000 370.0645, 387.7964, 390.7086, 387.6213, 390.8178, 400.4961, 370.1737, 400.6712
16 50 1.670000 371.6429, 386.7172, 392.3567, 386.8686, 392.2619, 399.8355, 371.5481, 399.6841
16 51 1.710000 373.6274, 385.3396, 394.3582, 385.5205, 394.2437, 398.6408, 373.5129, 398.4599
16 52 1.740000 375.0210, 384.3505, 395.6981, 384.2221, 395.7805, 397.4855, 375.1034, 397.6139
16 53 1.770000 376.5328, 382.9699, 397.2928, 383.1872, 397.1533, 396.5251, 376.3932, 396.3079
16 54 1.810000 378.4242, 381.1491, 399.2206, 381.3895, 399.0650, 394.8515, 378.2686, 394.6111
16 55 1.840000 379.7484, 379.7905, 400.5008, 379.7017, 400.5589, 393.2741, 379.8064, 393.3628
16 56 1.870000 381.2070, 377.9857, 402.0650, 378.2646, 401.8832, 391.8613, 381.0252, 391.5823
16 57 1.910000 383.0323, 375.5596, 403.9380, 375.8751, 403.7320, 389.5211, 382.8263, 389.2056
16 58 1.940000 384.3118, 373.7389, 405.1786, 373.7292, 405.1850, 387.4294, 384.3182, 387.4391
16 59 1.970000 385.7420, 371.4853, 406.7386, 371.9100, 406.4624, 385.5636, 385.4658, 385.1389
16 60 2.010000 387.5240, 368.6741, 408.5844, 369.1557, 408.2727, 382.7880, 387.2123, 382.3064
16 61 2.040000 388.7680, 366.8576, 409.7920, 366.9842, 409.7099, 380.6297, 388.6858, 380.5030
16 62 2.070000 390.0693, 365.0762, 411.1311, 365.1748, 411.0674, 378.8019, 390.0055, 378.7033
16 63 2.110000 391.7167, 363.1576, 412.7610, 362.9094, 412.9218, 376.5414, 391.8775, 376.7896
16 64 2.140000 392.8962, 362.0381, 413.8806, 361.3569, 414.3233, 374.9968, 393.3390, 375.6779
16 65 2.170000 394.1264, 360.9393, 415.1488, 360.2112, 415.6201, 373.8185, 394.5977, 374.5466
16 66 2.210000 395.6806, 359.8496, 416.6987, 358.8562, 417.3398, 372.4208, 396.3217, 373.4142
16 67 2.240000 396.7764, 359.3059, 417.7421, 357.9518, 418.6162, 371.4850, 397.6505, 372.8391
16 68 2.270000 397.9066, 358.7403, 418.9347, 357.4300, 419.7738, 370.8959, 398.7456, 372.2061
16 69 2.310000 399.3019, 358.3470, 420.3402, 356.8513, 421.2915, 370.2326, 400.2533, 371.7283
16 70 2.340000 400.2601, 358.3298, 421.2446, 356.4991, 422.4068, 369.8202, 401.4222, 371.6509
16 71 2.370000 401.2358, 358.2901, 422.2820, 356.5158, 423.3980, 369.7540, 402.3519, 371.5282
16 72 2.410000 402.4124, 358.5864, 423.4805, 356.6768, 424.6712, 369.8134, 403.6031, 371.7230
16 73 2.440000 403.2005, 359.0551, 424.2511, 356.9017, 425.5880, 369.9703, 404.5374, 372.1237
16 74 2.470000 403.9980, 359.4630, 425.1541, 357.4854, 426.3679, 370.4713, 405.2119, 372.4489
16 75 2.510000 404.9301, 360.2331, 426.1750, 358.3269, 427.3309, 371.2104, 406.0861, 373.1166
16 76 2.540000 405.4970, 360.9893, 426.7313, 358.8569, 428.0158, 371.6487, 406.7815, 373.7810
16 77 2.570000 406.0686, 361.4961, 427.4282, 359.6296, 428.5357, 372.3029, 407.1760, 374.1694
16 78 2.610000 406.6320, 362.3086, 428.0368, 360.3662, 429.1745, 372.9039, 407.7697, 374.8463
16 79 2.640000 406.9152, 362.9737, 428.2811, 360.7220, 429.5938, 373.1782, 408.2279, 375.4299
16 80 2.670000 407.2082, 363.3005, 428.6950, 361.3381, 429.8231, 373.6906, 408.3364, 375.6530
16 81 2.710000 407.4070, 363.7967, 428.9568, 361.8842, 430.0433, 374.1263, 408.4935, 376.0387
16 82 2.740000 407.3993, 364.2352, 428.9134, 362.0417, 430.1566, 374.2355, 408.6425, 376.4291
16 83 2.770000 407.4086, 364.3003, 429.0459, 362.4742, 430.0687, 374.5936, 408.4314, 376.4197
16 84 2.800000 407.2335, 364.5584, 428.8461, 362.5140, 429.9898, 374.6044, 408.3772, 376.6488
16 85 2.840000 406.9267, 364.5977, 428.5939, 362.6386, 429.6832, 374.6866, 408.0161, 376.6456
16 86 2.870000 406.6589, 364.3670, 428.4424, 362.8303, 429.2883, 374.8208, 407.5048, 376.3576
16 87 2.900000 406.1914, 364.3664, 427.9338, 362.5587, 428.9304, 374.5449, 407.1879, 376.3526
16 88 2.940000 405.5212, 364.0384, 427.3034, 362.3206, 428.2454, 374.2644, 406.4632, 375.9822
16 89 2.970000 404.9773, 363.5951, 426.8443, 362.2230, 427.5903, 374.1125, 405.7233, 375.4845
16 90 3.000000 404.2491, 363.4303, 426.0626, 361.7525, 426.9760, 373.6286, 405.1626, 375.3064
16 91 3.040000 403.2733, 363.0144, 425.1362, 361.5127, 425.9488, 373.3433, 404.0859, 374.8449
16 92 3.070000 402.5247, 362.6757, 424.4807, 361.6115, 425.0523, 373.4053, 403.0964, 374.4695
16 93 3.100000 401.6430, 362.6549, 423.6074, 361.5837, 424.1836, 373.3973, 402.2191, 374.4686
16 94 3.140000 400.4514, 362.6801, 422.4834, 361.9231, 422.8901, 373.7607, 400.8581, 374.5177
16 95 3.170000 399.5493, 362.7646, 421.6592, 362.4477, 421.8290, 374.2962, 399.7192, 374.6131
16 96 3.200000 398.5244, 363.1823, 420.6463, 362.8579, 420.8211, 374.7784, 398.6992, 375.1027
16 97 3.240000 397.1676, 363.8347, 419.3474, 363.7929, 419.3700, 375.7977, 397.1902, 375.8395
16 98 3.270000 396.1648, 364.4137, 418.4140, 364.7972, 418.2063, 376.8497, 395.9571, 376.4663
16 99 3.300000 395.0558, 365.3384, 417.3252, 365.7293, 417.1116, 377.8974, 394.8422, 377.5066
16 100 3.340000 393.6156, 366.7322, 415.9490, 367.4294, 415.5650, 379.7302, 393.2316, 379.0330
16 101 3.370000 392.5681, 367.9289, 414.9699, 369.0543, 414.3477, 381.4389, 391.9459, 380.3134
16 102 3.400000 391.4368, 369.4858, 413.8745, 370.6802, 413.2070, 383.2190, 390.7694, 382.0245
16 103 3.440000 389.9815, 371.7892, 412.4912, 373.3037, 411.6346, 386.0348, 389.1249, 384.5203
16 104 3.470000 388.9447, 373.6435, 411.5245, 375.5835, 410.4200, 388.4379, 387.8403, 386.4979
16 105 3.500000 387.8387, 375.7386, 410.4640, 377.7176, 409.3231, 390.7606, 386.6978, 388.7816
16 106 3.540000 386.4655, 378.3320, 409.1509, 380.4675, 407.8977, 393.7805, 385.2123, 391.6450
16 107 3.570000 385.5701, 379.9356, 408.3158, 382.4301, 406.8399, 395.8880, 384.0942, 393.3935
16 108 3.600000 384.5361, 381.6245, 407.2898, 383.6563, 406.0637, 397.3875, 383.3100, 395.3557
16 109 3.640000 383.4116, 383.2313, 406.2534, 385.2822, 405.0023, 399.2157, 382.1605, 397.1647
16 110 3.670000 382.7995, 383.9283, 405.7507, 386.5883, 404.1374, 400.5084, 381.1862, 397.8484
16 111 3.700000 382.0820, 384.6815, 405.0876, 387.2144, 403.5422, 401.2503, 380.5367, 398.7173
16 112 3.740000 381.3924, 385.1458, 404.5001, 388.0145, 402.7565, 402.0594, 379.6488, 399.1907
16 113 3.770000 381.0776, 385.1162, 404.2727, 388.5688, 402.1969, 402.5145, 379.0017, 399.0619
16 114 3.800000 380.6102, 385.2437, 403.8505, 388.2718, 402.0174, 402.3410, 378.7771, 399.3129
16 115 3.840000 380.2901, 384.8643, 403.6187, 387.8585, 401.8127, 401.9289, 378.4842, 398.9347
16 116 3.870000 380.2629, 384.1820, 403.6722, 387.4889, 401.7004, 401.4471, 378.2911, 398.1402
16 117 3.900000 380.0931, 383.6187, 403.5458, 386.2753, 401.9540, 400.3273, 378.5014, 397.6707
16 118 3.940000 380.1614, 382.2924, 403.6962, 384.6473, 402.2965, 398.6365, 378.7617, 396.2816
16 119 3.970000 380.4246, 380.8731, 404.0507, 383.4648, 402.5348, 397.2836, 378.9088, 394.6919
16 120 4.000000 380.5390, 379.6622, 404.2059, 381.6182, 403.0641, 395.4342, 379.3972, 393.4782
16 121 4.040000 380.8630, 377.9037, 404.6151, 379.4336, 403.7310, 393.1598, 379.9789, 391.6299
16 122 4.070000 381.1407, 376.7161, 404.9573, 377.9433, 404.2526, 391.6208, 380.4359, 390.3937
16 123 4.100000 381.3180, 375.8881, 405.1417, 376.3149, 404.8957, 390.0482, 381.0719, 389.6214
16 124 4.140000 381.6364, 374.9046, 405.4870, 374.6171, 405.6525, 388.3538, 381.8020, 388.6412
16 125 4.170000 381.9199, 374.2294, 405.8248, 373.6926, 406.1324, 387.3876, 382.2274, 387.9245
16 126 4.200000 382.0931, 373.8774, 405.9744, 372.6699, 406.6675, 386.3778, 382.7862, 387.5853
16 127 4.240000 382.3507, 373.4394, 406.2587, 371.7492, 407.2245, 385.4105, 383.3164, 387.1007
16 128 4.270000 382.5446, 373.1242, 406.5270, 371.3704, 407.5207, 384.9582, 383.5383, 386.7120
16 129 4.300000 382.5922, 373.1396, 406.5428, 370.8356, 407.8476, 384.3987, 383.8970, 386.7027
16 130 4.340000 382.6123, 373.2018, 406.5744, 370.4730, 408.1106, 383.9624, 384.1485, 386.6912
16 131 4.370000 382.5840, 373.2650, 406.6072, 370.4696, 408.1677, 383.8806, 384.1445, 386.6759
16 132 4.400000 382.4019, 373.6295, 406.3789, 370.3481, 408.2081, 383.7144, 384.2311, 386.9958
16 133 4.440000 382.0968, 374.0762, 406.1181, 370.6174, 408.0278, 383.8806, 384.0065, 387.3394
16 134 4.470000 381.8151, 374.3586, 405.9554, 371.1403, 407.7104, 384.3045, 383.5700, 387.5228
16 135 4.500000 381.3630, 374.9126, 405.5185, 371.5197, 407.3590, 384.6227, 383.2035, 388.0156
16 136 4.540000 380.6486, 375.5917, 404.8999, 372.2795, 406.6739, 385.2685, 382.4226, 388.5806
16 137 4.570000 380.0513, 375.9781, 404.4523, 373.0833, 405.9774, 385.9384, 381.5763, 388.8332
16 138 4.600000 379.2361, 376.6725, 403.6283, 373.5448, 405.2671, 386.3264, 380.8750, 389.4540
16 139 4.640000 378.0815, 377.3764, 402.5726, 374.4834, 404.0650, 387.1175, 379.5739, 390.0105
16 140 4.670000 377.1311, 377.7912, 401.7372, 375.3241, 402.9914, 387.8329, 378.3852, 390.3000
16 141 4.700000 376.0039, 378.4600, 400.6145, 375.9146, 401.9017, 388.3595, 377.2911, 390.9049
16 142 4.740000 374.4163, 379.2263, 399.1054, 376.9460, 400.2439, 389.2727, 375.5547, 391.5530
16 143 4.770000 373.1942, 379.6569, 397.9994, 377.9721, 398.8286, 390.1802, 374.0234, 391.8651
16 144 4.800000 371.7907, 380.4011, 396.5839, 378.6602, 397.4390, 390.8396, 372.6459, 392.5804
16 145 4.840000 369.8870, 381.2603, 394.7229, 379.8818, 395.3957, 392.0044, 370.5598, 393.3828
16 146 4.870000 368.4439, 381.8368, 393.3391, 381.0297, 393.7299, 393.0808, 368.8346, 393.8880
16 147 4.900000 366.8467, 382.7188, 391.7106, 381.8968, 392.1097, 393.9693, 367.2458, 394.7913
16 148 4.940000 364.7307, 383.7987, 389.5941, 383.3997, 389.7877, 395.4651, 364.9243, 395.8640
16 149 4.970000 363.1666, 384.5338, 388.0431, 384.7624, 387.9324, 396.8055, 363.0560, 396.5769
16 150 5.000000 361.4672, 385.5379, 386.2926, 385.8137, 386.1580, 397.9320, 361.3326, 397.6563
16 151 5.040000 359.2308, 386.7331, 384.0030, 387.3378, 383.7056, 399.5220, 358.9333, 398.9173
16 152 5.070000 357.6165, 387.4302, 382.3637, 388.6101, 381.7831, 400.7892, 357.0359, 399.6094
16 153 5.100000 355.8553, 388.3582, 380.5321, 389.3983, 380.0144, 401.6813, 355.3376, 400.6412
16 154 5.140000 353.6349, 389.2849, 378.2415, 390.6514, 377.5561, 402.9916, 352.9496, 401.6250
16 155 5.170000 352.0829, 389.7477, 376.6420, 391.7421, 375.6401, 404.0788, 351.0810, 402.0844
16 156 5.200000 350.3890, 390.4760, 374.8759, 392.3456, 373.9260, 404.7874, 349.4391, 402.9179
16 157 5.240000 348.3025, 391.1712, 372.7023, 393.3650, 371.5766, 405.8853, 347.1767, 403.6914
16 158 5.270000 346.8638, 391.5361, 371.1966, 394.2722, 369.7889, 406.7912, 345.4562, 404.0551
16 159 5.300000 345.3252, 392.1288, 369.5853, 394.7714, 368.2086, 407.4105, 343.9485, 404.7679
16 160 5.340000 343.4524, 392.7556, 367.6132, 395.6203, 366.1023, 408.3627, 341.9416, 405.4980
16 161 5.370000 342.2136, 393.0766, 366.2963, 396.4599, 364.5031, 409.2248, 340.4203, 405.8415
16 162 5.400000 340.8764, 393.6695, 364.8861, 396.9050, 363.1461, 409.8171, 339.1363, 406.5816
16 163 5.440000 339.3273, 394.2915, 363.2355, 397.7803, 361.3338, 410.8128, 337.4255, 407.3240
16 164 5.470000 338.3657, 394.6083, 362.1862, 398.6591, 359.9663, 411.7132, 336.1458, 407.6624
16 165 5.500000 337.3366, 395.1296, 361.0860, 399.1187, 358.8682, 412.3224, 335.1189, 408.3333
16 166 5.540000 336.2160, 395.5521, 359.8585, 399.6814, 357.5226, 413.0554, 333.8801, 408.9262
16 167 5.570000 335.6952, 395.4517, 359.2393, 400.2629, 356.5060, 413.6389, 332.9619, 408.8278
16 168 5.600000 335.0323, 395.5715, 358.5145, 400.0169, 355.9388, 413.6226, 332.4567, 409.1773
16 169 5.640000 334.5483, 395.2407, 357.9380, 399.8163, 355.2523, 413.5454, 331.8626, 408.9697
16 170 5.670000 334.4191, 394.7119, 357.7274, 399.5619, 354.8625, 413.3299, 331.5543, 408.4799
16 171 5.700000 334.2024, 394.3214, 357.4704, 398.6586, 354.8660, 412.6307, 331.5979, 408.2934
16 172 5.740000 334.2851, 393.3605, 357.4782, 397.4684, 354.9715, 411.6212, 331.7784, 407.5132
16 173 5.770000 334.5948, 392.3205, 357.7376, 396.5575, 355.1385, 410.7542, 331.9957, 406.5172
16 174 5.800000 334.8144, 391.4005, 357.9225, 395.0250, 355.6712, 409.3780, 332.5631, 405.7536
16 175 5.840000 335.3826, 389.7706, 358.4203, 392.8383, 356.4926, 407.3145, 333.4549, 404.2468
16 176 5.870000 336.1004, 388.0554, 359.1146, 391.3086, 357.0729, 405.7524, 334.0586, 402.4992
16 177 5.900000 336.6282, 386.5447, 359.5629, 388.9075, 358.0588, 403.5067, 335.1242, 401.1439
16 178 5.940000 337.6742, 383.8655, 360.5508, 385.8500, 359.2827, 400.4676, 336.4061, 398.4830
16 179 5.970000 338.6446, 381.4655, 361.5166, 383.5906, 360.1653, 398.1347, 337.2933, 396.0097
16 180 6.000000 339.4628, 379.3063, 362.2627, 380.8162, 361.2977, 395.3878, 338.4979, 393.8780
16 181 6.040000 340.6840, 376.4692, 363.4245, 377.5471, 362.7350, 392.0930, 339.9945, 391.0151
16 182 6.070000 341.5797, 374.7016, 364.2633, 375.3699, 363.8349, 389.9118, 341.1513, 389.2436
16 183 6.100000 342.3868, 373.4055, 364.9477, 373.3223, 365.0015, 387.8931, 342.4406, 387.9764
16 184 6.140000 343.4969, 372.0419, 365.9203, 371.2297, 366.4486, 385.8132, 344.0251, 386.6254
16 185 6.170000 344.3413, 371.2603, 366.7032, 370.1260, 367.4426, 384.7035, 345.0807, 385.8378
16 186 6.200000 345.0960, 370.8788, 367.3241, 369.1722, 368.4430, 383.7466, 346.2150, 385.4532
16 187 6.240000 346.0866, 370.6492, 368.2021, 368.4786, 369.6304, 383.0311, 347.5148, 385.2017
16 188 6.270000 346.8051, 370.6775, 368.8996, 368.3851, 370.4073, 382.9166, 348.3128, 385.2090
16 189 6.300000 347.4134, 371.1114, 369.3963, 368.4241, 371.1697, 382.9311, 349.1868, 385.6184
16 190 6.340000 348.1740, 371.9855, 370.0937, 369.0581, 372.0268, 383.5332, 350.1071, 386.4605
16 191 6.370000 348.6980, 372.8904, 370.6328, 369.9733, 372.5554, 384.4298, 350.6206, 387.3469
16 192 6.400000 349.1133, 374.2287, 370.9753, 371.0754, 373.0574, 385.5105, 351.1954, 388.6638
16 193 6.440000 349.5992, 376.3749, 371.4451, 373.1478, 373.5744, 387.5628, 351.7286, 390.7898
16 194 6.470000 349.9046, 378.2141, 371.7994, 375.1083, 373.8436, 389.5194, 351.9487, 392.6252
16 195 6.500000 350.0782, 380.3407, 371.9326, 377.1057, 374.0651, 391.5119, 352.2107, 394.7469
16 196 6.540000 350.1575, 382.9812, 372.0266, 379.7753, 374.1386, 394.1817, 352.2694, 397.3876
16 197 6.570000 350.1332, 384.5725, 372.1235, 381.7637, 373.9505, 396.0679, 351.9602, 398.8767
16 198 6.600000 349.8484, 386.2638, 371.7321, 383.1448, 373.7503, 397.3049, 351.8666, 400.4238
16 199 6.640000 349.3329, 387.8224, 371.2199, 384.7559, 373.1901, 398.8183, 351.3031, 401.8848
16 200 6.670000 348.8304, 388.5620, 370.7997, 385.7837, 372.5704, 399.7856, 350.6011, 402.5639
16 201 6.700000 348.0524, 389.4654, 369.8336, 386.1450, 371.9594, 400.0899, 350.1782, 403.4103
16 202 6.740000 346.8919, 390.0137, 368.6043, 386.5476, 370.8215, 400.4373, 349.1091, 403.9033
16 203 6.770000 345.9316, 389.9229, 367.7357, 386.8120, 369.7137, 400.6760, 347.9097, 403.7869
16 204 6.800000 344.6971, 389.9688, 366.3558, 386.4712, 368.5907, 400.3106, 346.9320, 403.8083
16 205 6.840000 342.9182, 389.3672, 364.5647, 385.9326, 366.7601, 399.7690, 345.1136, 403.2036
16 206 6.870000 341.4912, 388.3988, 363.2690, 385.4677, 365.1336, 399.3214, 343.3558, 402.2525
16 207 6.900000 339.7870, 387.5704, 361.4483, 384.3557, 363.5055, 398.2177, 341.8441, 401.4323
16 208 6.940000 337.3961, 385.7938, 359.0635, 382.7389, 361.0222, 396.6314, 339.3548, 399.6863
16 209 6.970000 335.5200, 383.9950, 357.2963, 381.4271, 358.9381, 395.3502, 337.1618, 397.9181
16 210 7.000000 333.3572, 382.4780, 354.9519, 379.4455, 356.9105, 393.3935, 335.3159, 396.4260
16 211 7.040000 330.4483, 379.9579, 352.0293, 377.0815, 353.8898, 391.0405, 332.3087, 393.9168
16 212 7.070000 328.2409, 377.8705, 349.9241, 375.5400, 351.4208, 389.4651, 329.7375, 391.7956
16 213 7.100000 325.8406, 376.1053, 347.4446, 373.7174, 348.9767, 387.5779, 327.3727, 389.9659
16 214 7.140000 322.6164, 373.5359, 344.2309, 371.5537, 345.4902, 385.2851, 323.8757, 387.2673
16 215 7.170000 320.1594, 371.5038, 341.8170, 370.0257, 342.7456, 383.6312, 321.0880, 385.1094
16 216 7.200000 317.5321, 369.7130, 339.0888, 368.1799, 340.0469, 381.6506, 318.4902, 383.1837
16 217 7.240000 314.0111, 367.0897, 335.5012, 365.8221, 336.2821, 379.0615, 314.7920, 380.3290
16 218 7.270000 311.3834, 364.8794, 332.8675, 364.1318, 333.3212, 377.1700, 311.8371, 377.9176
16 219 7.300000 308.5768, 362.8717, 329.9349, 362.0081, 330.4540, 374.8453, 309.0959, 375.7089
16 220 7.340000 304.8545, 359.8134, 326.0960, 359.1537, 326.4856, 371.6953, 305.2440, 372.3551
16 221 7.370000 302.1205, 357.1478, 323.3073, 357.0403, 323.3695, 369.3076, 302.1827, 369.4152
16 222 7.400000 299.1699, 354.6848, 320.2043, 354.2959, 320.4262, 366.2982, 299.3918, 366.6871
16 223 7.440000 295.3439, 350.7963, 316.2208, 350.6126, 316.3228, 362.1991, 295.4459, 362.3828
16 224 7.470000 292.5157, 347.5163, 313.2803, 347.7248, 313.1672, 358.9839, 292.4027, 358.7754
16 225 7.500000 289.4719, 344.5095, 310.0697, 344.2507, 310.2071, 355.1861, 289.6093, 355.4449
16 226 7.540000 285.4489, 340.1024, 305.9943, 340.0231, 306.0350, 350.5648, 285.4896, 350.6441
16 227 7.570000 282.4869, 336.7259, 303.0086, 337.1659, 302.7882, 347.4449, 282.2665, 347.0049
16 228 7.600000 279.3812, 333.7166, 299.8924, 334.1836, 299.6637, 344.2294, 279.1524, 343.7623
16 229 7.640000 275.3175, 329.5829, 295.8004, 330.3513, 295.4278, 340.2823, 274.9450, 339.5139
16 230 7.670000 272.3350, 326.4488, 292.8299, 327.6239, 292.2619, 337.5287, 271.7671, 336.3536
16 231 7.700000 269.2359, 323.6266, 289.8562, 324.7232, 289.3233, 334.7440, 268.7030, 333.6474
16 232 7.740000 265.2343, 319.7812, 285.9956, 321.0918, 285.3556, 331.2311, 264.5943, 329.9205
16 233 7.770000 262.3561, 316.7857, 283.1977, 318.5462, 282.3385, 328.7184, 261.4968, 326.9579
16 234 7.800000 259.3632, 314.0354, 280.3203, 315.6782, 279.5170, 325.9254, 258.5599, 324.2826
16 235 7.840000 255.5710, 310.1183, 276.6441, 312.0020, 275.7255, 322.2785, 254.6524, 320.3948
16 236 7.870000 252.8963, 306.9479, 274.0203, 309.3313, 272.8649, 319.5714, 251.7409, 317.1880
16 237 7.900000 250.1178, 303.9533, 271.3418, 306.2024, 270.2540, 316.4679, 249.0300, 314.2188
16 238 7.940000 246.6639, 299.5934, 267.9757, 302.0558, 266.7953, 312.2720, 245.4835, 309.8096
16 239 7.970000 244.2899, 296.0359, 265.6171, 299.0201, 264.2046, 309.1149, 242.8774, 306.1306
16 240 8.000000 241.7306, 292.8362, 263.1742, 295.4025, 261.9652, 305.5051, 240.5216, 302.9389
16 241 8.040000 238.6744, 288.3345, 260.1722, 291.2075, 258.8314, 301.2404, 237.3336, 298.3674
16 242 8.070000 236.5568, 285.0577, 258.0302, 288.5228, 256.4303, 298.4373, 234.9569, 294.9722
16 243 8.100000 234.3529, 282.2129, 255.8647, 285.7858, 254.2220, 295.6767, 232.7101, 292.1039
16 244 8.140000 231.6215, 278.6276, 253.1137, 282.6569, 251.2765, 292.4566, 229.7843, 288.4273
16 245 8.170000 229.6969, 276.1257, 251.1453, 280.5910, 249.1244, 290.2980, 227.6760, 285.8327
16 246 8.200000 227.7334, 273.9628, 249.2046, 278.4414, 247.1821, 288.1371, 225.7110, 283.6584
16 247 8.240000 225.3682, 271.1907, 246.7962, 275.9898, 244.6473, 285.5847, 223.2193, 280.7856
16 248 8.270000 223.7874, 269.1896, 245.1242, 274.4127, 242.8070, 283.8786, 221.4702, 278.6556
16 249 8.300000 222.1640, 267.4954, 243.5153, 272.6512, 241.2371, 282.0860, 219.8858, 276.9303
16 250 8.340000 220.3100, 265.2583, 241.5833, 270.6551, 239.2238, 279.9558, 217.9505, 274.5589
16 251 8.370000 219.1349, 263.6128, 240.2927, 269.3601, 237.8080, 278.5073, 216.6501, 272.7599
16 252 8.400000 217.9194, 262.2487, 239.0933, 267.8085, 236.7016, 276.9171, 215.5277, 271.3573
16 253 8.440000 216.6053, 260.4321, 237.7220, 265.9831, 235.3616, 274.9626, 214.2449, 269.4115
16 254 8.470000 215.8714, 259.0312, 236.8688, 264.8081, 234.4143, 273.7298, 213.4168, 267.9528
16 255 8.500000 215.0830, 257.9005, 236.1165, 263.3098, 233.8193, 272.2420, 212.7859, 266.8327
16 256 8.540000 214.3527, 256.3359, 235.3403, 261.5556, 233.1237, 270.4683, 212.1361, 265.2487
16 257 8.570000 214.0693, 255.0405, 234.9399, 260.3989, 232.6489, 269.3221, 211.7784, 263.9636
16 258 8.600000 213.7194, 254.0015, 234.6274, 258.8981, 232.5180, 267.9052, 211.6100, 263.0086
16 259 8.640000 213.6126, 252.3982, 234.4432, 257.1228, 232.3728, 266.2509, 211.5422, 261.5263
16 260 8.670000 213.7492, 251.0861, 234.4680, 255.8891, 232.3312, 265.1064, 211.6125, 260.3035
16 261 8.700000 213.8339, 250.0057, 234.5540, 254.4087, 232.5787, 263.7040, 211.8586, 259.3010
16 262 8.740000 214.2134, 248.3886, 234.8713, 252.5072, 232.9957, 261.9146, 212.3378, 257.7959
16 263 8.770000 214.7703, 246.9253, 235.2789, 251.2298, 233.2881, 260.7151, 212.7795, 256.4105
16 264 8.800000 215.1765, 245.7701, 235.7060, 249.5549, 233.9460, 259.1017, 213.4165, 255.3168
16 265 8.840000 216.0291, 243.8952, 236.4851, 247.4498, 234.8193, 257.0367, 214.3632, 253.4821
16 266 8.870000 216.8792, 242.2400, 237.2195, 245.9069, 235.4869, 255.5172, 215.1467, 251.8503
16 267 8.900000 217.5907, 240.8094, 237.9583, 243.9389, 236.4802, 253.5592, 216.1125, 250.4297
16 268 8.940000 218.8745, 238.4234, 239.1473, 241.4011, 237.7325, 251.0331, 217.4598, 248.0553
16 269 8.970000 220.0144, 236.3863, 240.1643, 239.5063, 238.6774, 249.1091, 218.5275, 245.9890
16 270 9.000000 221.0894, 234.4993, 241.1849, 237.3776, 239.8203, 246.9047, 219.7248, 244.0263
16 271 9.040000 222.6094, 232.0346, 242.6282, 234.6131, 241.4108, 244.0648, 221.3920, 241.4863
16 272 9.070000 223.8292, 230.2585, 243.7679, 232.7322, 242.5996, 242.1489, 222.6609, 239.6751
16 273 9.100000 224.9519, 228.8089, 244.8692, 230.7958, 243.9336, 240.1743, 224.0163, 238.1875
16 274 9.140000 226.5481, 226.9312, 246.3978, 228.4898, 245.6640, 237.8344, 225.8144, 236.2757
16 275 9.170000 227.8512, 225.4584, 247.6107, 227.0068, 246.8787, 236.3473, 227.1193, 234.7988
16 276 9.200000 229.0104, 224.3141, 248.7391, 225.3452, 248.2517, 234.6713, 228.5230, 233.6402
16 277 9.240000 230.6902, 222.6237, 250.3255, 223.4292, 249.9440, 232.7311, 230.3086, 231.9257
16 278 9.270000 232.0099, 221.2570, 251.5599, 222.1402, 251.1403, 231.4260, 231.5903, 230.5428
16 279 9.300000 233.1936, 220.1425, 252.6960, 220.6439, 252.4584, 229.8816, 232.9560, 229.3801
16 280 9.340000 234.8263, 218.4957, 254.2448, 218.7613, 254.1194, 227.9219, 234.7009, 227.6563
16 281 9.370000 236.0979, 217.0752, 255.4447, 217.4370, 255.2745, 226.5390, 235.9277, 226.1773
16 282 9.400000 237.2065, 215.9061, 256.5051, 215.8080, 256.5508, 224.7907, 237.2522, 224.8888
16 283 9.440000 238.7466, 214.0075, 257.9705, 213.7314, 258.0973, 222.5636, 238.8735, 222.8398
16 284 9.470000 239.9455, 212.3096, 259.1182, 212.2759, 259.1336, 221.0137, 239.9609, 221.0475
16 285 9.500000 240.9852, 210.8807, 260.1144, 210.5474, 260.2648, 219.1772, 241.1356, 219.5105
16 286 9.540000 242.3950, 208.8824, 261.4690, 208.4931, 261.6451, 217.1213, 242.5711, 217.5106
16 287 9.570000 243.4070, 207.6653, 262.4395, 207.1999, 262.6510, 215.8503, 243.6185, 216.3157
16 288 9.600000 244.3387, 206.7953, 263.3249, 206.0515, 263.6687, 214.8260, 244.6825, 215.5699
16 289 9.640000 245.5684, 205.9124, 264.5004, 205.0176, 264.9231, 213.9597, 245.9911, 214.8545
16 290 9.670000 246.4860, 205.4247, 265.3963, 204.6292, 265.7779, 213.7011, 246.8677, 214.4967
16 291 9.700000 247.3106, 205.2945, 266.1807, 204.3461, 266.6441, 213.5672, 247.7741, 214.5157
16 292 9.740000 248.3997, 205.3634, 267.2422, 204.4745, 267.6863, 213.8888, 248.8438, 214.7777
16 293 9.770000 249.2051, 205.6231, 268.0414, 204.9358, 268.3901, 214.4938, 249.5538, 215.1810
16 294 9.800000 249.9274, 206.2453, 268.7415, 205.5453, 269.1028, 215.2557, 250.2888, 215.9558
16 295 9.840000 250.8859, 207.4040, 269.6942, 206.9082, 269.9552, 216.8117, 251.1470, 217.3075
16 296 9.870000 251.5950, 208.5641, 270.4158, 208.3552, 270.5271, 218.3845, 251.7063, 218.5934
16 297 9.900000 252.2381, 210.1476, 271.0543, 210.0396, 271.1126, 220.1917, 252.2963, 220.2997
16 298 9.940000 253.1009, 212.7274, 271.9262, 212.9223, 271.8197, 223.2071, 252.9944, 223.0122
16 299 9.970000 253.7528, 215.0115, 272.5862, 215.5328, 272.2995, 225.8910, 253.4661, 225.3697
16 300 10.000000 254.3595, 217.6091, 273.1844, 218.3072, 272.7976, 228.7385, 253.9727, 228.0405
16 301 10.040000 255.2013, 221.0645, 274.0082, 222.0856, 273.4372, 232.6010, 254.6303, 231.5799
16 302 10.070000 255.8905, 223.4421, 274.6853, 224.8272, 273.9065, 235.3944, 255.1118, 234.0093
16 303 10.100000 256.5400, 225.7764, 275.3065, 227.2308, 274.4805, 237.8888, 255.7140, 236.4344
16 304 10.140000 257.4943, 228.5933, 276.2280, 230.2172, 275.2936, 240.9955, 256.5599, 239.3716
16 305 10.170000 258.3776, 230.3961, 277.0824, 232.5267, 275.8566, 243.2879, 257.1518, 241.1573
16 306 10.200000 259.1682, 232.3313, 277.8290, 234.4209, 276.6218, 245.2009, 257.9611, 243.1114
16 307 10.240000 260.4013, 234.6336, 279.0005, 236.9494, 277.6641, 247.6827, 259.0648, 245.3668
16 308 10.270000 261.4685, 236.1747, 280.0132, 238.8723, 278.4661, 249.5075, 259.9215, 246.8099
16 309 10.300000 262.3883, 237.9959, 280.8882, 240.3339, 279.5518, 250.9086, 261.0519, 248.5705
16 310 10.340000 263.8559, 240.1357, 282.2813, 242.4577, 280.9694, 252.8675, 262.5440, 250.5455
16 311 10.370000 265.0327, 241.6852, 283.4076, 244.0223, 282.1013, 254.2925, 263.7264, 251.9554
16 312 10.400000 266.1713, 243.3690, 284.4888, 245.3798, 283.3732, 255.5425, 265.0557, 253.5317
16 313 10.440000 267.7365, 245.6651, 285.9898, 247.1893, 285.1582, 257.1478, 266.9050, 255.6236
16 314 10.470000 269.0589, 247.2302, 287.2485, 248.7668, 286.4248, 258.5179, 268.2351, 256.9813
16 315 10.500000 270.2244, 249.1156, 288.3556, 250.0010, 287.8884, 259.5665, 269.7573, 258.6811
16 316 10.540000 271.9134, 251.3291, 289.9591, 251.7537, 289.7399, 261.0737, 271.6941, 260.6492
16 317 10.570000 273.2830, 252.6640, 291.2735, 253.1522, 291.0254, 262.2930, 273.0349, 261.8048
16 318 10.600000 274.4887, 254.2041, 292.4509, 254.1342, 292.4857, 263.1027, 274.5236, 263.1725
16 319 10.640000 276.2043, 255.8005, 294.1436, 255.5351, 294.2733, 264.3054, 276.3340, 264.5708
16 320 10.670000 277.5156, 256.7405, 295.4408, 256.5765, 295.5200, 265.2329, 277.5948, 265.3969
16 321 10.700000 278.6728, 257.8418, 296.5745, 257.2569, 296.8558, 265.8664, 278.9541, 266.4513
16 322 10.740000 280.2296, 258.9891, 298.1038, 258.1826, 298.4918, 266.7804, 280.6175, 267.5869
16 323 10.770000 281.4076, 259.5942, 299.2735, 258.9202, 299.5978, 267.5152, 281.7319, 268.1892
16 324 10.800000 282.4169, 260.3886, 300.2504, 259.3136, 300.7676, 267.8935, 282.9341, 268.9685
16 325 10.840000 283.7415, 261.1617, 301.5443, 259.8723, 302.1647, 268.4384, 284.3620, 269.7278
16 326 10.870000 284.7070, 261.5368, 302.5028, 260.3197, 303.0885, 268.8834, 285.2927, 270.1005
16 327 10.900000 285.4806, 262.1565, 303.2217, 260.4134, 304.0606, 268.9510, 286.3194, 270.6941
16 328 10.940000 286.4275, 262.7909, 304.0974, 260.5381, 305.1816, 269.0418, 287.5117, 271.2946
16 329 10.970000 287.0886, 263.0128, 304.7448, 260.7311, 305.8430, 269.2287, 288.1868, 271.5105
16 330 11.000000 287.5690, 263.3809, 305.1542, 260.6626, 306.4625, 269.1260, 288.8773, 271.8443
16 331 11.040000 288.0971, 263.5222, 305.6449, 260.6428, 307.0308, 269.0884, 289.4829, 271.9679
16 332 11.070000 288.3946, 263.3491, 305.9633, 260.6544, 307.2603, 269.1103, 289.6917, 271.8051
16 333 11.100000 288.4866, 263.3247, 306.0012, 260.3428, 307.4364, 268.7725, 289.9217, 271.7544
16 334 11.140000 288.4739, 262.8905, 305.9878, 259.9617, 307.3974, 268.3908, 289.8835, 271.3197
16 335 11.170000 288.3745, 262.2359, 305.9460, 259.7231, 307.1554, 268.1799, 289.5839, 270.6928
16 336 11.200000 288.0495, 261.7144, 305.5933, 259.0545, 306.8798, 267.5399, 289.3360, 270.1998
16 337 11.240000 287.5001, 260.5708, 305.0719, 258.1565, 306.2496, 266.7284, 288.6779, 269.1428
16 338 11.270000 287.0150, 259.3930, 304.6420, 257.4676, 305.5877, 266.1254, 287.9607, 268.0508
16 339 11.300000 286.3193, 258.3684, 303.9344, 256.3711, 304.9218, 265.0801, 287.3067, 267.0774
16 340 11.340000 285.3342, 256.5087, 302.9826, 254.8747, 303.7982, 263.6840, 286.1499, 265.3180
16 341 11.370000 284.5666, 254.7499, 302.2569, 253.6938, 302.7877, 262.5854, 285.0975, 263.6415
16 342 11.400000 283.5952, 253.1185, 301.2833, 252.0434, 301.8256, 260.9649, 284.1375, 262.0400
16 343 11.440000 282.2704, 250.4655, 299.9732, 249.6629, 300.3794, 258.6235, 282.6766, 259.4261
16 344 11.470000 281.2931, 248.1057, 299.0134, 247.7990, 299.1688, 256.7794, 281.4485, 257.0862
16 345 11.500000 280.0540, 246.0954, 297.7682, 245.4135, 298.1134, 254.3805, 280.3992, 255.0624
16 346 11.540000 278.5683, 243.1403, 296.3016, 242.8423, 296.4520, 251.7969, 278.7188, 252.0949
16 347 11.570000 277.4910, 241.0893, 295.2329, 241.3346, 295.1091, 250.2893, 277.3672, 250.0440
16 348 11.600000 276.3434, 239.4202, 294.0865, 240.0078, 293.7896, 248.9712, 276.0466, 248.3836
16 349 11.640000 274.8241, 237.5744, 292.5636, 238.7035, 291.9920, 247.6834, 274.2525, 246.5543
16 350 11.670000 273.7107, 236.4476, 291.4447, 238.0610, 290.6268, 247.0518, 272.8928, 245.4384
16 351 11.700000 272.5219, 235.6927, 290.2756, 237.5197, 289.3485, 246.5284, 271.5948, 244.7013
16 352 11.740000 270.9996, 234.9831, 288.7552, 237.2132, 287.6212, 246.2411, 269.8657, 244.0109
16 353 11.770000 269.9232, 234.6615, 287.6519, 237.3011, 286.3067, 246.3356, 268.5781, 243.6959
16 354 11.800000 268.7796, 234.6993, 286.5258, 237.4712, 285.1114, 246.5260, 267.3652, 243.7540
16 355 11.840000 267.3635, 235.0366, 285.0927, 238.1457, 283.5017, 247.2185, 265.7724, 244.1094
16 356 11.870000 266.3884, 235.5255, 284.0681, 239.0052, 282.2815, 248.0826, 264.6018, 244.6029
16 357 11.900000 265.3627, 236.3903, 283.0419, 240.0012, 281.1825, 249.1048, 263.5033, 245.4939
16 358 11.940000 264.1126, 237.9087, 281.7456, 241.8304, 279.7135, 250.9676, 262.0804, 247.0460
16 359 11.970000 263.2672, 239.3142, 280.8334, 243.5501, 278.6239, 252.7126, 261.0578, 248.4766
16 360 12.000000 262.4012, 241.0092, 279.9600, 245.3270, 277.6936, 254.5436, 260.1348, 250.2258
16 361 12.040000 261.4708, 243.2377, 278.9892, 247.7416, 276.6061, 257.0109, 259.0877, 252.5070
16 362 12.070000 261.0377, 244.7045, 278.4610, 249.5464, 275.9026, 258.7525, 258.4793, 253.9106
16 363 12.100000 260.5656, 246.2037, 278.0701, 250.8645, 275.5987, 260.1464, 258.0942, 255.4856
16 364 12.140000 260.3831, 247.8514, 277.8799, 252.6687, 275.3459, 261.8723, 257.8492, 257.0550
16 365 12.170000 260.5799, 248.7857, 277.9980, 253.9993, 275.2625, 263.1386, 257.8443, 257.9250
16 366 12.200000 260.7285, 249.8288, 278.2348, 254.8662, 275.5929, 264.0472, 258.0867, 259.0099
16 367 12.240000 261.3154, 250.9409, 278.8687, 255.9852, 276.2284, 265.1731, 258.6751, 260.1289
16 368 12.270000 262.1205, 251.5095, 279.6138, 256.8813, 276.8020, 266.0380, 259.3087, 260.6662
16 369 12.300000 262.8577, 252.2236, 280.4679, 257.3330, 277.7932, 266.5518, 260.1830, 261.4424
16 370 12.340000 264.2779, 252.8922, 281.9451, 257.9840, 279.2805, 267.2297, 261.6133, 262.1379
16 371 12.370000 265.6585, 253.1949, 283.3024, 258.4992, 280.5272, 267.7305, 262.8833, 262.4263
16 372 12.400000 266.9570, 253.6680, 284.7610, 258.5583, 282.2013, 267.8775, 264.3972, 262.9873
16 373 12.440000 269.1200, 254.0221, 287.0318, 258.7158, 284.5746, 268.0927, 266.6628, 263.3990
16 374 12.470000 271.0516, 254.0862, 288.9749, 258.8930, 286.4596, 268.2718, 268.5363, 263.4650
16 375 12.500000 272.8886, 254.2840, 291.0052, 258.6820, 288.7081, 268.1441, 270.5916, 263.7461
16 376 12.540000 275.6633, 254.3435, 293.9904, 258.4557, 291.8534, 267.9800, 273.5262, 263.8679
16 377 12.570000 277.9836, 254.2304, 296.4346, 258.3554, 294.3055, 267.8788, 275.8545, 263.7538
16 378 12.600000 280.2419, 254.3191, 298.9163, 257.8693, 297.0958, 267.4453, 278.4214, 263.8950
16 379 12.640000 283.5709, 254.1748, 302.4831, 257.3353, 300.8810, 266.9219, 281.9688, 263.7615
16 380 12.670000 286.2875, 253.8581, 305.3451, 257.0135, 303.7638, 266.5639, 284.7062, 263.4086
16 381 12.700000 288.9401, 253.7048, 308.2133, 256.2967, 306.9263, 265.8669, 287.6530, 263.2750
16 382 12.740000 292.7260, 253.2197, 312.2462, 255.4011, 311.1814, 264.9290, 291.6612, 262.7476
16 383 12.770000 295.7471, 252.6049, 315.4287, 254.7863, 314.3813, 264.2359, 294.6997, 262.0545
16 384 12.800000 298.6606, 252.1838, 318.5565, 253.6984, 317.8403, 263.1073, 297.9443, 261.5927
16 385 12.840000 302.7696, 251.2097, 322.9159, 252.3033, 322.4105, 261.6137, 302.2642, 260.5201
16 386 12.870000 305.9859, 250.1114, 326.3116, 251.1970, 325.8170, 260.4573, 305.4913, 259.3717
16 387 12.900000 309.0899, 249.0839, 329.6234, 249.5529, 329.4109, 258.8550, 308.8774, 258.3860
16 388 12.940000 313.3587, 247.2294, 334.1550, 247.2601, 334.1411, 256.6488, 313.3449, 256.6181
16 389 12.970000 316.6731, 245.3944, 337.6679, 245.5472, 337.5981, 255.1373, 316.6033, 254.9845
16 390 13.000000 319.8022, 243.8345, 341.0049, 243.3447, 341.2296, 253.0740, 320.0269, 253.5637
16 391 13.040000 324.0624, 241.5119, 345.5321, 240.5878, 345.9584, 250.4935, 324.4887, 251.4176
16 392 13.070000 327.2568, 239.7780, 348.9233, 238.6137, 349.4628, 248.6527, 327.7963, 249.8171
16 393 13.100000 330.3227, 238.3773, 352.1523, 236.4881, 353.0247, 246.5683, 331.1951, 248.4575
16 394 13.140000 334.4402, 236.2919, 356.4930, 233.9090, 357.5947, 244.1051, 335.5419, 246.4880
16 395 13.170000 337.5196, 234.5594, 359.7585, 232.1290, 360.8866, 242.4519, 338.6477, 244.8823
16 396 13.200000 340.4248, 233.1556, 362.7905, 230.1139, 364.1956, 240.4452, 341.8299, 243.4869
16 397 13.240000 344.2508, 231.0000, 366.8136, 227.5870, 368.3855, 237.9789, 345.8227, 241.3919
16 398 13.270000 347.0612, 229.1493, 369.8031, 225.7802, 371.3572, 236.2704, 348.6153, 239.6395
16 399 13.300000 349.6640, 227.6337, 372.4939, 223.6687, 374.3062, 234.1042, 351.4763, 238.0692
16 400 13.340000 353.0144, 225.2584, 376.0008, 220.9120, 377.9720, 231.3369, 354.9856, 235.6833
16 401 13.370000 355.4182, 223.1523, 378.5708, 218.8747, 380.5080, 229.3596, 357.3554, 233.6372
16 402 13.400000 357.5790, 221.3844, 380.7641, 216.4413, 382.9704, 226.7897, 359.7853, 231.7328
16 403 13.440000 360.2794, 218.4497, 383.5957, 213.2023, 385.9139, 223.5028, 362.5976, 228.7502
16 404 13.470000 362.1631, 215.7414, 385.6840, 210.8268, 387.8577, 221.2299, 364.3368, 226.1446
16 405 13.500000 363.8077, 213.4012, 387.3904, 208.1167, 389.7072, 218.4556, 366.1244, 223.7401
16 406 13.540000 365.8599, 210.2172, 389.6058, 204.8627, 391.9453, 215.2379, 368.1993, 220.5924
16 407 13.570000 367.2769, 208.2532, 391.1077, 202.6801, 393.5278, 213.0285, 369.6969, 218.6016
16 408 13.600000 368.5775, 206.7929, 392.4194, 200.6885, 395.0380, 210.9161, 371.1961, 217.0204
16 409 13.640000 370.1860, 205.1671, 394.0857, 198.5984, 396.8635, 208.7050, 372.9638, 215.2737
16 410 13.670000 371.2809, 204.1426, 395.2925, 197.4632, 398.0929, 207.5301, 374.0813, 214.2095
16 411 13.700000 372.2433, 203.5963, 396.2862, 196.5144, 399.2127, 206.4499, 375.1698, 213.5317
16 412 13.740000 373.3350, 203.1225, 397.4979, 195.7603, 400.5239, 205.6920, 376.3611, 213.0542
16 413 13.770000 374.0087, 202.9565, 398.3183, 195.5973, 401.3410, 205.5823, 377.0315, 212.9415
16 414 13.800000 374.5362, 203.2806, 398.8967, 195.6033, 402.0477, 205.6017, 377.6872, 213.2790
16 415 13.840000 375.0071, 203.8835, 399.5191, 196.0891, 402.7456, 206.2360, 378.2336, 214.0304
16 416 13.870000 375.2117, 204.5670, 399.9054, 196.9184, 403.0863, 207.1881, 378.3926, 214.8367
16 417 13.900000 375.2602, 205.7159, 400.0436, 197.9278, 403.3113, 208.3261, 378.5279, 216.1142
16 418 13.940000 375.1434, 207.6417, 400.1337, 199.9731, 403.3717, 210.5251, 378.3814, 218.1937
16 419 13.970000 374.9179, 209.3940, 400.1204, 202.0241, 403.2348, 212.6739, 378.0323, 220.0439
16 420 14.000000 374.5259, 211.5601, 399.8646, 204.2542, 402.9646, 215.0058, 377.6260, 222.3117
16 421 14.040000 373.7453, 214.6402, 399.3125, 207.6280, 402.2895, 218.4827, 376.7224, 225.4948
16 422 14.070000 372.9696, 216.9481, 398.7766, 210.4775, 401.5001, 221.3396, 375.6931, 227.8102
16 423 14.100000 371.9288, 219.6632, 397.7946, 213.0614, 400.5826, 223.9850, 374.7168, 230.5867
16 424 14.140000 370.2962, 223.2590, 396.3575, 216.9745, 399.0055, 227.9558, 372.9443, 234.2403
16 425 14.170000 368.9061, 225.9690, 395.1842, 220.2994, 397.5574, 231.2993, 371.2793, 236.9689
16 426 14.200000 367.2799, 229.0966, 393.6488, 223.5028, 395.9996, 234.5846, 369.6307, 240.1783
16 427 14.240000 364.9096, 233.3485, 391.4997, 228.3244, 393.6221, 239.5574, 367.0320, 244.5815
16 428 14.270000 363.0078, 236.7418, 389.8100, 232.4254, 391.6402, 243.7899, 364.8380, 248.1062
16 429 14.300000 360.9435, 240.7546, 387.8703, 236.7379, 389.5926, 248.2843, 362.6658, 252.3010
16 430 14.340000 358.0787, 246.6366, 385.1994, 243.3343, 386.6400, 255.1657, 359.5193, 258.4679
16 431 14.370000 355.8560, 251.6406, 383.1150, 248.9929, 384.2836, 261.0244, 357.0246, 263.6721
16 432 14.400000 353.5245, 257.4694, 380.8844, 255.2385, 381.8750, 267.3874, 354.5152, 269.6184
16 433 14.440000 350.3392, 266.4169, 377.8263, 264.8513, 378.5237, 277.0941, 351.0366, 278.6598
16 434 14.470000 347.8698, 274.0989, 375.4411, 273.0023, 375.9284, 285.2544, 348.3571, 286.3509
16 435 14.500000 345.3113, 282.3968, 372.9593, 281.7120, 373.2622, 293.9397, 345.6142, 294.6246
16 436 14.540000 341.7609, 293.2658, 369.5101, 293.1603, 369.5571, 305.5180, 341.8079, 305.6235
16 437 14.570000 339.0105, 300.7124, 366.8318, 301.0739, 366.6698, 313.5388, 338.8485, 313.1773
16 438 14.600000 336.1859, 307.5187, 364.0744, 308.2595, 363.7406, 320.8288, 335.8520, 320.0879
16 439 14.640000 332.3755, 315.5821, 360.3441, 316.8284, 359.7780, 329.5308, 331.8095, 328.2845
16 440 14.670000 329.5147, 320.9251, 357.5334, 322.5643, 356.7848, 335.3610, 328.7661, 333.7219
16 441 14.700000 326.6270, 325.7794, 354.6968, 327.6535, 353.8361, 340.5451, 325.7663, 338.6710
16 442 14.740000 322.8232, 331.4303, 350.9504, 333.6263, 349.9345, 346.6381, 321.8073, 344.4422
16 443 14.770000 320.0260, 335.0756, 348.1861, 337.5385, 347.0407, 350.6344, 318.8806, 348.1714
16 444 14.800000 317.2304, 338.3138, 345.4321, 340.8489, 344.2469, 354.0329, 316.0453, 351.4977
16 445 14.840000 313.6014, 341.8840, 341.8550, 344.5590, 340.5964, 357.8520, 312.3429, 355.1770
16 446 14.870000 310.9718, 344.0063, 339.2548, 346.8334, 337.9187, 360.2003, 309.6357, 357.3732
16 447 14.900000 308.3630, 345.7364, 336.6889, 348.5167, 335.3691, 361.9624, 307.0432, 359.1821
16 448 14.940000 305.0327, 347.2935, 333.3998, 350.0946, 332.0629, 363.6334, 303.6958, 360.8322
16 449 14.970000 302.6518, 347.9176, 331.0369, 350.8095, 329.6515, 364.4083, 301.2663, 361.5164
