32 0 0.010000 462.6804, 152.4862, 487.1124, 152.8446, 486.9290, 165.3511, 462.4969, 164.9927
32 1 0.040000 462.2105, 153.3383, 486.8446, 152.1249, 487.3741, 162.8752, 462.7400, 164.0886
32 2 0.070000 461.8955, 152.8500, 486.6946, 150.6220, 487.5525, 160.1709, 462.7534, 162.3990
32 3 0.110000 461.4240, 150.1348, 486.3356, 147.0327, 487.6016, 157.1992, 462.6899, 160.3012
32 4 0.140000 460.9555, 147.4315, 485.9179, 143.7543, 487.5162, 154.6045, 462.5539, 158.2817
32 5 0.170000 460.5081, 144.6233, 485.5242, 140.7543, 487.2269, 151.7641, 462.2109, 155.6331
32 6 0.200000 459.9464, 141.6267, 485.0398, 137.5640, 486.8902, 148.9931, 461.7968, 153.0558
32 7 0.240000 459.1967, 137.9493, 484.4094, 133.9053, 486.2020, 145.0808, 460.9893, 149.1249
32 8 0.270000 458.6096, 135.1724, 483.9269, 131.4233, 485.5512, 142.3921, 460.2339, 146.1411
32 9 0.310000 457.7888, 131.7248, 483.2614, 128.6023, 484.5349, 138.9914, 459.0623, 142.1139
32 10 0.340000 457.1053, 129.1674, 482.6881, 126.5784, 483.7226, 136.8012, 458.1399, 139.3902
32 11 0.370000 456.4295, 126.7665, 482.0524, 124.8225, 482.7916, 134.5645, 457.1687, 136.5085
32 12 0.400000 455.6997, 124.2050, 481.3775, 122.9550, 481.8693, 133.0589, 456.1915, 134.3089
32 13 0.440000 454.7697, 120.8843, 480.4100, 120.6306, 480.5193, 131.6797, 454.8790, 131.9334
32 14 0.470000 454.1467, 118.4866, 479.6719, 119.0797, 479.3937, 131.0558, 453.8685, 130.4628
32 15 0.500000 453.5942, 116.4641, 478.9608, 118.0261, 478.1894, 130.5528, 452.8229, 128.9908
32 16 0.540000 452.8279, 114.0653, 478.0787, 116.7903, 476.6244, 130.2657, 451.3736, 127.5407
32 17 0.570000 452.3073, 112.6129, 477.4537, 116.1702, 475.4560, 130.2915, 450.3097, 126.7342
32 18 0.610000 451.6783, 111.1502, 476.6451, 115.7116, 473.9339, 130.5515, 448.9670, 125.9900
32 19 0.640000 451.2370, 110.4950, 476.0318, 115.6897, 472.8686, 130.7879, 448.0739, 125.5932
32 20 0.670000 450.8659, 109.9360, 475.5146, 115.7086, 471.8608, 131.3103, 447.2121, 125.5377
32 21 0.700000 450.5145, 109.8048, 474.9932, 116.0645, 470.9756, 131.7754, 446.4969, 125.5158
32 22 0.740000 450.1420, 109.8954, 474.4435, 116.6907, 469.9677, 132.6973, 445.6661, 125.9020
32 23 0.770000 449.9523, 110.1488, 474.1605, 117.2709, 469.3444, 133.6412, 445.1361, 126.5192
32 24 0.800000 449.7769, 110.7971, 473.9131, 118.1546, 468.9031, 134.5898, 444.7669, 127.2323
32 25 0.840000 449.6507, 111.9586, 473.7674, 119.5217, 468.5290, 136.2257, 444.4123, 128.6627
32 26 0.870000 449.6254, 113.0953, 473.7899, 120.7286, 468.4204, 137.7265, 444.2559, 130.0932
32 27 0.900000 449.5969, 114.6663, 473.8500, 122.2724, 468.5167, 139.2784, 444.2636, 131.6723
32 28 0.940000 449.6505, 117.1338, 474.1044, 124.5970, 468.8783, 141.7207, 444.4244, 134.2575
32 29 0.970000 449.7636, 119.2283, 474.4329, 126.4968, 469.3345, 143.8009, 444.6652, 136.5325
32 30 1.000000 449.8872, 121.6783, 474.8133, 128.6285, 470.0246, 145.8025, 445.0985, 138.8524
32 31 1.040000 450.3129, 124.8975, 475.5737, 131.4418, 471.1393, 148.5584, 445.8785, 142.0140
32 32 1.070000 450.8384, 127.1199, 476.3587, 133.3611, 472.1400, 150.6116, 446.6196, 144.3704
32 33 1.110000 451.7168, 130.0649, 477.5890, 135.8251, 473.7734, 152.9630, 447.9012, 147.2027
32 34 1.140000 452.5106, 132.2975, 478.6249, 137.6504, 475.1938, 154.3891, 449.0795, 149.0363
32 35 1.170000 453.4519, 134.0749, 479.8900, 138.9757, 476.7318, 156.0128, 450.2938, 151.1120
32 36 1.210000 454.8436, 136.5633, 481.6629, 140.8310, 478.9764, 157.7141, 452.1571, 153.4465
32 37 1.240000 455.9744, 138.4634, 483.0537, 142.1883, 480.7781, 158.7314, 453.6988, 155.0065
32 38 1.270000 457.2020, 140.0947, 484.5702, 143.3076, 482.6280, 159.8515, 455.2598, 156.6386
32 39 1.310000 458.9448, 142.2844, 486.6325, 144.7936, 485.1535, 161.1134, 457.4658, 158.6042
32 40 1.340000 460.3292, 144.0176, 488.1920, 146.0228, 487.0541, 161.8350, 459.1912, 159.8298
32 41 1.370000 461.7546, 145.4011, 489.8359, 146.9378, 488.9676, 162.8042, 460.8863, 161.2675
32 42 1.410000 463.7276, 147.3495, 492.0155, 148.3360, 491.4737, 163.8729, 463.1858, 162.8864
32 43 1.440000 465.2368, 148.9203, 493.6246, 149.4996, 493.3187, 164.4923, 464.9308, 163.9130
32 44 1.470000 466.7488, 150.1294, 495.2859, 150.3879, 495.1498, 165.4160, 466.6126, 165.1574
32 45 1.510000 468.7893, 151.8379, 497.4602, 151.7412, 497.5099, 166.4896, 468.8390, 166.5863
32 46 1.540000 470.3286, 153.2213, 499.0511, 152.8913, 499.2150, 167.1568, 470.4925, 167.4868
32 47 1.570000 471.8198, 154.3057, 500.6608, 153.7787, 500.9224, 168.0946, 472.0814, 168.6216
32 48 1.610000 473.7991, 155.8961, 502.7443, 155.1431, 503.1099, 169.1949, 474.1647, 169.9480
32 49 1.640000 475.2768, 157.2310, 504.2538, 156.3259, 504.6777, 169.8973, 475.7007, 170.8024
32 50 1.670000 476.6881, 158.2814, 505.7750, 157.2642, 506.2523, 170.9128, 477.1654, 171.9300
32 51 1.710000 478.5557, 159.9057, 507.7308, 158.7663, 508.2533, 172.1453, 479.0782, 173.2847
32 52 1.740000 479.9061, 161.3168, 509.2025, 160.1086, 509.7337, 172.9894, 480.4373, 174.1976
32 53 1.770000 481.2315, 162.5389, 510.6274, 161.2998, 511.1688, 174.1448, 481.7729, 175.3839
32 54 1.810000 482.9418, 164.4612, 512.5222, 163.2022, 513.0522, 175.6561, 483.4718, 176.9151
32 55 1.840000 484.1907, 166.0889, 513.9281, 164.8255, 514.4388, 176.8458, 484.7014, 178.1091
32 56 1.870000 485.4408, 167.5456, 515.2664, 166.3076, 515.7700, 178.4404, 485.9444, 179.6784
32 57 1.910000 487.0657, 169.7981, 517.0405, 168.6003, 517.5228, 180.6695, 487.5479, 181.8672
32 58 1.940000 488.2539, 171.7146, 518.3650, 170.5524, 518.8229, 182.4166, 488.7118, 183.5788
32 59 1.970000 489.4487, 173.4327, 519.6256, 172.3355, 520.0699, 184.5535, 489.8930, 185.6507
32 60 2.010000 491.0012, 175.8448, 521.2939, 174.8382, 521.7097, 187.3511, 491.4170, 188.3577
32 61 2.040000 492.1115, 177.7550, 522.5525, 176.7910, 522.9427, 189.1145, 492.5017, 190.0785
32 62 2.070000 493.2196, 179.1728, 523.7457, 178.2755, 524.1192, 190.9822, 493.5931, 191.8795
32 63 2.110000 494.6528, 180.8449, 525.3287, 180.0580, 525.6612, 193.0181, 494.9853, 193.8050
32 64 2.140000 495.6679, 182.0708, 526.5324, 181.3484, 526.8301, 194.0682, 495.9656, 194.7906
32 65 2.170000 496.7116, 182.6149, 527.6362, 181.9735, 527.9140, 195.3695, 496.9894, 196.0109
32 66 2.210000 497.9790, 183.2843, 529.1711, 182.6986, 529.4313, 196.5549, 498.2392, 197.1406
32 67 2.240000 498.9212, 183.7271, 530.2743, 183.1829, 530.5155, 197.0784, 499.1623, 197.6227
32 68 2.270000 499.7817, 183.5650, 531.4128, 183.0783, 531.6401, 197.8516, 500.0090, 198.3383
32 69 2.310000 500.9153, 183.4073, 532.8402, 182.9776, 533.0468, 198.3257, 501.1219, 198.7553
32 70 2.340000 501.7303, 183.2680, 533.8392, 182.8333, 534.0492, 198.3451, 501.9403, 198.7798
32 71 2.370000 502.4518, 182.7081, 534.8337, 182.2386, 535.0692, 198.4850, 502.6874, 198.9545
32 72 2.410000 503.3630, 181.8809, 536.0549, 181.3571, 536.3267, 198.3198, 503.6348, 198.8436
32 73 2.440000 504.0076, 181.3644, 536.8808, 180.8010, 537.1719, 197.7848, 504.2987, 198.3481
32 74 2.470000 504.5529, 180.2918, 537.6843, 179.7012, 538.0024, 197.5445, 504.8710, 198.1352
32 75 2.510000 505.1819, 179.0035, 538.6060, 178.3244, 538.9797, 196.7190, 505.5556, 197.3981
32 76 2.540000 505.5798, 178.1161, 539.1673, 177.3302, 539.5988, 195.7726, 506.0114, 196.5586
32 77 2.570000 505.8374, 176.8080, 539.6677, 175.8826, 540.1917, 195.0383, 506.3614, 195.9637
32 78 2.610000 506.0441, 175.1933, 540.1255, 174.0081, 540.8071, 193.6100, 506.7258, 194.7952
32 79 2.640000 506.0824, 174.0337, 540.3190, 172.6286, 541.1236, 192.2320, 506.8869, 193.6372
32 80 2.670000 505.9523, 172.4394, 540.3857, 170.7757, 541.3651, 191.0472, 506.9317, 192.7108
32 81 2.710000 505.5947, 170.3539, 540.2311, 168.3533, 541.4249, 189.0212, 506.7884, 191.0218
32 82 2.740000 505.1425, 168.8385, 539.8866, 166.4961, 541.2765, 187.1118, 506.5323, 189.4542
32 83 2.770000 504.4794, 166.9318, 539.3623, 164.2416, 540.9836, 185.2647, 506.1007, 187.9549
32 84 2.800000 503.6650, 165.1612, 538.6010, 162.0738, 540.4428, 182.9151, 505.5068, 186.0024
32 85 2.840000 502.2505, 162.4056, 537.2465, 158.8129, 539.3743, 179.5390, 504.3783, 183.1317
32 86 2.870000 500.8815, 159.8363, 535.9151, 155.8273, 538.3354, 176.9774, 503.3018, 180.9864
32 87 2.900000 499.3699, 157.4645, 534.3441, 153.0945, 536.9243, 173.7443, 501.9501, 178.1143
32 88 2.940000 496.8929, 153.7417, 531.7819, 148.7916, 534.6873, 169.2690, 499.7983, 174.2191
32 89 2.970000 494.7168, 150.5141, 529.5381, 145.1758, 532.7165, 165.9088, 497.8953, 171.2470
32 90 3.000000 492.3954, 147.5663, 527.0558, 141.8576, 530.3919, 162.1128, 495.7315, 167.8214
32 91 3.040000 488.9963, 143.6079, 523.4307, 137.4954, 526.9649, 157.4054, 492.5305, 163.5179
32 92 3.070000 486.2815, 140.8937, 520.5179, 134.5356, 524.1646, 154.1723, 489.9283, 160.5304
32 93 3.100000 483.5019, 138.6666, 517.4637, 132.1104, 521.1109, 151.0031, 487.1490, 157.5593
32 94 3.140000 479.5584, 135.9327, 513.1531, 129.1945, 516.7948, 147.3511, 483.2001, 154.0893
32 95 3.170000 476.4137, 134.0139, 509.7392, 127.2049, 513.3783, 145.0164, 480.0529, 151.8253
32 96 3.200000 473.1850, 132.4643, 506.1814, 125.6291, 509.7195, 142.7087, 476.7231, 149.5439
32 97 3.240000 468.6101, 130.4309, 501.1949, 123.6598, 504.6111, 140.1001, 472.0264, 146.8712
32 98 3.270000 464.9599, 128.8399, 497.2812, 122.2071, 500.6273, 138.5122, 468.3060, 145.1450
32 99 3.300000 461.2460, 127.5610, 493.2325, 121.1368, 496.3844, 136.8304, 464.3979, 143.2546
32 100 3.340000 456.0237, 125.7210, 487.6203, 119.7048, 490.5280, 134.9757, 458.9313, 140.9918
32 101 3.370000 451.9012, 124.2067, 483.2540, 118.5629, 486.0085, 133.8649, 454.6557, 139.5087
32 102 3.400000 447.7082, 123.0215, 478.8288, 117.8023, 481.3018, 132.5484, 450.1812, 137.7675
32 103 3.440000 441.8708, 121.1591, 472.7247, 116.5864, 474.8890, 131.1904, 444.0351, 135.7631
32 104 3.470000 437.4017, 119.6429, 468.0112, 115.6731, 469.9204, 130.3937, 439.3109, 134.3635
32 105 3.500000 432.8645, 118.3188, 463.2736, 115.0164, 464.8481, 129.5154, 434.4391, 132.8178
32 106 3.540000 426.7365, 116.6201, 456.8226, 114.2496, 457.9444, 128.4879, 427.8583, 130.8583
32 107 3.570000 422.0678, 115.1671, 451.8586, 113.4350, 452.7081, 128.0459, 422.9173, 129.7780
32 108 3.600000 417.3545, 114.2019, 446.9041, 113.0628, 447.4505, 127.2352, 417.9009, 128.3743
32 109 3.640000 411.0403, 112.6475, 440.2227, 112.3029, 440.3906, 126.5187, 411.2082, 126.8633
32 110 3.670000 406.3116, 111.3534, 435.1705, 111.5646, 435.0638, 126.1376, 406.2049, 125.9263
32 111 3.700000 401.5515, 110.3580, 430.1545, 111.1003, 429.7819, 125.4616, 401.1789, 124.7194
32 112 3.740000 395.2387, 108.8678, 423.4614, 110.2548, 422.7532, 124.6654, 394.5305, 123.2784
32 113 3.770000 390.5301, 107.5491, 418.4641, 109.3272, 417.5177, 124.1958, 389.5837, 122.4177
32 114 3.800000 385.8195, 106.5630, 413.5153, 108.7377, 412.3694, 123.3310, 384.6736, 121.1562
32 115 3.840000 379.6397, 104.8551, 406.9983, 107.5124, 405.5501, 122.4226, 378.1915, 119.7654
32 116 3.870000 375.0392, 103.4290, 402.1789, 106.3631, 400.5164, 121.7406, 373.3767, 118.8064
32 117 3.900000 370.4605, 102.2316, 397.4143, 105.4265, 395.5961, 120.7654, 368.6423, 117.5705
32 118 3.940000 364.4030, 100.4028, 391.1957, 103.7827, 389.2051, 119.5621, 362.4124, 116.1821
32 119 3.970000 359.9436, 98.8875, 386.6445, 102.3945, 384.4953, 118.7576, 357.7944, 115.2506
32 120 4.000000 355.5154, 97.6073, 382.1310, 101.2402, 379.8736, 117.7785, 353.2580, 114.1456
32 121 4.040000 349.7307, 95.9970, 376.1900, 99.8045, 373.7580, 116.7049, 347.2988, 112.8975
32 122 4.070000 345.4542, 94.7620, 371.8373, 98.6751, 369.2223, 116.3060, 342.8392, 112.3929
32 123 4.100000 341.2168, 93.9923, 367.4699, 98.0417, 364.7272, 115.8232, 338.4741, 111.7738
32 124 4.140000 335.6667, 93.0643, 361.7611, 97.2974, 358.7797, 115.6759, 332.6853, 111.4428
32 125 4.170000 331.5984, 92.5716, 357.5345, 96.9732, 354.3366, 115.8164, 328.4005, 111.4148
32 126 4.200000 327.5661, 92.4049, 353.3436, 96.9915, 349.9565, 116.0277, 324.1790, 111.4411
32 127 4.240000 322.3026, 92.4856, 347.8325, 97.3187, 344.1747, 116.6406, 318.6447, 111.8074
32 128 4.270000 318.4605, 92.6597, 343.8030, 97.6903, 339.8734, 117.4866, 314.5308, 112.4560
32 129 4.300000 314.6689, 93.2984, 339.7839, 98.5577, 335.6427, 118.3340, 310.5276, 113.0747
32 130 4.340000 309.6857, 94.3667, 334.5684, 100.0231, 330.0267, 120.0023, 305.1440, 114.3459
32 131 4.370000 305.9230, 95.4081, 330.7445, 101.4007, 325.8643, 121.6143, 301.0429, 115.6218
32 132 4.400000 302.2270, 96.8888, 326.9688, 103.2496, 321.7953, 123.3731, 297.0535, 117.0122
32 133 4.440000 297.4732, 99.2491, 322.0818, 106.1167, 316.4574, 126.2701, 291.8489, 119.4024
32 134 4.470000 294.0808, 101.2789, 318.7085, 108.6125, 312.6662, 128.9037, 288.0385, 121.5701
32 135 4.500000 290.7780, 103.6782, 315.5133, 111.5827, 309.0982, 131.6571, 284.3629, 123.7525
32 136 4.540000 286.6417, 107.0407, 311.4932, 115.5838, 304.6344, 135.5359, 279.7829, 126.9928
32 137 4.570000 283.8320, 109.5485, 308.7523, 118.5332, 301.5297, 138.5659, 276.6095, 129.5812
32 138 4.600000 281.2232, 112.2855, 306.1897, 121.6687, 298.7644, 141.4258, 273.7979, 132.0425
32 139 4.640000 278.1518, 115.9209, 303.1771, 125.6997, 295.5086, 145.3244, 270.4833, 135.5455
32 140 4.670000 276.1758, 118.6751, 301.2231, 128.6709, 293.3638, 148.3646, 268.3165, 138.3688
32 141 4.700000 274.3555, 121.8204, 299.3867, 131.9535, 291.5952, 151.2005, 266.5640, 141.0675
32 142 4.740000 272.3460, 126.1182, 297.3420, 136.3185, 289.6093, 155.2677, 264.6133, 145.0675
32 143 4.770000 271.1165, 129.5078, 296.0728, 139.6508, 288.4010, 158.5266, 263.4448, 148.3837
32 144 4.800000 270.0068, 133.3298, 294.9096, 143.3165, 287.5167, 161.7513, 262.6139, 151.7646
32 145 4.840000 268.8303, 138.7797, 293.6497, 148.4268, 286.6486, 166.4389, 261.8291, 156.7918
32 146 4.870000 268.1602, 143.1306, 292.9238, 152.4597, 286.1882, 170.3390, 261.4246, 161.0099
32 147 4.900000 267.5525, 148.0302, 292.2443, 156.9584, 285.9678, 174.3165, 261.2761, 165.3883
32 148 4.940000 266.9655, 154.9862, 291.5798, 163.3089, 285.8721, 180.1893, 261.2578, 171.8666
32 149 4.970000 266.6658, 160.5456, 291.2232, 168.3040, 285.9863, 184.8801, 261.4290, 177.1216
32 150 5.000000 266.4708, 166.3741, 290.9988, 173.4819, 286.3448, 189.5424, 261.8167, 182.4346
32 151 5.040000 266.6808, 173.7613, 291.1346, 180.1492, 287.0866, 195.6455, 262.6328, 189.2575
32 152 5.070000 267.2253, 178.6903, 291.6057, 184.6242, 287.8832, 199.9187, 263.5028, 193.9848
32 153 5.100000 267.9959, 183.3604, 292.2959, 188.8344, 288.9856, 203.5295, 264.6856, 198.0556
32 154 5.140000 269.4677, 188.6690, 293.6385, 193.5866, 290.7451, 207.8079, 266.5744, 202.8903
32 155 5.170000 270.8375, 191.9002, 294.9248, 196.3415, 292.2732, 210.7225, 268.1859, 206.2812
32 156 5.200000 272.3263, 195.0885, 296.3359, 199.0253, 294.0673, 212.8607, 270.0577, 208.9239
32 157 5.240000 274.5242, 198.5388, 298.5369, 201.6312, 296.7788, 215.2826, 272.7661, 212.1902
32 158 5.270000 276.3620, 200.4284, 300.3480, 202.9577, 298.8772, 216.9059, 274.8912, 214.3767
32 159 5.300000 278.2389, 202.4209, 302.1902, 204.3856, 301.0973, 217.7094, 277.1459, 215.7447
32 160 5.340000 280.8852, 203.9810, 304.7606, 205.2801, 304.0273, 218.7573, 280.1519, 217.4582
32 161 5.370000 282.8719, 204.7916, 306.6845, 205.4695, 306.2966, 219.0929, 282.4840, 218.4149
32 162 5.400000 284.8060, 205.4791, 308.5371, 205.4899, 308.5309, 218.8733, 284.7999, 218.8624
32 163 5.440000 287.2467, 205.8661, 310.9389, 204.9158, 311.4674, 218.0923, 287.7752, 219.0425
32 164 5.470000 288.9373, 205.3620, 312.6347, 203.7889, 313.5519, 217.6056, 289.8546, 219.1787
32 165 5.500000 290.5567, 205.2547, 314.2505, 203.0471, 315.4831, 216.2767, 291.7893, 218.4843
32 166 5.540000 292.5516, 204.4799, 316.1905, 201.5307, 317.8387, 214.7420, 294.1999, 217.6911
32 167 5.570000 293.8669, 203.6937, 317.4540, 200.1870, 319.4584, 213.6689, 295.8712, 217.1756
32 168 5.600000 295.0917, 203.1176, 318.5915, 199.1080, 320.8467, 212.3253, 297.3469, 216.3349
32 169 5.640000 296.4388, 202.1631, 319.8055, 197.4800, 322.4331, 210.5909, 299.0665, 215.2740
32 170 5.670000 297.2187, 201.1293, 320.5019, 196.0868, 323.4024, 209.4796, 300.1191, 214.5221
32 171 5.700000 297.8885, 200.2959, 321.0460, 194.9635, 324.0570, 208.0394, 300.8995, 213.3719
32 172 5.740000 298.4281, 198.7732, 321.4550, 193.2333, 324.5895, 206.2618, 301.5625, 211.8016
32 173 5.770000 298.5419, 197.3451, 321.4434, 191.6792, 324.7317, 204.9706, 301.8302, 210.6364
32 174 5.800000 298.4914, 196.0594, 321.2781, 190.3242, 324.5448, 203.3033, 301.7581, 209.0385
32 175 5.840000 298.0125, 193.9325, 320.6159, 188.1373, 323.9263, 201.0495, 301.3230, 206.8446
32 176 5.870000 297.3202, 191.8719, 319.8186, 186.1474, 323.2023, 199.4456, 300.7039, 205.1702
32 177 5.900000 296.4975, 190.0259, 318.8473, 184.3987, 322.0927, 197.2887, 299.7429, 202.9158
32 178 5.940000 295.0084, 187.0039, 317.1914, 181.6982, 320.2344, 194.4209, 298.0514, 199.7266
32 179 5.970000 293.5769, 184.2930, 315.6216, 179.2552, 318.6168, 192.3615, 296.5721, 197.3994
32 180 6.000000 292.0494, 181.8797, 313.9380, 177.1505, 316.6922, 189.8984, 294.8037, 194.6276
32 181 6.040000 289.7197, 178.5321, 311.4034, 174.2208, 313.9603, 187.0807, 292.2766, 191.3919
32 182 6.070000 287.8837, 176.3239, 309.4105, 172.4077, 311.7385, 185.2041, 290.2117, 189.1203
32 183 6.100000 285.8361, 174.5772, 307.3432, 171.0126, 309.3973, 183.4061, 287.8902, 186.9707
32 184 6.140000 282.9472, 172.5237, 304.4380, 169.4642, 306.1484, 181.4785, 284.6576, 184.5381
32 185 6.170000 280.6660, 171.1324, 302.1400, 168.4378, 303.6384, 180.3793, 282.1644, 183.0739
32 186 6.200000 278.3279, 170.1569, 299.7831, 167.8155, 301.0306, 179.2467, 279.5754, 181.5881
32 187 6.240000 275.0786, 168.9221, 296.5452, 167.0346, 297.5249, 178.1755, 276.0582, 180.0631
32 188 6.270000 272.5646, 168.1185, 294.1430, 166.5925, 294.9207, 177.5890, 273.3423, 179.1150
32 189 6.300000 270.0134, 167.5611, 291.6792, 166.4103, 292.2436, 177.0343, 270.5778, 178.1851
32 190 6.340000 266.5251, 167.0034, 288.3230, 166.3659, 288.6242, 176.6649, 266.8263, 177.3024
32 191 6.370000 263.8730, 166.5053, 285.7382, 166.2541, 285.8562, 176.5323, 263.9911, 176.7835
32 192 6.400000 261.1811, 166.1913, 283.1329, 166.3192, 283.0714, 176.8575, 261.1197, 176.7296
32 193 6.440000 257.6097, 165.7757, 279.6305, 166.4825, 279.2850, 177.2479, 257.2642, 176.5411
32 194 6.470000 254.9234, 165.5956, 277.0070, 166.7533, 276.4369, 177.6274, 254.3533, 176.4697
32 195 6.500000 252.2727, 165.3443, 274.3820, 166.9619, 273.5619, 178.1721, 251.4526, 176.5545
32 196 6.540000 248.7407, 165.0416, 270.9123, 167.1838, 269.7964, 178.7333, 247.6248, 176.5911
32 197 6.570000 246.1115, 164.9696, 268.3052, 167.4432, 267.0464, 178.7374, 244.8527, 176.2638
32 198 6.600000 243.5626, 164.3991, 265.8097, 167.2316, 264.3157, 178.9655, 242.0686, 176.1330
32 199 6.640000 240.2618, 163.6452, 262.5392, 166.9527, 260.7808, 178.7966, 238.5034, 175.4891
32 200 6.670000 237.8382, 163.0675, 260.1546, 166.7160, 258.2564, 178.3262, 235.9400, 174.6777
32 201 6.700000 235.5359, 162.0624, 257.8946, 166.0156, 255.7793, 177.9794, 233.4206, 174.0262
32 202 6.740000 232.5451, 160.7512, 254.9807, 165.0272, 252.6990, 176.9989, 230.2635, 172.7229
32 203 6.770000 230.3948, 159.7925, 252.8719, 164.3295, 250.5449, 175.8580, 228.0678, 171.3211
32 204 6.800000 228.3979, 158.3790, 250.9390, 163.1569, 248.4636, 174.8357, 225.9224, 170.0577
32 205 6.840000 225.8725, 156.4743, 248.5007, 161.5633, 245.9446, 172.9291, 223.3164, 167.8400
32 206 6.870000 224.0611, 155.0901, 246.7629, 160.3517, 244.2933, 171.0073, 221.5914, 165.7457
32 207 6.900000 222.4618, 153.1677, 245.2514, 158.6165, 242.7145, 169.2270, 219.9249, 163.7782
32 208 6.940000 220.4948, 150.5765, 243.4002, 156.2379, 240.9247, 166.2538, 218.0193, 160.5925
32 209 6.970000 219.3610, 147.7957, 242.3436, 153.5937, 239.6930, 164.1005, 216.7103, 158.3025
32 210 7.000000 218.2718, 145.2315, 241.3626, 151.1593, 238.6231, 161.8307, 215.5323, 155.9029
32 211 7.040000 217.1211, 141.3874, 240.3542, 147.4031, 237.2975, 159.2082, 214.0645, 153.1926
32 212 7.070000 216.4066, 138.5494, 239.7281, 144.5899, 236.4183, 157.3684, 213.0968, 151.3279
32 213 7.100000 215.7272, 135.9436, 239.1928, 142.0076, 235.7042, 155.5075, 212.2385, 149.4435
32 214 7.140000 214.9532, 132.6408, 238.6446, 138.6586, 234.9859, 153.0623, 211.2945, 147.0445
32 215 7.170000 214.5326, 130.0780, 238.4367, 136.0501, 234.5849, 151.4676, 210.6807, 145.4956
32 216 7.200000 214.1667, 127.9309, 238.2200, 133.7521, 234.3920, 149.5695, 210.3387, 143.7483
32 217 7.240000 213.8700, 125.0192, 238.1324, 130.5174, 234.3478, 147.2181, 210.0854, 141.7198
32 218 7.270000 213.8152, 122.8330, 238.2083, 128.0862, 234.4504, 145.5357, 210.0574, 140.2825
32 219 7.300000 213.8249, 120.9433, 238.3090, 125.8572, 234.7454, 143.6129, 210.2613, 138.6990
32 220 7.340000 214.0599, 118.3219, 238.6530, 122.8151, 235.2918, 141.2123, 210.6987, 136.7191
32 221 7.370000 214.3540, 116.3563, 238.9954, 120.4411, 235.8450, 139.4461, 211.2036, 135.3614
32 222 7.400000 214.7053, 114.6347, 239.3419, 118.2161, 236.5454, 137.4534, 211.9088, 133.8720
32 223 7.440000 215.3127, 112.3294, 239.8731, 115.1571, 237.6086, 134.8252, 213.0482, 131.9975
32 224 7.470000 215.8622, 110.4778, 240.3510, 112.7521, 238.4707, 132.9983, 213.9819, 130.7240
32 225 7.500000 216.4377, 108.9784, 240.7818, 110.6357, 239.4040, 130.8742, 215.0599, 129.2169
32 226 7.540000 217.2746, 106.9065, 241.4239, 107.8202, 240.6484, 128.3184, 216.4990, 127.4047
32 227 7.570000 217.9035, 105.4215, 241.8752, 105.7603, 241.5820, 126.5048, 217.6103, 126.1660
32 228 7.600000 218.5217, 104.1634, 242.3011, 103.9161, 242.5163, 124.6078, 218.7369, 124.8551
32 229 7.640000 219.3305, 102.4384, 242.8687, 101.5377, 243.6657, 122.3664, 220.1275, 123.2671
32 230 7.670000 219.8896, 101.1045, 243.2591, 99.7963, 244.4366, 120.8311, 221.0672, 122.1394
32 231 7.700000 220.3955, 99.9872, 243.5855, 98.2796, 245.1210, 119.1333, 221.9311, 120.8409
32 232 7.740000 220.9204, 98.3570, 243.9312, 96.2213, 245.8640, 117.0464, 222.8533, 119.1821
32 233 7.770000 221.2082, 97.0185, 244.1010, 94.6286, 246.2884, 115.5815, 223.3955, 117.9714
32 234 7.800000 221.4006, 95.8675, 244.1823, 93.2390, 246.5634, 113.8771, 223.7817, 116.5056
32 235 7.840000 221.4763, 94.0888, 244.1373, 91.2313, 246.7186, 111.7026, 224.0577, 114.5601
32 236 7.870000 221.3860, 92.5234, 243.9947, 89.5830, 246.6685, 110.1420, 224.0597, 113.0823
32 237 7.900000 221.1863, 91.0694, 243.7593, 88.0818, 246.4343, 108.2930, 223.8613, 111.2806
32 238 7.940000 220.7113, 88.7970, 243.2960, 85.8619, 245.8939, 105.8525, 223.3093, 108.7875
32 239 7.970000 220.1744, 86.7568, 242.8093, 83.9347, 245.3304, 104.1550, 222.6955, 106.9772
32 240 8.000000 219.5529, 84.9800, 242.2598, 82.2897, 244.6113, 102.1377, 221.9044, 104.8279
32 241 8.040000 218.5664, 82.4628, 241.4178, 80.0712, 243.4925, 99.8945, 220.6410, 102.2860
32 242 8.070000 217.7624, 80.8657, 240.7980, 78.7683, 242.5820, 98.3620, 219.5464, 100.4595
32 243 8.100000 216.9177, 79.4789, 240.0921, 77.6897, 241.5791, 96.9498, 218.4046, 98.7390
32 244 8.140000 215.6886, 77.8881, 239.0539, 76.5018, 240.1700, 95.3124, 216.8047, 96.6987
32 245 8.170000 214.7138, 76.7536, 238.2101, 75.6892, 239.0547, 94.3323, 215.5584, 95.3967
32 246 8.200000 213.7272, 75.8914, 237.3158, 75.1583, 237.8790, 93.2821, 214.2904, 94.0152
32 247 8.240000 212.3626, 74.6966, 236.0611, 74.4124, 236.2738, 92.1521, 212.5753, 92.4363
32 248 8.270000 211.3261, 73.7880, 235.1207, 73.8886, 235.0465, 91.4253, 211.2519, 91.3247
32 249 8.300000 210.3182, 73.0032, 234.1599, 73.5236, 233.7867, 90.6193, 209.9450, 90.0988
32 250 8.340000 208.9826, 71.9869, 232.8805, 73.0768, 232.1309, 89.5129, 208.2330, 88.4230
32 251 8.370000 208.0164, 70.9412, 231.9512, 72.4690, 230.9020, 88.9061, 206.9673, 87.3784
32 252 8.400000 207.0821, 70.2709, 230.9805, 72.1882, 229.7243, 87.8472, 205.8259, 85.9299
32 253 8.440000 205.9505, 68.9358, 229.8141, 71.4841, 228.1896, 86.6958, 204.3261, 84.1475
32 254 8.470000 205.1640, 67.8670, 229.0014, 70.8743, 227.1209, 85.7798, 203.2835, 82.7725
32 255 8.500000 204.4582, 66.9349, 228.1933, 70.3886, 226.1113, 84.6968, 202.3762, 81.2431
32 256 8.540000 203.6035, 65.7122, 227.2090, 69.7102, 224.8862, 83.4245, 201.2807, 79.4265
32 257 8.570000 203.0183, 64.8747, 226.5653, 69.2876, 224.0637, 82.6357, 200.5167, 78.2228
32 258 8.600000 202.4600, 64.2837, 225.9682, 69.1051, 223.3658, 81.7936, 199.8576, 76.9722
32 259 8.640000 201.8454, 63.5500, 225.2721, 68.7904, 222.5754, 80.8457, 199.1487, 75.6053
32 260 8.670000 201.5382, 62.9224, 224.8634, 68.4318, 222.0545, 80.3240, 198.7292, 74.8146
32 261 8.700000 201.2375, 62.5598, 224.5105, 68.2841, 221.7275, 79.5985, 198.4546, 73.8742
32 262 8.740000 201.0519, 61.9428, 224.2206, 67.8968, 221.4201, 78.7943, 198.2514, 72.8403
32 263 8.770000 201.0768, 61.3696, 224.1476, 67.4370, 221.2937, 78.2887, 198.2229, 72.2212
32 264 8.800000 201.1178, 61.0297, 224.1439, 67.1925, 221.3810, 77.5154, 198.3550, 71.3526
32 265 8.840000 201.3907, 60.4023, 224.3395, 66.5800, 221.6522, 76.5628, 198.7034, 70.3851
32 266 8.870000 201.7726, 59.7591, 224.6483, 65.8992, 221.9606, 75.9128, 199.0848, 69.7727
32 267 8.900000 202.1626, 59.3383, 225.0218, 65.4105, 222.4928, 74.9313, 199.6335, 68.8591
32 268 8.940000 202.9044, 58.5408, 225.7271, 64.4670, 223.3425, 73.6503, 200.5199, 67.7241
32 269 8.970000 203.6062, 57.7934, 226.3993, 63.5673, 224.0872, 72.6946, 201.2941, 66.9208
32 270 9.000000 204.3409, 57.1435, 227.1516, 62.7349, 224.9154, 71.8575, 202.1048, 66.2661
32 271 9.040000 205.5031, 56.1424, 228.2974, 61.4446, 226.1473, 70.6879, 203.3530, 65.3856
32 272 9.070000 206.4069, 55.6874, 229.1678, 60.7336, 227.1651, 69.7668, 204.4042, 64.7205
32 273 9.100000 207.3709, 55.2176, 230.1214, 59.9766, 228.2129, 69.1004, 205.4624, 64.3414
32 274 9.140000 208.7172, 54.8524, 231.4234, 59.2047, 229.6940, 68.2274, 206.9878, 63.8750
32 275 9.170000 209.8228, 54.4673, 232.4755, 58.5041, 230.8258, 67.7613, 208.1732, 63.7245
32 276 9.200000 210.9155, 54.3651, 233.5275, 58.0729, 231.9985, 67.3974, 209.3865, 63.6896
32 277 9.240000 212.4533, 54.2082, 234.9757, 57.4381, 233.5757, 67.2002, 211.0534, 63.9703
32 278 9.270000 213.6529, 54.1127, 236.0717, 56.9494, 234.7687, 67.2472, 212.3499, 64.4105
32 279 9.300000 214.8357, 54.2707, 237.1724, 56.7377, 236.0142, 67.2240, 213.6775, 64.7570
32 280 9.340000 216.4620, 54.4998, 238.6448, 56.4696, 237.6646, 67.5083, 215.4818, 65.5385
32 281 9.370000 217.6933, 54.7495, 239.7238, 56.3016, 238.9040, 67.9374, 216.8735, 66.3853
32 282 9.400000 218.8976, 55.2778, 240.7875, 56.4174, 240.1644, 68.3852, 218.2746, 67.2456
32 283 9.440000 220.4970, 56.1672, 242.1447, 56.7148, 241.8262, 69.3053, 220.1786, 68.7577
32 284 9.470000 221.6838, 56.9267, 243.1180, 57.0306, 243.0539, 70.2662, 221.6197, 70.1623
32 285 9.500000 222.8140, 57.9545, 244.0674, 57.5973, 244.2960, 71.1968, 223.0426, 71.5540
32 286 9.540000 224.2723, 59.1853, 245.3053, 58.3346, 245.8791, 72.5237, 224.8462, 73.3743
32 287 9.570000 225.3153, 59.8800, 246.1932, 58.7259, 247.0093, 73.4877, 226.1314, 74.6419
32 288 9.600000 226.3451, 60.5806, 247.0685, 59.2269, 248.0444, 74.1674, 227.3211, 75.5211
32 289 9.640000 227.5894, 61.2975, 248.0659, 59.5790, 249.3471, 74.8456, 228.8706, 76.5641
32 290 9.670000 228.4241, 61.4862, 248.7767, 59.5931, 250.2443, 75.3711, 229.8917, 77.2642
32 291 9.700000 229.2134, 61.7966, 249.4231, 59.7429, 251.0244, 75.5003, 230.8147, 77.5541
32 292 9.740000 230.1004, 61.7923, 250.1448, 59.5561, 251.9418, 75.6641, 231.8974, 77.9003
32 293 9.770000 230.6376, 61.5244, 250.5945, 59.1918, 252.5280, 75.7347, 232.5711, 78.0673
32 294 9.800000 231.1116, 61.3115, 250.9813, 58.9195, 252.9748, 75.4793, 233.1051, 77.8713
32 295 9.840000 231.5515, 60.6683, 251.3468, 58.2236, 253.4274, 75.0710, 233.6322, 77.5157
32 296 9.870000 231.7385, 59.8866, 251.5019, 57.4305, 253.6530, 74.7394, 233.8896, 77.1955
32 297 9.900000 231.8466, 59.1546, 251.5974, 56.7165, 253.7406, 74.0783, 233.9898, 76.5164
32 298 9.940000 231.7943, 57.7662, 251.5632, 55.3766, 253.7160, 73.1861, 233.9471, 75.5758
32 299 9.970000 231.6283, 56.5523, 251.4575, 54.2314, 253.5898, 72.4489, 233.7606, 74.7698
32 300 10.000000 231.4117, 55.4534, 251.3085, 53.2434, 253.3353, 71.4907, 233.4385, 73.7007
32 301 10.040000 230.9908, 54.0577, 250.9865, 51.9752, 252.8958, 70.3073, 232.9001, 72.3899
32 302 10.070000 230.6103, 53.1071, 250.7056, 51.1680, 252.4848, 69.6072, 232.3895, 71.5463
32 303 10.100000 230.1987, 52.4418, 250.4012, 50.6752, 251.9945, 68.8956, 231.7920, 70.6622
32 304 10.140000 229.5760, 51.7053, 249.9210, 50.1963, 251.2568, 68.2066, 230.9118, 69.7156
32 305 10.170000 229.0504, 51.2457, 249.4941, 49.9239, 250.6549, 67.8776, 230.2112, 69.1994
32 306 10.200000 228.5062, 51.0437, 249.0301, 49.9199, 249.9931, 67.5072, 229.4692, 68.6310
32 307 10.240000 227.7198, 50.8215, 248.3259, 49.9449, 249.0625, 67.2609, 228.4563, 68.1375
32 308 10.270000 227.1003, 50.7012, 247.7937, 50.0572, 248.3281, 67.2272, 227.6347, 67.8712
32 309 10.300000 226.4907, 50.7382, 247.2587, 50.3879, 247.5421, 67.1826, 226.7741, 67.5330
32 310 10.340000 225.6426, 50.8916, 246.4923, 50.9021, 246.4840, 67.2195, 225.6344, 67.2089
32 311 10.370000 225.0043, 50.9229, 245.9120, 51.2303, 245.6735, 67.4535, 224.7657, 67.1461
32 312 10.400000 224.3751, 51.2440, 245.3042, 51.8392, 244.8591, 67.4893, 223.9301, 66.8941
32 313 10.440000 223.5704, 51.5005, 244.5402, 52.5703, 243.7619, 67.8266, 222.7922, 66.7569
32 314 10.470000 222.9797, 51.7257, 243.9810, 53.1506, 242.9633, 68.1500, 221.9620, 66.7251
32 315 10.500000 222.4280, 52.1188, 243.4121, 53.9102, 242.1710, 68.4481, 221.1869, 66.6567
32 316 10.540000 221.7224, 52.7831, 242.6831, 55.0602, 241.1568, 69.1103, 220.1961, 66.8332
32 317 10.570000 221.2164, 53.4626, 242.1472, 56.0736, 240.4330, 69.8151, 219.5022, 67.2041
32 318 10.600000 220.7355, 54.4384, 241.5941, 57.3543, 239.7471, 70.5666, 218.8885, 67.6507
32 319 10.640000 220.1298, 55.9435, 240.8927, 59.2040, 238.9032, 71.8729, 218.1404, 68.6124
32 320 10.670000 219.6985, 57.1934, 240.4222, 60.6705, 238.3368, 73.0998, 217.6131, 69.6228
32 321 10.700000 219.2645, 58.7366, 239.9717, 62.4059, 237.8565, 74.3426, 217.1493, 70.6733
32 322 10.740000 218.7660, 60.9683, 239.4249, 64.8369, 237.2758, 76.3129, 216.6170, 72.4443
32 323 10.770000 218.4522, 62.7840, 239.0593, 66.7601, 236.8846, 78.0310, 216.2775, 74.0549
32 324 10.800000 218.1347, 64.9160, 238.7119, 68.9735, 236.5790, 79.7905, 216.0017, 75.7330
32 325 10.840000 217.7835, 68.0008, 238.3048, 72.1163, 236.2205, 82.5088, 215.6993, 78.3932
32 326 10.870000 217.5657, 70.5354, 238.0369, 74.6592, 235.9842, 84.8488, 215.5130, 80.7250
32 327 10.900000 217.3388, 73.4344, 237.7772, 77.5455, 235.8086, 87.3328, 215.3701, 83.2217
32 328 10.940000 217.0807, 77.6725, 237.4677, 81.7274, 235.6005, 91.1154, 215.2135, 87.0605
32 329 10.970000 216.9166, 81.1247, 237.2639, 85.1071, 235.4718, 94.2636, 215.1245, 90.2812
32 330 11.000000 216.7659, 84.8028, 237.0887, 88.6962, 235.4105, 97.4562, 215.0877, 93.5628
32 331 11.040000 216.7110, 89.4039, 236.9961, 93.1662, 235.4356, 101.5798, 215.1505, 97.8176
32 332 11.070000 216.8172, 92.3585, 237.0688, 96.0211, 235.5514, 104.4116, 215.2997, 100.7491
32 333 11.100000 217.0052, 95.0597, 237.2398, 98.6725, 235.7515, 107.0084, 215.5168, 103.3956
32 334 11.140000 217.4704, 97.6898, 237.7072, 101.2071, 236.1595, 110.1115, 215.9228, 106.5942
32 335 11.170000 217.8789, 99.6021, 238.0990, 103.0314, 236.6131, 111.7928, 216.3930, 108.3636
32 336 11.200000 218.3942, 100.9307, 238.6369, 104.2691, 237.1121, 113.5144, 216.8695, 110.1759
32 337 11.240000 219.1524, 102.6099, 239.4062, 105.8301, 237.9305, 115.1118, 217.6767, 111.8915
32 338 11.270000 219.7730, 103.7781, 240.0302, 106.9068, 238.6499, 115.8436, 218.3927, 112.7148
32 339 11.300000 220.4910, 104.4393, 240.7755, 107.5004, 239.3980, 116.6286, 219.1134, 113.5674
32 340 11.340000 221.5219, 105.2353, 241.8260, 108.2290, 240.5232, 117.0649, 220.2191, 114.0713
32 341 11.370000 222.3942, 105.5608, 242.6863, 108.5446, 241.4505, 116.9487, 221.1584, 113.9649
32 342 11.400000 223.3209, 105.5350, 243.6492, 108.4758, 242.4285, 116.9141, 222.1002, 113.9733
32 343 11.440000 224.7159, 104.9220, 245.0695, 107.8343, 243.7865, 116.8004, 223.4330, 113.8880
32 344 11.470000 225.8603, 104.1088, 246.2239, 106.9629, 244.8750, 116.5872, 224.5114, 113.7332
32 345 11.500000 227.0220, 103.3827, 247.4300, 106.2037, 246.0804, 115.9673, 225.6724, 113.1463
32 346 11.540000 228.7180, 102.0640, 249.1473, 104.8279, 247.7350, 115.2665, 227.3057, 112.5026
32 347 11.570000 230.1135, 100.8514, 250.5249, 103.6219, 248.9880, 114.9454, 228.5765, 112.1749
32 348 11.600000 231.4813, 99.9696, 251.9378, 102.7111, 250.3821, 114.3189, 229.9256, 111.5774
32 349 11.640000 233.3730, 98.7066, 253.9487, 101.4042, 252.3473, 113.6191, 231.7716, 110.9215
32 350 11.670000 234.8678, 97.7119, 255.5409, 100.3766, 253.8912, 113.1749, 233.2181, 110.5101
32 351 11.700000 236.4210, 96.9494, 257.1508, 99.5720, 255.5111, 112.5329, 234.7812, 109.9103
32 352 11.740000 238.6022, 95.8198, 259.4325, 98.4033, 257.7660, 111.8402, 236.9356, 109.2566
32 353 11.770000 240.3196, 94.9446, 261.2208, 97.4808, 259.5324, 111.3950, 238.6312, 108.8588
32 354 11.800000 242.0844, 94.2620, 263.0388, 96.7148, 261.3892, 110.8077, 240.4348, 108.3549
32 355 11.840000 244.5474, 93.3709, 265.5509, 95.6846, 263.9634, 110.0951, 242.9600, 107.7814
32 356 11.870000 246.4754, 92.5934, 267.5436, 94.8227, 265.9644, 109.7473, 244.8962, 107.5181
32 357 11.900000 248.4568, 92.1454, 269.5311, 94.2488, 268.0433, 109.1556, 246.9690, 107.0522
32 358 11.940000 251.1798, 91.4358, 272.2886, 93.3280, 270.9173, 108.6253, 249.8086, 106.7331
32 359 11.970000 253.2994, 90.9357, 274.4096, 92.6657, 273.1260, 108.3273, 252.0159, 106.5973
32 360 12.000000 255.4488, 90.6724, 276.5513, 92.2049, 275.4097, 107.9253, 254.3072, 106.3928
32 361 12.040000 258.4088, 90.3052, 279.4946, 91.6120, 278.5015, 107.6376, 257.4156, 106.3309
32 362 12.070000 260.6659, 90.1022, 281.7360, 91.2106, 280.8770, 107.5386, 259.8069, 106.4302
32 363 12.100000 262.9641, 90.1364, 283.9873, 91.0436, 283.2828, 107.3706, 262.2596, 106.4634
32 364 12.140000 266.0658, 90.2460, 287.0368, 90.8775, 286.5408, 107.3509, 265.5698, 106.7195
32 365 12.170000 268.4285, 90.3676, 289.3458, 90.8024, 288.9986, 107.5073, 268.0812, 107.0725
32 366 12.200000 270.7955, 90.7531, 291.6591, 90.9721, 291.4847, 107.5912, 270.6210, 107.3721
32 367 12.240000 273.9767, 91.3537, 294.7471, 91.2885, 294.7994, 107.9340, 274.0290, 107.9992
32 368 12.270000 276.3582, 91.8460, 297.0756, 91.5796, 297.2920, 108.4061, 276.5746, 108.6724
32 369 12.300000 278.7447, 92.6379, 299.3863, 92.1619, 299.7705, 108.8218, 279.1288, 109.2977
32 370 12.340000 281.8983, 93.8017, 302.4546, 93.0499, 303.0630, 109.6871, 282.5067, 110.4388
32 371 12.370000 284.2389, 94.8029, 304.7232, 93.8377, 305.5112, 110.5620, 285.0269, 111.5272
32 372 12.400000 286.5570, 96.1346, 306.9619, 94.9352, 307.9326, 111.4493, 287.5277, 112.6488
32 373 12.440000 289.5952, 98.1308, 309.8994, 96.6245, 311.1139, 112.9949, 290.8096, 114.5012
32 374 12.470000 291.8243, 99.8094, 312.0602, 98.0770, 313.4589, 114.4151, 293.2230, 116.1475
32 375 12.500000 294.0144, 101.7879, 314.1773, 99.8114, 315.7485, 115.8402, 295.5856, 117.8167
32 376 12.540000 296.8286, 104.4364, 316.9015, 102.1361, 318.7043, 117.8671, 298.6314, 120.1674
32 377 12.570000 298.8433, 106.2070, 318.8730, 103.7298, 320.8274, 119.5324, 300.7977, 122.0096
32 378 12.600000 300.8045, 108.0922, 320.7868, 105.4682, 322.8270, 121.0042, 302.8446, 123.6282
32 379 12.640000 303.2700, 110.4089, 323.2345, 107.6733, 325.3453, 123.0778, 305.3808, 125.8135
32 380 12.670000 304.9927, 111.9892, 324.9382, 109.1854, 327.1289, 124.7697, 307.1835, 127.5735
32 381 12.700000 306.6626, 113.8692, 326.5947, 111.0107, 328.7712, 126.1872, 308.8392, 129.0458
32 382 12.740000 308.7210, 116.2306, 328.6416, 113.3364, 330.8171, 128.3103, 310.8965, 131.2044
32 383 12.770000 310.1489, 117.8983, 330.0766, 115.0414, 332.2375, 130.1142, 312.3098, 132.9712
32 384 12.800000 311.5144, 119.7939, 331.4716, 117.0149, 333.5345, 131.8293, 313.5773, 134.6083
32 385 12.840000 313.1998, 122.2956, 333.2061, 119.6970, 335.1196, 134.4283, 315.1132, 137.0269
32 386 12.870000 314.3563, 124.2168, 334.4112, 121.7712, 336.2211, 136.6125, 316.1662, 139.0581
32 387 12.900000 315.4759, 126.4276, 335.5702, 124.1743, 337.2113, 138.8094, 317.1171, 141.0627
32 388 12.940000 316.8562, 129.5357, 337.0140, 127.5729, 338.4307, 142.1228, 318.2729, 144.0856
32 389 12.970000 317.8256, 131.9891, 338.0225, 130.2739, 339.2652, 144.9069, 319.0683, 146.6221
32 390 13.000000 318.7628, 134.7034, 339.0042, 133.2833, 340.0155, 147.6979, 319.7742, 149.1180
32 391 13.040000 319.8991, 138.2552, 340.1721, 137.1665, 340.9401, 151.4665, 320.6670, 152.5552
32 392 13.070000 320.6811, 140.6598, 340.9612, 139.8096, 341.5695, 154.3191, 321.2894, 155.1693
32 393 13.100000 321.4103, 143.1543, 341.7227, 142.5345, 342.1600, 156.8668, 321.8476, 157.4866
32 394 13.140000 322.3164, 146.3073, 342.6251, 145.9247, 342.8933, 160.1632, 322.5847, 160.5457
32 395 13.170000 322.9393, 148.4481, 343.2529, 148.2062, 343.4257, 162.7108, 323.1121, 162.9527
32 396 13.200000 323.5470, 150.9045, 343.8482, 150.7901, 343.9275, 164.8754, 323.6264, 164.9898
32 397 13.240000 324.2829, 154.0088, 344.5809, 153.9472, 344.6232, 167.8911, 324.3252, 167.9527
32 398 13.270000 324.8062, 156.3428, 345.1100, 156.2836, 345.1505, 170.1757, 324.8467, 170.2349
32 399 13.300000 325.2960, 158.9308, 345.6040, 158.8380, 345.6654, 172.2860, 325.3574, 172.3788
32 400 13.340000 325.9048, 162.3778, 346.2195, 162.2111, 346.3270, 175.3118, 326.0123, 175.4785
32 401 13.370000 326.3158, 165.0504, 346.6353, 164.7672, 346.8160, 177.7305, 326.4965, 178.0137
32 402 13.400000 326.6888, 168.0703, 347.0120, 167.6265, 347.2840, 180.0844, 326.9608, 180.5283
32 403 13.440000 327.1318, 172.3232, 347.4595, 171.6416, 347.8585, 183.5400, 327.5308, 184.2216
32 404 13.470000 327.4157, 175.7052, 347.7462, 174.8319, 348.2425, 186.3850, 327.9119, 187.2583
32 405 13.500000 327.6600, 179.4371, 347.9916, 178.3450, 348.5740, 189.1867, 328.2424, 190.2788
32 406 13.540000 327.9019, 184.3004, 348.2367, 182.9569, 348.9044, 193.0636, 328.5696, 194.4070
32 407 13.570000 327.9868, 187.6342, 348.3248, 186.0970, 349.0795, 196.0825, 328.7415, 197.6196
32 408 13.600000 328.0067, 190.9895, 348.3494, 189.2877, 349.1797, 199.2130, 328.8370, 200.9148
32 409 13.640000 327.8608, 194.9137, 348.2132, 192.9837, 349.1909, 203.2936, 328.8385, 205.2236
32 410 13.670000 327.6485, 197.8453, 348.0169, 195.7855, 349.0766, 206.2648, 328.7083, 208.3246
32 411 13.700000 327.3231, 200.5335, 347.7153, 198.3654, 348.8939, 209.4511, 328.5018, 211.6193
32 412 13.740000 326.7458, 204.2300, 347.1758, 201.9414, 348.4860, 213.6374, 328.0560, 215.9260
32 413 13.770000 326.2366, 207.1329, 346.7534, 204.8425, 348.0772, 216.7008, 327.5604, 218.9912
32 414 13.800000 325.6077, 209.8772, 346.2440, 207.6013, 347.6205, 220.0825, 326.9842, 222.3584
32 415 13.840000 324.6757, 213.8048, 345.4746, 211.6313, 346.8372, 224.6707, 326.0383, 226.8442
32 416 13.870000 323.8985, 216.9912, 344.8365, 214.9425, 346.1357, 228.2199, 325.1976, 230.2686
32 417 13.900000 323.0412, 220.1869, 344.1216, 218.3067, 345.3570, 232.1572, 324.2766, 234.0375
32 418 13.940000 321.8249, 224.9189, 343.0972, 223.3265, 344.1729, 237.6956, 322.9006, 239.2881
32 419 13.970000 320.8727, 228.7958, 342.2814, 227.4952, 343.1703, 242.1277, 321.7617, 243.4284
32 420 14.000000 319.8747, 232.7300, 341.4067, 231.7717, 342.0797, 246.8929, 320.5477, 247.8512
32 421 14.040000 318.4034, 238.0956, 340.1284, 237.5091, 340.5490, 253.0922, 318.8241, 253.6787
32 422 14.070000 317.2397, 242.0824, 339.1003, 241.7979, 339.3038, 257.4387, 317.4432, 257.7232
32 423 14.100000 315.9693, 245.7721, 337.9980, 245.7089, 338.0442, 261.7796, 316.0154, 261.8429
32 424 14.140000 314.2330, 250.6101, 336.4529, 250.8905, 336.2460, 267.2865, 314.0261, 267.0061
32 425 14.170000 312.9403, 254.2890, 335.2625, 254.9376, 334.7900, 271.2005, 312.4678, 270.5520
32 426 14.200000 311.5761, 257.7384, 334.0365, 258.6800, 333.3399, 275.2969, 310.8795, 274.3553
32 427 14.240000 309.7059, 262.6222, 332.3537, 263.9440, 331.3856, 280.5313, 308.7378, 279.2095
32 428 14.270000 308.2385, 266.5753, 331.0504, 268.1289, 329.9481, 284.3151, 307.1362, 282.7616
32 429 14.300000 306.7739, 270.3926, 329.7505, 272.1839, 328.4814, 288.4632, 305.5047, 286.6719
32 430 14.340000 304.7621, 275.9804, 327.9812, 278.0441, 326.5597, 294.0388, 303.3405, 291.9752
32 431 14.370000 303.2096, 280.6035, 326.6251, 282.8377, 325.1432, 298.3687, 301.7277, 296.1345
32 432 14.400000 301.6331, 285.4311, 325.2650, 287.7996, 323.7245, 303.1703, 300.0926, 300.8018
32 433 14.440000 299.4554, 292.7423, 323.3957, 295.2277, 321.8601, 310.0183, 297.9199, 307.5329
32 434 14.470000 297.7727, 298.8686, 321.9559, 301.3977, 320.4699, 315.6072, 296.2867, 313.0782
32 435 14.500000 296.0761, 305.2606, 320.5165, 307.7948, 319.0779, 321.6691, 294.6375, 319.1349
32 436 14.540000 293.8577, 313.8092, 318.6491, 316.3511, 317.2860, 329.6450, 292.4946, 327.1031
32 437 14.570000 292.2255, 319.9555, 317.3100, 322.4830, 316.0334, 335.1531, 290.9488, 332.6256
32 438 14.600000 290.7030, 325.4489, 316.0736, 327.9799, 314.8220, 340.5259, 289.4514, 337.9949
32 439 14.640000 288.8009, 332.1095, 314.5546, 334.6536, 313.3423, 346.9253, 287.5887, 344.3812
32 440 14.670000 287.4923, 336.1585, 313.5468, 338.6563, 312.3219, 351.4332, 286.2674, 348.9354
32 441 14.700000 286.2625, 340.1756, 312.5941, 342.7244, 311.3522, 355.5542, 285.0206, 353.0054
32 442 14.740000 284.7463, 344.7557, 311.4380, 347.2801, 310.1769, 360.6142, 283.4852, 358.0898
32 443 14.770000 283.7037, 347.5808, 310.6699, 350.0445, 309.3827, 364.1331, 282.4165, 361.6693
32 444 14.800000 282.7450, 350.4724, 309.9631, 353.0151, 308.6701, 366.8555, 281.4520, 364.3128
32 445 14.840000 281.5867, 353.5330, 309.1415, 356.0691, 307.8451, 370.1550, 280.2903, 367.6189
32 446 14.870000 280.8265, 355.2092, 308.6335, 357.7236, 307.3050, 372.4163, 279.4979, 369.9020
32 447 14.900000 280.1351, 357.0014, 308.1714, 359.5605, 306.8658, 373.8643, 278.8294, 371.3052
32 448 14.940000 279.3607, 358.5532, 307.6975, 361.1270, 306.3891, 375.5316, 278.0524, 372.9578
32 449 14.970000 278.8963, 359.0853, 307.4505, 361.6460, 306.1072, 376.6250, 277.5530, 374.0644
