40 0 0.010000 157.4636, 245.7538, 177.3150, 246.4694, 177.0184, 254.6972, 157.1670, 253.9816
40 1 0.040000 157.4415, 246.1839, 177.2939, 246.8993, 176.9978, 255.1169, 157.1454, 254.4015
40 2 0.070000 157.3924, 247.1409, 177.2471, 247.8559, 176.9520, 256.0505, 157.0973, 255.3356
40 3 0.110000 157.2848, 249.2368, 177.1447, 249.9508, 176.8518, 258.0955, 156.9920, 257.3815
40 4 0.140000 157.1725, 251.4244, 177.0377, 252.1374, 176.7473, 260.2298, 156.8820, 259.5168
40 5 0.170000 157.0949, 254.1354, 176.9313, 255.0837, 176.5588, 262.8745, 156.7225, 261.9262
40 6 0.200000 157.3002, 256.4814, 176.9327, 258.6295, 176.0574, 266.6293, 156.4249, 264.4812
40 7 0.240000 157.6433, 259.3521, 176.9550, 262.6021, 175.5312, 271.0628, 156.2194, 267.8128
40 8 0.270000 157.9463, 261.3278, 177.0631, 265.0206, 175.3816, 273.7251, 156.2649, 270.0323
40 9 0.310000 158.4709, 263.5891, 177.4028, 267.5241, 175.5244, 276.5616, 156.5925, 272.6267
40 10 0.340000 158.9863, 265.0102, 177.8154, 268.9890, 175.8433, 278.3213, 157.0142, 274.3425
40 11 0.370000 159.5489, 266.3430, 178.3364, 270.2265, 176.3642, 279.7673, 157.5768, 275.8838
40 12 0.400000 160.2487, 267.4339, 179.0069, 271.2980, 176.9676, 281.1977, 158.2094, 277.3336
40 13 0.440000 161.1876, 268.9874, 179.9997, 272.5563, 178.0686, 282.7357, 159.2564, 279.1668
40 14 0.470000 161.8723, 270.2731, 180.7972, 273.4024, 179.1074, 283.6216, 160.1825, 280.4923
40 15 0.500000 162.7230, 271.3076, 181.7096, 274.2047, 180.1180, 284.6351, 161.1314, 281.7379
40 16 0.540000 163.8633, 272.7393, 182.9758, 275.1471, 181.6460, 285.7022, 162.5336, 283.2943
40 17 0.570000 164.7381, 273.7919, 183.9554, 275.7402, 182.8833, 286.3148, 163.6660, 284.3665
40 18 0.610000 165.9768, 275.0134, 185.3165, 276.3943, 184.5592, 286.9995, 165.2195, 285.6186
40 19 0.640000 166.9864, 275.6910, 186.3823, 276.7961, 185.7728, 287.4951, 166.3769, 286.3901
40 20 0.670000 167.8579, 276.6210, 187.3589, 277.0484, 187.1297, 287.5071, 167.6286, 287.0797
40 21 0.700000 168.8552, 277.1315, 188.3918, 277.2531, 188.3269, 287.6831, 168.7903, 287.5615
40 22 0.740000 170.0912, 277.7816, 189.6838, 277.3277, 189.9201, 287.5312, 170.3276, 287.9852
40 23 0.770000 170.9189, 278.3168, 190.5466, 277.2031, 191.1046, 287.0376, 171.4769, 288.1512
40 24 0.800000 171.8135, 278.3558, 191.4484, 277.0561, 192.0890, 286.7330, 172.4541, 288.0327
40 25 0.840000 172.8467, 278.3753, 192.4843, 276.6072, 193.3184, 285.8714, 173.6808, 287.6395
40 26 0.870000 173.4908, 278.3727, 193.1080, 276.0364, 194.1599, 284.8687, 174.5426, 287.2049
40 27 0.900000 174.1933, 277.6604, 193.8683, 275.6701, 194.7365, 284.2532, 175.0615, 286.2435
40 28 0.940000 174.8597, 276.7242, 194.6345, 274.7180, 195.4673, 282.9270, 175.6925, 284.9332
40 29 0.970000 175.1718, 275.9232, 194.9812, 273.4968, 195.9655, 281.5330, 176.1562, 283.9594
40 30 1.000000 175.4980, 274.4880, 195.4327, 272.4358, 196.2884, 280.7482, 176.3537, 282.8004
40 31 1.040000 175.7139, 272.7675, 195.7515, 270.6385, 196.6810, 279.3871, 176.6435, 281.5161
40 32 1.070000 175.7709, 271.5252, 195.8690, 269.2410, 196.8986, 278.2998, 176.8005, 280.5840
40 33 1.110000 175.7819, 269.7841, 195.9941, 267.5603, 197.0252, 276.9325, 176.8130, 279.1562
40 34 1.140000 175.7655, 268.2936, 196.1281, 266.4866, 196.9784, 276.0683, 176.6158, 277.8753
40 35 1.170000 175.5680, 267.1145, 195.9599, 265.0128, 196.9746, 274.8579, 176.5827, 276.9597
40 36 1.210000 175.3110, 265.1706, 195.8665, 263.3563, 196.7603, 273.4823, 176.2047, 275.2966
40 37 1.240000 175.0650, 263.6563, 195.7343, 262.0933, 196.5114, 272.3690, 175.8420, 273.9320
40 38 1.270000 174.7095, 262.1870, 195.4610, 260.6135, 196.2530, 271.0585, 175.5016, 272.6320
40 39 1.310000 174.1839, 260.0171, 195.0491, 258.5479, 195.8001, 269.2137, 174.9350, 270.6829
40 40 1.340000 173.8147, 258.0774, 194.8335, 257.1089, 195.3290, 267.8623, 174.3102, 268.8308
40 41 1.370000 173.2932, 256.2895, 194.3623, 255.1992, 194.9264, 266.1002, 173.8573, 267.1906
40 42 1.410000 172.6276, 253.5230, 193.8154, 252.6655, 194.2612, 263.6809, 173.0734, 264.5383
40 43 1.440000 172.1870, 251.0905, 193.5229, 250.8473, 193.6488, 261.8922, 172.3128, 262.1354
40 44 1.470000 171.5788, 248.9022, 192.9454, 248.4750, 193.1688, 259.6502, 171.8022, 260.0774
40 45 1.510000 170.8560, 245.7166, 192.3280, 245.5596, 192.4103, 256.8199, 170.9383, 256.9768
40 46 1.540000 170.4076, 243.2254, 192.0076, 243.7597, 191.7296, 255.0001, 170.1296, 254.4659
40 47 1.570000 169.8640, 241.0997, 191.5385, 241.8808, 191.1320, 253.1605, 169.4575, 252.3794
40 48 1.610000 169.2061, 238.4607, 190.9902, 239.8325, 190.2804, 251.1033, 168.4963, 249.7315
40 49 1.640000 168.7673, 236.6509, 190.6245, 238.6124, 189.6179, 249.8299, 167.7606, 247.8685
40 50 1.670000 168.2526, 235.1934, 190.1664, 237.3244, 189.0732, 248.5660, 167.1594, 246.4349
40 51 1.710000 167.6708, 233.4323, 189.6540, 236.0005, 188.3443, 247.2111, 166.3611, 244.6429
40 52 1.740000 167.3502, 232.2043, 189.3682, 235.3501, 187.7807, 246.4614, 165.7627, 243.3156
40 53 1.770000 166.9566, 231.3151, 189.0203, 234.5548, 187.3874, 245.6755, 165.3237, 242.4358
40 54 1.810000 166.5651, 230.3022, 188.6767, 233.8209, 186.9136, 244.9003, 164.8020, 241.3816
40 55 1.840000 166.3804, 229.6694, 188.5129, 233.5160, 186.6004, 244.5206, 164.4679, 240.6740
40 56 1.870000 166.1201, 229.3757, 188.3114, 233.0234, 186.4927, 244.0875, 164.3014, 240.4398
40 57 1.910000 165.9238, 229.1465, 188.1756, 232.6838, 186.4135, 243.7687, 164.1617, 240.2315
40 58 1.940000 165.8898, 229.0855, 188.1748, 232.6571, 186.4026, 243.7142, 164.1176, 240.1425
40 59 1.970000 165.7818, 229.3411, 188.1281, 232.4044, 186.5982, 243.5654, 164.2518, 240.5022
40 60 2.010000 165.7925, 229.7474, 188.1913, 232.2792, 186.9218, 243.5097, 164.5230, 240.9778
40 61 2.040000 165.9884, 229.9147, 188.4041, 232.4439, 187.1436, 243.6150, 164.7279, 241.0857
40 62 2.070000 166.1240, 230.2513, 188.5535, 232.2391, 187.5573, 243.4803, 165.1278, 241.4925
40 63 2.110000 166.5117, 230.4583, 188.9429, 232.1403, 188.1017, 243.3584, 165.6705, 241.6763
40 64 2.140000 166.9600, 230.3968, 189.3895, 232.2205, 188.4866, 243.3258, 166.0571, 241.5021
40 65 2.170000 167.2926, 230.5495, 189.7002, 231.7947, 189.0804, 242.9490, 166.6728, 241.7038
40 66 2.210000 167.9147, 230.4664, 190.2869, 231.3978, 189.8247, 242.4996, 167.4525, 241.5682
40 67 2.240000 168.4852, 230.2019, 190.8386, 231.1805, 190.3570, 242.1798, 168.0037, 241.2012
40 68 2.270000 168.9064, 230.1823, 191.1814, 230.3906, 191.0779, 241.4586, 168.8029, 241.2503
40 69 2.310000 169.5906, 229.8317, 191.7662, 229.4744, 191.9444, 240.5342, 169.7687, 240.8915
40 70 2.340000 170.2129, 229.2391, 192.3592, 229.0085, 192.4730, 239.9349, 170.3267, 240.1654
40 71 2.370000 170.6764, 228.8391, 192.7087, 228.0042, 193.1232, 238.9416, 171.0909, 239.7765
40 72 2.410000 171.4136, 227.8150, 193.3762, 226.9565, 193.7983, 237.7571, 171.8358, 238.6156
40 73 2.440000 171.9862, 226.7994, 193.9350, 226.2097, 194.2212, 236.8632, 172.2724, 237.4528
40 74 2.470000 172.4332, 225.9063, 194.3003, 225.0714, 194.7051, 235.6748, 172.8380, 236.5097
40 75 2.510000 173.0510, 224.5111, 194.8576, 223.7166, 195.2380, 234.1591, 173.4314, 234.9536
40 76 2.540000 173.5772, 223.2874, 195.3849, 223.0221, 195.5096, 233.2711, 173.7019, 233.5364
40 77 2.570000 174.0070, 222.2894, 195.7785, 222.1884, 195.8256, 232.3254, 174.0540, 232.4264
40 78 2.610000 174.5893, 221.0092, 196.3248, 221.3105, 196.1863, 231.3016, 174.4508, 231.0003
40 79 2.640000 175.0604, 220.0840, 196.7672, 220.8938, 196.4011, 230.7079, 174.6943, 229.8982
40 80 2.670000 175.4284, 219.4342, 197.0854, 220.2708, 196.7092, 230.0100, 175.0522, 229.1733
40 81 2.710000 175.9714, 218.5931, 197.5657, 219.6928, 197.0773, 229.2816, 175.4831, 228.1819
40 82 2.740000 176.4402, 217.9510, 197.9736, 219.4631, 197.3110, 228.8983, 175.7776, 227.3862
40 83 2.770000 176.7959, 217.5756, 198.2832, 218.9560, 197.6783, 228.3721, 176.1910, 226.9917
40 84 2.800000 177.2818, 217.0622, 198.7023, 218.8017, 197.9483, 228.0861, 176.5278, 226.3466
40 85 2.840000 177.8512, 216.6234, 199.1972, 218.3810, 198.4369, 227.6149, 177.0909, 225.8573
40 86 2.870000 178.2208, 216.4781, 199.5211, 217.9037, 198.9000, 227.1848, 177.5996, 225.7592
40 87 2.900000 178.7229, 216.1751, 199.9577, 217.7656, 199.2668, 226.9897, 178.0320, 225.3991
40 88 2.940000 179.3177, 215.9977, 200.4766, 217.3812, 199.8714, 226.6355, 178.7126, 225.2520
40 89 2.970000 179.7181, 216.0118, 200.8203, 216.9792, 200.3914, 226.3327, 179.2893, 225.3653
40 90 3.000000 180.2219, 215.9110, 201.2587, 216.9001, 200.8187, 226.2593, 179.7818, 225.2702
40 91 3.040000 180.8098, 216.0611, 201.7561, 216.7150, 201.4616, 226.1477, 180.5153, 225.4938
40 92 3.070000 181.1800, 216.4267, 202.0436, 216.5407, 201.9917, 226.0562, 181.1281, 225.9422
40 93 3.100000 181.6386, 216.6950, 202.4387, 216.7711, 202.4039, 226.2728, 181.6038, 226.1966
40 94 3.140000 182.1614, 217.3349, 202.8650, 217.1008, 202.9726, 226.6194, 182.2690, 226.8535
40 95 3.170000 182.4842, 218.0292, 203.0970, 217.3673, 203.4038, 226.9211, 182.7910, 227.5831
40 96 3.200000 182.8497, 218.6699, 203.4085, 217.9767, 203.7294, 227.4947, 183.1706, 228.1879
40 97 3.240000 183.2216, 219.8388, 203.6806, 218.8068, 204.1602, 228.3141, 183.7012, 229.3461
40 98 3.270000 183.4276, 220.9237, 203.7959, 219.5105, 204.4557, 229.0195, 184.0874, 230.4327
40 99 3.300000 183.6647, 221.9601, 204.0021, 220.6094, 204.6291, 230.0504, 184.2918, 231.4011
40 100 3.340000 183.8742, 223.6649, 204.1540, 222.2299, 204.8166, 231.5947, 184.5369, 233.0296
40 101 3.370000 183.9573, 225.1929, 204.1853, 223.6004, 204.9185, 232.9134, 184.6905, 234.5060
40 102 3.400000 184.0540, 226.7582, 204.2819, 225.3690, 204.9138, 234.5700, 184.6859, 235.9592
40 103 3.440000 184.0844, 229.2136, 204.2960, 227.9500, 204.8623, 237.0082, 184.6507, 238.2718
40 104 3.470000 184.0339, 231.2993, 204.2251, 230.0256, 204.7901, 238.9826, 184.5990, 240.2564
40 105 3.500000 183.9926, 233.3420, 204.1965, 232.3776, 204.6165, 241.1759, 184.4126, 242.1403
40 106 3.540000 183.8309, 236.0387, 204.0350, 235.3296, 204.3375, 243.9494, 184.1334, 244.6586
40 107 3.570000 183.5796, 238.0174, 203.7584, 237.1095, 204.1449, 245.6988, 183.9661, 246.6066
40 108 3.600000 183.3612, 239.6140, 203.5529, 238.9541, 203.8302, 247.4378, 183.6385, 248.0977
40 109 3.640000 182.9260, 241.5815, 203.1141, 240.8880, 203.4040, 249.3285, 183.2160, 250.0220
40 110 3.670000 182.4807, 242.9805, 202.6510, 241.9385, 203.0888, 250.4110, 182.9185, 251.4531
40 111 3.700000 182.1327, 243.8820, 202.3351, 243.2807, 202.5844, 251.6539, 182.3819, 252.2552
40 112 3.740000 181.5216, 245.0151, 201.7440, 244.5858, 201.9207, 252.9081, 181.6983, 253.3374
40 113 3.770000 180.9562, 245.8174, 201.1860, 245.2062, 201.4384, 253.5616, 181.2087, 254.1728
40 114 3.800000 180.4982, 246.1883, 200.7568, 246.1131, 200.7874, 254.3603, 180.5288, 254.4355
40 115 3.840000 179.7648, 246.6417, 200.0484, 246.8524, 199.9632, 255.0469, 179.6796, 254.8362
40 116 3.870000 179.1293, 246.9436, 199.4348, 247.0544, 199.3898, 255.2894, 179.0844, 255.1786
40 117 3.900000 178.6369, 246.8277, 198.9534, 247.5589, 198.6612, 255.6778, 178.3447, 254.9466
40 118 3.940000 177.9080, 246.6190, 198.2357, 247.8019, 197.7667, 255.8605, 177.4391, 254.6777
40 119 3.970000 177.3218, 246.4234, 197.6711, 247.6965, 197.1655, 255.7784, 176.8162, 254.5054
40 120 4.000000 176.9400, 245.8635, 197.2402, 247.9777, 196.4158, 255.8937, 176.1156, 253.7795
40 121 4.040000 176.3174, 245.3786, 196.5990, 247.8677, 195.6357, 255.7169, 175.3540, 253.2278
40 122 4.070000 175.7988, 245.1864, 196.1122, 247.5492, 195.1926, 255.4552, 174.8792, 253.0925
40 123 4.100000 175.4537, 244.8481, 195.7222, 247.5978, 194.6639, 255.3988, 174.3954, 252.6492
40 124 4.140000 174.9435, 244.6342, 195.2118, 247.4112, 194.1448, 255.1990, 173.8765, 252.4220
40 125 4.170000 174.5532, 244.6128, 194.8507, 247.1617, 193.8676, 254.9902, 173.5701, 252.4414
40 126 4.200000 174.3297, 244.4589, 194.5818, 247.2454, 193.5187, 254.9718, 173.2666, 252.1853
40 127 4.240000 173.9997, 244.4571, 194.2450, 247.1446, 193.2215, 254.8546, 172.9762, 252.1670
40 128 4.270000 173.7294, 244.6013, 194.0065, 246.9107, 193.1246, 254.6541, 172.8475, 252.3447
40 129 4.300000 173.6154, 244.6087, 193.8546, 246.9955, 192.9458, 254.7012, 172.7067, 252.3145
40 130 4.340000 173.4036, 244.8364, 193.6462, 246.8489, 192.8798, 254.5575, 172.6372, 252.5450
40 131 4.370000 173.2085, 245.1569, 193.4715, 246.5746, 192.9297, 254.3181, 172.6667, 252.9004
40 132 4.400000 173.1706, 245.2848, 193.3894, 246.6918, 192.8529, 254.4015, 172.6341, 252.9944
40 133 4.440000 173.0845, 245.5866, 193.2553, 246.7343, 192.8170, 254.4388, 172.6461, 253.2911
40 134 4.470000 172.9904, 245.9080, 193.1277, 246.6824, 192.8314, 254.3850, 172.6941, 253.6106
40 135 4.500000 173.0225, 245.9352, 193.0915, 246.9014, 192.7165, 254.6904, 172.6475, 253.7242
40 136 4.540000 173.0027, 246.0618, 192.9934, 246.9938, 192.6250, 254.8949, 172.6343, 253.9629
40 137 4.570000 172.9232, 246.2897, 192.8842, 246.9692, 192.6147, 254.8870, 172.6537, 254.2075
40 138 4.600000 172.9664, 246.1735, 192.8715, 247.1705, 192.4700, 255.1881, 172.5649, 254.1912
40 139 4.640000 172.9471, 246.2038, 192.7917, 247.2970, 192.3473, 255.3658, 172.5026, 254.2727
40 140 4.670000 172.8716, 246.3662, 192.6874, 247.2826, 192.3149, 255.3355, 172.4991, 254.4191
40 141 4.700000 172.9291, 246.1997, 192.6770, 247.4836, 192.1487, 255.6102, 172.4008, 254.3263
40 142 4.740000 172.9419, 246.1519, 192.6175, 247.6245, 192.0068, 255.7840, 172.3312, 254.3113
40 143 4.770000 172.8926, 246.2703, 192.5384, 247.6175, 191.9806, 255.7521, 172.3348, 254.4049
40 144 4.800000 173.0077, 246.0558, 192.5634, 247.8509, 191.8114, 256.0432, 172.2556, 254.2480
40 145 4.840000 173.0852, 246.0006, 192.5590, 247.9960, 191.7177, 256.2066, 172.2438, 254.2112
40 146 4.870000 173.1013, 246.1008, 192.5446, 248.0073, 191.7415, 256.1978, 172.2982, 254.2913
40 147 4.900000 173.2883, 245.9211, 192.6305, 248.2349, 191.6449, 256.4736, 172.3027, 254.1598
40 148 4.940000 173.4949, 245.8795, 192.7429, 248.4077, 191.6589, 256.6608, 172.4109, 254.1326
40 149 4.970000 173.6254, 245.9720, 192.8391, 248.4362, 191.7822, 256.6772, 172.5685, 254.2129
40 150 5.000000 173.9631, 245.7617, 193.0493, 248.6716, 191.7860, 256.9573, 172.6998, 254.0474
40 151 5.040000 174.4276, 245.5557, 193.3821, 248.8200, 191.9533, 257.1164, 172.9988, 253.8522
40 152 5.070000 174.7655, 245.4731, 193.6769, 248.7325, 192.2503, 257.0097, 173.3389, 253.7502
40 153 5.100000 175.3946, 244.9911, 194.1216, 248.8432, 192.4143, 257.1435, 173.6872, 253.2914
40 154 5.140000 176.2223, 244.4724, 194.8051, 248.6734, 192.9325, 256.9571, 174.3497, 252.7562
40 155 5.170000 176.8281, 244.1846, 195.4007, 248.2917, 193.5787, 256.5307, 175.0061, 252.4236
40 156 5.200000 177.7438, 243.5398, 196.1588, 248.0714, 194.1378, 256.2842, 175.7228, 251.7526
40 157 5.240000 178.9722, 242.7926, 197.3075, 247.4238, 195.2511, 255.5654, 176.9158, 250.9342
40 158 5.270000 179.8983, 242.3147, 198.2798, 246.6534, 196.3764, 254.7177, 177.9949, 250.3790
40 159 5.300000 181.1625, 241.4428, 199.4322, 246.0324, 197.4210, 254.0385, 179.1512, 249.4489
40 160 5.340000 182.8772, 240.3391, 201.1290, 244.8025, 199.1974, 252.7012, 180.9456, 248.2378
40 161 5.370000 184.1925, 239.5436, 202.5193, 243.5597, 200.8112, 251.3543, 182.4844, 247.3382
40 162 5.400000 185.8611, 238.2730, 204.1024, 242.4576, 202.3315, 250.1775, 184.0902, 245.9929
40 163 5.440000 188.1304, 236.5735, 206.3652, 240.5440, 204.7123, 248.1349, 186.4775, 244.1644
40 164 5.470000 189.8761, 235.2485, 208.1739, 238.7115, 206.7477, 246.2472, 188.4499, 242.7841
40 165 5.500000 191.9590, 233.4295, 210.1718, 237.0963, 208.6574, 244.6184, 190.4446, 240.9517
40 166 5.540000 194.6605, 231.2496, 212.8925, 234.4776, 211.5331, 242.1551, 193.3011, 238.9271
40 167 5.570000 196.6668, 229.8071, 214.9478, 232.3506, 213.8535, 240.2156, 195.5725, 237.6721
40 168 5.600000 198.8664, 228.1986, 217.1143, 230.5570, 216.0881, 238.4973, 197.8402, 236.1389
40 169 5.640000 201.7690, 226.2529, 219.9968, 227.9984, 219.2242, 236.0667, 200.9963, 234.3212
40 170 5.670000 203.9525, 224.8666, 222.1490, 226.0058, 221.6379, 234.1705, 203.4413, 233.0312
40 171 5.700000 206.2574, 223.2860, 224.3997, 224.2424, 223.9684, 232.4222, 205.8262, 231.4657
40 172 5.740000 209.2971, 221.2244, 227.3561, 221.7320, 227.1259, 229.9216, 209.0669, 229.4141
40 173 5.770000 211.5071, 219.7517, 229.4876, 219.6164, 229.5494, 227.8342, 211.5689, 227.9694
40 174 5.800000 213.8159, 217.9345, 231.7420, 217.7346, 231.8332, 225.9147, 213.9071, 226.1145
40 175 5.840000 216.7791, 215.4823, 234.6168, 214.8842, 234.8913, 223.0712, 217.0536, 223.6692
40 176 5.870000 218.8970, 213.6383, 236.6386, 212.4605, 237.1822, 220.6484, 219.4406, 221.8262
40 177 5.900000 221.0935, 211.3010, 238.7932, 210.2476, 239.2790, 218.4100, 221.5793, 219.4633
40 178 5.940000 223.8146, 208.1837, 241.4139, 206.7783, 242.0649, 214.9298, 224.4655, 216.3352
40 179 5.970000 225.7539, 205.6828, 243.2546, 203.9368, 244.0724, 212.1337, 226.5717, 213.8798
40 180 6.000000 227.7140, 202.8064, 245.1960, 201.2939, 245.9087, 209.5321, 228.4267, 211.0445
40 181 6.040000 230.1289, 199.3379, 247.4941, 197.5466, 248.3518, 205.8606, 230.9866, 207.6519
40 182 6.070000 231.8308, 197.0240, 249.0692, 194.7884, 250.1541, 203.1543, 232.9157, 205.3899
40 183 6.100000 233.5257, 194.6999, 250.6887, 192.3586, 251.8354, 200.7649, 234.6725, 203.1062
40 184 6.140000 235.6326, 191.9421, 252.6530, 189.2269, 253.9990, 197.6649, 236.9787, 200.3800
40 185 6.170000 237.1003, 190.0426, 253.9865, 186.9577, 255.5332, 195.4244, 238.6470, 198.5093
40 186 6.200000 238.5199, 188.0215, 255.3616, 184.9391, 256.9208, 193.4587, 240.0791, 196.5411
40 187 6.240000 240.2009, 185.5362, 256.9204, 182.1903, 258.6425, 190.7954, 241.9230, 194.1413
40 188 6.270000 241.2991, 183.7724, 257.8906, 180.0929, 259.8137, 188.7648, 243.2222, 192.4443
40 189 6.300000 242.3180, 181.7513, 258.9175, 178.1968, 260.8013, 186.9942, 244.2019, 190.5487
40 190 6.340000 243.4327, 179.0859, 260.0200, 175.5682, 261.9253, 184.5522, 245.3380, 188.0700
40 191 6.370000 244.0672, 177.1477, 260.5861, 173.4476, 262.6305, 182.5746, 246.1116, 186.2747
40 192 6.400000 244.6204, 174.8238, 261.2609, 171.5112, 263.1230, 180.8653, 246.4825, 184.1779
40 193 6.440000 245.0913, 171.8011, 261.8002, 168.6852, 263.5981, 178.3261, 246.8892, 181.4419
40 194 6.470000 245.2548, 169.5832, 261.9647, 166.4218, 263.8278, 176.2694, 247.1179, 179.4308
40 195 6.500000 245.3640, 167.1430, 262.2112, 164.3620, 263.8768, 174.4528, 247.0296, 177.2337
40 196 6.540000 245.3302, 164.2203, 262.2971, 161.7140, 263.8319, 172.1041, 246.8650, 174.6104
40 197 6.570000 245.2268, 162.2609, 262.2998, 159.9997, 263.7035, 170.5976, 246.6305, 172.8588
40 198 6.600000 245.0958, 160.4436, 262.3210, 158.6028, 263.4754, 169.4051, 246.2502, 171.2460
40 199 6.640000 244.8181, 158.4191, 262.2249, 157.0550, 263.0918, 168.1174, 245.6850, 169.4816
40 200 6.670000 244.5068, 157.2644, 261.9870, 156.0304, 262.7821, 167.2922, 245.3018, 168.5262
40 201 6.700000 244.2093, 156.1634, 261.8425, 155.3613, 262.3638, 166.8225, 244.7306, 167.6245
40 202 6.740000 243.6897, 155.1654, 261.4502, 154.6441, 261.7939, 166.3581, 244.0335, 166.8793
40 203 6.770000 243.2279, 154.7159, 261.0642, 154.2892, 261.3487, 166.1837, 243.5124, 166.6103
40 204 6.800000 242.7748, 154.3797, 260.7327, 154.2453, 260.8229, 166.3072, 242.8650, 166.4415
40 205 6.840000 242.0764, 154.3566, 260.1727, 154.4408, 260.1155, 166.7214, 242.0192, 166.6372
40 206 6.870000 241.4810, 154.7046, 259.6359, 154.7601, 259.5979, 167.2036, 241.4430, 167.1481
40 207 6.900000 240.9186, 155.1810, 259.2013, 155.4758, 258.9985, 168.0538, 240.7158, 167.7589
40 208 6.940000 240.0759, 156.3313, 258.4795, 156.6934, 258.2286, 169.4419, 239.8251, 169.0798
40 209 6.970000 239.3862, 157.5399, 257.8552, 157.8205, 257.6596, 170.6931, 239.1907, 170.4124
40 210 7.000000 238.7143, 158.8561, 257.2976, 159.2313, 257.0357, 172.2033, 238.4524, 171.8281
40 211 7.040000 237.7597, 160.7982, 256.4549, 161.1467, 256.2108, 174.2411, 237.5155, 173.8926
40 212 7.070000 236.9761, 162.3427, 255.6694, 162.4095, 255.6221, 175.6473, 236.9288, 175.5805
40 213 7.100000 236.3051, 163.5798, 255.1830, 163.9944, 254.8913, 177.2769, 236.0134, 176.8622
40 214 7.140000 235.3326, 165.3516, 254.3431, 165.9068, 253.9537, 179.2416, 234.9432, 178.6863
40 215 7.170000 234.5318, 166.8149, 253.5566, 167.1801, 253.2998, 180.5528, 234.2751, 180.1876
40 216 7.200000 233.8306, 168.0673, 252.9961, 168.7282, 252.5360, 182.0731, 233.3705, 181.4122
40 217 7.240000 232.7927, 169.9961, 252.0159, 170.5944, 251.6014, 183.9121, 232.3782, 183.3138
40 218 7.270000 231.9580, 171.6106, 251.1479, 171.9116, 250.9392, 185.2167, 231.7493, 184.9156
40 219 7.300000 231.1963, 173.1082, 250.4608, 173.5077, 250.1862, 186.7462, 230.9217, 186.3467
40 220 7.340000 230.0966, 175.3909, 249.3607, 175.5961, 249.2206, 188.7506, 229.9565, 188.5454
40 221 7.370000 229.2080, 177.3405, 248.4030, 177.1765, 248.5148, 190.2588, 229.3197, 190.4228
40 222 7.400000 228.3739, 179.2430, 247.6039, 179.0890, 247.7078, 192.0580, 228.4777, 192.2120
40 223 7.440000 227.1752, 182.1194, 246.3803, 181.7504, 246.6263, 194.5554, 227.4212, 194.9244
40 224 7.470000 226.2153, 184.5002, 245.3584, 183.8384, 245.7965, 196.5098, 226.6533, 197.1715
40 225 7.500000 225.2835, 186.7727, 244.4659, 186.1681, 244.8607, 198.6953, 225.6783, 199.2998
40 226 7.540000 223.9392, 189.7700, 243.1233, 189.0804, 243.5655, 201.3806, 224.3814, 202.0702
40 227 7.570000 222.8068, 191.9832, 241.9129, 190.9160, 242.5875, 202.9932, 223.4814, 204.0603
40 228 7.600000 221.7458, 193.6320, 240.9575, 192.8895, 241.4150, 204.7280, 222.2034, 205.4705
40 229 7.640000 220.1383, 195.7219, 239.3767, 194.9394, 239.8472, 206.5067, 220.6088, 207.2892
40 230 7.670000 218.7584, 197.2771, 237.9176, 195.9746, 238.6931, 207.3831, 219.5339, 208.6856
40 231 7.700000 217.4280, 198.3440, 236.6465, 197.1390, 237.3525, 208.3988, 218.1340, 209.6038
40 232 7.740000 215.4958, 199.6275, 234.7374, 198.3098, 235.4963, 209.3909, 216.2547, 210.7086
40 233 7.770000 213.8713, 200.5655, 233.0555, 198.7899, 234.0703, 209.7548, 214.8861, 211.5304
40 234 7.800000 212.3186, 200.9289, 231.6286, 199.5565, 232.3980, 210.3823, 213.0880, 211.7547
40 235 7.840000 209.9958, 201.4290, 229.3626, 200.0089, 230.1467, 210.7024, 210.7799, 212.1225
40 236 7.870000 208.1345, 201.6580, 227.5283, 200.1105, 228.3749, 210.7207, 208.9811, 212.2683
40 237 7.900000 206.2853, 201.4687, 225.8066, 200.3100, 226.4308, 210.8258, 206.9094, 211.9845
40 238 7.940000 203.6516, 201.1077, 223.2938, 200.2150, 223.7651, 210.5842, 204.1229, 211.4770
40 239 7.970000 201.4970, 200.8875, 221.1770, 199.7324, 221.7821, 210.0412, 202.1021, 211.1963
40 240 8.000000 199.4190, 200.2582, 219.2267, 199.5253, 219.6053, 209.7549, 199.7975, 210.4879
40 241 8.040000 196.4991, 199.6587, 216.4332, 199.1574, 216.6885, 209.3090, 196.7544, 209.8103
40 242 8.070000 194.2629, 199.3736, 214.2948, 199.0699, 214.4476, 209.1471, 194.4156, 209.4508
40 243 8.100000 192.0681, 199.1062, 212.2225, 199.3560, 212.0992, 209.3059, 191.9448, 209.0561
40 244 8.140000 189.0335, 199.1725, 209.3234, 199.8567, 208.9936, 209.6397, 188.7036, 208.9555
40 245 8.170000 186.6957, 199.4992, 207.0819, 200.3442, 206.6811, 210.0154, 186.2948, 209.1704
40 246 8.200000 184.4143, 199.8715, 204.8931, 201.1692, 204.2902, 210.6838, 183.8114, 209.3861
40 247 8.240000 181.3052, 200.7491, 201.9010, 202.4116, 201.1479, 211.7410, 180.5521, 210.0785
40 248 8.270000 178.9210, 201.7089, 199.6128, 203.4484, 198.8381, 212.6638, 178.1463, 210.9244
40 249 8.300000 176.6227, 202.7292, 197.3850, 204.8809, 196.4484, 213.9187, 175.6861, 211.7671
40 250 8.340000 173.5002, 204.5414, 194.3683, 206.9900, 193.3315, 215.8263, 172.4634, 213.3777
40 251 8.370000 171.1224, 206.2553, 192.0852, 208.7702, 191.0405, 217.4778, 170.0778, 214.9629
40 252 8.400000 168.8156, 208.1440, 189.8386, 210.9760, 188.6683, 219.6640, 167.6452, 216.8320
40 253 8.440000 165.7117, 211.0703, 186.8374, 214.1169, 185.5651, 222.9387, 164.4395, 219.8921
40 254 8.470000 163.3700, 213.5816, 184.5911, 216.6685, 183.2842, 225.6532, 162.0630, 222.5662
40 255 8.500000 161.1275, 216.1379, 182.4017, 219.4895, 180.9571, 228.6590, 159.6829, 225.3074
40 256 8.540000 158.1926, 219.5450, 179.5596, 223.0947, 178.0010, 232.4763, 156.6340, 228.9266
40 257 8.570000 155.9757, 222.1217, 177.4683, 225.4490, 176.0198, 234.8058, 154.5271, 231.4785
40 258 8.600000 154.0749, 224.0896, 175.5612, 227.8547, 173.9199, 237.2208, 152.4337, 233.4557
40 259 8.640000 151.5198, 226.6615, 173.1128, 230.5049, 171.4648, 239.7638, 149.8718, 235.9205
40 260 8.670000 149.5476, 228.5934, 171.3490, 232.0042, 169.9198, 241.1394, 148.1184, 237.7287
40 261 8.700000 147.9529, 229.8602, 169.7911, 233.7283, 168.1835, 242.8044, 146.3452, 238.9363
40 262 8.740000 145.7877, 231.6368, 167.7843, 235.5262, 166.2104, 244.4271, 144.2138, 240.5378
40 263 8.770000 144.2869, 232.7871, 166.3916, 236.7148, 164.8311, 245.4972, 142.7264, 241.5695
40 264 8.800000 143.0734, 233.4641, 165.1715, 237.9770, 163.3829, 246.7353, 141.2848, 242.2224
40 265 8.840000 141.4845, 234.4100, 163.6759, 239.1759, 161.7941, 247.9379, 139.6028, 243.1720
40 266 8.870000 140.3378, 235.1292, 162.6665, 239.7423, 160.8357, 248.6042, 138.5069, 243.9912
40 267 8.900000 139.5203, 235.5113, 161.8306, 240.6654, 159.7809, 249.5377, 137.4706, 244.3837
40 268 8.940000 138.5342, 236.0494, 160.8885, 241.5532, 158.6733, 250.5502, 136.3190, 245.0464
40 269 8.970000 137.8682, 236.5236, 160.3122, 241.9929, 158.0881, 251.1198, 135.6441, 245.6505
40 270 9.000000 137.4759, 236.8141, 159.9014, 242.6621, 157.5193, 251.7967, 135.0939, 245.9487
40 271 9.040000 137.1016, 237.2800, 159.5549, 243.3831, 157.0569, 252.5736, 134.6035, 246.4705
40 272 9.070000 136.8481, 237.7951, 159.4340, 243.6081, 157.0188, 252.9924, 134.4328, 247.1795
40 273 9.100000 136.9689, 238.0614, 159.5004, 244.3035, 156.9095, 253.6558, 134.3779, 247.4137
40 274 9.140000 137.1720, 238.6638, 159.7755, 244.8411, 157.1884, 254.3075, 134.5850, 248.1302
40 275 9.170000 137.4344, 239.1977, 160.1428, 245.1019, 157.6432, 254.7160, 134.9347, 248.8118
40 276 9.200000 138.0164, 239.5559, 160.6907, 245.7030, 158.0918, 255.2892, 135.4176, 249.1421
40 277 9.240000 138.8930, 240.2028, 161.6213, 246.2274, 159.0621, 255.8822, 136.3338, 249.8576
40 278 9.270000 139.6127, 240.8295, 162.4585, 246.3854, 160.0747, 256.1874, 137.2290, 250.6314
40 279 9.300000 140.6626, 241.2530, 163.4820, 246.9344, 161.0527, 256.6916, 138.2334, 251.0102
40 280 9.340000 142.1320, 242.0141, 165.0120, 247.3763, 162.7100, 257.1985, 139.8300, 251.8363
40 281 9.370000 143.2883, 242.7350, 166.2660, 247.5209, 164.1934, 257.4712, 141.2158, 252.6853
40 282 9.400000 144.7075, 243.3072, 167.6823, 248.0068, 165.6507, 257.9384, 142.6760, 253.2389
40 283 9.440000 146.6542, 244.2836, 169.6745, 248.4758, 167.8561, 258.4613, 144.8357, 254.2692
40 284 9.470000 148.1227, 245.2127, 171.2109, 248.6412, 169.7107, 258.7437, 146.6225, 255.3153
40 285 9.500000 149.8192, 245.9574, 172.8949, 249.1405, 171.5035, 259.2278, 148.4278, 256.0447
40 286 9.540000 152.1538, 246.9576, 175.2165, 249.6147, 174.0527, 259.7161, 150.9900, 257.0590
40 287 9.570000 153.9316, 247.6971, 176.9825, 249.7188, 176.0919, 259.8741, 153.0409, 257.8524
40 288 9.600000 155.9438, 248.0333, 178.9356, 250.1367, 178.0147, 260.2030, 155.0229, 258.0995
40 289 9.640000 158.6001, 248.4785, 181.5263, 250.2599, 180.7469, 260.2918, 157.8206, 258.5105
40 290 9.670000 160.5632, 248.8025, 183.4413, 250.0089, 182.9092, 260.0988, 160.0311, 258.8924
40 291 9.700000 162.7179, 248.7075, 185.5284, 250.0425, 184.9413, 260.0743, 162.1308, 258.7394
40 292 9.740000 165.5382, 248.5320, 188.2591, 249.6486, 187.7646, 259.7096, 165.0437, 258.5929
40 293 9.770000 167.5809, 248.4198, 190.2269, 248.9591, 189.9850, 259.1190, 167.3389, 258.5796
40 294 9.800000 169.7816, 247.8708, 192.3541, 248.5158, 192.0637, 258.6778, 169.4913, 258.0328
40 295 9.840000 172.5566, 247.2064, 195.0076, 247.2703, 194.9783, 257.5654, 172.5273, 257.5015
40 296 9.870000 174.5271, 246.7176, 196.8311, 245.8786, 197.2249, 256.3459, 174.9208, 257.1849
40 297 9.900000 176.6423, 245.6273, 198.8713, 244.8295, 199.2492, 255.3578, 177.0202, 256.1556
40 298 9.940000 179.3270, 243.9955, 201.4300, 242.9928, 201.9134, 253.6478, 179.8104, 254.6505
40 299 9.970000 181.2116, 242.7215, 203.1732, 241.2476, 203.8968, 252.0299, 181.9352, 253.5037
40 300 10.000000 183.1787, 240.9945, 205.1084, 239.8417, 205.6778, 250.6730, 183.7481, 251.8258
40 301 10.040000 185.6694, 238.9445, 207.5218, 237.9624, 208.0123, 248.8754, 186.1598, 249.8575
40 302 10.070000 187.5009, 237.6127, 209.3090, 236.8479, 209.6929, 247.7938, 187.8847, 248.5586
40 303 10.100000 189.3702, 236.3505, 211.1728, 236.1699, 211.2633, 247.0964, 189.4607, 247.2770
40 304 10.140000 191.7750, 235.1357, 213.5318, 235.4893, 213.3546, 246.3943, 191.5978, 246.0407
40 305 10.170000 193.5114, 234.5705, 215.2141, 235.1120, 214.9421, 246.0134, 193.2394, 245.4719
40 306 10.200000 195.3139, 234.0607, 216.9763, 235.1293, 216.4417, 245.9678, 194.7792, 244.8992
40 307 10.240000 197.6637, 233.7894, 219.2496, 235.3306, 218.4810, 246.0959, 196.8950, 244.5547
40 308 10.270000 199.3745, 233.9152, 220.8959, 235.5726, 220.0694, 246.3046, 198.5481, 244.6473
40 309 10.300000 201.1751, 234.1014, 222.6272, 236.1903, 221.5915, 246.8268, 200.1393, 244.7379
40 310 10.340000 203.5169, 234.8063, 224.8742, 237.1351, 223.7245, 247.6793, 202.3671, 245.3505
40 311 10.370000 205.2316, 235.6832, 226.5249, 237.9528, 225.4056, 248.4545, 204.1123, 246.1849
40 312 10.400000 207.0375, 236.6677, 228.2553, 239.1572, 227.0352, 249.5561, 205.8174, 247.0666
40 313 10.440000 209.3869, 238.4831, 230.5178, 240.9375, 229.3218, 251.2339, 208.1909, 248.7795
40 314 10.470000 211.1154, 240.1909, 232.1916, 242.4062, 231.1152, 252.6470, 210.0390, 250.4317
40 315 10.500000 212.9339, 241.9301, 233.9462, 244.1489, 232.8737, 254.3061, 211.8614, 252.0873
40 316 10.540000 215.3849, 244.3102, 236.3078, 246.3718, 235.3226, 256.3697, 214.3998, 254.3080
40 317 10.570000 217.2048, 246.0916, 238.0671, 247.7348, 237.2911, 257.5872, 216.4288, 255.9440
40 318 10.600000 219.2106, 247.4613, 239.9890, 249.2385, 239.1657, 258.8642, 218.3873, 257.0870
40 319 10.640000 221.9322, 249.0430, 242.5888, 250.9279, 241.7336, 260.2998, 221.0770, 258.4149
40 320 10.670000 223.8425, 250.3653, 244.4550, 251.6676, 243.8716, 260.9006, 223.2592, 259.5983
40 321 10.700000 226.0190, 251.1421, 246.5222, 252.7752, 245.8060, 261.7673, 225.3027, 260.1342
40 322 10.740000 228.7408, 252.3385, 249.1657, 253.5694, 248.6237, 262.5623, 228.1988, 261.3314
40 323 10.770000 230.7447, 253.1606, 251.1064, 253.8134, 250.8157, 262.8822, 230.4540, 262.2294
40 324 10.800000 232.9083, 253.4525, 253.1836, 254.1843, 252.8499, 263.4321, 232.5745, 262.7003
40 325 10.840000 235.6763, 253.8748, 255.8449, 254.2755, 255.6556, 263.8009, 235.4870, 263.4003
40 326 10.870000 237.6559, 254.2172, 257.7707, 254.1385, 257.8086, 263.8010, 237.6937, 263.8798
40 327 10.900000 239.6921, 254.2633, 259.7432, 254.0478, 259.8491, 263.8959, 239.7979, 264.1113
40 328 10.940000 242.3323, 254.2255, 262.2883, 253.7727, 262.5162, 263.8186, 242.5602, 264.2715
40 329 10.970000 244.1661, 254.2637, 264.0627, 253.3112, 264.5507, 263.5060, 244.6541, 264.4585
40 330 11.000000 246.1256, 253.8851, 265.9432, 253.1172, 266.3459, 263.5101, 246.5282, 264.2780
40 331 11.040000 248.5445, 253.6613, 268.2646, 252.7276, 268.7669, 263.3372, 249.0468, 264.2709
40 332 11.070000 250.2294, 253.7231, 269.8962, 252.4562, 270.5862, 263.1686, 250.9194, 264.4354
40 333 11.100000 251.9483, 253.7063, 271.5468, 252.4263, 272.2538, 263.2520, 252.6553, 264.5320
40 334 11.140000 254.0699, 253.9504, 273.5998, 252.4268, 274.4531, 263.3651, 254.9232, 264.8887
40 335 11.170000 255.5277, 254.3388, 275.0133, 252.4514, 276.0771, 263.4341, 256.5915, 265.3215
40 336 11.200000 257.0400, 254.5506, 276.4775, 252.7627, 277.4952, 263.8268, 258.0577, 265.6148
40 337 11.240000 258.8836, 255.0620, 278.2729, 253.2319, 279.3236, 264.3630, 259.9342, 266.1932
40 338 11.270000 260.1338, 255.6205, 279.5017, 253.6261, 280.6500, 264.7772, 261.2821, 266.7716
40 339 11.300000 261.4511, 256.0028, 280.7875, 254.3310, 281.7558, 265.5296, 262.4193, 267.2014
40 340 11.340000 263.0325, 256.7867, 282.3454, 255.3347, 283.1890, 266.5545, 263.8760, 268.0066
40 341 11.370000 264.0865, 257.6049, 283.3991, 256.1413, 284.2482, 267.3458, 264.9357, 268.8094
40 342 11.400000 265.2260, 258.3010, 284.5148, 257.2869, 285.1043, 268.4982, 265.8154, 269.5123
40 343 11.440000 266.6099, 259.5611, 285.8801, 258.9534, 286.2325, 270.1291, 266.9623, 270.7368
40 344 11.470000 267.5770, 260.7104, 286.8444, 260.3402, 287.0581, 271.4615, 267.7907, 271.8317
40 345 11.500000 268.6402, 261.7543, 287.8632, 261.9884, 287.7283, 273.0593, 268.5054, 272.8252
40 346 11.540000 269.9390, 263.2411, 289.1266, 263.9876, 288.7014, 274.9171, 269.5138, 274.1706
40 347 11.570000 270.7993, 264.3703, 290.0047, 265.1769, 289.5522, 275.9528, 270.3468, 275.1462
40 348 11.600000 271.8511, 265.0791, 291.0023, 266.4558, 290.2406, 277.0528, 271.0894, 275.6762
40 349 11.640000 273.0907, 266.0234, 292.2608, 267.5704, 291.4200, 277.9906, 272.2499, 276.4437
40 350 11.670000 273.9460, 266.7090, 293.1830, 268.0419, 292.4702, 278.3300, 273.2332, 276.9971
40 351 11.700000 275.1083, 266.8439, 294.2957, 268.7381, 293.2944, 278.8805, 274.1071, 276.9863
40 352 11.740000 276.5738, 267.0227, 295.7677, 269.1725, 294.6533, 279.1224, 275.4594, 276.9726
40 353 11.770000 277.5928, 267.2011, 296.8725, 269.0795, 295.9163, 278.8940, 276.6366, 277.0155
40 354 11.800000 278.8724, 266.9236, 298.1749, 269.1215, 297.0741, 278.7899, 277.7716, 276.5921
40 355 11.840000 280.5119, 266.5531, 299.9038, 268.6404, 298.8816, 278.1369, 279.4897, 276.0495
40 356 11.870000 281.6970, 266.2611, 301.1961, 267.8365, 300.4377, 277.2238, 280.9385, 275.6484
40 357 11.900000 283.1427, 265.3129, 302.6867, 267.0332, 301.8584, 276.4429, 282.3145, 274.7226
40 358 11.940000 284.9656, 264.0490, 304.6203, 265.3305, 303.9886, 275.0177, 284.3339, 273.7361
40 359 11.970000 286.2963, 263.0440, 306.0383, 263.7346, 305.6900, 273.6910, 285.9480, 273.0004
40 360 12.000000 287.8294, 261.6410, 307.6234, 262.4423, 307.2114, 272.6188, 287.4175, 271.8175
40 361 12.040000 289.6980, 260.2976, 309.5827, 260.5895, 309.4294, 271.0345, 289.5447, 270.7426
40 362 12.070000 291.0190, 259.7363, 310.9621, 259.3169, 311.1860, 269.9643, 291.2429, 270.3837
40 363 12.100000 292.4071, 259.2704, 312.4003, 258.5055, 312.8143, 269.3245, 292.8210, 270.0894
40 364 12.140000 294.1824, 259.1341, 314.2239, 257.7545, 314.9825, 268.7752, 294.9410, 270.1549
40 365 12.170000 295.4526, 259.3657, 315.5105, 257.4424, 316.5794, 268.5903, 296.5215, 270.5135
40 366 12.200000 296.7403, 259.6662, 316.8386, 257.5388, 318.0312, 268.8058, 297.9329, 270.9331
40 367 12.240000 298.3355, 260.5151, 318.4668, 257.9701, 319.9071, 269.3636, 299.7759, 271.9086
40 368 12.270000 299.4358, 261.4970, 319.5698, 258.5282, 321.2589, 269.9837, 301.1249, 272.9524
40 369 12.300000 300.5207, 262.5528, 320.7043, 259.5079, 322.4426, 271.0300, 302.2589, 274.0750
40 370 12.340000 301.8140, 264.4681, 322.0359, 261.1531, 323.9318, 272.7181, 303.7098, 276.0331
40 371 12.370000 302.6486, 266.3166, 322.9229, 262.7108, 324.9790, 274.2715, 304.7046, 277.8773
40 372 12.400000 303.4687, 268.3289, 323.8181, 264.7206, 325.8683, 276.2831, 305.5189, 279.8914
40 373 12.440000 304.4053, 271.6411, 324.8433, 267.8832, 326.9595, 279.3925, 306.5214, 283.1503
40 374 12.470000 304.9984, 274.5619, 325.4975, 270.6334, 327.6891, 282.0689, 307.1899, 285.9974
40 375 12.500000 305.5511, 277.5917, 326.1372, 273.7609, 328.2534, 285.1335, 307.6674, 288.9642
40 376 12.540000 306.0394, 281.7065, 326.7261, 277.9189, 328.7905, 289.1940, 308.1038, 292.9816
40 377 12.570000 306.1565, 284.8552, 326.8650, 280.8112, 329.0215, 291.8542, 308.3131, 295.8982
40 378 12.600000 306.2282, 287.4899, 327.0504, 283.8681, 328.9370, 294.7145, 308.1148, 298.3363
40 379 12.640000 305.9468, 291.0964, 326.8272, 287.4753, 328.6504, 297.9888, 307.7700, 301.6099
40 380 12.670000 305.4841, 293.8029, 326.3715, 289.9119, 328.2843, 300.1799, 307.3968, 304.0709
40 381 12.700000 304.9782, 296.0797, 325.9675, 292.5734, 327.6533, 302.6651, 306.6641, 306.1714
40 382 12.740000 304.0028, 299.2164, 325.0752, 295.8851, 326.6823, 306.0505, 305.6099, 309.3818
40 383 12.770000 303.0459, 301.3558, 324.1555, 298.0348, 325.8025, 308.5040, 304.6929, 311.8250
40 384 12.800000 302.0414, 303.2918, 323.2464, 300.4168, 324.7060, 311.1818, 303.5009, 314.0568
40 385 12.840000 300.5126, 305.9643, 321.8385, 303.6208, 323.0649, 314.7806, 301.7390, 317.1241
40 386 12.870000 299.1761, 308.2733, 320.5061, 305.8860, 321.7877, 317.3367, 300.4577, 319.7239
40 387 12.900000 297.8931, 310.3050, 319.3483, 308.6248, 320.2706, 320.4024, 298.8154, 322.0826
40 388 12.940000 295.9815, 313.5229, 317.5025, 312.2640, 318.2135, 324.4177, 296.6924, 325.6766
40 389 12.970000 294.4793, 316.0948, 316.0714, 315.2117, 316.5798, 327.6411, 294.9877, 328.5242
40 390 13.000000 293.0241, 318.6452, 314.6835, 318.4277, 314.8110, 331.1235, 293.1516, 331.3410
40 391 13.040000 290.9858, 322.0950, 312.7118, 322.5674, 312.4274, 335.6464, 290.7014, 335.1740
40 392 13.070000 289.3096, 324.6997, 311.0893, 325.3210, 310.7063, 338.7462, 288.9266, 338.1249
40 393 13.100000 287.7975, 327.0178, 309.6109, 328.1815, 308.8795, 341.8911, 287.0661, 340.7274
40 394 13.140000 285.5970, 330.1865, 307.4786, 331.5632, 306.5910, 345.6720, 284.7094, 344.2952
40 395 13.170000 283.9053, 332.5506, 305.8488, 333.9478, 304.9330, 348.3298, 282.9895, 346.9326
40 396 13.200000 282.4199, 334.6847, 304.3955, 336.5087, 303.1835, 351.1102, 281.2079, 349.2863
40 397 13.240000 280.3911, 337.5883, 302.4268, 339.7480, 300.9673, 354.6393, 278.9316, 352.4796
40 398 13.270000 278.7068, 339.9406, 300.8288, 341.9367, 299.4644, 357.0579, 277.3424, 355.0618
40 399 13.300000 277.3788, 342.0179, 299.5267, 344.4884, 297.8215, 359.7755, 275.6735, 357.3050
40 400 13.340000 275.4686, 345.0279, 297.6952, 347.7113, 295.8220, 363.2267, 273.5954, 360.5433
40 401 13.370000 273.9504, 347.4730, 296.2710, 350.0477, 294.4608, 365.7402, 272.1403, 363.1654
40 402 13.400000 272.7786, 349.7513, 295.1267, 352.7851, 292.9797, 368.6009, 270.6316, 365.5670
40 403 13.440000 271.1279, 353.1070, 293.5544, 356.4255, 291.1875, 372.4206, 268.7610, 369.1020
40 404 13.470000 269.8714, 355.8295, 292.3830, 359.2027, 289.9645, 375.3424, 267.4530, 371.9692
40 405 13.500000 268.9491, 358.4283, 291.4751, 362.3154, 288.6739, 378.5491, 266.1478, 374.6620
40 406 13.540000 267.7095, 361.9588, 290.3067, 366.2036, 287.2410, 382.5237, 264.6438, 378.2789
40 407 13.570000 266.7803, 364.5291, 289.4869, 368.7596, 286.4275, 385.1806, 263.7209, 380.9501
40 408 13.600000 266.4120, 366.6595, 289.0946, 371.5679, 285.5450, 387.9707, 262.8625, 383.0623
40 409 13.640000 265.7152, 369.5546, 288.5585, 374.6450, 284.8943, 391.0878, 262.0510, 385.9974
40 410 13.670000 265.1987, 371.7565, 288.1900, 376.4917, 284.7792, 393.0525, 261.7878, 388.3172
40 411 13.700000 265.0955, 373.5979, 288.2124, 378.5760, 284.6438, 395.1475, 261.5269, 390.1694
40 412 13.740000 265.0298, 376.0520, 288.3454, 380.9058, 284.8759, 397.5720, 261.5603, 392.7182
40 413 13.770000 264.8708, 378.0510, 288.4091, 382.1836, 285.4629, 398.9643, 261.9246, 394.8317
40 414 13.800000 265.3310, 379.5633, 288.9708, 383.9347, 285.8723, 400.6911, 262.2325, 396.3197
40 415 13.840000 265.6981, 381.8173, 289.6157, 385.6002, 286.9528, 402.4368, 263.0352, 398.6540
40 416 13.870000 266.0348, 383.4771, 290.1849, 386.6817, 287.9432, 403.5757, 263.7931, 400.3711
40 417 13.900000 266.7579, 384.8607, 291.0625, 387.9777, 288.8968, 404.8640, 264.5923, 401.7469
40 418 13.940000 267.7160, 386.7621, 292.2664, 389.4772, 290.4060, 406.2989, 265.8556, 403.5837
40 419 13.970000 268.2983, 388.3356, 293.0867, 390.2578, 291.7824, 407.0770, 266.9940, 405.1547
40 420 14.000000 269.2609, 389.5896, 294.2120, 391.3402, 293.0365, 408.0938, 268.0855, 406.3432
40 421 14.040000 270.5227, 391.2611, 295.7078, 392.5741, 294.8345, 409.3245, 269.6494, 408.0115
40 422 14.070000 271.3072, 392.7249, 296.6927, 393.2352, 296.3568, 409.9445, 270.9713, 409.4341
40 423 14.100000 272.5383, 393.6818, 298.0627, 394.3472, 297.6287, 410.9957, 272.1043, 410.3303
40 424 14.140000 273.8475, 395.2813, 299.5978, 395.3340, 299.5638, 411.8988, 273.8135, 411.8461
40 425 14.170000 274.7687, 396.4713, 300.6820, 395.9164, 301.0360, 412.4435, 275.1226, 412.9984
40 426 14.200000 275.9765, 397.2272, 302.0357, 396.7993, 302.3065, 413.2903, 276.2472, 413.7181
40 427 14.240000 277.3796, 398.3248, 303.6387, 397.6553, 304.0579, 414.0965, 277.7988, 414.7660
40 428 14.270000 278.2530, 399.2485, 304.6598, 398.0204, 305.4222, 414.4137, 279.0154, 415.6418
40 429 14.300000 279.3842, 399.6838, 305.9371, 398.6911, 306.5489, 415.0561, 279.9960, 416.0488
40 430 14.340000 280.6217, 400.3900, 307.3660, 399.1867, 308.1003, 415.5081, 281.3560, 416.7113
40 431 14.370000 281.3245, 401.0442, 308.2013, 399.2275, 309.3013, 415.5007, 282.4244, 417.3174
40 432 14.400000 282.2249, 401.2171, 309.2453, 399.5286, 310.2606, 415.7770, 283.2402, 417.4654
40 433 14.440000 283.0874, 401.6079, 310.2789, 399.4622, 311.5568, 415.6558, 284.3653, 417.8015
40 434 14.470000 283.5066, 401.9892, 310.7977, 399.1090, 312.5001, 415.2398, 285.2090, 418.1200
40 435 14.500000 284.0972, 401.8383, 311.5301, 399.0842, 313.1484, 415.2044, 285.7156, 417.9584
40 436 14.540000 284.5934, 401.8301, 312.1894, 398.8562, 313.9239, 414.9501, 286.3278, 417.9241
40 437 14.570000 284.7751, 401.9899, 312.4754, 398.6393, 314.4171, 414.6918, 286.7168, 418.0424
40 438 14.600000 285.0692, 401.7882, 312.9259, 398.8174, 314.6398, 414.8880, 286.7830, 417.8588
40 439 14.640000 285.1580, 401.8089, 313.1900, 398.9233, 314.8443, 414.9945, 286.8123, 417.8801
40 440 14.670000 284.9901, 402.0436, 313.1295, 398.8772, 314.9367, 414.9382, 286.7973, 418.1046
40 441 14.700000 284.9252, 401.9017, 313.2156, 399.1967, 314.7564, 415.3113, 286.4660, 418.0163
40 442 14.740000 284.5124, 402.0190, 312.9679, 399.4133, 314.4481, 415.5770, 285.9926, 418.1827
40 443 14.770000 283.9674, 402.3193, 312.5246, 399.4257, 314.1647, 415.6114, 285.6074, 418.5050
40 444 14.800000 283.5222, 402.2522, 312.2146, 399.7852, 313.6124, 416.0420, 284.9200, 418.5090
40 445 14.840000 282.6209, 402.4336, 311.4638, 400.0573, 312.8097, 416.3945, 283.9668, 418.7708
40 446 14.870000 281.6972, 402.8022, 310.6311, 400.0802, 312.1723, 416.4624, 283.2383, 419.1844
40 447 14.900000 280.8950, 402.7745, 309.9496, 400.4710, 311.2557, 416.9459, 282.2011, 419.2494
40 448 14.940000 279.5048, 403.0427, 308.6918, 400.7658, 309.9842, 417.3316, 280.7972, 419.6086
40 449 14.970000 278.2206, 403.4744, 307.4868, 400.8169, 308.9949, 417.4245, 279.7287, 420.0820
