47 0 0.010000 454.7284, 379.5288, 476.8256, 379.2083, 476.9931, 390.7617, 454.8959, 391.0821
47 1 0.040000 454.2457, 377.5867, 475.9662, 375.1171, 477.2543, 386.4462, 455.5338, 388.9158
47 2 0.070000 453.6747, 372.9108, 475.1717, 369.4652, 476.9466, 380.5388, 455.4496, 383.9844
47 3 0.110000 452.6030, 365.0119, 473.9523, 360.9047, 476.0151, 371.6268, 454.6657, 375.7340
47 4 0.140000 451.5278, 359.2543, 472.4040, 353.7776, 475.1844, 364.3759, 454.3081, 369.8526
47 5 0.170000 450.4800, 352.9950, 471.4601, 347.6638, 474.0895, 358.0116, 453.1095, 363.3428
47 6 0.200000 449.3162, 347.1616, 470.2620, 341.6600, 472.9354, 351.8384, 451.9896, 357.3400
47 7 0.240000 447.6686, 339.7784, 468.6701, 334.3346, 471.2510, 344.2917, 450.2495, 349.7355
47 8 0.270000 446.3501, 334.5421, 467.4339, 329.2846, 469.8799, 339.0935, 448.7961, 344.3510
47 9 0.310000 444.4426, 328.0134, 465.5834, 322.9135, 467.9133, 332.5719, 446.7726, 337.6718
47 10 0.340000 442.8831, 323.4162, 464.0127, 318.3181, 466.3272, 327.9108, 445.1977, 333.0089
47 11 0.370000 441.2485, 318.8297, 462.4817, 314.1071, 464.5948, 323.6079, 443.3617, 328.3305
47 12 0.400000 439.4737, 314.5159, 460.6965, 309.8560, 462.7765, 319.3290, 441.5537, 323.9889
47 13 0.440000 436.9562, 308.8919, 458.2233, 304.5115, 460.1634, 313.9309, 438.8963, 318.3113
47 14 0.470000 434.9801, 304.7164, 456.3315, 300.8001, 458.0461, 310.1479, 436.6947, 314.0642
47 15 0.500000 432.8623, 300.9377, 454.1533, 296.9731, 455.8934, 306.3179, 434.6024, 310.2825
47 16 0.540000 429.9941, 296.0726, 451.3314, 292.5755, 452.8496, 301.8390, 431.5123, 305.3361
47 17 0.570000 427.8140, 292.6683, 449.2186, 289.7626, 450.4668, 298.9570, 429.0621, 301.8627
47 18 0.610000 424.8203, 288.6971, 446.2377, 286.3693, 447.2334, 295.5294, 425.8159, 297.8573
47 19 0.640000 422.5185, 286.1048, 443.9144, 284.1120, 444.7682, 293.2791, 423.3723, 295.2719
47 20 0.670000 420.2163, 283.7082, 441.6026, 282.2453, 442.2288, 291.3996, 420.8424, 292.8625
47 21 0.700000 417.8497, 281.6587, 439.1872, 280.4938, 439.6896, 289.6951, 418.3520, 290.8600
47 22 0.740000 414.6602, 279.2622, 435.9433, 278.5588, 436.2500, 287.8383, 414.9669, 288.5417
47 23 0.770000 412.2815, 277.6395, 433.5439, 277.4781, 433.6146, 286.7943, 412.3522, 286.9558
47 24 0.800000 409.8085, 276.3930, 431.0255, 276.3391, 431.0494, 285.7867, 409.8324, 285.8405
47 25 0.840000 406.5558, 274.9339, 427.7184, 275.2876, 427.5586, 284.8530, 406.3960, 284.4993
47 26 0.870000 404.1420, 274.0071, 425.2601, 274.7715, 424.9109, 284.4189, 403.7928, 283.6545
47 27 0.900000 401.6496, 273.4091, 422.7197, 274.1942, 422.3542, 284.0019, 401.2842, 283.2169
47 28 0.940000 398.3917, 272.7697, 419.4023, 273.8075, 418.9088, 283.7978, 397.8982, 282.7600
47 29 0.970000 396.0032, 272.4112, 416.9677, 273.7912, 416.3044, 283.8677, 395.3398, 282.4877
47 30 1.000000 393.5416, 272.3327, 414.4631, 273.6473, 413.8188, 283.8998, 392.8973, 282.5852
47 31 1.040000 390.3677, 272.2983, 411.2271, 273.8058, 410.4783, 284.1671, 389.6189, 282.6597
47 32 1.070000 388.0724, 272.3015, 408.8822, 274.1488, 407.9634, 284.4994, 387.1536, 282.6521
47 33 1.110000 385.0116, 272.5183, 405.7506, 274.5652, 404.7319, 284.8863, 383.9929, 282.8393
47 34 1.140000 382.6870, 272.8788, 403.3786, 274.7657, 402.4378, 285.0822, 381.7462, 283.1953
47 35 1.170000 380.5487, 273.0832, 401.1753, 275.3969, 400.0382, 285.5344, 379.4116, 283.2207
47 36 1.210000 377.6700, 273.6117, 398.2199, 276.1090, 397.0123, 286.0455, 376.4624, 283.5482
47 37 1.240000 375.4994, 274.1966, 396.0054, 276.5790, 394.8655, 286.3910, 374.3594, 284.0086
47 38 1.270000 373.4803, 274.7121, 393.9173, 277.4105, 392.6547, 286.9733, 372.2177, 284.2749
47 39 1.310000 370.7693, 275.7023, 391.1340, 278.4877, 389.8660, 287.7582, 369.5013, 284.9728
47 40 1.340000 368.7136, 276.6979, 389.0529, 279.2890, 387.8950, 288.3781, 367.5557, 285.7869
47 41 1.370000 366.8033, 277.6848, 387.0725, 280.5047, 385.8492, 289.2978, 365.5799, 286.4778
47 42 1.410000 364.1969, 279.3781, 384.4646, 282.1474, 383.3078, 290.6135, 363.0401, 287.8442
47 43 1.440000 362.2513, 280.7487, 382.5499, 283.3274, 381.4823, 291.7308, 361.1838, 289.1522
47 44 1.470000 360.4413, 281.9883, 380.7361, 284.7139, 379.5762, 293.3505, 359.2814, 290.6248
47 45 1.510000 358.0247, 283.8800, 378.3369, 286.5603, 377.1487, 295.5648, 356.8366, 292.8845
47 46 1.540000 356.2044, 285.3556, 376.5572, 287.7817, 375.4531, 297.0444, 355.1002, 294.6182
47 47 1.570000 354.5890, 286.4381, 374.9094, 289.0705, 373.6701, 298.6373, 353.3496, 296.0050
47 48 1.610000 352.4404, 287.7633, 372.7482, 290.3818, 371.4696, 300.2981, 351.1618, 297.6796
47 49 1.640000 350.7681, 288.7338, 371.1224, 290.9640, 370.0142, 301.0783, 349.6599, 298.8482
47 50 1.670000 349.3998, 289.1563, 369.6643, 291.7077, 368.3711, 301.9785, 348.1066, 299.4271
47 51 1.710000 347.3965, 289.8067, 367.6602, 292.0469, 366.5186, 302.3732, 346.2548, 300.1329
47 52 1.740000 345.8434, 290.2168, 366.1447, 291.9204, 365.2826, 302.1937, 344.9812, 300.4900
47 53 1.770000 344.6605, 289.9043, 364.8391, 292.0269, 363.7621, 302.2652, 343.5836, 300.1426
47 54 1.810000 342.9982, 289.3689, 363.0753, 291.6083, 361.9498, 301.6990, 341.8727, 299.4596
47 55 1.840000 341.7298, 288.8093, 361.7680, 290.9110, 360.7268, 300.8385, 340.6886, 298.7368
47 56 1.870000 340.7835, 287.6209, 360.6428, 290.3263, 359.3098, 300.1111, 339.4505, 297.4058
47 57 1.910000 339.5080, 285.8697, 359.1849, 289.0142, 357.6623, 298.5421, 337.9854, 295.3976
47 58 1.940000 338.4772, 284.5667, 358.1065, 287.5302, 356.7024, 296.8308, 337.0730, 293.8673
47 59 1.970000 337.8196, 282.6785, 357.2398, 286.2545, 355.5624, 295.3638, 336.1422, 291.7878
47 60 2.010000 336.8822, 280.3040, 356.1359, 284.0954, 354.3883, 292.9703, 335.1346, 289.1790
47 61 2.040000 336.1974, 278.6502, 355.3746, 282.3844, 353.6775, 291.1002, 334.5002, 287.3661
47 62 2.070000 335.8208, 276.7666, 354.7718, 281.1112, 352.8087, 289.6740, 333.8577, 285.3293
47 63 2.110000 335.2533, 274.7322, 354.0092, 279.3520, 351.9588, 287.6762, 333.2030, 283.0564
47 64 2.140000 334.8854, 273.3912, 353.5317, 278.1035, 351.4667, 286.2747, 332.8204, 281.5625
47 65 2.170000 334.6785, 272.0821, 353.1623, 277.0497, 350.9970, 285.1065, 332.5132, 280.1389
47 66 2.210000 334.5306, 270.5089, 352.8339, 275.7433, 350.5456, 283.7450, 332.2423, 278.5106
47 67 2.240000 334.4290, 269.4976, 352.7162, 274.4811, 350.4888, 282.6548, 332.2016, 277.6712
47 68 2.270000 334.6358, 268.3045, 352.7705, 273.6059, 350.3653, 281.8334, 332.2306, 276.5319
47 69 2.310000 334.9226, 267.0131, 353.0032, 272.2033, 350.5979, 280.5827, 332.5172, 275.3925
47 70 2.340000 335.2318, 266.1364, 353.3208, 271.0944, 350.9791, 279.6384, 332.8900, 274.6804
47 71 2.370000 335.8043, 265.1446, 353.8006, 270.2735, 351.3503, 278.8711, 333.3540, 273.7421
47 72 2.410000 336.6218, 264.0269, 354.6007, 268.9736, 352.1943, 277.7200, 334.2154, 272.7734
47 73 2.440000 337.2949, 263.3204, 355.3155, 267.8948, 353.0579, 276.7885, 335.0373, 272.2142
47 74 2.470000 338.2243, 262.4910, 356.1970, 267.1279, 353.8909, 276.0662, 335.9182, 271.4293
47 75 2.510000 339.5061, 261.6323, 357.4900, 266.0197, 355.2798, 275.0796, 337.2958, 270.6923
47 76 2.540000 340.4548, 261.2618, 358.5081, 265.1265, 356.5342, 274.3473, 338.4808, 270.4827
47 77 2.570000 341.5750, 260.9131, 359.6470, 264.5896, 357.7522, 273.9037, 339.6802, 270.2272
47 78 2.610000 343.0685, 260.8153, 361.2059, 263.9559, 359.5626, 273.4458, 341.4253, 270.3051
47 79 2.640000 344.2024, 260.9981, 362.3950, 263.5873, 361.0238, 273.2212, 342.8313, 270.6319
47 80 2.670000 345.4571, 261.2210, 363.6842, 263.5481, 362.4419, 273.2779, 344.2149, 270.9508
47 81 2.710000 347.1127, 261.8684, 365.3918, 263.6153, 364.4477, 273.4942, 346.1686, 271.7473
47 82 2.740000 348.3355, 262.6322, 366.6388, 263.7652, 366.0206, 273.7526, 347.7173, 272.6197
47 83 2.770000 349.6511, 263.4211, 367.9854, 264.2723, 367.5185, 274.3269, 349.1842, 273.4757
47 84 2.800000 350.8971, 264.5297, 369.2359, 264.7910, 369.0914, 274.9335, 350.7525, 274.6722
47 85 2.840000 352.5935, 266.2368, 370.9371, 265.8992, 371.1250, 276.1104, 352.7814, 276.4480
47 86 2.870000 353.8705, 267.7120, 372.2260, 267.0362, 372.6031, 277.2767, 354.2475, 277.9525
47 87 2.900000 355.0725, 269.5292, 373.3867, 268.2496, 374.1045, 278.5235, 355.7903, 279.8031
47 88 2.940000 356.6570, 272.2151, 374.9232, 270.2858, 376.0094, 280.5697, 357.7432, 282.4990
47 89 2.970000 357.8164, 274.3738, 376.0683, 272.0957, 377.3505, 282.3685, 359.0986, 284.6466
47 90 3.000000 358.8734, 276.7485, 377.0350, 273.8783, 378.6558, 284.1343, 360.4943, 287.0045
47 91 3.040000 360.1778, 279.7267, 378.2687, 276.3380, 380.1776, 286.5288, 362.0867, 289.9176
47 92 3.070000 361.0504, 281.6590, 379.1672, 278.1760, 381.1054, 288.2576, 362.9886, 291.7406
47 93 3.100000 361.7206, 283.6099, 379.7210, 279.6221, 381.9207, 289.5508, 363.9202, 293.5387
47 94 3.140000 362.4064, 285.6817, 380.3674, 281.4207, 382.6732, 291.1406, 364.7123, 295.4016
47 95 3.170000 362.7300, 286.8670, 380.7241, 282.6047, 383.0000, 292.2130, 365.0059, 296.4752
47 96 3.200000 362.8182, 288.0762, 380.6763, 283.3726, 383.1745, 292.8573, 365.3163, 297.5609
47 97 3.240000 362.6833, 289.1561, 380.5198, 284.3479, 383.0339, 293.6741, 365.1974, 298.4823
47 98 3.270000 362.4105, 289.4825, 380.3993, 285.1398, 382.6272, 294.3686, 364.6384, 298.7113
47 99 3.300000 361.8741, 289.9612, 379.8000, 285.4505, 382.0945, 294.5692, 364.1687, 299.0799
47 100 3.340000 360.9262, 290.0460, 378.9351, 285.8750, 381.0281, 294.9118, 363.0192, 299.0828
47 101 3.370000 360.0695, 289.7645, 378.2318, 286.2378, 379.9675, 295.1764, 361.8052, 298.7031
47 102 3.400000 358.9630, 289.6823, 377.0956, 286.1162, 378.8357, 294.9642, 360.7031, 298.5303
47 103 3.440000 357.3746, 289.0714, 375.6220, 286.1873, 376.9911, 294.8494, 358.7437, 297.7336
47 104 3.470000 356.0719, 288.4256, 374.4116, 286.2191, 375.4422, 294.7848, 357.1025, 296.9913
47 105 3.500000 354.6049, 288.0030, 372.9321, 285.9824, 373.8679, 294.4704, 355.5407, 296.4910
47 106 3.540000 352.6232, 287.3588, 370.9844, 286.0695, 371.5695, 294.4022, 353.2083, 295.6915
47 107 3.570000 351.1185, 286.8188, 369.4881, 286.2708, 369.7375, 294.6297, 351.3678, 295.1778
47 108 3.600000 349.5295, 286.6058, 367.8744, 286.4996, 367.9232, 294.9238, 349.5783, 295.0299
47 109 3.640000 347.4162, 286.5458, 365.7067, 287.1398, 365.4273, 295.7419, 347.1368, 295.1480
47 110 3.670000 345.8706, 286.6312, 364.0893, 287.8836, 363.4887, 296.6204, 345.2700, 295.3680
47 111 3.700000 344.2178, 287.1006, 362.3838, 288.5992, 361.6544, 297.4410, 343.4883, 295.9423
47 112 3.740000 342.0872, 287.9130, 360.1559, 289.9069, 359.1663, 298.8746, 341.0977, 296.8807
47 113 3.770000 340.5536, 288.6855, 358.5221, 291.1566, 357.2786, 300.1980, 339.3102, 297.7268
47 114 3.800000 338.9410, 289.8046, 356.8557, 292.4344, 355.5183, 301.5450, 337.6036, 298.9152
47 115 3.840000 336.8894, 291.5572, 354.7038, 294.5412, 353.1666, 303.7180, 335.3523, 300.7340
47 116 3.870000 335.4232, 293.1018, 353.1395, 296.4315, 351.4094, 305.6366, 333.6931, 302.3068
47 117 3.900000 333.8819, 295.0234, 351.5672, 298.4078, 349.7992, 307.6463, 332.1139, 304.2619
47 118 3.940000 331.9275, 297.9170, 349.5488, 301.4768, 347.6777, 310.7386, 330.0565, 307.1788
47 119 3.970000 330.5404, 300.3170, 348.0994, 304.0662, 346.1214, 313.3296, 328.5625, 309.5805
47 120 4.000000 329.0995, 302.9941, 346.6743, 306.6385, 344.7494, 315.9214, 327.1746, 312.2770
47 121 4.040000 327.3583, 306.5383, 344.9344, 310.1320, 343.0355, 319.4192, 325.4594, 315.8255
47 122 4.070000 326.3177, 308.9545, 343.8094, 312.8541, 341.7548, 322.0700, 324.2631, 318.1704
47 123 4.100000 325.1755, 311.5147, 342.7224, 315.1551, 340.8208, 324.3212, 323.2738, 320.6809
47 124 4.140000 324.0119, 314.5612, 341.5287, 318.2758, 339.6059, 327.3431, 322.0891, 323.6285
47 125 4.170000 323.3410, 316.6741, 340.7953, 320.5949, 338.7794, 329.5692, 321.3251, 325.6484
47 126 4.200000 322.5487, 318.9998, 340.0891, 322.5103, 338.3025, 331.4374, 320.7621, 327.9270
47 127 4.240000 321.7688, 321.9159, 339.3475, 325.1754, 337.7134, 333.9881, 320.1348, 330.7286
47 128 4.270000 321.3405, 324.0275, 338.9163, 327.2342, 337.3277, 335.9412, 319.7520, 332.7345
47 129 4.300000 320.8277, 326.3744, 338.4848, 329.0539, 337.1771, 337.6713, 319.5200, 334.9918
47 130 4.340000 320.3318, 329.4665, 338.0339, 331.6655, 336.9719, 340.2147, 319.2698, 338.0156
47 131 4.370000 320.0859, 331.7598, 337.7910, 333.8235, 336.7933, 342.3827, 319.0882, 340.3189
47 132 4.400000 319.7672, 334.2151, 337.5039, 335.7019, 336.7725, 344.4274, 319.0358, 342.9407
47 133 4.440000 319.4332, 337.5316, 337.1717, 338.4345, 336.7156, 347.3949, 318.9771, 346.4920
47 134 4.470000 319.2215, 340.0530, 336.9483, 340.6366, 336.6474, 349.7779, 318.9205, 349.1942
47 135 4.500000 318.9170, 342.7662, 336.6080, 342.6685, 336.6596, 351.9982, 318.9686, 352.0959
47 136 4.540000 318.5443, 346.0356, 336.1850, 345.3534, 336.5566, 354.9612, 318.9159, 355.6434
47 137 4.570000 318.2983, 348.0879, 335.9222, 347.3189, 336.3492, 357.1058, 318.7253, 357.8748
47 138 4.600000 317.8994, 350.0843, 335.4920, 348.9021, 336.1598, 358.8398, 318.5672, 360.0220
47 139 4.640000 317.3834, 352.1788, 334.9500, 350.8677, 335.7062, 360.9985, 318.1396, 362.3096
47 140 4.670000 317.0208, 353.3358, 334.5847, 352.2594, 335.2137, 362.5222, 317.6498, 363.5986
47 141 4.700000 316.3842, 354.6324, 333.9072, 353.1435, 334.7873, 363.5011, 317.2642, 364.9900
47 142 4.740000 315.5093, 355.9309, 332.9890, 354.1860, 334.0334, 364.6481, 316.5537, 366.3930
47 143 4.770000 314.7964, 356.6265, 332.2530, 354.8272, 333.3400, 365.3728, 315.8833, 367.1721
47 144 4.800000 313.8190, 357.4647, 331.1925, 355.0637, 332.6534, 365.6350, 315.2800, 368.0360
47 145 4.840000 312.5248, 358.0034, 329.8450, 355.3933, 331.4538, 366.0692, 314.1337, 368.6793
47 146 4.870000 311.5253, 358.0547, 328.8512, 355.6353, 330.3531, 366.3909, 313.0272, 368.8102
47 147 4.900000 310.2896, 358.1794, 327.6133, 355.5599, 329.2466, 366.3614, 311.9229, 368.9809
47 148 4.940000 308.5525, 357.9754, 325.9138, 355.3959, 327.5281, 366.2615, 310.1668, 368.8409
47 149 4.970000 307.3024, 357.3330, 324.6705, 355.3578, 325.9229, 366.3693, 308.5547, 368.3446
47 150 5.000000 305.6865, 357.0382, 323.1037, 354.8508, 324.4915, 365.9012, 307.0743, 368.0886
47 151 5.040000 303.6380, 356.0709, 321.0780, 354.3406, 322.1861, 365.5086, 304.7461, 367.2390
47 152 5.070000 302.0571, 355.1588, 319.5049, 353.9000, 320.3175, 365.1646, 302.8698, 366.4234
47 153 5.100000 300.2723, 354.3661, 317.7558, 353.1847, 318.5208, 364.5057, 301.0373, 365.6871
47 154 5.140000 297.8937, 352.9851, 315.4047, 352.1506, 315.9513, 363.6213, 298.4404, 364.4557
47 155 5.170000 296.2036, 351.6516, 313.6730, 351.4202, 313.8263, 362.9887, 296.3568, 363.2201
47 156 5.200000 294.2986, 350.4449, 311.7990, 350.3550, 311.8588, 361.9913, 294.3584, 362.0812
47 157 5.240000 291.7827, 348.5891, 309.3094, 348.8122, 309.1608, 360.4888, 291.6340, 360.2657
47 158 5.270000 290.0848, 346.7886, 307.5251, 347.6680, 306.9327, 359.4175, 289.4923, 358.5380
47 159 5.300000 288.0117, 345.2524, 305.5803, 345.9620, 305.1040, 357.7562, 287.5353, 357.0467
47 160 5.340000 285.6301, 342.5289, 303.1702, 343.7466, 302.3461, 355.6181, 284.8060, 354.4005
47 161 5.370000 283.9650, 340.1783, 301.4370, 341.9338, 300.2425, 353.8218, 282.7705, 352.0663
47 162 5.400000 282.0166, 337.9320, 299.6263, 339.5575, 298.5274, 351.4620, 280.9177, 349.8365
47 163 5.440000 279.7456, 334.3360, 297.3980, 336.2674, 296.0968, 348.1595, 278.4444, 346.2281
47 164 5.470000 278.3074, 331.2216, 295.8598, 333.7323, 294.1630, 345.5951, 276.6105, 343.0844
47 165 5.500000 276.5433, 328.3476, 294.2714, 330.7174, 292.6879, 342.5628, 274.9599, 340.1930
47 166 5.540000 274.5518, 324.3564, 292.3076, 327.0806, 290.4962, 338.8866, 272.7405, 336.1624
47 167 5.570000 273.0694, 321.6180, 290.8635, 324.5666, 288.9112, 336.3483, 271.1170, 333.3997
47 168 5.600000 271.4090, 319.2983, 289.3875, 322.0910, 287.5568, 333.8766, 269.5783, 331.0839
47 169 5.640000 269.3156, 316.4871, 287.4810, 319.2181, 285.7069, 331.0180, 267.5416, 328.2870
47 170 5.670000 267.8542, 314.5429, 286.1046, 317.3743, 284.2701, 329.1991, 266.0197, 326.3677
47 171 5.700000 266.2772, 312.9219, 284.7138, 315.5792, 283.0049, 327.4356, 264.5683, 324.7783
47 172 5.740000 264.3265, 310.9085, 282.9363, 313.5402, 281.2522, 325.4490, 262.6424, 322.8173
47 173 5.770000 262.9898, 309.4795, 281.6635, 312.2709, 279.8775, 324.2188, 261.2038, 321.4274
47 174 5.800000 261.5008, 308.3624, 280.3684, 310.9638, 278.7164, 322.9452, 259.8488, 320.3439
47 175 5.840000 259.6756, 306.9460, 278.7205, 309.5161, 277.0980, 321.5385, 258.0532, 318.9684
47 176 5.870000 258.4345, 305.9088, 277.5494, 308.6461, 275.8226, 320.7043, 256.7077, 317.9670
47 177 5.900000 257.0181, 305.1819, 276.3438, 307.6819, 274.7814, 319.7596, 255.4557, 317.2596
47 178 5.940000 255.2947, 304.2223, 274.8189, 306.6583, 273.3083, 318.7651, 253.7841, 316.3291
47 179 5.970000 254.1347, 303.4894, 273.7372, 306.0918, 272.1257, 318.2307, 252.5232, 315.6283
47 180 6.000000 252.7904, 303.0697, 272.6144, 305.4219, 271.1730, 317.5705, 251.3490, 315.2183
47 181 6.040000 251.1834, 302.5161, 271.1887, 304.8521, 269.7696, 317.0047, 249.7644, 314.6687
47 182 6.070000 250.0852, 302.1509, 270.1602, 304.6587, 268.6434, 316.8014, 248.5683, 314.2936
47 183 6.100000 248.7766, 302.1897, 269.0601, 304.3803, 267.7567, 316.4485, 247.4732, 314.2579
47 184 6.140000 247.1908, 302.2899, 267.6495, 304.3533, 266.4429, 316.3171, 245.9842, 314.2538
47 185 6.170000 246.0724, 302.4519, 266.6150, 304.5518, 265.4011, 316.4272, 244.8585, 314.3273
47 186 6.200000 244.8020, 302.9629, 265.5175, 304.7241, 264.5205, 316.4517, 243.8050, 314.6905
47 187 6.240000 243.2164, 303.7450, 264.0825, 305.2804, 263.2353, 316.7935, 242.3692, 315.2581
47 188 6.270000 242.1153, 304.3751, 263.0388, 305.9719, 262.1721, 317.3279, 241.2487, 315.7311
47 189 6.300000 240.8543, 305.4040, 261.9069, 306.6320, 261.2574, 317.7670, 240.2047, 316.5389
47 190 6.340000 239.2649, 306.8884, 260.4222, 307.8881, 259.9093, 318.7431, 238.7520, 317.7434
47 191 6.370000 238.1279, 308.1100, 259.3242, 309.1380, 258.8078, 319.7847, 237.6116, 318.7567
47 192 6.400000 236.8459, 309.7870, 258.1228, 310.4103, 257.8192, 320.7729, 236.5424, 320.1497
47 193 6.440000 235.1708, 312.1772, 256.5670, 312.5772, 256.3802, 322.5711, 234.9839, 322.1711
47 194 6.470000 233.9102, 314.1707, 255.3964, 314.4807, 255.2560, 324.2119, 233.7698, 323.9019
47 195 6.500000 232.5556, 316.4801, 254.1460, 316.4166, 254.1738, 325.8557, 232.5833, 325.9193
47 196 6.540000 230.7721, 319.4860, 252.4747, 319.1485, 252.6161, 328.2422, 230.9135, 328.5796
47 197 6.570000 229.4620, 321.2507, 251.2455, 321.0218, 251.3418, 330.1888, 229.5583, 330.4177
47 198 6.600000 228.0157, 323.1742, 249.8766, 322.5754, 250.1373, 332.0947, 228.2765, 332.6935
47 199 6.640000 226.1059, 325.5078, 248.0652, 324.7501, 248.4067, 334.6451, 226.4473, 335.4028
47 200 6.670000 224.6915, 327.0993, 246.7259, 326.4831, 247.0080, 336.5705, 224.9736, 337.1867
47 201 6.700000 223.1042, 328.9606, 245.1852, 327.8607, 245.6973, 338.1404, 223.6163, 339.2404
47 202 6.740000 221.0215, 331.1930, 243.1787, 329.9151, 243.7819, 340.3743, 221.6247, 341.6522
47 203 6.770000 219.4867, 332.6947, 241.7265, 331.6682, 242.2116, 342.1786, 219.9718, 343.2052
47 204 6.800000 217.8024, 334.4487, 240.0859, 333.1714, 240.6919, 343.7424, 218.4083, 345.0196
47 205 6.840000 215.5705, 336.6703, 237.9294, 335.4394, 238.5110, 346.0018, 216.1520, 347.2328
47 206 6.870000 213.9339, 338.1813, 236.3780, 337.4139, 236.7379, 347.9384, 214.2938, 348.7058
47 207 6.900000 212.1310, 340.0598, 234.6111, 339.1250, 235.0483, 349.6382, 212.5682, 350.5730
47 208 6.940000 209.8030, 342.4092, 232.3627, 341.8603, 232.6164, 352.2884, 210.0568, 352.8373
47 209 6.970000 208.0778, 344.1918, 230.6825, 344.1321, 230.7097, 354.4514, 208.1051, 354.5111
47 210 7.000000 206.2655, 346.1958, 228.9064, 346.3218, 228.8494, 356.5502, 206.2086, 356.4241
47 211 7.040000 203.8685, 348.8887, 226.5513, 349.3898, 226.3290, 359.4544, 203.6462, 358.9534
47 212 7.070000 202.1407, 350.8090, 224.8387, 351.8593, 224.3799, 361.7737, 201.6820, 360.7233
47 213 7.100000 200.2595, 353.0547, 223.0078, 353.9918, 222.6028, 363.8238, 199.8545, 362.8868
47 214 7.140000 197.8920, 355.9026, 220.6791, 357.1500, 220.1494, 366.8273, 197.3622, 365.5799
47 215 7.170000 196.2096, 357.9986, 218.9937, 359.7315, 218.2567, 369.4209, 195.4726, 367.6880
47 216 7.200000 194.4160, 360.3775, 217.2554, 362.0773, 216.5308, 371.8134, 193.6914, 370.1136
47 217 7.240000 192.1839, 363.3790, 215.0513, 365.3955, 214.1726, 375.3602, 191.3051, 373.3436
47 218 7.270000 190.6248, 365.6542, 213.4697, 368.1383, 212.3647, 378.3006, 189.5198, 375.8165
47 219 7.300000 188.9513, 368.3590, 211.8553, 370.8322, 210.7411, 381.1510, 187.8370, 378.6779
47 220 7.340000 186.8471, 372.1534, 209.7889, 374.8432, 208.5513, 385.3979, 185.6096, 382.7081
47 221 7.370000 185.3504, 375.2165, 208.2916, 378.1927, 206.8970, 388.9429, 183.9558, 385.9668
47 222 7.400000 183.7499, 378.7653, 206.7738, 381.6643, 205.3984, 392.5869, 182.3745, 389.6879
47 223 7.440000 181.7029, 383.8917, 204.8083, 386.8318, 203.3849, 398.0178, 180.2795, 395.0777
47 224 7.470000 180.2232, 388.0308, 203.3767, 391.0636, 201.8842, 402.4580, 178.7306, 399.4252
47 225 7.500000 178.6707, 392.4882, 201.9541, 395.3019, 200.5550, 406.8797, 177.2716, 404.0660
47 226 7.540000 176.8102, 398.1205, 200.2167, 400.8011, 198.8637, 412.6153, 175.4572, 409.9347
47 227 7.570000 175.7530, 401.6296, 199.1047, 404.6350, 197.5399, 416.7930, 174.1883, 413.7875
47 228 7.600000 174.5521, 405.1468, 198.0307, 407.8356, 196.6198, 420.1561, 173.1412, 417.4674
47 229 7.640000 173.3049, 408.9622, 196.8319, 411.5357, 195.4358, 424.2978, 171.9089, 421.7242
47 230 7.670000 172.6282, 411.2886, 196.1025, 414.0614, 194.5624, 427.1008, 171.0880, 424.3280
47 231 7.700000 171.6310, 413.8525, 195.3294, 415.8680, 194.2095, 429.0358, 170.5110, 427.0203
47 232 7.740000 170.7739, 416.3848, 194.5245, 418.1779, 193.5125, 431.5820, 169.7620, 429.7890
47 233 7.770000 170.4688, 417.6419, 194.0797, 419.8391, 192.8077, 433.5084, 169.1968, 431.3112
47 234 7.800000 169.8193, 419.1914, 193.5561, 420.8842, 192.5726, 434.6749, 168.8358, 432.9821
47 235 7.840000 169.4291, 420.4171, 193.0665, 422.2878, 191.9515, 436.3754, 168.3142, 434.5047
47 236 7.870000 169.3556, 420.9309, 192.8108, 423.2508, 191.3931, 437.5846, 167.9379, 435.2648
47 237 7.900000 169.0405, 421.6239, 192.5092, 423.7642, 191.1873, 438.2589, 167.7186, 436.1186
47 238 7.940000 168.9212, 422.0340, 192.2626, 424.3626, 190.7881, 439.1427, 167.4467, 436.8142
47 239 7.970000 169.1873, 421.8637, 192.2228, 424.8504, 190.2708, 439.9053, 167.2353, 436.9185
47 240 8.000000 169.1030, 421.9669, 192.1572, 424.8564, 190.2476, 440.0926, 167.1934, 437.2031
47 241 8.040000 169.3213, 421.6146, 192.2533, 424.7903, 190.1116, 440.2562, 167.1795, 437.0805
47 242 8.070000 169.8604, 420.8949, 192.4881, 424.7355, 189.8335, 440.3751, 167.2058, 436.5344
47 243 8.100000 170.0256, 420.4245, 192.6978, 424.1292, 190.1273, 439.8602, 167.4551, 436.1555
47 244 8.140000 170.7695, 419.1935, 193.2211, 423.2992, 190.3222, 439.1514, 167.8707, 435.0457
47 245 8.170000 171.7032, 417.8876, 193.7819, 422.6315, 190.3656, 438.5313, 168.2869, 433.7874
47 246 8.200000 172.2210, 416.8086, 194.3694, 421.3728, 191.0889, 437.2917, 168.9406, 432.7276
47 247 8.240000 173.3911, 414.8694, 195.4042, 419.5764, 192.0046, 435.4755, 169.9915, 430.7685
47 248 8.270000 174.6697, 413.0083, 196.3808, 418.1439, 192.6327, 433.9893, 170.9216, 428.8536
47 249 8.300000 175.5215, 411.3220, 197.4163, 416.0514, 194.0032, 431.8522, 172.1084, 427.1228
47 250 8.340000 177.2191, 408.4563, 199.0817, 413.0773, 195.7664, 428.7628, 173.9037, 424.1418
47 251 8.370000 178.9293, 405.7936, 200.5534, 410.6848, 197.0358, 426.2363, 175.4117, 421.3452
47 252 8.400000 180.1767, 403.2657, 202.0783, 407.4836, 199.1084, 422.9048, 177.2068, 418.6869
47 253 8.440000 182.4402, 399.1132, 204.4005, 402.9156, 201.7736, 418.0877, 179.8132, 414.2854
47 254 8.470000 184.6449, 395.3223, 206.3740, 399.3403, 203.6063, 414.3075, 181.8773, 410.2894
47 255 8.500000 186.4373, 391.7352, 208.3446, 395.0755, 206.0962, 409.8218, 184.1889, 406.4814
47 256 8.540000 189.1771, 386.7435, 211.1275, 389.5214, 209.2980, 403.9776, 187.3476, 401.1997
47 257 8.570000 191.2436, 383.2022, 213.2583, 385.4837, 211.7834, 399.7157, 189.7687, 397.4343
47 258 8.600000 193.1272, 380.0670, 215.3374, 381.4177, 214.4887, 395.3737, 192.2785, 394.0230
47 259 8.640000 195.8395, 375.9551, 218.1622, 376.3744, 217.9077, 389.9280, 195.5850, 389.5088
47 260 8.670000 198.0216, 372.8111, 220.3359, 372.8740, 220.2986, 386.1195, 197.9843, 386.0566
47 261 8.700000 200.0272, 369.9954, 222.3954, 369.2529, 222.8219, 382.0986, 200.4536, 382.8411
47 262 8.740000 202.8625, 365.9869, 225.2017, 364.7163, 225.9026, 377.0388, 203.5634, 378.3094
47 263 8.770000 205.0253, 362.8001, 227.3083, 361.4056, 228.0576, 373.3785, 205.7746, 374.7731
47 264 8.800000 207.0334, 359.7518, 229.2885, 357.9111, 230.2449, 369.4750, 207.9898, 371.3157
47 265 8.840000 209.6807, 355.4224, 231.8598, 353.1940, 232.9697, 364.2410, 210.7907, 366.4694
47 266 8.870000 211.7355, 351.6211, 233.8695, 349.8063, 234.7499, 360.5444, 212.6159, 362.3591
47 267 8.900000 213.4948, 348.2242, 235.5650, 345.8548, 236.6657, 356.1072, 214.5955, 358.4767
47 268 8.940000 215.8779, 342.8743, 237.8946, 340.6102, 238.8997, 350.3838, 216.8830, 352.6480
47 269 8.970000 217.6458, 338.4037, 239.6302, 336.6352, 240.3941, 346.1317, 218.4097, 347.9001
47 270 9.000000 219.1063, 334.1708, 241.0094, 331.8129, 242.0273, 341.2689, 220.1243, 343.6268
47 271 9.040000 221.1379, 328.3904, 242.9828, 326.1703, 243.9800, 335.9820, 222.1351, 338.2021
47 272 9.070000 222.6713, 324.3817, 244.5125, 322.5917, 245.3364, 332.6446, 223.4952, 334.4346
47 273 9.100000 224.1350, 320.9233, 245.9512, 319.3649, 246.6863, 329.6552, 224.8701, 331.2136
47 274 9.140000 226.0533, 316.9395, 247.8447, 315.7758, 248.4093, 326.3474, 226.6178, 327.5111
47 275 9.170000 227.4724, 314.3664, 249.2504, 313.5707, 249.6436, 324.3346, 227.8656, 325.1302
47 276 9.200000 228.8256, 312.2246, 250.5741, 311.6135, 250.8820, 322.5713, 229.1335, 323.1824
47 277 9.240000 230.6166, 309.8075, 252.3319, 309.5460, 252.4666, 320.7315, 230.7513, 320.9930
47 278 9.270000 231.9665, 308.2769, 253.6626, 308.3959, 253.6004, 319.7217, 231.9044, 319.6027
47 279 9.300000 233.2376, 307.1567, 254.8925, 307.3708, 254.7792, 318.8318, 233.1243, 318.6177
47 280 9.340000 234.9495, 306.0191, 256.5532, 306.4904, 256.3005, 318.0720, 234.6969, 317.6007
47 281 9.370000 236.2658, 305.4010, 257.8363, 306.2218, 257.3942, 317.8430, 235.8236, 317.0223
47 282 9.400000 237.5076, 305.1817, 259.0252, 306.0529, 258.5530, 317.7144, 237.0354, 316.8432
47 283 9.440000 239.2191, 305.1915, 260.6717, 306.3421, 260.0468, 317.9924, 238.5943, 316.8418
47 284 9.470000 240.5503, 305.4093, 261.9520, 306.9161, 261.1358, 318.5086, 239.7342, 317.0018
47 285 9.500000 241.8094, 305.9532, 263.1473, 307.4707, 262.3251, 319.0329, 240.9872, 317.5154
47 286 9.540000 243.5873, 306.7085, 264.8336, 308.4232, 263.9125, 319.8359, 242.6663, 318.1212
47 287 9.570000 245.0532, 307.1455, 266.2116, 309.2890, 265.0785, 320.4740, 243.9200, 318.3305
47 288 9.600000 246.4152, 307.7981, 267.4912, 309.8017, 266.4469, 320.7873, 245.3709, 318.7838
47 289 9.640000 248.4346, 308.4033, 269.3763, 310.6256, 268.2451, 321.2859, 247.3033, 319.0636
47 290 9.670000 250.0919, 308.6912, 270.9069, 311.3331, 269.5904, 321.7052, 248.7754, 319.0632
47 291 9.700000 251.6364, 309.2118, 272.3616, 311.6553, 271.1639, 321.8140, 250.4387, 319.3705
47 292 9.740000 253.8997, 309.6815, 274.4733, 312.2348, 273.2547, 322.0543, 252.6811, 319.5011
47 293 9.770000 255.7633, 309.8635, 276.1767, 312.8025, 274.8074, 322.3136, 254.3939, 319.3746
47 294 9.800000 257.4903, 310.3124, 277.8285, 312.9628, 276.6188, 322.2458, 256.2806, 319.5955
47 295 9.840000 260.0164, 310.6761, 280.1949, 313.3495, 278.9795, 322.5228, 258.8011, 319.8495
47 296 9.870000 262.0703, 310.6068, 282.0982, 313.4812, 280.7547, 322.8422, 260.7268, 319.9679
47 297 9.900000 264.0188, 310.7540, 283.9787, 313.2988, 282.7587, 322.8680, 262.7987, 320.3232
47 298 9.940000 266.7866, 310.7667, 286.6129, 313.1459, 285.4295, 323.0069, 265.6032, 320.6277
47 299 9.970000 269.0138, 310.6209, 288.6866, 313.1463, 287.3938, 323.2170, 267.7210, 320.6916
47 300 10.000000 271.0824, 310.7541, 290.7067, 312.8577, 289.6059, 323.1268, 269.9816, 321.0232
47 301 10.040000 273.9987, 310.7716, 293.5023, 312.6174, 292.5093, 323.1107, 273.0056, 321.2649
47 302 10.070000 276.3444, 310.5899, 295.6933, 312.5789, 294.5972, 323.2421, 275.2483, 321.2532
47 303 10.100000 278.4511, 310.7333, 297.7863, 312.1663, 296.9823, 323.0136, 277.6471, 321.5806
47 304 10.140000 281.5286, 310.5565, 300.7215, 311.9145, 299.9383, 322.9838, 280.7454, 321.6258
47 305 10.170000 283.8610, 310.3738, 302.9525, 311.7204, 302.1612, 322.9397, 283.0696, 321.5930
47 306 10.200000 286.0933, 310.3119, 305.1255, 311.3594, 304.5006, 322.7138, 285.4684, 321.6663
47 307 10.240000 289.0881, 310.1395, 308.0517, 310.8584, 307.6144, 322.3955, 288.6508, 321.6766
47 308 10.270000 291.4636, 309.8071, 310.3047, 310.6046, 309.8109, 322.2704, 290.9698, 321.4729
47 309 10.300000 293.6627, 309.6501, 312.4694, 310.1330, 312.1672, 321.8998, 293.3605, 321.4169
47 310 10.340000 296.6404, 309.2898, 315.3701, 309.5254, 315.2203, 321.4311, 296.4907, 321.1955
47 311 10.370000 299.0263, 308.7546, 317.6199, 309.2325, 317.3113, 321.2408, 298.7177, 320.7630
47 312 10.400000 301.1790, 308.4392, 319.7441, 308.6580, 319.6016, 320.7504, 301.0365, 320.5316
47 313 10.440000 304.1479, 307.7886, 322.6223, 307.9789, 322.4967, 320.1758, 304.0223, 319.9856
47 314 10.470000 306.4878, 307.0885, 324.8293, 307.5654, 324.5102, 319.8363, 306.1687, 319.3594
47 315 10.500000 308.5724, 306.6120, 326.9110, 306.8503, 326.7508, 319.1809, 308.4122, 318.9427
47 316 10.540000 311.4707, 305.7457, 329.7364, 305.9888, 329.5713, 318.3894, 311.3057, 318.1463
47 317 10.570000 313.7173, 304.9464, 331.8833, 305.3882, 331.5805, 317.8383, 313.4145, 317.3965
47 318 10.600000 315.6835, 304.3975, 333.8932, 304.4662, 333.8461, 316.9497, 315.6364, 316.8810
47 319 10.640000 318.4139, 303.4307, 336.6115, 303.3048, 336.6981, 315.8243, 318.5005, 315.9501
47 320 10.670000 320.5365, 302.5171, 338.6850, 302.4727, 338.7157, 315.0172, 320.5672, 315.0616
47 321 10.700000 322.3760, 301.8302, 340.5849, 301.3105, 340.9426, 313.8460, 322.7337, 314.3657
47 322 10.740000 324.9211, 300.6165, 343.1486, 299.7940, 343.7136, 312.3143, 325.4860, 313.1367
47 323 10.770000 326.8982, 299.4433, 345.0883, 298.6808, 345.6129, 311.1954, 327.4228, 311.9579
47 324 10.800000 328.5709, 298.4777, 346.8327, 297.1902, 347.7112, 309.6499, 329.4494, 310.9374
47 325 10.840000 330.8396, 296.8154, 349.1359, 295.1569, 350.2587, 307.5429, 331.9623, 309.2014
47 326 10.870000 332.5741, 295.2138, 350.8569, 293.6016, 351.9455, 305.9467, 333.6627, 307.5589
47 327 10.900000 333.9592, 293.8123, 352.3114, 291.5753, 353.8012, 303.7977, 335.4490, 306.0347
47 328 10.940000 335.8237, 291.3753, 354.2127, 288.7891, 355.9125, 300.8746, 337.5234, 303.4609
47 329 10.970000 337.2449, 289.0562, 355.6373, 286.6860, 357.1875, 298.7154, 338.7951, 301.0856
47 330 11.000000 338.3117, 286.9946, 356.7554, 284.1515, 358.5890, 296.0459, 340.1452, 298.8890
47 331 11.040000 339.7534, 283.9750, 358.2424, 281.0286, 360.1207, 292.8150, 341.6317, 295.7614
47 332 11.070000 340.7766, 281.7816, 359.2933, 278.8927, 361.1214, 290.6102, 342.6047, 293.4991
47 333 11.100000 341.5919, 279.9659, 360.1418, 276.7376, 362.1574, 288.3193, 343.6075, 291.5475
47 334 11.140000 342.6042, 277.6235, 361.1871, 274.1642, 363.3118, 285.5779, 344.7290, 289.0372
47 335 11.170000 343.3026, 275.8682, 361.9174, 272.4557, 363.9894, 283.7585, 345.3746, 287.1709
47 336 11.200000 343.7842, 274.4273, 362.4116, 270.6653, 364.6584, 281.7900, 346.0309, 285.5520
47 337 11.240000 344.3243, 272.4130, 362.9836, 268.5200, 365.2617, 279.4393, 346.6025, 283.3323
47 338 11.270000 344.6382, 270.8032, 363.3430, 267.0748, 365.4942, 277.8668, 346.7894, 281.5953
47 339 11.300000 344.7165, 269.4651, 363.4304, 265.4751, 365.6902, 276.0742, 346.9763, 280.0641
47 340 11.340000 344.6764, 267.5011, 363.4334, 263.5052, 365.6430, 273.8769, 346.8859, 277.8728
47 341 11.370000 344.5323, 265.8467, 363.3615, 262.1494, 365.3702, 272.3789, 346.5409, 276.0762
47 342 11.400000 344.1368, 264.4473, 362.9758, 260.5485, 365.0506, 270.5741, 346.2116, 274.4729
47 343 11.440000 343.4346, 262.3274, 362.3293, 258.4943, 364.3158, 268.2862, 345.4211, 272.1193
47 344 11.470000 342.7747, 260.5359, 361.7828, 257.0245, 363.5630, 266.6614, 344.5550, 270.1728
47 345 11.500000 341.8530, 259.0987, 360.8688, 255.2290, 362.7875, 264.6577, 343.7717, 268.5274
47 346 11.540000 340.5032, 256.9258, 359.6526, 253.1898, 361.4534, 262.4204, 342.3040, 266.1563
47 347 11.570000 339.3415, 255.0676, 358.6425, 251.7099, 360.2597, 261.0060, 340.9588, 264.3638
47 348 11.600000 337.9886, 253.5589, 357.3622, 250.1372, 359.0375, 259.6228, 339.6639, 263.0445
47 349 11.640000 336.0406, 251.5017, 355.5748, 248.3417, 357.1746, 258.2308, 337.6404, 261.3908
47 350 11.670000 334.4629, 250.0045, 354.1325, 247.1539, 355.6095, 257.3453, 335.9399, 260.1959
47 351 11.700000 332.7086, 248.7558, 352.4648, 245.8941, 353.9808, 256.3606, 334.2246, 259.2223
47 352 11.740000 330.2078, 247.1280, 350.0946, 244.3509, 351.6098, 255.2017, 331.7231, 257.9788
47 353 11.770000 328.2537, 245.7698, 348.2833, 243.4131, 349.5989, 254.5943, 329.5692, 256.9510
47 354 11.800000 326.0800, 244.7982, 346.1739, 242.2400, 347.6308, 253.6836, 327.5369, 256.2418
47 355 11.840000 323.0753, 243.3561, 343.3048, 240.9437, 344.7105, 252.7312, 324.4809, 255.1435
47 356 11.870000 320.7397, 242.1599, 341.0977, 240.1219, 342.3067, 252.1995, 321.9488, 254.2374
47 357 11.900000 318.1789, 241.3290, 338.5968, 239.0345, 339.9803, 251.3461, 319.5624, 253.6406
47 358 11.940000 314.6654, 240.0230, 335.2053, 237.7977, 336.5778, 250.4664, 316.0379, 252.6917
47 359 11.970000 311.9272, 239.0166, 332.5691, 236.9682, 333.8499, 249.8754, 313.2080, 251.9237
47 360 12.000000 308.9952, 238.2793, 329.6916, 235.9571, 331.1624, 249.0658, 310.4660, 251.3880
47 361 12.040000 304.9723, 237.2313, 325.7829, 234.8258, 327.3274, 248.1877, 306.5168, 250.5932
47 362 12.070000 301.8849, 236.3413, 322.9092, 234.2144, 324.2792, 247.7571, 303.2549, 249.8840
47 363 12.100000 298.5927, 235.8187, 319.6674, 233.4328, 321.2117, 247.0743, 300.1371, 249.4602
47 364 12.140000 294.0977, 235.0143, 315.3590, 232.6557, 316.8844, 246.4058, 295.6230, 248.7644
47 365 12.170000 290.6518, 234.3123, 312.1517, 232.2794, 313.4576, 246.0904, 291.9577, 248.1232
47 366 12.200000 287.0218, 233.8937, 308.6238, 231.7495, 309.9959, 245.5726, 288.3939, 247.7168
47 367 12.240000 282.0803, 233.2363, 303.9252, 231.2779, 305.1624, 245.0780, 283.3175, 247.0365
47 368 12.270000 278.3266, 232.6148, 300.4405, 231.1387, 301.3593, 244.9037, 279.2454, 246.3798
47 369 12.300000 274.3841, 232.3123, 296.6326, 230.8008, 297.5623, 244.4854, 275.3138, 245.9968
47 370 12.340000 269.0805, 231.7501, 291.6111, 230.6118, 292.2969, 244.1845, 269.7663, 245.3228
47 371 12.370000 265.0924, 231.2271, 287.8937, 230.7163, 288.1945, 244.1424, 265.3932, 244.6532
47 372 12.400000 260.9144, 231.0504, 283.8716, 230.5570, 284.1573, 243.8519, 261.2001, 244.3453
47 373 12.440000 255.3908, 230.6428, 278.6359, 230.7450, 278.5786, 243.7806, 255.3334, 243.6783
47 374 12.470000 251.2423, 230.3095, 274.7129, 231.0319, 274.3175, 243.8761, 250.8469, 243.1537
47 375 12.500000 247.0161, 230.1642, 270.6673, 231.2519, 270.0863, 243.8863, 246.4351, 242.7986
47 376 12.540000 241.3651, 230.0159, 265.2603, 231.5933, 264.4458, 243.9322, 240.5506, 242.3548
47 377 12.570000 237.2677, 229.7123, 261.3155, 232.1385, 260.1023, 244.1638, 236.0545, 241.7376
47 378 12.600000 232.9633, 229.7857, 257.1793, 232.1790, 256.0083, 244.0273, 231.7923, 241.6340
47 379 12.640000 227.4402, 229.5926, 251.8430, 232.5321, 250.4482, 244.1117, 226.0453, 241.1722
47 380 12.670000 223.4123, 229.3599, 247.9238, 232.9309, 246.2750, 244.2487, 221.7635, 240.6776
47 381 12.700000 219.2465, 229.4106, 243.9316, 232.9019, 242.3471, 244.1051, 217.6620, 240.6138
47 382 12.740000 213.9354, 229.2616, 238.7872, 233.1531, 237.0707, 244.1149, 212.2189, 240.2235
47 383 12.770000 210.1106, 229.0272, 235.0446, 233.4717, 233.1251, 244.2404, 208.1910, 239.7959
47 384 12.800000 206.1835, 229.0523, 231.2934, 233.4170, 229.4327, 244.1215, 204.3228, 239.7567
47 385 12.840000 201.2092, 228.9067, 226.4772, 233.6090, 224.5049, 244.2071, 199.2369, 239.5047
47 386 12.870000 197.6976, 228.6536, 223.0042, 233.9830, 220.7774, 244.5567, 195.4709, 239.2273
47 387 12.900000 194.0967, 228.6660, 219.5666, 233.9906, 217.3503, 244.5918, 191.8805, 239.2671
47 388 12.940000 189.5930, 228.5256, 215.1845, 234.2529, 212.8050, 244.8854, 187.2134, 239.1581
47 389 12.970000 186.4951, 228.1925, 212.0780, 234.5944, 209.3942, 245.3190, 183.8113, 238.9170
47 390 13.000000 183.2726, 228.2722, 209.0210, 234.6318, 206.3585, 245.4118, 180.6100, 239.0522
47 391 13.040000 179.3507, 228.1684, 205.1998, 234.9467, 202.3544, 245.7976, 176.5053, 239.0193
47 392 13.070000 176.6960, 227.9634, 202.5214, 235.3503, 199.4030, 246.2526, 173.5776, 238.8658
47 393 13.100000 173.9401, 228.1329, 199.9431, 235.4617, 196.8667, 246.3767, 170.8638, 239.0479
47 394 13.140000 170.6835, 228.1744, 196.7885, 235.8444, 193.5767, 246.7758, 167.4717, 239.1057
47 395 13.170000 168.5782, 228.0602, 194.6419, 236.3236, 191.1729, 247.2652, 165.1092, 239.0017
47 396 13.200000 166.3923, 228.3175, 192.6287, 236.5248, 189.2118, 247.4474, 162.9754, 239.2401
47 397 13.240000 164.0043, 228.4187, 190.2674, 237.1192, 186.6559, 248.0207, 160.3929, 239.3201
47 398 13.270000 162.6372, 228.3195, 188.7426, 237.8123, 184.7802, 248.7089, 158.6749, 239.2162
47 399 13.300000 161.1568, 228.6688, 187.3891, 238.1893, 183.4443, 249.0588, 157.2119, 239.5383
47 400 13.340000 159.6644, 229.0714, 185.9359, 238.9169, 181.8721, 249.7607, 155.6006, 239.9152
47 401 13.370000 158.9523, 229.2994, 185.1163, 239.6881, 180.8190, 250.5110, 154.6549, 240.1224
47 402 13.400000 158.1132, 230.0235, 184.4994, 240.1548, 180.3605, 250.9344, 153.9743, 240.8031
47 403 13.440000 157.5862, 230.8675, 184.0553, 241.1374, 179.8872, 251.8801, 153.4181, 241.6102
47 404 13.470000 157.5538, 231.5145, 183.9999, 242.0566, 179.7224, 252.7872, 153.2763, 242.2451
47 405 13.500000 157.4859, 232.5694, 184.1670, 242.7644, 180.0768, 253.4686, 153.3958, 243.2737
47 406 13.540000 157.9843, 233.8294, 184.8026, 243.9129, 180.7585, 254.6688, 153.9401, 244.5853
47 407 13.570000 158.7959, 234.6854, 185.5762, 245.0060, 181.4213, 255.7874, 154.6409, 245.4667
47 408 13.600000 159.5374, 235.9463, 186.5972, 245.6677, 182.6921, 256.5378, 155.6322, 246.8164
47 409 13.640000 161.0869, 237.5191, 188.3405, 246.8378, 184.5902, 257.8060, 157.3366, 248.4873
47 410 13.670000 162.6688, 238.5676, 189.9451, 247.8659, 186.1584, 258.9741, 158.8821, 249.6758
47 411 13.700000 164.1738, 240.0619, 191.7299, 248.5777, 188.2557, 259.8200, 160.6996, 251.3042
47 412 13.740000 166.7210, 241.8837, 194.4488, 249.8268, 191.1577, 261.3155, 163.4299, 253.3724
47 413 13.770000 168.9434, 243.2211, 196.7194, 250.9452, 193.4644, 262.6504, 165.6884, 254.9263
47 414 13.800000 171.1223, 244.9650, 199.1001, 251.8921, 196.1554, 263.7857, 168.1776, 256.8586
47 415 13.840000 174.3709, 247.3318, 202.5133, 253.4539, 199.8633, 265.6357, 171.7209, 259.5136
47 416 13.870000 177.1230, 249.0315, 205.2584, 254.9822, 202.6257, 267.4299, 174.4903, 261.4792
47 417 13.900000 179.7275, 251.2998, 208.0233, 256.3731, 205.7546, 269.0267, 177.4587, 263.9534
47 418 13.940000 183.4940, 254.4200, 211.8757, 258.7358, 209.9036, 271.7044, 181.5220, 267.3886
47 419 13.970000 186.4370, 256.9641, 214.8553, 260.8174, 213.0631, 274.0347, 184.6449, 270.1815
47 420 14.000000 189.2683, 259.9850, 217.8206, 262.9025, 216.4495, 276.3213, 187.8972, 273.4039
47 421 14.040000 193.2457, 264.0152, 221.8878, 266.0259, 220.9252, 279.7386, 192.2830, 277.7279
47 422 14.070000 196.4749, 266.7605, 225.0837, 268.7157, 224.1284, 282.6940, 195.5196, 280.7388
47 423 14.100000 199.5388, 269.9082, 228.1970, 271.1900, 227.5641, 285.3386, 198.9060, 284.0568
47 424 14.140000 203.7769, 273.9739, 232.4389, 274.7454, 232.0516, 289.1361, 203.3896, 288.3646
47 425 14.170000 207.0718, 276.9188, 235.6920, 277.6495, 235.3200, 292.2237, 206.6998, 291.4930
47 426 14.200000 210.1476, 280.3670, 238.8022, 280.3454, 238.8133, 294.9761, 210.1586, 294.9977
47 427 14.240000 214.3992, 284.8237, 243.0360, 284.3462, 243.2817, 299.0827, 214.6450, 299.5602
47 428 14.270000 217.6526, 288.1550, 246.2514, 287.6360, 246.5205, 302.4606, 217.9216, 302.9796
47 429 14.300000 220.6974, 292.0155, 249.3062, 290.8300, 249.9200, 305.6413, 221.3112, 306.8268
47 430 14.340000 224.8268, 297.2515, 253.4176, 295.6009, 254.2736, 310.4290, 225.6828, 312.0796
47 431 14.370000 227.9491, 301.3259, 256.5341, 299.6176, 257.4232, 314.4954, 228.8382, 316.2037
47 432 14.400000 230.8855, 306.0149, 259.4976, 303.7532, 260.6727, 318.6201, 232.0607, 320.8818
47 433 14.440000 234.8222, 312.6710, 263.4684, 310.0279, 264.8459, 324.9565, 236.1996, 327.5996
47 434 14.470000 237.7524, 318.0448, 266.4301, 315.2679, 267.8857, 330.3013, 239.2080, 333.0781
47 435 14.500000 240.5261, 323.8995, 269.2430, 320.6460, 270.9540, 335.7482, 242.2371, 339.0017
47 436 14.540000 244.1122, 331.3767, 272.8930, 327.7800, 274.7939, 342.9910, 246.0132, 346.5877
47 437 14.570000 246.7020, 336.3395, 275.5471, 332.8411, 277.4052, 348.1609, 248.5600, 351.6593
47 438 14.600000 248.9893, 341.1914, 277.8894, 337.2423, 279.9843, 352.5737, 251.0842, 356.5228
47 439 14.640000 251.8719, 346.7505, 280.8648, 342.6580, 283.0391, 358.0620, 254.0463, 362.1544
47 440 14.670000 253.9569, 350.1810, 283.0459, 346.5279, 284.9900, 362.0091, 255.9010, 365.6622
47 441 14.700000 255.6484, 353.8052, 284.8056, 349.6538, 287.0006, 365.0703, 257.8434, 369.2217
47 442 14.740000 257.7755, 357.7570, 287.0466, 353.5470, 289.2670, 368.9842, 259.9958, 373.1942
47 443 14.770000 259.2785, 360.0564, 288.6535, 356.2825, 290.6521, 371.8393, 261.2771, 375.6132
47 444 14.800000 260.3528, 362.6816, 289.7979, 358.2601, 292.1299, 373.7901, 262.6849, 378.2117
47 445 14.840000 261.6853, 365.2552, 291.2568, 360.7636, 293.6320, 376.4011, 264.0605, 380.8928
47 446 14.870000 262.6024, 366.5145, 292.2945, 362.5473, 294.4070, 378.3581, 264.7149, 382.3253
47 447 14.900000 263.0807, 368.1236, 292.8581, 363.5965, 295.2650, 379.4284, 265.4876, 383.9554
47 448 14.940000 263.5904, 369.4165, 293.5137, 364.8597, 295.9453, 380.8276, 266.0221, 385.3845
47 449 14.970000 263.8751, 369.7735, 293.9303, 365.7189, 296.1082, 381.8628, 266.0530, 385.9174
