49 0 0.010000 570.7444, 69.0289, 621.7798, 71.0999, 620.6333, 99.3540, 569.5978, 97.2831
49 1 0.040000 570.7311, 69.9777, 621.7726, 72.0476, 620.6288, 100.2529, 569.5872, 98.1830
49 2 0.070000 570.7015, 72.0889, 621.7566, 74.1565, 620.6188, 102.2531, 569.5636, 100.1854
49 3 0.110000 570.6367, 76.7145, 621.7216, 78.7772, 620.5967, 106.6353, 569.5119, 104.5727
49 4 0.140000 570.5691, 81.5448, 621.6850, 83.6022, 620.5737, 111.2112, 569.4579, 109.1538
49 5 0.170000 570.4853, 87.5454, 621.6395, 89.5963, 620.5450, 116.8953, 569.3908, 114.8444
49 6 0.200000 570.3851, 94.7202, 621.5851, 96.7632, 620.5105, 123.6912, 569.3106, 121.6482
49 7 0.240000 570.2262, 106.1217, 621.4986, 108.1523, 620.4555, 134.4896, 569.1832, 132.4591
49 8 0.270000 569.3262, 118.9282, 620.6401, 117.9383, 621.0826, 140.8747, 569.7687, 141.8646
49 9 0.310000 566.7378, 136.2210, 618.6223, 124.9456, 623.3016, 146.4778, 571.4171, 157.7532
49 10 0.340000 565.0428, 141.0337, 615.9563, 125.7350, 623.4469, 150.6635, 572.5335, 165.9622
49 11 0.370000 563.3182, 142.9493, 614.0029, 126.5858, 622.3198, 152.3469, 571.6351, 168.7104
49 12 0.400000 561.0265, 143.1366, 611.3160, 125.5278, 620.7123, 152.3630, 570.4228, 169.9718
49 13 0.440000 557.7549, 142.1334, 608.7891, 125.2028, 617.6192, 151.8196, 566.5851, 168.7502
49 14 0.470000 555.1561, 141.7889, 606.8308, 125.6132, 614.8784, 151.3220, 563.2038, 167.4977
49 15 0.500000 552.3054, 141.4847, 604.8982, 126.6107, 612.0402, 151.8641, 559.4474, 166.7381
49 16 0.540000 548.3645, 142.2073, 601.9824, 129.1376, 607.8720, 153.2997, 554.2541, 166.3693
49 17 0.570000 545.2872, 143.5913, 599.5434, 131.9491, 604.4571, 154.8487, 550.2010, 166.4908
49 18 0.610000 540.9042, 146.1122, 595.9304, 136.5694, 599.6368, 157.9411, 544.6106, 167.4839
49 19 0.640000 537.4128, 148.6270, 592.9214, 140.6902, 595.8068, 160.8697, 540.2981, 168.8065
49 20 0.670000 533.6879, 150.8855, 589.5256, 144.5803, 591.7336, 164.1336, 535.8958, 170.4388
49 21 0.700000 529.7137, 152.8668, 585.8639, 148.1114, 587.6513, 169.2163, 531.5010, 173.9716
49 22 0.740000 524.2457, 156.2150, 580.6985, 153.4773, 581.8456, 177.1319, 525.3929, 179.8696
49 23 0.770000 519.7542, 159.2044, 576.9381, 157.8559, 577.5458, 183.6278, 520.3619, 184.9762
49 24 0.800000 515.2014, 163.0091, 572.9235, 163.0026, 572.9266, 190.2219, 515.2045, 190.2284
49 25 0.840000 508.8872, 168.7651, 567.2874, 170.4128, 566.4591, 199.7707, 508.0590, 198.1230
49 26 0.870000 503.9629, 173.6963, 562.8255, 176.4322, 561.3833, 207.4619, 502.5207, 204.7260
49 27 0.900000 498.8885, 179.5547, 558.0964, 183.2724, 556.0875, 215.2680, 496.8796, 211.5504
49 28 0.940000 491.8226, 188.2092, 551.4823, 193.0222, 548.7871, 226.4308, 489.1274, 221.6177
49 29 0.970000 486.3309, 195.1197, 546.3217, 200.6613, 543.1116, 235.4119, 483.1208, 229.8702
49 30 1.000000 480.6447, 202.7288, 540.8810, 208.8638, 537.2881, 244.1406, 477.0518, 238.0056
49 31 1.040000 472.7170, 212.7267, 533.2961, 219.2726, 529.4038, 255.2943, 468.8246, 248.7483
49 32 1.070000 466.7176, 219.1428, 527.5096, 226.0618, 523.2483, 263.5024, 462.4563, 256.5835
49 33 1.110000 458.6173, 226.9841, 519.4919, 234.3944, 514.7803, 273.0995, 453.9057, 265.6891
49 34 1.140000 452.3926, 232.5396, 513.2451, 240.2198, 508.3435, 279.0558, 447.4911, 271.3755
49 35 1.170000 446.1890, 236.9677, 506.9431, 244.8797, 501.7336, 284.8822, 440.9795, 276.9702
49 36 1.210000 437.7874, 242.6687, 498.2848, 250.8038, 492.8776, 291.0145, 432.3803, 282.8793
49 37 1.240000 431.4052, 246.9323, 491.6115, 255.1509, 486.2613, 294.3443, 426.0551, 286.1258
49 38 1.270000 425.1824, 250.0128, 485.0306, 258.3614, 479.5222, 297.8495, 419.6739, 289.5009
49 39 1.310000 416.9161, 254.0827, 476.1666, 262.5621, 470.6550, 301.0748, 411.4045, 292.5954
49 40 1.340000 410.7640, 257.0828, 469.5025, 265.6025, 464.1494, 302.5089, 405.4109, 293.9891
49 41 1.370000 404.8294, 259.0875, 463.0331, 267.6373, 457.6752, 304.1119, 399.4715, 295.5622
49 42 1.410000 397.0654, 261.7448, 454.5036, 270.2542, 449.3423, 305.0928, 391.9042, 296.5834
49 43 1.440000 391.3757, 263.7875, 448.2019, 272.1982, 443.3435, 305.0231, 386.5173, 296.6124
49 44 1.470000 385.9592, 264.8842, 442.2110, 273.1839, 437.4592, 305.3897, 381.2074, 297.0900
49 45 1.510000 378.9277, 266.7154, 434.3930, 274.7749, 429.9746, 305.1821, 374.5093, 297.1226
49 46 1.540000 373.7799, 268.6575, 428.6434, 276.5126, 424.6111, 304.6757, 369.7476, 296.8206
49 47 1.570000 368.8632, 270.2185, 423.1852, 277.9080, 419.3588, 304.9394, 365.0368, 297.2499
49 48 1.610000 362.5149, 272.9669, 416.1273, 280.4958, 412.6378, 305.3442, 359.0254, 297.8153
49 49 1.640000 357.8985, 275.4917, 411.0060, 282.8940, 407.6345, 307.0822, 354.5271, 299.6799
49 50 1.670000 353.5493, 277.2450, 406.2352, 284.4960, 402.8585, 309.0311, 350.1726, 301.7801
49 51 1.710000 348.0895, 279.1357, 400.2453, 286.1712, 396.7491, 312.0892, 344.5933, 305.0537
49 52 1.740000 344.1943, 280.5201, 396.0450, 287.4765, 392.3645, 314.9096, 340.5138, 307.9532
49 53 1.770000 340.3346, 282.7844, 391.9189, 289.5849, 388.2726, 317.2431, 336.6883, 310.4426
49 54 1.810000 335.4381, 285.8241, 386.7593, 292.4800, 383.0439, 321.1278, 331.7227, 314.4719
49 55 1.840000 331.9303, 288.2624, 383.1043, 294.8284, 379.2891, 324.5634, 328.1151, 317.9975
49 56 1.870000 328.4696, 291.4699, 379.5074, 297.9008, 375.7314, 327.8683, 324.6935, 321.4373
49 57 1.910000 324.0542, 296.0488, 374.9822, 302.3566, 371.1704, 333.1325, 320.2424, 326.8247
49 58 1.940000 320.8844, 299.7386, 371.7909, 306.0173, 367.8813, 337.7151, 316.9748, 331.4363
49 59 1.970000 317.7584, 304.1638, 368.6560, 310.3728, 364.7744, 342.1922, 313.8768, 335.9831
49 60 2.010000 313.8062, 310.1094, 364.7560, 316.2472, 360.8617, 348.5740, 309.9119, 342.4362
49 61 2.040000 311.0721, 314.1459, 362.1283, 320.3273, 358.1230, 353.4097, 307.0668, 347.2283
49 62 2.070000 308.3889, 318.5573, 359.5127, 324.4921, 355.7267, 357.1053, 304.6029, 351.1705
49 63 2.110000 305.2655, 323.1756, 356.5217, 329.0709, 352.7230, 362.0987, 301.4668, 356.2034
49 64 2.140000 303.1724, 325.9118, 354.5229, 331.6914, 350.6916, 365.7321, 299.3411, 359.9526
49 65 2.170000 301.1312, 329.2643, 352.5311, 334.8002, 348.9481, 368.0685, 297.5481, 362.5327
49 66 2.210000 298.7436, 332.8649, 350.2475, 338.1892, 346.8342, 371.2066, 295.3304, 365.8823
49 67 2.240000 297.1501, 335.0715, 348.7526, 340.2256, 345.4311, 373.4803, 293.8286, 368.3262
49 68 2.270000 295.6350, 337.7199, 347.3041, 342.6854, 344.2170, 374.8094, 292.5478, 369.8439
49 69 2.310000 293.8666, 340.5594, 345.6364, 345.2761, 342.7833, 376.5916, 291.0135, 371.8749
49 70 2.340000 292.7240, 342.1380, 344.5892, 346.7145, 341.8305, 377.9783, 289.9653, 373.4018
49 71 2.370000 291.6375, 344.2427, 343.5461, 348.6513, 341.0248, 378.3381, 289.1162, 373.9295
49 72 2.410000 290.4310, 346.2187, 342.4188, 350.5150, 340.0680, 378.9613, 288.0801, 374.6650
49 73 2.440000 289.6908, 347.0939, 341.7483, 351.3551, 339.4428, 379.5201, 287.3854, 375.2588
49 74 2.470000 289.0281, 348.4750, 341.1485, 352.7631, 338.9834, 379.0789, 286.8630, 374.7907
49 75 2.510000 288.3628, 349.5072, 340.5559, 353.9464, 338.4452, 378.7631, 286.2521, 374.3240
49 76 2.540000 287.9637, 349.2512, 340.1836, 353.5561, 338.1375, 378.3752, 285.9177, 374.0703
49 77 2.570000 287.7460, 348.4648, 340.0086, 352.7556, 337.9207, 378.1866, 285.6581, 373.8958
49 78 2.610000 287.5568, 347.6609, 339.8001, 351.8520, 337.6268, 378.9431, 285.3835, 374.7520
49 79 2.640000 287.4423, 347.3702, 339.6674, 351.4132, 337.5277, 379.0521, 285.3026, 375.0091
49 80 2.670000 287.5674, 346.3417, 339.7127, 350.3859, 337.4222, 379.9185, 285.2770, 375.8742
49 81 2.710000 287.5861, 345.7117, 339.6473, 349.4301, 337.4717, 379.8899, 285.4105, 376.1715
49 82 2.740000 287.6176, 345.5065, 339.5550, 348.8637, 337.5795, 379.4257, 285.6421, 376.0686
49 83 2.770000 287.7039, 344.9144, 339.5257, 347.9123, 337.7159, 379.1966, 285.8941, 376.1987
49 84 2.800000 287.7780, 344.8668, 339.4155, 347.4402, 337.8788, 378.2757, 286.2413, 375.7023
49 85 2.840000 287.9315, 344.4882, 339.2686, 346.4935, 338.0717, 377.1328, 286.7347, 375.1275
49 86 2.870000 288.0413, 343.9775, 339.1200, 345.4915, 338.2058, 376.3343, 287.1271, 374.8203
49 87 2.900000 288.1059, 344.0772, 338.8562, 345.0200, 338.3030, 374.8006, 287.5527, 373.8578
49 88 2.940000 288.1548, 343.9715, 338.4238, 344.1119, 338.3436, 372.8214, 288.0746, 372.6810
49 89 2.970000 288.1696, 343.4971, 338.0138, 343.0502, 338.2700, 371.6308, 288.4258, 372.0776
49 90 3.000000 288.1215, 343.7532, 337.4803, 342.6687, 338.0739, 369.6883, 288.7151, 370.7728
49 91 3.040000 287.9884, 343.6623, 336.6436, 341.8269, 337.6137, 367.5444, 288.9585, 369.3798
49 92 3.070000 287.7936, 343.3344, 335.8938, 340.9859, 337.1266, 366.2351, 289.0264, 368.5835
49 93 3.100000 287.4753, 343.6690, 334.9559, 340.7077, 336.4200, 364.1834, 288.9394, 367.1447
49 94 3.140000 286.9913, 343.6236, 333.6383, 340.1572, 335.3131, 362.6946, 288.6661, 366.1610
49 95 3.170000 286.4903, 343.2454, 332.5179, 339.5160, 334.3242, 361.8084, 288.2965, 365.5379
49 96 3.200000 285.8836, 342.7966, 331.2785, 338.8911, 333.2277, 361.5477, 287.8328, 365.4532
49 97 3.240000 284.7512, 341.5125, 329.3179, 337.3270, 331.5171, 360.7437, 286.9504, 364.9292
49 98 3.270000 283.6804, 340.7855, 327.7165, 336.4957, 329.9956, 359.8919, 285.9595, 364.1816
49 99 3.300000 282.3326, 339.5497, 325.9303, 335.1511, 328.3960, 359.5897, 284.7982, 363.9883
49 100 3.340000 280.3742, 338.1808, 323.3924, 333.8073, 325.9449, 358.9138, 282.9267, 363.2873
49 101 3.370000 278.7886, 337.4937, 321.3754, 333.1824, 323.8964, 358.0852, 281.3096, 362.3965
49 102 3.400000 277.0009, 336.2607, 319.1770, 332.0366, 321.7656, 357.8828, 279.5895, 362.1069
49 103 3.440000 274.4919, 335.1014, 316.1332, 331.0536, 318.6736, 357.1888, 277.0323, 361.2366
49 104 3.470000 272.4679, 334.3107, 313.7232, 330.4394, 316.1814, 356.6351, 274.9261, 360.5065
49 105 3.500000 270.3069, 333.2138, 311.1895, 329.5061, 313.6259, 356.3716, 272.7433, 360.0793
49 106 3.540000 267.2427, 331.7859, 307.6465, 328.3330, 309.9870, 355.7191, 269.5831, 359.1720
49 107 3.570000 264.8614, 330.9211, 304.9363, 327.7134, 307.0957, 354.6902, 267.0208, 357.8980
49 108 3.600000 262.3322, 329.4224, 302.0830, 326.4763, 304.1230, 354.0020, 264.3722, 356.9480
49 109 3.640000 258.8581, 327.4184, 298.2148, 324.9044, 299.9822, 352.5711, 260.6254, 355.0852
49 110 3.670000 256.1511, 326.0236, 295.2397, 323.8584, 296.7428, 350.9929, 257.6541, 353.1581
49 111 3.700000 253.3593, 323.9320, 292.1799, 322.1209, 293.4703, 349.7820, 254.6498, 351.5930
49 112 3.740000 249.5343, 321.1346, 288.0387, 319.8411, 288.9714, 347.6033, 250.4670, 348.8969
49 113 3.770000 246.6010, 319.1082, 285.0090, 318.1927, 285.6583, 345.4357, 247.2503, 346.3512
49 114 3.800000 243.5877, 316.3402, 281.9493, 315.8340, 282.3156, 343.6003, 243.9541, 344.1065
49 115 3.840000 239.5647, 312.7639, 277.8324, 312.8304, 277.7846, 340.2925, 239.5170, 340.2260
49 116 3.870000 236.5336, 309.9674, 274.7574, 310.5274, 274.3652, 337.2964, 236.1414, 336.7364
49 117 3.900000 233.5045, 306.4784, 271.6772, 307.5424, 270.9282, 334.4122, 232.7555, 333.3482
49 118 3.940000 229.4638, 301.6143, 267.6210, 303.3685, 266.4059, 329.7999, 228.2487, 328.0458
49 119 3.970000 226.4897, 297.9508, 264.6096, 300.2733, 263.0619, 325.6746, 224.9421, 323.3521
49 120 4.000000 223.6013, 293.4644, 261.7007, 296.4460, 259.6991, 322.0226, 221.5997, 319.0409
49 121 4.040000 219.8443, 287.9780, 257.9030, 291.9401, 255.3171, 316.7791, 217.2584, 312.8170
49 122 4.070000 217.0242, 284.4043, 255.0725, 289.0226, 252.1900, 312.7700, 214.1418, 308.1517
49 123 4.100000 214.2515, 280.7104, 252.3416, 285.9259, 249.1326, 309.3617, 211.0425, 304.1462
49 124 4.140000 210.6067, 276.4017, 248.7930, 282.2911, 245.3140, 304.8485, 207.1277, 298.9591
49 125 4.170000 207.9326, 273.5592, 246.2156, 279.9730, 242.6042, 301.5288, 204.3212, 295.1151
49 126 4.200000 205.4309, 270.4774, 243.8147, 277.3335, 239.9897, 298.7477, 201.6059, 291.8915
49 127 4.240000 202.2311, 266.8049, 240.7887, 274.2056, 236.8041, 294.9650, 198.2466, 287.5643
49 128 4.270000 199.9452, 264.3692, 238.6609, 272.1598, 234.6662, 292.0113, 195.9505, 284.2207
49 129 4.300000 197.9050, 261.6368, 236.7624, 269.7318, 232.6436, 289.5027, 193.7862, 281.4077
49 130 4.340000 195.3893, 258.3269, 234.4709, 266.7967, 230.3273, 285.9165, 191.2456, 277.4467
49 131 4.370000 193.6581, 256.0810, 232.9430, 264.7869, 228.9089, 282.9903, 189.6241, 274.2845
49 132 4.400000 192.2449, 253.4308, 231.6983, 262.2897, 227.6207, 280.4497, 188.1673, 271.5908
49 133 4.440000 190.6244, 250.1242, 230.3320, 259.1375, 226.3441, 276.7059, 186.6365, 267.6926
49 134 4.470000 189.7515, 247.2058, 229.6719, 256.3215, 225.7276, 273.5946, 185.8072, 264.4788
49 135 4.500000 189.0202, 244.7448, 229.1065, 253.8179, 225.1963, 271.0940, 185.1100, 262.0209
49 136 4.540000 188.3926, 241.3196, 228.7340, 250.3096, 224.8589, 267.6988, 184.5174, 258.7088
49 137 4.570000 188.1260, 238.9368, 228.6666, 247.8723, 224.6362, 266.1586, 184.0956, 257.2231
49 138 4.600000 187.9392, 237.3011, 228.6243, 246.1344, 224.6085, 264.6306, 183.9234, 255.7972
49 139 4.640000 187.9340, 235.5112, 228.8115, 244.2112, 224.7409, 263.3370, 183.8634, 254.6369
49 140 4.670000 188.1088, 234.4878, 229.1200, 243.0714, 224.9756, 262.8727, 183.9644, 254.2892
49 141 4.700000 188.3689, 234.1588, 229.4688, 242.5808, 225.4042, 262.4163, 184.3043, 253.9942
49 142 4.740000 188.9602, 234.0773, 230.1667, 242.2614, 226.1470, 262.5005, 184.9404, 254.3164
49 143 4.770000 189.5822, 234.3000, 230.8600, 242.3111, 226.8308, 263.0713, 185.5531, 255.0601
49 144 4.800000 190.2907, 235.2242, 231.5862, 243.0321, 227.6880, 263.6498, 186.3924, 255.8419
49 145 4.840000 191.4474, 236.8999, 232.7546, 244.4280, 228.9867, 265.1028, 187.6795, 257.5747
49 146 4.870000 192.4620, 238.5207, 233.7683, 245.8389, 230.0695, 266.7162, 188.7631, 259.3979
49 147 4.900000 193.5437, 240.8818, 234.8022, 247.9646, 231.2939, 268.4013, 190.0353, 261.3185
49 148 4.940000 195.1598, 244.5548, 236.3453, 251.3392, 233.0427, 271.3878, 191.8573, 264.6035
49 149 4.970000 196.4997, 247.6827, 237.6232, 254.2632, 234.4420, 274.1431, 193.3185, 267.5626
49 150 5.000000 197.9209, 251.4168, 238.9367, 257.7779, 235.9756, 276.8705, 194.9599, 270.5094
49 151 5.040000 200.0544, 256.3372, 240.9333, 262.4338, 238.1936, 280.8039, 197.3147, 274.7073
49 152 5.070000 201.8735, 259.6381, 242.6571, 265.5638, 239.9809, 283.9824, 199.1973, 278.0566
49 153 5.100000 203.8230, 263.2322, 244.4418, 268.9653, 241.9401, 286.6897, 201.3213, 280.9566
49 154 5.140000 206.6914, 267.5190, 247.1008, 273.0667, 244.7026, 290.5351, 204.2932, 284.9875
49 155 5.170000 209.0038, 270.4892, 249.2622, 275.8722, 246.9010, 293.5310, 206.6426, 288.1480
49 156 5.200000 211.4095, 273.9303, 251.4421, 279.1381, 249.1935, 296.4234, 209.1609, 291.2155
49 157 5.240000 214.7978, 278.2701, 254.5463, 283.2298, 252.3926, 300.4904, 212.6440, 295.5306
49 158 5.270000 217.4807, 281.3544, 257.0063, 286.1628, 254.9091, 303.4021, 215.3835, 298.5938
49 159 5.300000 220.3165, 284.1772, 259.5729, 288.8428, 257.4328, 306.8493, 218.1764, 302.1837
49 160 5.340000 224.2020, 288.2046, 263.0863, 292.7108, 260.9233, 311.3751, 222.0391, 306.8689
49 161 5.370000 227.1395, 291.5882, 265.7796, 295.9579, 263.6561, 314.7353, 225.0161, 310.3656
49 162 5.400000 230.2029, 294.8507, 268.5344, 299.0951, 266.3750, 318.5968, 228.0435, 314.3524
49 163 5.440000 234.2977, 299.7897, 272.2617, 303.8601, 270.1239, 323.7989, 232.1599, 319.7285
49 164 5.470000 237.3779, 303.9509, 275.0744, 307.8489, 273.0199, 327.7171, 235.3234, 323.8191
49 165 5.500000 240.5509, 307.9577, 277.9569, 311.6867, 275.9255, 332.0643, 238.5194, 328.3353
49 166 5.540000 244.8682, 313.4189, 281.8766, 316.9700, 279.8996, 337.5736, 242.8912, 334.0224
49 167 5.570000 248.1453, 317.5895, 284.8899, 321.0304, 282.9994, 341.2190, 246.2547, 337.7781
49 168 5.600000 251.5850, 321.0994, 288.0029, 324.4662, 286.0887, 345.1713, 249.6708, 341.8044
49 169 5.640000 256.1996, 325.9375, 292.2368, 329.2000, 290.3749, 349.7659, 254.3378, 346.5034
49 170 5.670000 259.7345, 329.5541, 295.4610, 332.7471, 293.6573, 352.9286, 257.9308, 349.7356
49 171 5.700000 263.3980, 332.5319, 298.8034, 335.6906, 296.9397, 356.5808, 261.5343, 353.4222
49 172 5.740000 268.3206, 336.8283, 303.2973, 339.9211, 301.4372, 360.9563, 266.4606, 357.8635
49 173 5.770000 272.0399, 340.2830, 306.8680, 343.3457, 305.0534, 363.9807, 270.2252, 360.9180
49 174 5.800000 275.8807, 343.2406, 310.6493, 346.3028, 308.7745, 367.5893, 274.0059, 364.5271
49 175 5.840000 281.0064, 347.6207, 315.7069, 350.6351, 313.8366, 372.1647, 279.1361, 369.1503
49 176 5.870000 284.8762, 351.1732, 319.5302, 354.1179, 317.7055, 375.5922, 283.0515, 372.6476
49 177 5.900000 288.8026, 354.5497, 323.4132, 357.4253, 321.5770, 379.5250, 286.9664, 376.6494
49 178 5.940000 294.0555, 359.5225, 328.6162, 362.2678, 326.8211, 384.8670, 292.2604, 382.1218
49 179 5.970000 297.8876, 363.5766, 332.5291, 366.2151, 330.7999, 388.9180, 296.1584, 386.2795
49 180 6.000000 301.6233, 367.3591, 336.5043, 369.8737, 334.8142, 393.3190, 299.9331, 390.8044
49 181 6.040000 306.6890, 372.1321, 341.9302, 374.5800, 340.2562, 398.6796, 305.0150, 396.2317
49 182 6.070000 310.5448, 375.5008, 346.0245, 377.8363, 344.4432, 401.8577, 308.9635, 399.5222
49 183 6.100000 314.4896, 377.8701, 350.2409, 380.0637, 348.7061, 405.0772, 312.9548, 402.8836
49 184 6.140000 319.8185, 380.6851, 355.9057, 382.6322, 354.5238, 408.2441, 318.4366, 406.2970
49 185 6.170000 323.8526, 382.6002, 360.1757, 384.2974, 358.9844, 409.7908, 322.6614, 408.0935
49 186 6.200000 327.9596, 383.6832, 364.5366, 385.1400, 363.4918, 411.3719, 326.9148, 409.9151
49 187 6.240000 333.4593, 384.9427, 370.3657, 385.9999, 369.6080, 412.4513, 332.7016, 411.3941
49 188 6.270000 337.6255, 385.8205, 374.7518, 386.5751, 374.2261, 412.4380, 337.0999, 411.6835
49 189 6.300000 341.8053, 385.7984, 379.2056, 386.2319, 378.9002, 412.5802, 341.4999, 412.1466
49 190 6.340000 347.3917, 385.6095, 385.1270, 385.5739, 385.1517, 411.6955, 347.4163, 411.7311
49 191 6.370000 351.5904, 385.2974, 389.5566, 384.8938, 389.8259, 410.2246, 351.8597, 410.6282
49 192 6.400000 355.7626, 384.0398, 394.0248, 383.2977, 394.5200, 408.8298, 356.2578, 409.5719
49 193 6.440000 361.2983, 382.0881, 399.9326, 380.8897, 400.7055, 405.8065, 362.0712, 407.0049
49 194 6.470000 365.4293, 380.4190, 404.3115, 378.8845, 405.2527, 402.7343, 366.3706, 404.2689
49 195 6.500000 369.4754, 377.7141, 408.7291, 375.9708, 409.8035, 400.1632, 370.5499, 401.9066
49 196 6.540000 374.8721, 374.8953, 414.5085, 372.8956, 415.6784, 396.0840, 376.0420, 398.0837
49 197 6.570000 378.8967, 373.3546, 418.7670, 371.1565, 419.9765, 393.0952, 380.1062, 395.2933
49 198 6.600000 382.8480, 371.7767, 423.0673, 369.4367, 424.3115, 390.8213, 384.0922, 393.1613
49 199 6.640000 387.9935, 370.3497, 428.6847, 367.7216, 429.9941, 387.9943, 389.3029, 390.6225
49 200 6.670000 391.7538, 369.6460, 432.8801, 366.9253, 434.1591, 386.2585, 393.0328, 388.9792
49 201 6.700000 395.4464, 368.8859, 436.9560, 366.1271, 438.2185, 385.1222, 396.7089, 387.8811
49 202 6.740000 400.2431, 368.3392, 442.2607, 365.5509, 443.4786, 383.9038, 401.4610, 386.6920
49 203 6.770000 403.7380, 368.3258, 446.2174, 365.6833, 447.3094, 383.2378, 404.8300, 385.8802
49 204 6.800000 407.1568, 368.1448, 449.9607, 365.6063, 451.0000, 383.1292, 408.1961, 385.6678
49 205 6.840000 411.5580, 368.0975, 454.7544, 365.6655, 455.7370, 383.1178, 412.5406, 385.5498
49 206 6.870000 414.7289, 368.1015, 458.2692, 365.8608, 459.1681, 383.3283, 415.6278, 385.5689
49 207 6.900000 417.8636, 368.6973, 461.6738, 366.7192, 462.4631, 384.2003, 418.6529, 386.1784
49 208 6.940000 421.8795, 369.6734, 466.0580, 368.0687, 466.7000, 385.7457, 422.5216, 387.3503
49 209 6.970000 424.7784, 370.5359, 469.2414, 369.2563, 469.7643, 387.4242, 425.3013, 388.7039
49 210 7.000000 427.6401, 371.9004, 472.3036, 371.0241, 472.6555, 388.9578, 427.9920, 389.8342
49 211 7.040000 431.2833, 373.6127, 476.2002, 373.2434, 476.3473, 391.1320, 431.4304, 391.5014
49 212 7.070000 433.8875, 374.4484, 479.0059, 374.4718, 478.9963, 392.9551, 433.8779, 392.9317
49 213 7.100000 436.4361, 375.5753, 481.6584, 376.0101, 481.4832, 394.2295, 436.2610, 393.7947
49 214 7.140000 439.7029, 376.6514, 485.0379, 377.6575, 484.6322, 395.9418, 439.2971, 394.9357
49 215 7.170000 442.0516, 377.1123, 487.4750, 378.5238, 486.8919, 397.2880, 441.4685, 395.8765
49 216 7.200000 444.3624, 378.0503, 489.7378, 379.8529, 489.0184, 397.9617, 443.6430, 396.1591
49 217 7.240000 447.3309, 378.8789, 492.6540, 381.1609, 491.7569, 398.9784, 446.4338, 396.6963
49 218 7.270000 449.4911, 379.2338, 494.7788, 381.8414, 493.7444, 399.8056, 448.4567, 397.1980
49 219 7.300000 451.6177, 380.0590, 496.7472, 382.9378, 495.6569, 400.0302, 450.5274, 397.1515
49 220 7.340000 454.3889, 380.8153, 499.3248, 383.9915, 498.1309, 400.8827, 453.1950, 397.7065
49 221 7.370000 456.4313, 381.1417, 501.2442, 384.5015, 499.9849, 401.2987, 455.1720, 397.9389
49 222 7.400000 458.4968, 381.4966, 503.0968, 385.0846, 501.7194, 402.2063, 457.1195, 398.6184
49 223 7.440000 461.2367, 381.6066, 505.5424, 385.2793, 504.0777, 402.9495, 459.7719, 399.2769
49 224 7.470000 463.2512, 381.8738, 507.3691, 385.5667, 505.8849, 403.2983, 461.7670, 399.6054
49 225 7.500000 465.3507, 381.7835, 509.1540, 385.4439, 507.5988, 404.0538, 463.7956, 400.3933
49 226 7.540000 468.1069, 382.0025, 511.5517, 385.5960, 509.9607, 404.8305, 466.5160, 401.2370
49 227 7.570000 470.1382, 382.4321, 513.3674, 385.9256, 511.8042, 405.2696, 468.5749, 401.7762
49 228 7.600000 472.2562, 382.6226, 515.1493, 385.9667, 513.5804, 406.0904, 470.6873, 402.7463
49 229 7.640000 475.0490, 383.2155, 517.5636, 386.3228, 516.0483, 407.0552, 473.5337, 403.9479
49 230 7.670000 477.1083, 383.9892, 519.4281, 386.9171, 517.9958, 407.6203, 475.6760, 404.6924
49 231 7.700000 479.1501, 384.4522, 521.3616, 387.1975, 519.9644, 408.6798, 477.7529, 405.9345
49 232 7.740000 481.9132, 385.5977, 523.9420, 388.0232, 522.6823, 409.8502, 480.6536, 407.4247
49 233 7.770000 484.0023, 386.6902, 525.8689, 388.8329, 524.7476, 410.7439, 482.8809, 408.6013
49 234 7.800000 486.0783, 387.6871, 527.8550, 389.5122, 526.8730, 411.9917, 485.0963, 410.1667
49 235 7.840000 488.8685, 389.4291, 530.4707, 390.7925, 529.7202, 413.6925, 488.1181, 412.3292
49 236 7.870000 490.9838, 391.1227, 532.3763, 392.0785, 531.8475, 414.9774, 490.4551, 414.0216
49 237 7.900000 493.0432, 392.7772, 534.3152, 393.2473, 534.0480, 416.7074, 492.7760, 416.2372
49 238 7.940000 495.7892, 395.5565, 536.7898, 395.2617, 536.9613, 419.1090, 495.9607, 419.4039
49 239 7.970000 497.8301, 397.9876, 538.5814, 397.0474, 539.1348, 421.0365, 498.3835, 421.9767
49 240 8.000000 499.8161, 400.3773, 540.3387, 398.7315, 541.3339, 423.2352, 500.8112, 424.8810
49 241 8.040000 502.4655, 403.4775, 542.6986, 401.1089, 544.1603, 425.9383, 503.9273, 428.3069
49 242 8.070000 504.4624, 405.7001, 544.4265, 402.8910, 546.1565, 427.5019, 506.1923, 430.3111
49 243 8.100000 506.3167, 407.3187, 546.1198, 404.0326, 548.1936, 429.1519, 508.3906, 432.4380
49 244 8.140000 508.6781, 409.3483, 548.1525, 405.2504, 550.7988, 430.7420, 511.3244, 434.8399
49 245 8.170000 510.4633, 410.9202, 549.6044, 406.3435, 552.5361, 431.4159, 513.3950, 435.9925
49 246 8.200000 512.0166, 411.8552, 550.9934, 406.7720, 554.3340, 432.3869, 515.3572, 437.4702
49 247 8.240000 514.0800, 413.3175, 552.6975, 407.6956, 556.3817, 433.0023, 517.7642, 438.6243
49 248 8.270000 515.4699, 414.3225, 553.7947, 408.2148, 557.7838, 433.2450, 519.4589, 439.3527
49 249 8.300000 516.6895, 414.9927, 554.7818, 408.4648, 559.0875, 433.5898, 520.9951, 440.1177
49 250 8.340000 518.1156, 415.8446, 555.9028, 408.8165, 560.5406, 433.7518, 522.7533, 440.7799
49 251 8.370000 519.0576, 416.5229, 556.5587, 409.1581, 561.3572, 433.5915, 523.8561, 440.9563
49 252 8.400000 519.7043, 416.7572, 557.0479, 409.0646, 562.1188, 433.6810, 524.7751, 441.3735
49 253 8.440000 520.3612, 417.1506, 557.4289, 409.0884, 562.7207, 433.4186, 525.6530, 441.4808
49 254 8.470000 520.6872, 417.4816, 557.5273, 409.2274, 562.8484, 432.9763, 526.0083, 441.2305
49 255 8.500000 520.6766, 417.3775, 557.4252, 408.9509, 562.9021, 432.8358, 526.1535, 441.2623
49 256 8.540000 520.4551, 417.4853, 557.0025, 408.9025, 562.5020, 432.3206, 525.9545, 440.9034
49 257 8.570000 520.1050, 417.7072, 556.4526, 409.0467, 561.8729, 431.7954, 525.5253, 440.4559
49 258 8.600000 519.4197, 417.6148, 555.6999, 408.9074, 561.1456, 431.5973, 524.8654, 440.3047
49 259 8.640000 518.2253, 417.6485, 554.3557, 408.9249, 559.7240, 431.1586, 523.5937, 439.8823
49 260 8.670000 517.1060, 417.7743, 553.1525, 409.0607, 558.3701, 430.6451, 522.3236, 439.3587
49 261 8.700000 515.6531, 417.5753, 551.6845, 408.9660, 556.8200, 430.4591, 520.7886, 439.0685
49 262 8.740000 513.3673, 417.4226, 549.4694, 409.0376, 554.3348, 429.9858, 518.2327, 438.3709
49 263 8.770000 511.3918, 417.4275, 547.6276, 409.2771, 552.1625, 429.4391, 515.9267, 437.5894
49 264 8.800000 509.1507, 416.9382, 545.4044, 409.1277, 549.7556, 429.3247, 513.5019, 437.1352
49 265 8.840000 505.8334, 416.3865, 542.1916, 409.1334, 546.1431, 428.9414, 509.7849, 436.1945
49 266 8.870000 503.1090, 416.0301, 539.5953, 409.2854, 543.1482, 428.5052, 506.6619, 435.2499
49 267 8.900000 500.1718, 415.2247, 536.6931, 409.1027, 539.9395, 428.4696, 503.4183, 434.5915
49 268 8.940000 496.0035, 414.2428, 532.6188, 409.0684, 535.3292, 428.2478, 498.7139, 433.4223
49 269 8.970000 492.7020, 413.6419, 529.4251, 409.2386, 531.6624, 427.8973, 494.9393, 432.3007
49 270 9.000000 489.2803, 412.5820, 525.9806, 409.0231, 527.8192, 427.9833, 491.1189, 431.5422
49 271 9.040000 484.5498, 411.4071, 521.2599, 408.9783, 522.5004, 427.7281, 485.7903, 430.1569
49 272 9.070000 480.9056, 410.5566, 517.5937, 408.9671, 518.3908, 427.3672, 481.7027, 428.9567
49 273 9.100000 477.2218, 409.3657, 513.7895, 408.6037, 514.1773, 427.2166, 477.6097, 427.9786
49 274 9.140000 472.2496, 407.8377, 508.6086, 408.0586, 508.4953, 426.7082, 472.1363, 426.4873
49 275 9.170000 468.4705, 406.8493, 504.7242, 407.7833, 504.2557, 425.9656, 468.0021, 425.0316
49 276 9.200000 464.7631, 405.4270, 500.7704, 407.0220, 499.9523, 425.4905, 463.9450, 423.8955
49 277 9.240000 459.8594, 403.5307, 495.5503, 405.9679, 494.2806, 424.5615, 458.5897, 422.1242
49 278 9.270000 456.1758, 402.3159, 491.6857, 405.2776, 490.1725, 423.4199, 454.6627, 420.4582
49 279 9.300000 452.6319, 400.6656, 487.8360, 404.0511, 486.0603, 422.5154, 450.8562, 419.1299
49 280 9.340000 447.9654, 398.6028, 482.8280, 402.4272, 480.8111, 420.8129, 445.9485, 416.9885
49 281 9.370000 444.5285, 397.1081, 479.1808, 401.1854, 477.0625, 419.1884, 442.4102, 415.1111
49 282 9.400000 441.2793, 395.1469, 475.6166, 399.3917, 473.3428, 417.7853, 439.0055, 413.5406
49 283 9.440000 437.0155, 392.5879, 471.0284, 396.8818, 468.6953, 415.3633, 434.6824, 411.0695
49 284 9.470000 433.9232, 390.7793, 467.6850, 394.9443, 465.4491, 413.0686, 431.6873, 408.9037
49 285 9.500000 430.9292, 388.5693, 464.4700, 392.5119, 462.2949, 411.0160, 428.7541, 407.0734
49 286 9.540000 427.0647, 385.8789, 460.3070, 389.4599, 458.3005, 408.0861, 425.0582, 404.5051
49 287 9.570000 424.2602, 384.0554, 457.2669, 387.3752, 455.3981, 405.9552, 422.3914, 402.6354
49 288 9.600000 421.5263, 382.0833, 454.3695, 385.1607, 452.5820, 404.2377, 419.7389, 401.1603
49 289 9.640000 417.9894, 379.8349, 450.5728, 382.6020, 448.9315, 401.9289, 416.3481, 399.1619
49 290 9.670000 415.4159, 378.4066, 447.7813, 380.9585, 446.2659, 400.1779, 413.9005, 397.6260
49 291 9.700000 412.9006, 376.8067, 445.1110, 379.1630, 443.6755, 398.7854, 411.4652, 396.4291
49 292 9.740000 409.6399, 374.9718, 441.6166, 377.0894, 440.3069, 396.8666, 408.3302, 394.7490
49 293 9.770000 407.2586, 373.8189, 439.0435, 375.7716, 437.8403, 395.3556, 406.0555, 393.4030
49 294 9.800000 404.9234, 372.4330, 436.5789, 374.2434, 435.4378, 394.1959, 403.7823, 392.3855
49 295 9.840000 401.8854, 370.8375, 433.3513, 372.4850, 432.3016, 392.5330, 400.8357, 390.8855
49 296 9.870000 399.6618, 369.8136, 430.9754, 371.3623, 429.9949, 391.1892, 398.6813, 389.6406
49 297 9.900000 397.4755, 368.5131, 428.7004, 369.9951, 427.7427, 390.1735, 396.5178, 388.6915
49 298 9.940000 394.6282, 366.9755, 425.7245, 368.4074, 424.7920, 388.6594, 393.6956, 387.2274
49 299 9.970000 392.5414, 365.9754, 423.5356, 367.3996, 422.6170, 387.3913, 391.6228, 385.9671
49 300 10.000000 390.4911, 364.6675, 421.4504, 366.1320, 420.4875, 386.4871, 389.5282, 385.0226
49 301 10.040000 387.8136, 363.1066, 418.7210, 364.6352, 417.6989, 385.3024, 386.7915, 383.7738
49 302 10.070000 385.8500, 362.1465, 416.7122, 363.7425, 415.6424, 384.4302, 384.7802, 382.8342
49 303 10.100000 383.9153, 361.1276, 414.7660, 362.7847, 413.6355, 383.8329, 382.7848, 382.1759
49 304 10.140000 381.4022, 360.0853, 412.2177, 361.8401, 411.0103, 383.0423, 380.1948, 381.2874
49 305 10.170000 379.5454, 359.6546, 410.3169, 361.4420, 409.1038, 382.3269, 378.3323, 380.5395
49 306 10.200000 377.7426, 359.0059, 408.5107, 360.8648, 407.2324, 382.0217, 376.4643, 380.1628
49 307 10.240000 375.3981, 358.5276, 406.1560, 360.5079, 404.8044, 381.5022, 374.0465, 379.5220
49 308 10.270000 373.6897, 358.3766, 404.4317, 360.4618, 403.0318, 381.0996, 372.2899, 379.0144
49 309 10.300000 372.0264, 358.0781, 402.7871, 360.2723, 401.3078, 381.0091, 370.5472, 378.8149
49 310 10.340000 369.8672, 358.0064, 400.6368, 360.3362, 399.0873, 380.8003, 368.3177, 378.4705
49 311 10.370000 368.3048, 358.1794, 399.0680, 360.6447, 397.4694, 380.5919, 366.7063, 378.1266
49 312 10.400000 366.7973, 358.1667, 397.6005, 360.7962, 395.8991, 380.7276, 365.0959, 378.0982
49 313 10.440000 364.8772, 358.3974, 395.7128, 361.2993, 393.8688, 380.8941, 363.0332, 377.9922
49 314 10.470000 363.4849, 358.8416, 394.3293, 361.9469, 392.4202, 380.9092, 361.5759, 377.8039
49 315 10.500000 362.1724, 359.0331, 393.0564, 362.3563, 391.0191, 381.2896, 360.1351, 377.9664
49 316 10.540000 360.5188, 359.4520, 391.4412, 363.0688, 389.2676, 381.6526, 358.3452, 378.0359
49 317 10.570000 359.3515, 359.9133, 390.2808, 363.7311, 388.0621, 381.7057, 357.1327, 377.8879
49 318 10.600000 358.2925, 359.9609, 389.2859, 363.9909, 386.9318, 382.0957, 355.9384, 378.0656
49 319 10.640000 357.0045, 360.1738, 388.0544, 364.4714, 385.5878, 382.2926, 354.5379, 377.9951
49 320 10.670000 356.1355, 360.4396, 387.2245, 364.9272, 384.7325, 382.1907, 353.6436, 377.7030
49 321 10.700000 355.3929, 360.3142, 386.5487, 364.9672, 383.9517, 382.3564, 352.7959, 377.7035
49 322 10.740000 354.5444, 360.2611, 385.8020, 365.1012, 383.1506, 382.2237, 351.8931, 377.3836
49 323 10.770000 353.9840, 360.3409, 385.3543, 365.2994, 382.7462, 381.7998, 351.3759, 376.8413
49 324 10.800000 353.6132, 359.9644, 385.0586, 365.0046, 382.3850, 381.6849, 350.9396, 376.6446
49 325 10.840000 353.2501, 359.5788, 384.8313, 364.6840, 382.1778, 381.0990, 350.5966, 375.9939
49 326 10.870000 353.0742, 359.3822, 384.7891, 364.5045, 382.2383, 380.2978, 350.5234, 375.1755
49 327 10.900000 353.1043, 358.6672, 384.9062, 363.7436, 382.3475, 379.7727, 350.5457, 374.6962
49 328 10.940000 353.2776, 357.7811, 385.2370, 362.7407, 382.7823, 378.5588, 350.8229, 373.5991
49 329 10.970000 353.5035, 357.1820, 385.6072, 361.9962, 383.3194, 377.2524, 351.2157, 372.4382
49 330 11.000000 353.9163, 356.0561, 386.1235, 360.6491, 383.8909, 376.3043, 351.6838, 371.7113
49 331 11.040000 354.5447, 354.9466, 386.9097, 359.1833, 384.8749, 374.7280, 352.5098, 370.4913
49 332 11.070000 355.0865, 354.3938, 387.5910, 358.4124, 385.7224, 373.5261, 353.2179, 369.5075
49 333 11.100000 355.7556, 353.6514, 388.3543, 357.4460, 386.5686, 372.7872, 353.9699, 368.9926
49 334 11.140000 356.7261, 353.0095, 389.4761, 356.5759, 387.8147, 371.8323, 355.0648, 368.2659
49 335 11.170000 357.5099, 352.8089, 390.3691, 356.2054, 388.8303, 371.0929, 355.9710, 367.6964
49 336 11.200000 358.3817, 352.4043, 391.3367, 355.6275, 389.8550, 370.7769, 356.9000, 367.5537
49 337 11.240000 359.6138, 352.1961, 392.6844, 355.2190, 391.3042, 370.3186, 358.2336, 367.2957
49 338 11.270000 360.5697, 352.2563, 393.7526, 355.1435, 392.4665, 369.9257, 359.2835, 367.0385
49 339 11.300000 361.6055, 352.1690, 394.8463, 354.8964, 393.6108, 369.9534, 360.3700, 367.2260
49 340 11.340000 363.0074, 352.3572, 396.3556, 354.8532, 395.2298, 369.8951, 361.8815, 367.3991
49 341 11.370000 364.1141, 352.4933, 397.5411, 354.8753, 396.4782, 369.7901, 363.0512, 367.4081
49 342 11.400000 365.2415, 352.8695, 398.7152, 355.1084, 397.7073, 370.1778, 364.2336, 367.9390
49 343 11.440000 366.7929, 353.4373, 400.3351, 355.5506, 399.3906, 370.5409, 365.8484, 368.4276
49 344 11.470000 367.9822, 353.7621, 401.5771, 355.7569, 400.6854, 370.7754, 367.0904, 368.7806
49 345 11.500000 369.1695, 354.5242, 402.7850, 356.3757, 401.9562, 371.4221, 368.3407, 369.5705
49 346 11.540000 370.7714, 355.4414, 404.4139, 357.0797, 403.6795, 372.1588, 370.0370, 370.5204
49 347 11.570000 371.9862, 355.9470, 405.6550, 357.4379, 404.9864, 372.5373, 371.3176, 371.0465
49 348 11.600000 373.1855, 356.8897, 406.8408, 358.1796, 406.2612, 373.3008, 372.6059, 372.0108
49 349 11.640000 374.7819, 357.8699, 408.4307, 358.9091, 407.9630, 374.0522, 374.3142, 373.0130
49 350 11.670000 375.9643, 358.4233, 409.6022, 359.2574, 409.2256, 374.4434, 375.5878, 373.6093
49 351 11.700000 377.1036, 359.4521, 410.7044, 360.0126, 410.4514, 375.1777, 376.8506, 374.6172
49 352 11.740000 378.5875, 360.7206, 412.1241, 360.9482, 412.0211, 376.1205, 378.4845, 375.8928
49 353 11.770000 379.6537, 361.5900, 413.1355, 361.5702, 413.1446, 376.9320, 379.6628, 376.9517
49 354 11.800000 380.6762, 362.9824, 414.0635, 362.6758, 414.2029, 377.8478, 380.8155, 378.1545
49 355 11.840000 381.9691, 364.7495, 415.2159, 364.1109, 415.5071, 379.2747, 382.2604, 379.9133
49 356 11.870000 382.8716, 366.0413, 416.0016, 365.1799, 416.3956, 380.3330, 383.2656, 381.1944
49 357 11.900000 383.7104, 367.3310, 416.6849, 366.2359, 417.2049, 381.8961, 384.2305, 382.9912
49 358 11.940000 384.7231, 369.2020, 417.4839, 367.8578, 418.1465, 384.0084, 385.3857, 385.3526
49 359 11.970000 385.4146, 370.8072, 418.0044, 369.3574, 418.7319, 385.7127, 386.1422, 387.1625
49 360 12.000000 386.0137, 372.2062, 418.4129, 370.6616, 419.2324, 387.8507, 386.8332, 389.3953
49 361 12.040000 386.6925, 374.2596, 418.8171, 372.6231, 419.7307, 390.5567, 387.6060, 392.1931
49 362 12.070000 387.0919, 376.0964, 419.0400, 374.3922, 419.9892, 392.1863, 388.0411, 393.8904
49 363 12.100000 387.3620, 377.5082, 419.1116, 375.6944, 420.1679, 394.1848, 388.4183, 395.9986
49 364 12.140000 387.5799, 379.5714, 419.0818, 377.6559, 420.2339, 396.6031, 388.7321, 398.5187
49 365 12.170000 387.6272, 381.3194, 418.9546, 379.3175, 420.1621, 398.2129, 388.8347, 400.2148
49 366 12.200000 387.5423, 382.7092, 418.6789, 380.6047, 420.0060, 400.2394, 388.8694, 402.3439
49 367 12.240000 387.2788, 384.8995, 418.1919, 382.6869, 419.6256, 402.7182, 388.7125, 404.9307
49 368 12.270000 386.9697, 386.7406, 417.7234, 384.4640, 419.2077, 404.5145, 388.4540, 406.7911
49 369 12.300000 386.5265, 388.3649, 417.1269, 386.0270, 418.7068, 406.7050, 388.1064, 409.0430
49 370 12.340000 385.7886, 390.9046, 416.2013, 388.5026, 417.8667, 409.5905, 387.4540, 411.9924
49 371 12.370000 385.1241, 393.1037, 415.4065, 390.6583, 417.1135, 411.7968, 386.8311, 414.2422
49 372 12.400000 384.3341, 395.2139, 414.4968, 392.7359, 416.2826, 414.4732, 386.1199, 416.9512
49 373 12.440000 383.1389, 398.5350, 413.1533, 396.0076, 415.0230, 418.2113, 385.0086, 420.7387
49 374 12.470000 382.1313, 401.3698, 412.0390, 398.7936, 413.9665, 421.1715, 384.0588, 423.7476
49 375 12.500000 380.9987, 404.0965, 410.8256, 401.5141, 412.8114, 424.4505, 382.9846, 427.0329
49 376 12.540000 379.2766, 407.6483, 408.9829, 405.0062, 411.0519, 428.2680, 381.3456, 430.9101
49 377 12.570000 377.8061, 410.0524, 407.3846, 407.3052, 409.5337, 430.4447, 379.9553, 433.1918
49 378 12.600000 376.1523, 411.5580, 405.6773, 408.8730, 407.8413, 432.6691, 378.3163, 435.3541
49 379 12.640000 373.7220, 413.1876, 403.1686, 410.5945, 405.2950, 434.7407, 375.8484, 437.3338
49 380 12.670000 371.7552, 414.2373, 401.1988, 411.7994, 403.1683, 435.5854, 373.7246, 438.0233
49 381 12.700000 369.6350, 414.5702, 399.1045, 412.3845, 400.8894, 436.4494, 371.4199, 438.6352
49 382 12.740000 366.6561, 414.6321, 396.2238, 412.9464, 397.5905, 436.9188, 368.0228, 438.6045
49 383 12.770000 364.3030, 414.5637, 393.9446, 413.2647, 394.9671, 436.5978, 365.3256, 437.8969
49 384 12.800000 361.8413, 413.6125, 391.5505, 412.7584, 392.2330, 436.5012, 362.5239, 437.3553
49 385 12.840000 358.4261, 412.4595, 388.2248, 412.1175, 388.4896, 435.1828, 358.6909, 435.5248
49 386 12.870000 355.8595, 411.0891, 385.7353, 411.3376, 385.5478, 433.8709, 355.6720, 433.6224
49 387 12.900000 353.2274, 409.2564, 383.2293, 410.1043, 382.6028, 432.2735, 352.6009, 431.4256
49 388 12.940000 349.8077, 405.9957, 379.8720, 407.7888, 378.5628, 429.7409, 348.4984, 427.9479
49 389 12.970000 347.1681, 403.7686, 377.2894, 406.1165, 375.6831, 426.7231, 345.5618, 424.3752
49 390 13.000000 344.6942, 400.4167, 374.8106, 403.4548, 372.7061, 424.3174, 342.5896, 421.2794
49 391 13.040000 341.4210, 396.4554, 371.5382, 400.4133, 368.8810, 420.6330, 338.7639, 416.6752
49 392 13.070000 338.9911, 393.9268, 369.0765, 398.5283, 366.1189, 417.8653, 336.0335, 413.2638
49 393 13.100000 336.6556, 391.3265, 366.6846, 396.5078, 363.3948, 415.5739, 333.3658, 410.3925
49 394 13.140000 333.6509, 388.2393, 363.5790, 394.1146, 359.9449, 412.6264, 330.0168, 406.7511
49 395 13.170000 331.4657, 386.2564, 361.3153, 392.5495, 357.5636, 410.3449, 327.7140, 404.0518
49 396 13.200000 329.4768, 384.0131, 359.2326, 390.6626, 355.2483, 408.4918, 325.4925, 401.8424
49 397 13.240000 326.9667, 381.3764, 356.6146, 388.3475, 352.5085, 405.8109, 322.8606, 398.8399
49 398 13.270000 325.2145, 379.6477, 354.7898, 386.7985, 350.7268, 403.6031, 321.1514, 396.4524
49 399 13.300000 323.6927, 377.6492, 353.1988, 384.9064, 349.0724, 401.6835, 319.5662, 394.4263
49 400 13.340000 321.8788, 375.2231, 351.3104, 382.5529, 347.2572, 398.8280, 317.8256, 391.4981
49 401 13.370000 320.6839, 373.5035, 350.0835, 380.7597, 346.1989, 396.4989, 316.7993, 389.2427
49 402 13.400000 319.7484, 371.4266, 349.1220, 378.5259, 345.2779, 394.4306, 315.9044, 387.3313
49 403 13.440000 318.7275, 368.7133, 348.1118, 375.4534, 344.4560, 391.3917, 315.0717, 384.6516
49 404 13.470000 318.1006, 366.9286, 347.5001, 373.3148, 344.1624, 388.6801, 314.7629, 382.2938
49 405 13.500000 317.7403, 364.5673, 347.1748, 370.5424, 343.9360, 386.4976, 314.5015, 380.5225
49 406 13.540000 317.3537, 362.0433, 346.8253, 367.3342, 343.9808, 383.1787, 314.5092, 377.8877
49 407 13.570000 317.1945, 360.2001, 346.7195, 364.9651, 344.1349, 380.9798, 314.6099, 376.2147
49 408 13.600000 317.1788, 358.3409, 346.6994, 362.5785, 344.3284, 379.0954, 314.8079, 374.8578
49 409 13.640000 317.2525, 356.1615, 346.7989, 359.7441, 344.7462, 376.6741, 315.1997, 373.0915
49 410 13.670000 317.3628, 354.9206, 346.9083, 357.9957, 345.1695, 374.7024, 315.6240, 371.6274
49 411 13.700000 317.5723, 353.3625, 347.1103, 355.9577, 345.5921, 373.2375, 316.0541, 370.6423
49 412 13.740000 317.8774, 351.6427, 347.3799, 353.5184, 346.2597, 371.1374, 316.7572, 369.2618
49 413 13.770000 318.1250, 350.5938, 347.6149, 351.9729, 346.7978, 369.4455, 317.3078, 368.0663
49 414 13.800000 318.4124, 349.2185, 347.8616, 350.1212, 347.3081, 368.1758, 317.8590, 367.2731
49 415 13.840000 318.7874, 347.7308, 348.2004, 348.0890, 347.9797, 366.2082, 318.5667, 365.8500
49 416 13.870000 319.0263, 346.6559, 348.4168, 346.5839, 348.4612, 364.7118, 319.0707, 364.7838
49 417 13.900000 319.2406, 345.3055, 348.6076, 344.8390, 348.9038, 363.4897, 319.5368, 363.9562
49 418 13.940000 319.4456, 343.7586, 348.7770, 342.7667, 349.4110, 361.5139, 320.0795, 362.5058
49 419 13.970000 319.5606, 342.7550, 348.8598, 341.4200, 349.6979, 359.8150, 320.3988, 361.1500
49 420 14.000000 319.5896, 341.3785, 348.8632, 339.7393, 349.9168, 358.5564, 320.6432, 360.1955
49 421 14.040000 319.5631, 340.0624, 348.8016, 338.0913, 350.0679, 356.8753, 320.8293, 358.8464
49 422 14.070000 319.4597, 339.4684, 348.6715, 337.2758, 350.0643, 355.8317, 320.8526, 358.0244
49 423 14.100000 319.2819, 338.9293, 348.4755, 336.5520, 350.0015, 355.2912, 320.8079, 357.6685
49 424 14.140000 318.9299, 338.7089, 348.1045, 336.1587, 349.7432, 354.9046, 320.5685, 357.4548
49 425 14.170000 318.5823, 338.9761, 347.7459, 336.3173, 349.4294, 354.7833, 320.2658, 357.4421
49 426 14.200000 318.1230, 339.2141, 347.2848, 336.4916, 349.0325, 355.2110, 319.8706, 357.9335
49 427 14.240000 317.3918, 340.0972, 346.5569, 337.3250, 348.3326, 356.0069, 319.1675, 358.7790
49 428 14.270000 316.7570, 341.1241, 345.9325, 338.3855, 347.6655, 356.8478, 318.4900, 359.5865
49 429 14.300000 316.0222, 342.1938, 345.2170, 339.5248, 346.9241, 358.1972, 317.7293, 360.8662
49 430 14.340000 314.9268, 344.1516, 344.1551, 341.6491, 345.7578, 360.3677, 316.5295, 362.8702
49 431 14.370000 314.0192, 346.1059, 343.2755, 343.7481, 344.7666, 362.2492, 315.5103, 364.6070
49 432 14.400000 313.0191, 348.1532, 342.3095, 345.9723, 343.7080, 364.7551, 314.4176, 366.9359
49 433 14.440000 311.5944, 351.6213, 340.9335, 349.7153, 342.1584, 368.5700, 312.8193, 370.4760
49 434 14.470000 310.4621, 354.7148, 339.8406, 353.0652, 340.8957, 371.8571, 311.5173, 373.5067
49 435 14.500000 309.2570, 357.8977, 338.6768, 356.5192, 339.5719, 375.6219, 310.1520, 377.0004
49 436 14.540000 307.5314, 362.1756, 337.0036, 361.1536, 337.6722, 380.4345, 308.2000, 381.4565
49 437 14.570000 306.1445, 365.2152, 335.6531, 364.4431, 336.1534, 383.5626, 306.6448, 384.3348
49 438 14.600000 304.6846, 367.6822, 334.2297, 367.1537, 334.5785, 386.6507, 305.0333, 387.1792
49 439 14.640000 302.6365, 370.7483, 332.2273, 370.4937, 332.3959, 390.0922, 302.8051, 390.3468
49 440 14.670000 301.0227, 372.9897, 330.6470, 372.8806, 330.7179, 392.1221, 301.0935, 392.2312
49 441 14.700000 299.3783, 374.5829, 329.0367, 374.6339, 329.0028, 394.3440, 299.3444, 394.2930
49 442 14.740000 297.1361, 376.6313, 326.8370, 376.9097, 326.6516, 396.7001, 296.9507, 396.4217
49 443 14.770000 295.4047, 378.1673, 325.1389, 378.5731, 324.8739, 397.9899, 295.1397, 397.5841
49 444 14.800000 293.6525, 379.0988, 323.4183, 379.6111, 323.0757, 399.5195, 293.3099, 399.0072
49 445 14.840000 291.2643, 380.3780, 321.0752, 380.9784, 320.6729, 400.9529, 290.8620, 400.3525
49 446 14.870000 289.4456, 381.3506, 319.2928, 382.0076, 318.8614, 401.6040, 289.0143, 400.9470
49 447 14.900000 287.6246, 381.7501, 317.5040, 382.4450, 317.0375, 402.5047, 287.1581, 401.8097
49 448 14.940000 285.1613, 382.3120, 315.0876, 383.0336, 314.6026, 403.1487, 284.6763, 402.4271
49 449 14.970000 283.2886, 382.7673, 313.2551, 383.4951, 312.7761, 403.2200, 282.8095, 402.4922
