48 0 0.010000 521.0219, 218.7851, 550.6307, 218.9860, 550.5469, 231.3382, 520.9381, 231.1374
48 1 0.040000 520.5020, 220.2899, 550.0415, 217.8929, 550.9960, 229.6551, 521.4564, 232.0521
48 2 0.070000 520.1242, 221.0932, 549.4249, 216.7991, 551.0839, 228.1188, 521.7831, 232.4129
48 3 0.110000 519.4921, 221.1747, 548.3862, 215.0170, 550.7125, 225.9326, 521.8184, 232.0903
48 4 0.140000 518.7813, 220.6304, 547.3611, 213.3924, 550.0875, 224.1579, 521.5077, 231.3958
48 5 0.170000 517.8618, 219.4880, 546.2444, 211.8253, 549.1378, 222.5423, 520.7551, 230.2050
48 6 0.200000 516.6089, 218.2693, 544.7500, 209.8777, 547.9850, 220.7261, 519.8439, 229.1178
48 7 0.240000 514.5967, 216.2049, 542.5531, 207.5299, 545.9894, 218.6039, 518.0330, 227.2789
48 8 0.270000 512.8601, 214.4555, 540.7734, 206.0515, 544.1479, 217.2599, 516.2346, 225.6639
48 9 0.310000 510.1538, 212.2207, 537.9691, 204.0401, 541.3574, 215.5605, 513.5421, 223.7412
48 10 0.340000 507.8565, 210.5961, 535.5899, 202.5823, 539.0151, 214.4357, 511.2816, 222.4495
48 11 0.370000 505.4346, 208.9718, 533.1269, 201.4873, 536.3782, 213.5170, 508.6859, 221.0015
48 12 0.400000 502.7862, 207.4130, 530.4097, 200.3581, 533.5711, 212.7368, 505.9477, 219.7917
48 13 0.440000 499.0783, 205.4355, 526.5996, 199.2705, 529.4383, 211.9427, 501.9170, 218.1078
48 14 0.470000 496.2008, 204.3059, 523.5493, 198.8127, 526.0536, 211.2810, 498.7051, 216.7742
48 15 0.500000 493.1555, 202.9862, 520.3883, 198.3345, 522.5694, 211.1038, 495.3366, 215.7555
48 16 0.540000 489.0032, 201.7632, 515.9841, 198.1796, 517.6797, 210.9454, 490.6988, 214.5290
48 17 0.570000 485.7958, 201.1427, 512.5771, 198.3328, 513.9135, 211.0705, 487.1322, 213.8804
48 18 0.610000 481.4079, 200.6738, 507.9043, 198.8027, 508.8110, 211.6424, 482.3146, 213.5135
48 19 0.640000 478.0479, 200.5165, 504.3448, 199.3135, 504.9462, 212.4609, 478.6494, 213.6639
48 20 0.670000 474.6815, 200.8105, 500.7353, 200.2481, 501.0180, 213.3447, 474.9642, 213.9071
48 21 0.700000 471.2780, 201.2381, 497.1079, 201.2790, 497.0867, 214.6216, 471.2568, 214.5807
48 22 0.740000 466.7374, 202.3383, 492.2500, 203.1622, 491.8140, 216.6647, 466.3014, 215.8408
48 23 0.770000 463.3184, 203.6217, 488.5886, 204.9693, 487.8704, 218.4369, 462.6002, 217.0893
48 24 0.800000 459.8976, 205.1030, 484.9503, 206.9353, 483.9469, 220.6536, 458.8943, 218.8213
48 25 0.840000 455.3435, 207.7505, 480.1038, 210.1725, 478.7497, 224.0154, 453.9895, 221.5934
48 26 0.870000 451.9410, 210.2216, 476.4849, 213.0640, 474.8822, 226.9037, 450.3383, 224.0614
48 27 0.900000 448.5499, 212.9870, 472.9053, 216.2003, 471.0536, 230.2361, 446.6981, 227.0229
48 28 0.940000 444.0542, 217.2902, 468.1753, 220.9502, 466.0222, 235.1401, 441.9011, 231.4800
48 29 0.970000 440.7170, 220.9116, 464.6715, 224.8781, 462.3224, 239.0647, 438.3679, 235.0981
48 30 1.000000 437.4469, 224.5757, 461.2626, 228.8052, 458.7060, 243.2009, 434.8903, 238.9714
48 31 1.040000 433.2089, 229.4241, 456.8747, 233.8948, 454.1313, 248.4174, 430.4655, 243.9468
48 32 1.070000 430.1930, 232.8388, 453.7379, 237.4751, 450.9016, 251.8786, 427.3568, 247.2423
48 33 1.110000 426.4766, 236.7591, 449.8510, 241.6802, 446.8369, 255.9966, 423.4626, 251.0755
48 34 1.140000 423.8272, 239.2135, 447.1609, 244.1503, 444.0834, 258.6957, 420.7497, 253.7588
48 35 1.170000 421.3974, 241.5383, 444.6124, 246.6664, 441.4884, 260.8090, 418.2733, 255.6810
48 36 1.210000 418.5121, 243.8842, 441.5231, 249.1441, 438.2834, 263.3171, 415.2724, 258.0572
48 37 1.240000 416.5470, 245.2137, 439.4718, 250.5448, 436.1379, 264.8810, 413.2131, 259.5498
48 38 1.270000 414.7222, 246.5564, 437.5100, 251.9066, 434.2416, 265.8275, 411.4538, 260.4774
48 39 1.310000 412.6182, 247.7775, 435.2484, 253.1948, 432.0017, 266.7574, 409.3716, 261.3402
48 40 1.340000 411.2988, 248.1616, 433.8301, 253.5586, 430.5304, 267.3337, 407.9992, 261.9367
48 41 1.370000 410.0807, 248.7141, 432.4917, 254.0899, 429.3432, 267.2158, 406.9322, 261.8400
48 42 1.410000 408.7480, 248.9518, 431.0376, 254.2119, 428.0711, 266.7824, 405.7815, 261.5223
48 43 1.440000 407.9973, 248.7236, 430.2034, 253.8898, 427.3042, 266.3517, 405.0981, 261.1854
48 44 1.470000 407.3461, 248.7453, 429.4281, 253.8401, 426.7734, 265.3460, 404.6914, 260.2511
48 45 1.510000 406.7583, 248.3118, 428.7202, 253.2336, 426.2538, 264.2394, 404.2918, 259.3176
48 46 1.540000 406.4178, 248.1018, 428.3212, 252.8315, 426.0314, 263.4357, 404.1280, 258.7061
48 47 1.570000 406.1396, 248.2376, 427.9598, 252.7475, 425.9263, 262.5865, 404.1060, 258.0767
48 48 1.610000 405.9443, 248.3226, 427.7335, 252.5681, 425.8179, 262.3994, 404.0287, 258.1539
48 49 1.640000 405.9366, 248.3566, 427.6936, 252.3883, 425.8197, 262.5006, 404.0627, 258.4689
48 50 1.670000 406.0254, 248.3418, 427.7826, 252.1820, 425.8678, 263.0306, 404.1106, 259.1904
48 51 1.710000 406.1970, 248.8512, 427.9282, 252.3713, 426.0793, 263.7855, 404.3481, 260.2655
48 52 1.740000 406.3704, 249.5443, 428.0852, 252.8059, 426.3308, 264.4860, 404.6161, 261.2244
48 53 1.770000 406.6101, 250.3234, 428.3080, 253.3262, 426.6230, 265.5022, 404.9250, 262.4994
48 54 1.810000 406.9738, 251.8085, 428.6484, 254.4551, 427.1082, 267.0684, 405.4336, 264.4218
48 55 1.840000 407.2722, 253.2971, 428.9162, 255.6433, 427.5341, 268.3936, 405.8900, 266.0474
48 56 1.870000 407.6051, 254.8970, 429.2299, 256.9398, 427.9881, 270.0850, 406.3633, 268.0421
48 57 1.910000 408.0638, 257.5452, 429.6440, 259.1354, 428.6536, 272.5761, 407.0734, 270.9859
48 58 1.940000 408.4197, 259.8682, 429.9630, 261.1049, 429.1859, 274.6417, 407.6426, 273.4050
48 59 1.970000 408.7933, 262.2853, 430.2981, 263.1610, 429.7352, 276.9861, 408.2304, 276.1104
48 60 2.010000 409.3038, 265.7474, 430.7510, 266.1292, 430.5015, 280.1439, 409.0543, 279.7620
48 61 2.040000 409.7098, 268.3540, 431.1116, 268.4009, 431.0810, 282.3640, 409.6792, 282.3171
48 62 2.070000 410.1343, 270.6193, 431.5217, 270.4205, 431.6535, 284.5986, 410.2661, 284.7973
48 63 2.110000 410.7074, 273.4550, 432.0796, 272.9783, 432.3955, 287.1450, 411.0233, 287.6217
48 64 2.140000 411.1277, 275.5006, 432.4777, 274.8064, 432.9284, 288.6688, 411.5785, 289.3629
48 65 2.170000 411.4929, 277.0555, 432.8284, 276.0866, 433.4743, 290.3117, 412.1388, 291.2805
48 66 2.210000 411.9450, 279.1876, 433.2141, 277.8122, 434.1270, 291.9293, 412.8580, 293.3047
48 67 2.240000 412.2505, 280.7355, 433.4612, 279.0714, 434.5426, 292.8547, 413.3319, 294.5188
48 68 2.270000 412.4734, 281.8960, 433.6675, 279.9759, 434.9303, 293.9151, 413.7362, 295.8352
48 69 2.310000 412.7144, 283.5523, 433.8493, 281.3093, 435.2895, 294.8789, 414.1545, 297.1219
48 70 2.340000 412.8220, 284.8016, 433.9205, 282.3322, 435.4471, 295.3748, 414.3485, 297.8441
48 71 2.370000 412.8239, 285.7857, 433.8801, 283.0814, 435.5367, 295.9801, 414.4805, 298.6843
48 72 2.410000 412.7025, 287.1170, 433.7108, 284.1397, 435.4721, 296.5675, 414.4638, 299.5448
48 73 2.440000 412.5040, 288.1625, 433.4559, 284.9507, 435.2790, 296.8442, 414.3272, 300.0559
48 74 2.470000 412.1633, 288.9841, 433.0881, 285.5756, 434.9947, 297.2801, 414.0699, 300.6886
48 75 2.510000 411.5357, 290.2356, 432.4680, 286.5601, 434.4152, 297.6497, 413.4829, 301.3252
48 76 2.540000 410.9430, 291.2698, 431.9173, 287.4526, 433.8000, 297.7973, 412.8257, 301.6145
48 77 2.570000 410.1766, 291.9983, 431.1666, 288.0642, 433.0750, 298.2462, 412.0850, 302.1803
48 78 2.610000 408.9541, 293.1502, 429.9987, 289.0690, 431.8525, 298.6277, 410.8078, 302.7089
48 79 2.640000 407.8201, 293.6987, 428.9172, 289.5828, 430.7371, 298.9112, 409.6400, 303.0271
48 80 2.670000 406.5121, 294.1046, 427.6668, 289.9942, 429.5308, 299.5876, 408.3761, 303.6980
48 81 2.710000 404.5316, 294.5444, 425.7539, 290.5142, 427.6555, 300.5274, 406.4332, 304.5577
48 82 2.740000 402.8161, 294.6557, 424.1135, 290.6972, 426.1031, 301.4017, 404.8057, 305.3601
48 83 2.770000 401.0401, 295.0707, 422.3786, 291.2560, 424.2900, 301.9483, 402.9516, 305.7630
48 84 2.800000 399.0588, 295.1731, 420.4675, 291.5391, 422.3761, 302.7834, 400.9674, 306.4173
48 85 2.840000 396.2987, 295.5480, 417.7663, 292.2996, 419.4857, 303.6621, 398.0181, 306.9105
48 86 2.870000 394.0967, 295.9318, 415.6168, 293.0240, 417.1324, 304.2408, 395.6124, 307.1486
48 87 2.900000 391.7614, 296.1170, 413.3222, 293.5859, 414.6685, 305.0532, 393.1076, 307.5843
48 88 2.940000 388.5092, 296.5791, 410.1178, 294.5692, 411.1819, 306.0097, 389.5734, 308.0196
48 89 2.970000 386.0136, 297.0791, 407.6384, 295.5817, 408.4050, 306.6521, 386.7801, 308.1495
48 90 3.000000 383.4161, 297.3780, 405.0676, 296.3881, 405.5776, 307.5420, 383.9261, 308.5319
48 91 3.040000 379.8906, 297.9128, 401.5515, 297.6573, 401.6807, 308.6064, 380.0198, 308.8619
48 92 3.070000 377.1960, 298.4599, 398.8335, 298.7189, 398.7077, 309.2255, 377.0703, 308.9666
48 93 3.100000 374.4713, 298.7720, 396.0742, 299.4983, 395.7201, 310.0280, 374.1173, 309.3017
48 94 3.140000 370.8235, 299.3279, 392.3564, 300.6442, 391.7307, 310.8790, 370.1978, 309.5628
48 95 3.170000 368.0839, 299.8898, 389.5411, 301.6061, 388.7646, 311.3139, 367.3074, 309.5977
48 96 3.200000 365.3719, 300.1813, 386.7649, 302.2468, 385.8265, 311.9654, 364.4335, 309.8998
48 97 3.240000 361.7892, 300.7587, 383.0806, 303.2320, 381.9691, 312.7994, 360.6777, 310.3260
48 98 3.270000 359.1890, 300.9031, 380.3946, 303.6360, 379.1098, 313.6050, 357.9042, 310.8721
48 99 3.300000 356.6133, 301.2178, 377.7511, 304.1652, 376.3612, 314.1330, 355.2234, 311.1856
48 100 3.340000 353.2975, 301.5203, 374.3353, 304.6953, 372.7871, 314.9538, 351.7493, 311.7787
48 101 3.370000 350.9144, 301.6311, 371.8713, 304.9393, 370.1723, 315.7018, 349.2155, 312.3936
48 102 3.400000 348.5554, 302.0085, 369.4508, 305.4052, 367.6962, 316.1992, 346.8008, 312.8025
48 103 3.440000 345.5520, 302.3554, 366.3760, 305.8229, 364.5056, 317.0558, 343.6816, 313.5884
48 104 3.470000 343.4039, 302.5000, 364.1987, 305.9770, 362.2206, 317.8072, 341.4258, 314.3302
48 105 3.500000 341.3015, 302.9156, 362.0444, 306.3660, 360.0749, 318.2056, 339.3320, 314.7552
48 106 3.540000 338.6550, 303.2550, 359.3384, 306.6168, 357.3838, 318.6426, 336.7003, 315.2808
48 107 3.570000 336.8133, 303.1633, 357.4736, 306.4466, 355.4818, 318.9806, 334.8214, 315.6974
48 108 3.600000 335.0293, 303.3152, 355.6339, 306.5126, 353.7361, 318.7418, 333.1316, 315.5443
48 109 3.640000 332.8150, 303.0380, 353.3863, 306.0562, 351.5771, 318.3878, 331.0058, 315.3697
48 110 3.670000 331.2698, 302.6520, 351.7974, 305.5024, 350.0748, 317.9078, 329.5473, 315.0575
48 111 3.700000 329.7641, 302.3285, 350.2706, 304.9779, 348.7151, 317.0178, 328.2086, 314.3684
48 112 3.740000 327.9175, 301.5853, 348.3718, 304.0012, 347.0025, 315.5947, 326.5482, 313.1788
48 113 3.770000 326.6198, 300.5772, 347.0721, 302.7665, 345.8109, 314.5487, 325.3586, 312.3594
48 114 3.800000 325.3586, 299.8192, 345.7773, 301.7975, 344.7074, 312.8409, 324.2887, 310.8626
48 115 3.840000 323.7367, 298.3539, 344.1575, 299.8987, 343.3663, 310.3573, 322.9455, 308.8124
48 116 3.870000 322.6067, 296.7662, 343.0160, 298.0357, 342.3685, 308.4459, 321.9591, 307.1763
48 117 3.900000 321.4978, 295.1697, 341.9041, 296.1628, 341.4304, 305.8968, 321.0240, 304.9037
48 118 3.940000 320.0843, 292.0818, 340.4867, 292.7691, 340.1505, 302.7476, 319.7482, 302.0604
48 119 3.970000 319.0130, 289.5758, 339.4034, 289.9730, 339.2040, 300.2062, 318.8136, 299.8090
48 120 4.000000 317.9165, 286.7354, 338.3175, 286.8404, 338.2614, 297.7424, 317.8604, 297.6374
48 121 4.040000 316.3997, 283.3343, 336.7880, 282.9903, 336.9771, 294.1941, 316.5888, 294.5381
48 122 4.070000 315.2359, 280.9660, 335.6126, 280.3352, 335.9648, 291.7148, 315.5881, 292.3456
48 123 4.100000 314.0291, 278.5310, 334.3962, 277.6431, 334.9208, 289.6768, 314.5537, 290.5647
48 124 4.140000 312.3656, 275.7490, 332.7175, 274.5776, 333.4359, 287.0587, 313.0841, 288.2302
48 125 4.170000 311.0557, 273.8973, 331.3927, 272.5133, 332.2580, 285.2276, 311.9209, 286.6116
48 126 4.200000 309.6821, 272.0282, 330.0025, 270.4606, 331.0219, 283.6750, 310.7015, 285.2426
48 127 4.240000 307.7601, 269.8413, 328.0502, 268.0508, 329.2487, 281.6326, 308.9586, 283.4230
48 128 4.270000 306.2342, 268.3870, 326.5094, 266.4649, 327.8034, 280.1149, 307.5282, 282.0370
48 129 4.300000 304.6130, 266.8010, 324.8781, 264.7726, 326.2880, 278.8589, 306.0229, 280.8872
48 130 4.340000 302.3419, 264.9313, 322.5885, 262.7998, 324.0937, 277.0967, 303.8471, 279.2283
48 131 4.370000 300.5554, 263.7001, 320.7836, 261.5127, 322.3168, 275.6903, 302.0885, 277.8778
48 132 4.400000 298.6642, 262.2959, 318.8732, 260.0801, 320.4551, 274.5077, 300.2461, 276.7236
48 133 4.440000 296.0262, 260.6261, 316.2024, 258.3915, 317.7967, 272.7864, 297.6204, 275.0210
48 134 4.470000 293.9651, 259.5220, 314.1123, 257.2967, 315.6680, 271.3822, 295.5209, 273.6075
48 135 4.500000 291.7986, 258.2178, 311.9161, 256.0287, 313.4592, 270.2100, 293.3418, 272.3991
48 136 4.540000 288.8136, 256.6703, 308.8874, 254.5740, 310.3449, 268.5303, 290.2711, 270.6266
48 137 4.570000 286.5003, 255.7020, 306.5898, 253.6726, 307.9497, 267.1348, 287.8602, 269.1641
48 138 4.600000 284.0967, 254.4758, 304.2579, 252.5438, 305.5500, 266.0280, 285.3888, 267.9600
48 139 4.640000 280.8056, 253.1016, 301.0707, 251.3065, 302.2237, 264.3226, 281.9586, 266.1177
48 140 4.670000 278.2857, 252.0935, 298.6162, 250.4504, 299.6314, 263.0115, 279.3009, 264.6546
48 141 4.700000 275.6865, 250.9389, 296.1049, 249.4593, 296.9999, 261.8096, 276.5815, 263.2893
48 142 4.740000 272.1585, 249.3557, 292.6551, 248.1040, 293.3905, 260.1462, 272.8939, 261.3979
48 143 4.770000 269.4682, 248.3834, 290.0272, 247.2925, 290.6258, 258.5733, 270.0667, 259.6642
48 144 4.800000 266.7359, 246.9498, 287.3526, 246.0873, 287.8226, 257.3214, 267.2059, 258.1840
48 145 4.840000 263.0817, 245.0831, 283.7836, 244.6459, 284.0097, 255.3503, 263.3078, 255.7875
48 146 4.870000 260.3245, 243.6872, 281.0511, 243.5394, 281.1231, 253.6391, 260.3965, 253.7869
48 147 4.900000 257.5516, 241.8488, 278.3294, 242.0516, 278.2310, 252.1381, 257.4531, 251.9353
48 148 4.940000 253.8628, 239.4403, 274.6737, 240.0685, 274.3819, 249.7363, 253.5709, 249.1081
48 149 4.970000 251.1443, 237.5304, 271.9608, 238.5978, 271.4860, 247.8586, 250.6694, 246.7912
48 150 5.000000 248.4648, 235.4037, 269.2939, 236.9748, 268.5988, 246.1900, 247.7697, 244.6189
48 151 5.040000 245.0067, 232.3547, 265.8056, 234.6762, 264.7626, 244.0196, 243.9638, 241.6980
48 152 5.070000 242.4633, 230.0520, 263.2560, 232.8509, 261.9495, 242.5567, 241.1568, 239.7577
48 153 5.100000 239.9695, 228.1359, 260.7050, 231.4030, 259.2153, 240.8574, 238.4798, 237.5903
48 154 5.140000 236.7584, 225.4599, 257.4600, 229.2670, 255.6846, 238.9209, 234.9830, 235.1139
48 155 5.170000 234.4784, 223.4723, 255.1292, 227.6847, 253.1151, 237.5584, 232.4643, 233.3460
48 156 5.200000 232.2608, 221.7389, 252.8505, 226.3353, 250.6938, 235.9959, 230.1042, 231.3995
48 157 5.240000 229.5240, 219.3182, 250.0089, 224.4284, 247.6058, 234.0618, 227.1208, 228.9516
48 158 5.270000 227.6314, 217.3785, 248.0676, 222.8145, 245.4301, 232.7302, 224.9939, 227.2942
48 159 5.300000 225.8068, 215.7602, 246.1612, 221.4648, 243.4792, 231.0344, 223.1248, 225.3297
48 160 5.340000 223.6512, 213.3211, 243.9325, 219.3465, 241.0804, 228.9465, 220.7991, 222.9211
48 161 5.370000 222.2413, 211.3770, 242.4744, 217.6202, 239.4646, 227.3742, 219.2316, 221.1311
48 162 5.400000 220.9334, 209.6271, 241.1062, 216.0307, 238.1090, 225.4726, 217.9362, 219.0690
48 163 5.440000 219.4781, 207.0978, 239.6004, 213.6401, 236.5833, 222.9201, 216.4610, 216.3779
48 164 5.470000 218.6137, 205.0007, 238.7425, 211.5965, 235.6293, 221.0974, 215.5005, 214.5017
48 165 5.500000 217.8200, 203.2260, 237.9339, 209.8045, 234.9269, 218.9985, 214.8130, 212.4199
48 166 5.540000 216.9476, 201.0264, 237.0683, 207.5489, 234.1473, 216.5597, 214.0265, 210.0371
48 167 5.570000 216.3782, 199.7262, 236.4950, 206.2053, 233.6580, 215.0139, 213.5412, 208.5348
48 168 5.600000 215.8651, 198.8019, 235.9566, 205.2295, 233.2642, 213.6454, 213.1727, 207.2178
48 169 5.640000 215.3976, 197.6077, 235.4936, 203.9772, 232.7639, 212.5894, 212.6680, 206.2199
48 170 5.670000 215.0978, 197.1283, 235.2045, 203.4518, 232.4515, 212.2053, 212.3448, 205.8819
48 171 5.700000 214.8889, 196.8427, 235.0177, 203.1190, 232.1897, 212.1887, 212.0609, 205.9124
48 172 5.740000 214.6975, 197.0029, 234.8377, 203.2019, 231.9779, 212.4932, 211.8377, 206.2941
48 173 5.770000 214.6179, 197.5303, 234.7538, 203.6612, 231.9192, 212.9710, 211.7833, 206.8401
48 174 5.800000 214.6247, 198.2573, 234.7665, 204.3197, 231.9050, 213.8269, 211.7632, 207.7645
48 175 5.840000 214.7063, 199.8023, 234.8385, 205.7655, 232.0012, 215.3447, 211.8690, 209.3815
48 176 5.870000 214.8185, 201.4000, 234.9316, 207.2876, 232.1468, 216.8009, 212.0337, 210.9132
48 177 5.900000 214.9960, 203.2637, 235.0956, 209.0829, 232.3204, 218.6682, 212.2209, 212.8490
48 178 5.940000 215.2927, 206.3505, 235.3585, 212.0828, 232.6367, 221.6105, 212.5709, 215.8781
48 179 5.970000 215.5704, 209.0731, 235.6017, 214.7350, 232.9526, 224.1071, 212.9213, 218.4452
48 180 6.000000 215.9560, 211.9044, 235.9579, 217.5003, 233.3415, 226.8521, 213.3397, 221.2562
48 181 6.040000 216.6878, 215.6900, 236.6463, 221.1645, 234.1267, 230.3501, 214.1682, 224.8756
48 182 6.070000 217.4807, 218.3402, 237.3706, 223.7983, 234.9368, 232.6672, 215.0469, 227.2091
48 183 6.100000 218.5053, 220.6042, 238.3418, 226.0177, 235.9313, 234.8503, 216.0949, 229.4368
48 184 6.140000 220.1437, 223.3322, 239.9282, 228.5938, 237.6207, 237.2705, 217.8361, 232.0089
48 185 6.170000 221.5705, 225.2985, 241.2740, 230.3986, 239.0815, 238.8688, 219.3781, 233.7687
48 186 6.200000 223.1992, 226.7317, 242.9170, 231.6209, 240.8181, 240.0858, 221.1003, 235.1966
48 187 6.240000 225.5848, 228.6451, 245.2462, 233.1319, 243.2994, 241.6628, 223.6380, 237.1760
48 188 6.270000 227.5537, 229.6364, 247.2362, 233.7594, 245.3693, 242.6716, 225.6868, 238.5486
48 189 6.300000 229.6146, 230.6802, 249.2761, 234.3623, 247.6091, 243.2638, 227.9476, 239.5817
48 190 6.340000 232.5257, 231.7543, 252.1998, 234.8787, 250.7808, 243.8142, 231.1067, 240.6898
48 191 6.370000 234.8692, 232.0504, 254.5326, 234.7667, 253.2123, 244.3245, 233.5489, 241.6082
48 192 6.400000 237.2203, 232.5761, 256.8671, 234.8194, 255.7909, 244.2444, 236.1442, 242.0011
48 193 6.440000 240.4581, 232.8588, 260.0549, 234.4258, 259.2875, 244.0234, 239.6907, 242.4564
48 194 6.470000 242.9143, 232.7318, 262.5016, 233.8038, 261.9523, 243.8406, 242.3650, 242.7687
48 195 6.500000 245.3913, 232.8622, 264.8948, 233.4119, 264.6195, 243.1782, 245.1161, 242.6285
48 196 6.540000 248.6779, 232.6939, 268.1036, 232.5978, 268.1529, 242.5628, 248.7272, 242.6588
48 197 6.570000 251.1268, 232.5264, 270.4769, 231.9991, 270.7552, 242.2138, 251.4051, 242.7411
48 198 6.600000 253.5575, 232.6111, 272.8180, 231.6860, 273.2988, 241.6968, 254.0383, 242.6219
48 199 6.640000 256.7344, 232.6218, 275.8756, 231.2476, 276.5928, 241.2379, 257.4516, 242.6121
48 200 6.670000 259.0505, 232.5642, 278.1075, 230.9128, 278.9851, 241.0403, 259.9281, 242.6917
48 201 6.700000 261.3375, 232.7287, 280.2939, 230.8490, 281.2682, 240.6749, 262.3118, 242.5546
48 202 6.740000 264.2740, 232.8668, 283.1102, 230.7590, 284.1839, 240.3534, 265.3476, 242.4612
48 203 6.770000 266.3805, 232.8894, 285.1385, 230.6689, 286.2738, 240.2594, 267.5158, 242.4798
48 204 6.800000 268.4443, 233.1889, 287.1154, 230.8751, 288.2397, 239.9474, 269.5685, 242.2612
48 205 6.840000 271.0559, 233.4413, 289.6364, 231.1014, 290.7322, 239.8026, 272.1517, 242.1425
48 206 6.870000 272.8996, 233.4470, 291.4244, 231.1546, 292.5010, 239.8545, 273.9762, 242.1469
48 207 6.900000 274.6445, 233.2895, 293.1290, 231.0965, 294.2113, 240.2198, 275.7268, 242.4128
48 208 6.940000 276.8535, 233.2169, 295.3012, 231.1871, 296.3731, 240.9290, 277.9254, 242.9588
48 209 6.970000 278.4469, 233.3462, 296.8843, 231.4854, 297.8899, 241.4489, 279.4524, 243.3097
48 210 7.000000 279.9471, 233.2717, 298.3765, 231.5853, 299.3560, 242.2889, 280.9265, 243.9754
48 211 7.040000 281.8830, 233.3797, 300.3309, 232.0068, 301.1686, 243.2631, 282.7207, 244.6360
48 212 7.070000 283.2763, 233.5738, 301.7302, 232.4256, 302.4407, 243.8445, 283.9868, 244.9927
48 213 7.100000 284.6040, 233.5391, 303.0745, 232.6203, 303.6706, 244.6031, 285.2000, 245.5219
48 214 7.140000 286.3053, 233.6971, 304.8246, 233.0308, 305.2658, 245.2921, 286.7464, 245.9584
48 215 7.170000 287.5492, 233.7554, 306.1008, 233.3272, 306.3882, 245.7780, 287.8365, 246.2061
48 216 7.200000 288.7507, 233.6300, 307.3295, 233.4258, 307.4717, 246.3670, 288.8930, 246.5713
48 217 7.240000 290.3450, 233.5535, 308.9480, 233.7152, 308.8331, 246.9384, 290.2300, 246.7766
48 218 7.270000 291.5171, 233.6064, 310.1296, 233.9878, 309.8596, 247.1663, 291.2471, 246.7849
48 219 7.300000 292.6758, 233.4225, 311.2929, 234.0086, 310.8665, 247.5517, 292.2494, 246.9656
48 220 7.340000 294.2171, 233.3471, 312.8311, 234.1563, 312.2388, 247.7806, 293.6248, 246.9714
48 221 7.370000 295.3661, 233.4062, 313.9703, 234.3707, 313.2767, 247.7502, 294.6725, 246.7858
48 222 7.400000 296.5446, 233.1918, 315.1352, 234.3096, 314.3167, 247.9217, 295.7261, 246.8039
48 223 7.440000 298.1279, 233.0879, 316.6910, 234.3961, 315.7408, 247.8802, 297.1777, 246.5720
48 224 7.470000 299.3302, 233.1287, 317.8672, 234.5613, 316.8516, 247.7023, 298.3147, 246.2697
48 225 7.500000 300.5618, 232.9869, 319.0718, 234.5190, 317.9766, 247.7517, 299.4666, 246.2197
48 226 7.540000 302.2105, 233.1787, 320.6799, 234.8160, 319.5369, 247.7089, 301.0675, 246.0715
48 227 7.570000 303.4627, 233.5658, 321.8970, 235.2876, 320.7340, 247.7382, 302.2998, 246.0164
48 228 7.600000 304.7415, 233.9590, 323.1413, 235.7472, 321.9460, 248.0468, 303.5462, 246.2586
48 229 7.640000 306.4651, 234.8193, 324.8164, 236.6821, 323.6095, 248.5713, 305.2582, 246.7084
48 230 7.670000 307.7713, 235.7150, 326.0847, 237.6207, 324.8956, 249.0476, 306.5822, 247.1419
48 231 7.700000 309.1147, 236.5820, 327.3913, 238.5252, 326.1888, 249.8345, 307.9123, 247.8913
48 232 7.740000 310.9263, 238.0791, 329.1523, 240.0593, 327.9640, 250.9964, 309.7380, 249.0162
48 233 7.770000 312.2997, 239.4625, 330.4867, 241.4628, 329.3318, 251.9637, 311.1447, 249.9634
48 234 7.800000 313.6635, 240.8577, 331.8557, 242.8641, 330.7119, 253.2346, 312.5198, 251.2282
48 235 7.840000 315.4602, 243.1066, 333.6963, 245.1168, 332.5957, 255.1013, 314.3596, 253.0911
48 236 7.870000 316.8143, 245.0988, 335.0855, 247.1023, 334.0373, 256.6615, 315.7661, 254.6579
48 237 7.900000 318.1882, 247.1841, 336.5025, 249.1617, 335.4875, 258.5610, 317.1732, 256.5834
48 238 7.940000 320.0239, 250.3979, 338.3983, 252.3190, 337.4528, 261.3621, 319.0784, 259.4410
48 239 7.970000 321.4068, 253.1011, 339.8274, 254.9612, 338.9507, 263.6427, 320.5301, 261.7825
48 240 8.000000 322.8146, 255.7924, 341.2904, 257.5617, 340.4620, 266.2126, 321.9862, 264.4434
48 241 8.040000 324.7525, 259.2811, 343.2997, 260.9481, 342.5213, 269.6083, 323.9742, 267.9413
48 242 8.070000 326.3079, 261.3190, 344.9142, 263.0261, 344.0818, 272.0991, 325.4755, 270.3920
48 243 8.100000 327.8735, 263.4033, 346.5352, 265.0604, 345.7370, 274.0490, 327.0753, 272.3919
48 244 8.140000 330.0527, 265.6973, 348.7762, 267.2815, 348.0035, 276.4135, 329.2800, 274.8292
48 245 8.170000 331.7315, 267.0520, 350.5284, 268.5686, 349.7626, 278.0598, 330.9657, 276.5432
48 246 8.200000 333.4389, 268.5587, 352.2616, 269.9852, 351.5662, 279.1605, 332.7435, 277.7339
48 247 8.240000 335.7638, 270.0936, 354.6656, 271.4086, 354.0291, 280.5574, 335.1273, 279.2424
48 248 8.270000 337.5483, 270.9567, 356.4921, 272.1495, 355.9026, 281.5122, 336.9588, 280.3194
48 249 8.300000 339.3223, 271.9732, 358.3205, 273.0147, 357.8281, 281.9965, 338.8299, 280.9550
48 250 8.340000 341.7059, 272.9932, 360.7641, 273.7141, 360.4314, 282.5100, 341.3732, 281.7891
48 251 8.370000 343.5163, 273.3374, 362.6267, 273.8851, 362.3655, 282.9996, 343.2551, 282.4519
48 252 8.400000 345.3133, 273.9495, 364.4726, 274.2720, 364.3271, 282.9125, 345.1678, 282.5900
48 253 8.440000 347.7027, 274.2377, 366.9238, 274.2811, 366.9043, 282.9321, 347.6832, 282.8887
48 254 8.470000 349.4633, 274.2454, 368.7177, 274.0239, 368.8196, 282.8813, 349.5652, 283.1028
48 255 8.500000 351.1786, 274.4436, 370.4838, 273.9047, 370.7212, 282.4105, 351.4161, 282.9495
48 256 8.540000 353.4017, 274.4093, 372.7483, 273.4125, 373.1856, 281.8987, 353.8389, 282.8955
48 257 8.570000 355.0321, 274.3580, 374.3765, 273.0511, 374.9553, 281.6177, 355.6108, 282.9247
48 258 8.600000 356.5867, 274.2788, 375.9635, 272.6700, 376.6651, 281.1207, 357.2883, 282.7295
48 259 8.640000 358.5912, 274.1778, 377.9604, 272.2296, 378.8078, 280.6550, 359.4386, 282.6031
48 260 8.670000 359.9987, 274.0270, 379.3578, 271.8303, 380.3287, 280.3866, 360.9696, 282.5833
48 261 8.700000 361.3277, 273.8917, 380.6806, 271.4676, 381.7308, 279.8520, 362.3779, 282.2761
48 262 8.740000 362.9556, 273.6433, 382.2986, 270.9535, 383.4608, 279.3110, 364.1178, 282.0008
48 263 8.770000 364.0663, 273.3196, 383.3517, 270.4448, 384.6324, 279.0364, 365.3471, 281.9112
48 264 8.800000 365.0717, 273.1337, 384.3549, 270.0862, 385.6788, 278.4629, 366.3956, 281.5105
48 265 8.840000 366.2333, 272.7301, 385.4568, 269.4200, 386.8874, 277.7284, 367.6640, 281.0385
48 266 8.870000 366.9472, 272.0977, 386.1198, 268.7021, 387.6631, 277.4155, 368.4904, 280.8112
48 267 8.900000 367.5730, 271.7115, 386.7124, 268.2059, 388.2716, 276.7190, 369.1322, 280.2246
48 268 8.940000 368.2023, 270.9376, 387.2970, 267.3816, 388.8827, 275.8963, 369.7880, 279.4523
48 269 8.970000 368.5027, 270.2031, 387.5550, 266.6032, 389.2058, 275.3404, 370.1536, 278.9403
48 270 9.000000 368.7210, 269.6607, 387.7348, 266.0276, 389.3577, 274.5212, 370.3439, 278.1543
48 271 9.040000 368.8053, 268.7891, 387.7597, 265.1561, 389.4078, 273.7549, 370.4534, 277.3879
48 272 9.070000 368.7117, 268.0972, 387.6284, 264.4657, 389.3521, 273.4447, 370.4355, 277.0762
48 273 9.100000 368.5655, 267.6954, 387.4330, 264.0862, 389.1452, 273.0371, 370.2777, 276.6462
48 274 9.140000 368.1833, 267.1634, 386.9925, 263.5928, 388.7422, 272.8099, 369.9331, 276.3806
48 275 9.170000 367.7661, 266.8131, 386.5374, 263.2767, 388.3352, 272.8192, 369.5638, 276.3556
48 276 9.200000 367.2958, 266.6991, 386.0067, 263.2293, 387.7771, 272.7761, 369.0662, 276.2459
48 277 9.240000 366.4910, 266.5758, 385.1291, 263.1916, 386.9057, 272.9756, 368.2676, 276.3598
48 278 9.270000 365.7658, 266.5097, 384.3496, 263.2013, 386.1497, 273.3129, 367.5660, 276.6213
48 279 9.300000 364.9900, 266.6868, 383.5098, 263.4895, 385.2539, 273.5925, 366.7342, 276.7897
48 280 9.340000 363.8006, 266.9532, 382.2367, 263.9189, 383.9363, 274.2454, 365.5002, 277.2796
48 281 9.370000 362.7975, 267.1927, 381.1788, 264.2919, 382.8601, 274.9457, 364.4788, 277.8465
48 282 9.400000 361.7594, 267.7008, 380.0721, 264.9762, 381.6535, 275.6050, 363.3408, 278.3296
48 283 9.440000 360.2458, 268.4628, 378.4743, 265.9910, 379.9353, 276.7656, 361.7069, 279.2373
48 284 9.470000 359.0248, 269.1017, 377.1874, 266.8331, 378.5582, 277.8076, 360.3956, 280.0762
48 285 9.500000 357.7625, 269.9269, 375.8528, 267.9036, 377.0663, 278.7534, 358.9760, 280.7767
48 286 9.540000 355.9308, 270.8356, 373.9159, 269.0954, 374.9685, 279.9737, 356.9833, 281.7139
48 287 9.570000 354.4426, 271.2492, 372.3299, 269.6674, 373.3130, 280.7845, 355.4257, 282.3663
48 288 9.600000 352.9102, 271.7088, 370.7197, 270.3630, 371.5370, 281.1789, 353.7275, 282.5246
48 289 9.640000 350.7119, 271.8721, 368.4238, 270.7678, 369.0977, 281.5776, 351.3859, 282.6819
48 290 9.670000 348.9640, 271.6034, 366.6108, 270.6541, 367.2128, 281.8448, 349.5660, 282.7941
48 291 9.700000 347.1725, 271.4047, 364.7542, 270.6236, 365.2455, 281.6813, 347.6637, 282.4623
48 292 9.740000 344.6729, 270.7361, 362.1807, 270.1424, 362.5597, 281.3182, 345.0519, 281.9118
48 293 9.770000 342.7259, 269.9088, 360.1883, 269.4418, 360.4957, 280.9385, 343.0334, 281.4055
48 294 9.800000 340.7020, 269.1723, 358.1628, 268.8556, 358.3662, 280.0679, 340.9054, 280.3846
48 295 9.840000 337.8621, 267.7291, 355.3859, 267.5762, 355.4832, 278.7275, 337.9594, 278.8804
48 296 9.870000 335.6809, 266.2467, 353.2570, 266.2060, 353.2833, 277.5863, 335.7072, 277.6270
48 297 9.900000 333.4667, 264.8287, 351.0970, 264.9022, 351.0512, 275.8839, 333.4210, 275.8104
48 298 9.940000 330.4607, 262.3009, 348.1730, 262.5299, 348.0323, 273.4112, 330.3200, 273.1822
48 299 9.970000 328.1716, 259.8953, 345.9698, 260.2334, 345.7563, 271.4730, 327.9581, 271.1350
48 300 10.000000 325.8539, 257.5875, 343.7962, 258.0361, 343.5204, 269.0665, 325.5781, 268.6179
48 301 10.040000 322.7256, 254.3762, 340.8553, 254.9700, 340.4958, 265.9455, 322.3661, 265.3518
48 302 10.070000 320.3424, 252.1108, 338.6145, 252.8022, 338.2023, 263.6937, 319.9303, 263.0023
48 303 10.100000 317.9211, 250.1458, 336.3363, 250.9181, 335.8975, 261.3802, 317.4823, 260.6079
48 304 10.140000 314.6537, 247.5905, 333.2598, 248.4615, 332.7870, 258.5602, 314.1809, 257.6892
48 305 10.170000 312.1753, 245.6691, 330.9281, 246.6017, 330.4287, 256.6441, 311.6760, 255.7116
48 306 10.200000 309.6679, 244.0027, 328.5606, 244.9839, 328.0618, 254.5883, 309.1690, 253.6070
48 307 10.240000 306.2927, 241.7046, 325.3764, 242.7270, 324.8771, 252.0474, 305.7934, 251.0250
48 308 10.270000 303.7433, 239.8924, 322.9730, 240.9410, 322.4637, 250.2796, 303.2341, 249.2310
48 309 10.300000 301.1728, 238.2267, 320.5362, 239.2809, 320.0464, 248.2770, 300.6830, 247.2228
48 310 10.340000 297.7263, 235.6104, 317.2846, 236.6623, 316.7886, 245.8838, 297.2304, 244.8319
48 311 10.370000 295.1201, 233.7333, 314.8165, 234.7790, 314.3235, 244.0651, 294.6271, 243.0194
48 312 10.400000 292.4918, 231.5653, 312.3384, 232.5600, 311.8438, 242.4270, 291.9973, 241.4323
48 313 10.440000 288.9629, 228.7507, 308.9912, 229.6845, 308.5119, 239.9639, 288.4836, 239.0301
48 314 10.470000 286.2968, 226.7107, 306.4482, 227.6073, 305.9907, 237.8888, 285.8393, 236.9921
48 315 10.500000 283.6051, 224.3979, 303.8862, 225.2259, 303.4465, 235.9974, 283.1654, 235.1694
48 316 10.540000 279.9711, 221.4795, 300.4254, 222.2339, 300.0135, 233.4029, 279.5592, 232.6485
48 317 10.570000 277.2105, 219.4211, 297.7975, 220.1427, 297.3994, 231.4983, 276.8125, 230.7767
48 318 10.600000 274.4132, 217.2577, 295.1461, 217.9454, 294.7514, 229.8449, 274.0185, 229.1572
48 319 10.640000 270.6298, 214.5952, 291.5578, 215.2547, 291.1685, 227.6089, 270.2404, 226.9493
48 320 10.670000 267.7555, 212.7679, 288.8330, 213.4362, 288.4389, 225.8660, 267.3614, 225.1977
48 321 10.700000 264.8425, 210.7615, 286.0831, 211.4306, 285.6760, 224.3552, 264.4354, 223.6861
48 322 10.740000 260.9192, 208.2410, 282.3822, 208.9733, 281.9298, 222.2321, 260.4669, 221.4998
48 323 10.770000 257.9427, 206.4768, 279.5743, 207.2815, 279.0818, 220.5193, 257.4502, 219.7147
48 324 10.800000 254.9394, 204.4572, 276.7527, 205.3396, 276.1986, 219.0387, 254.3852, 218.1563
48 325 10.840000 250.8983, 201.9152, 272.9616, 202.9429, 272.3138, 216.8502, 250.2505, 215.8225
48 326 10.870000 247.8592, 200.0182, 270.1081, 201.2125, 269.3613, 215.1243, 247.1124, 213.9299
48 327 10.900000 244.8057, 197.8817, 267.2697, 199.2619, 266.3918, 213.5498, 243.9279, 212.1696
48 328 10.940000 240.7476, 195.0422, 263.4840, 196.7347, 262.4010, 211.2847, 239.6646, 209.5923
48 329 10.970000 237.7103, 192.9793, 260.6555, 194.9586, 259.4099, 209.3990, 236.4646, 207.4197
48 330 11.000000 234.7071, 190.6341, 257.8722, 192.9321, 256.4058, 207.7142, 233.2407, 205.4162
48 331 11.040000 230.7359, 187.6616, 254.1754, 190.4055, 252.4320, 205.2978, 228.9925, 202.5538
48 332 11.070000 227.7990, 185.5150, 251.4303, 188.6246, 249.4809, 203.4390, 225.8496, 200.3294
48 333 11.100000 224.9195, 183.1379, 248.7652, 186.5971, 246.5542, 201.8384, 222.7085, 198.3792
48 334 11.140000 221.1728, 180.1511, 245.2785, 184.1157, 242.7403, 199.5483, 218.6346, 195.5837
48 335 11.170000 218.4280, 178.0600, 242.7014, 182.3651, 239.9849, 197.6816, 215.7115, 193.3765
48 336 11.200000 215.7947, 175.7398, 240.2533, 180.3710, 237.2900, 196.0211, 212.8314, 191.3900
48 337 11.240000 212.4241, 172.8317, 237.0894, 177.8822, 233.8786, 193.5629, 209.2133, 188.5124
48 338 11.270000 210.0172, 170.7797, 234.8044, 176.1456, 231.4764, 191.5187, 206.6893, 186.1529
48 339 11.300000 207.7684, 168.4627, 232.6901, 174.0881, 229.1788, 189.6442, 204.2571, 184.0187
48 340 11.340000 204.9730, 165.4927, 230.0261, 171.4335, 226.3775, 186.8203, 201.3243, 180.8795
48 341 11.370000 203.0369, 163.3273, 228.1540, 169.4569, 224.5009, 184.4261, 199.3838, 178.2965
48 342 11.400000 201.3067, 160.8093, 226.5069, 167.0488, 222.7719, 182.1341, 197.5716, 175.8947
48 343 11.440000 199.2490, 157.4205, 224.5282, 163.7168, 220.8086, 178.6510, 195.5294, 172.3548
48 344 11.470000 197.8874, 154.9132, 223.1892, 161.1856, 219.5980, 175.6716, 194.2962, 169.3991
48 345 11.500000 196.7276, 151.9227, 222.1170, 158.0301, 218.5046, 173.0475, 193.1152, 166.9401
48 346 11.540000 195.2490, 148.6605, 220.6946, 154.4668, 217.3018, 169.3358, 191.8562, 163.5296
48 347 11.570000 194.1893, 146.7180, 219.6630, 152.3021, 216.4862, 166.7944, 191.0124, 161.2104
48 348 11.600000 193.1912, 144.9854, 218.7202, 150.3510, 215.6926, 164.7559, 190.1637, 159.3903
48 349 11.640000 191.9150, 143.2908, 217.5216, 148.3743, 214.7124, 162.5244, 189.1058, 157.4409
48 350 11.670000 190.9715, 142.4612, 216.6709, 147.2886, 214.0635, 161.1698, 188.3640, 156.3424
48 351 11.700000 190.0849, 141.8202, 215.8902, 146.4378, 213.4063, 160.3193, 187.6010, 155.7017
48 352 11.740000 188.9308, 141.5432, 214.8936, 145.8739, 212.5989, 159.6310, 186.6360, 155.3004
48 353 11.770000 188.0802, 141.7871, 214.1734, 145.8994, 212.0391, 159.4416, 185.9460, 155.3292
48 354 11.800000 187.2878, 142.2224, 213.4930, 146.1167, 211.4673, 159.7475, 185.2622, 155.8532
48 355 11.840000 186.2290, 143.4622, 212.6016, 147.0630, 210.7477, 160.6413, 184.3751, 157.0405
48 356 11.870000 185.4296, 144.9089, 211.9400, 148.2904, 210.2263, 161.7252, 183.7159, 158.3437
48 357 11.900000 184.6560, 146.6663, 211.2913, 149.8402, 209.6800, 163.3625, 183.0447, 160.1886
48 358 11.940000 183.5995, 149.7891, 210.4189, 152.7004, 208.9540, 166.1956, 182.1345, 163.2843
48 359 11.970000 182.7917, 152.6751, 209.7611, 155.3992, 208.4074, 168.8017, 181.4380, 166.0776
48 360 12.000000 182.0095, 155.7508, 209.1196, 158.3095, 207.8451, 171.8132, 180.7350, 169.2545
48 361 12.040000 180.9984, 159.8459, 208.3093, 162.1776, 207.1536, 175.7137, 179.8427, 173.3820
48 362 12.070000 180.2676, 162.6987, 207.7402, 164.8210, 206.7047, 178.2245, 179.2322, 176.1022
48 363 12.100000 179.6696, 164.8758, 207.2774, 167.0167, 206.2120, 180.7557, 178.6042, 178.6148
48 364 12.140000 178.8718, 167.4982, 206.6763, 169.5166, 205.6635, 183.4678, 177.8591, 181.4495
48 365 12.170000 178.2167, 169.4388, 206.2143, 171.1560, 205.3720, 184.8890, 177.3744, 183.1717
48 366 12.200000 177.6754, 170.7458, 205.8024, 172.3059, 205.0180, 186.4475, 176.8910, 184.8874
48 367 12.240000 176.9421, 172.3642, 205.2486, 173.6731, 204.5916, 187.8807, 176.2851, 186.5718
48 368 12.270000 176.3675, 173.4964, 204.8387, 174.5869, 204.3063, 188.4874, 175.8351, 187.3969
48 369 12.300000 175.8517, 173.9943, 204.4291, 174.9403, 203.9531, 189.3232, 175.3756, 188.3772
48 370 12.340000 175.0995, 174.6130, 203.8616, 175.2928, 203.5191, 189.7835, 174.7570, 189.1036
48 371 12.370000 174.5248, 175.0159, 203.4282, 175.5431, 203.1707, 189.6648, 174.2672, 189.1376
48 372 12.400000 173.9572, 174.8094, 202.9857, 175.2415, 202.7699, 189.7410, 173.7414, 189.3089
48 373 12.440000 173.1707, 174.4051, 202.3928, 174.8535, 202.1716, 189.2681, 172.9496, 188.8197
48 374 12.470000 172.5078, 174.0365, 201.9077, 174.4405, 201.7145, 188.5031, 172.3145, 188.0990
48 375 12.500000 171.8534, 173.1016, 201.3608, 173.4578, 201.1858, 187.9541, 171.6784, 187.5979
48 376 12.540000 170.8643, 172.0807, 200.5742, 172.3102, 200.4625, 186.7706, 170.7526, 186.5411
48 377 12.570000 170.0965, 171.1320, 199.9633, 171.3609, 199.8509, 186.0359, 169.9841, 185.8070
48 378 12.600000 169.3188, 169.9950, 199.3062, 170.2613, 199.1707, 185.5088, 169.1833, 185.2425
48 379 12.640000 168.1778, 168.7666, 198.4094, 169.1115, 198.2333, 184.5415, 168.0017, 184.1966
48 380 12.670000 167.2736, 167.9246, 197.6793, 168.3113, 197.4834, 183.7112, 167.0777, 183.3245
48 381 12.700000 166.3304, 166.7949, 196.9410, 167.2955, 196.6808, 183.2060, 166.0702, 182.7053
48 382 12.740000 165.0091, 165.4357, 195.8988, 166.0368, 195.5818, 182.3248, 164.6921, 181.7236
48 383 12.770000 163.9910, 164.5892, 195.0694, 165.2750, 194.7121, 181.4693, 163.6337, 180.7836
48 384 12.800000 162.9136, 163.3725, 194.2486, 164.1521, 193.8308, 180.9492, 162.4957, 180.1696
48 385 12.840000 161.4501, 161.8989, 193.1060, 162.8212, 192.6036, 180.0665, 160.9476, 179.1442
48 386 12.870000 160.3335, 160.9146, 192.2091, 161.9404, 191.6519, 179.2535, 159.7763, 178.2277
48 387 12.900000 159.1681, 159.5731, 191.3294, 160.6893, 190.7022, 178.7635, 158.5409, 177.6473
48 388 12.940000 157.6126, 158.0008, 190.1202, 159.2546, 189.4026, 177.8606, 156.8950, 176.6069
48 389 12.970000 156.4564, 156.8989, 189.2057, 158.2979, 188.4034, 177.0782, 155.6541, 175.6791
48 390 13.000000 155.2872, 155.5133, 188.3416, 157.0955, 187.4109, 176.5386, 154.3565, 174.9564
48 391 13.040000 153.7622, 153.7054, 187.1726, 155.5090, 186.0839, 175.6754, 152.6735, 173.8717
48 392 13.070000 152.6446, 152.5527, 186.2946, 154.5209, 185.1136, 174.7123, 151.4636, 172.7441
48 393 13.100000 151.5585, 150.9539, 185.4731, 153.0745, 184.1601, 174.0731, 150.2455, 171.9525
48 394 13.140000 150.1775, 148.9611, 184.4313, 151.3125, 182.9503, 172.8867, 148.6965, 170.5353
48 395 13.170000 149.2382, 147.5442, 183.6846, 150.1164, 182.0680, 171.7662, 147.6216, 169.1940
48 396 13.200000 148.3408, 145.7730, 183.0533, 148.5633, 181.2608, 170.8622, 146.5484, 168.0719
48 397 13.240000 147.3268, 143.4786, 182.3208, 146.6954, 180.2359, 169.3760, 145.2419, 166.1592
48 398 13.270000 146.6486, 141.9683, 181.8030, 145.4346, 179.5889, 167.8901, 144.4345, 164.4238
48 399 13.300000 146.1037, 139.9725, 181.4493, 143.7438, 178.9960, 166.7371, 143.6503, 162.9658
48 400 13.340000 145.5441, 137.4958, 181.0870, 141.6390, 178.3912, 164.7650, 142.8483, 160.6218
48 401 13.370000 145.3157, 135.5900, 180.9727, 140.1302, 178.0454, 163.1195, 142.3885, 158.5793
48 402 13.400000 145.2344, 133.3784, 181.0340, 138.2965, 177.8362, 161.5740, 142.0366, 156.6558
48 403 13.440000 145.4275, 130.3566, 181.3402, 135.8614, 177.7566, 159.2404, 141.8439, 153.7356
48 404 13.470000 145.7552, 128.2619, 181.6899, 134.1689, 177.9196, 157.1054, 141.9848, 151.1984
48 405 13.500000 146.3081, 125.6864, 182.3038, 132.0266, 178.1797, 155.4409, 142.1840, 149.1007
48 406 13.540000 147.2204, 123.0241, 183.2125, 129.9444, 178.7600, 153.1013, 142.7680, 146.1810
48 407 13.570000 148.0073, 121.6202, 183.9451, 128.9437, 179.3335, 151.5741, 143.3956, 144.2505
48 408 13.600000 148.9039, 120.4750, 184.7857, 128.1544, 179.9938, 150.5446, 144.1120, 142.8651
48 409 13.640000 150.2461, 119.6768, 185.9977, 127.7625, 181.0624, 149.5847, 145.3107, 141.4990
48 410 13.670000 151.3700, 119.6126, 186.9809, 127.9568, 182.0161, 149.1454, 146.4052, 140.8012
48 411 13.700000 152.6273, 119.7231, 188.1134, 128.2712, 183.0734, 149.1944, 147.5872, 140.6463
48 412 13.740000 154.4670, 120.5346, 189.7427, 129.2682, 184.7089, 149.6001, 149.4332, 140.8665
48 413 13.770000 155.9693, 121.6559, 191.0480, 130.4675, 186.1084, 150.1318, 151.0297, 141.3203
48 414 13.800000 157.6088, 122.8970, 192.5304, 131.7303, 187.6139, 151.1672, 152.6923, 142.3339
48 415 13.840000 159.9436, 125.2563, 194.6093, 134.0255, 189.8505, 152.8375, 155.1848, 144.0683
48 416 13.870000 161.7964, 127.5289, 196.2542, 136.1706, 191.6940, 154.3539, 157.2362, 145.7123
48 417 13.900000 163.7646, 129.9933, 198.0469, 138.4557, 193.6282, 156.3564, 159.3460, 147.8941
48 418 13.940000 166.4986, 134.0115, 200.5260, 142.1519, 196.3978, 159.4083, 162.3704, 151.2679
48 419 13.970000 168.6220, 137.5974, 202.4389, 145.4218, 198.6087, 161.9756, 164.7919, 154.1512
48 420 14.000000 170.8296, 141.3667, 204.4985, 148.8075, 200.9155, 165.0203, 167.2466, 157.5795
48 421 14.040000 173.8565, 146.8452, 207.4081, 153.7904, 204.1798, 169.3858, 170.6283, 162.4405
48 422 14.070000 176.2217, 151.2851, 209.7002, 157.8947, 206.7554, 172.8104, 173.2769, 166.2008
48 423 14.100000 178.7598, 155.6501, 212.1128, 161.8713, 209.3434, 176.7190, 175.9904, 170.4979
48 424 14.140000 182.2053, 162.0224, 215.4200, 167.6978, 212.9517, 182.1431, 179.7371, 176.4677
48 425 14.170000 184.8337, 167.2272, 217.9609, 172.4796, 215.7446, 186.4576, 182.6174, 181.2052
48 426 14.200000 187.5665, 172.5327, 220.5656, 177.3442, 218.5265, 191.3286, 185.5275, 186.5170
48 427 14.240000 191.2241, 180.3317, 224.0755, 184.5555, 222.2998, 198.3661, 189.4484, 194.1422
48 428 14.270000 193.9708, 186.7755, 226.7231, 190.5504, 225.1289, 204.3829, 192.3765, 200.6079
48 429 14.300000 196.7589, 193.5517, 229.3870, 196.8794, 227.9740, 210.7333, 195.3460, 207.4056
48 430 14.340000 200.4492, 203.5536, 232.9298, 206.2941, 231.7524, 220.2484, 199.2718, 217.5079
48 431 14.370000 203.2026, 211.7063, 235.5795, 214.0115, 234.5657, 228.2502, 202.1888, 225.9450
48 432 14.400000 205.9225, 220.7341, 238.1913, 222.6082, 237.3533, 237.0370, 205.0845, 235.1628
48 433 14.440000 209.4946, 234.1597, 241.6261, 235.4942, 241.0145, 250.2196, 208.8830, 248.8851
48 434 14.470000 212.1254, 245.2770, 244.1624, 246.2079, 243.7264, 261.2120, 211.6894, 260.2811
48 435 14.500000 214.7237, 257.0064, 246.6742, 257.5454, 246.4162, 272.8420, 214.4656, 272.3030
48 436 14.540000 218.1500, 272.1605, 250.0244, 272.2273, 249.9916, 287.8940, 218.1172, 287.8273
48 437 14.570000 220.6711, 282.4421, 252.5154, 282.1702, 252.6512, 298.0763, 220.8068, 298.3482
48 438 14.600000 223.1513, 291.6843, 254.9691, 291.1087, 255.2607, 307.2263, 223.4428, 307.8019
48 439 14.640000 226.3718, 302.4938, 258.1575, 301.5716, 258.6323, 317.9377, 226.8466, 318.8600
48 440 14.670000 228.7083, 309.5722, 260.4715, 308.4339, 261.0641, 324.9687, 229.3008, 326.1070
48 441 14.700000 230.9676, 315.8497, 262.7092, 314.5314, 263.4026, 331.2264, 231.6610, 332.5447
48 442 14.740000 233.8486, 323.0775, 265.5623, 321.5722, 266.3642, 338.4683, 234.6505, 339.9736
48 443 14.770000 235.9039, 327.7039, 267.5973, 326.0949, 268.4624, 343.1335, 236.7689, 344.7425
48 444 14.800000 237.8643, 331.6912, 269.5379, 330.0056, 270.4520, 347.1827, 238.7784, 348.8683
48 445 14.840000 240.3253, 336.0669, 271.9735, 334.3161, 272.9332, 351.6651, 241.2850, 353.4159
48 446 14.870000 242.0532, 338.6704, 273.6832, 336.8935, 274.6645, 354.3597, 243.0345, 356.1366
48 447 14.900000 243.6776, 340.7060, 275.2903, 338.9171, 276.2848, 356.4909, 244.6721, 358.2798
48 448 14.940000 245.6797, 342.5575, 277.2715, 340.7680, 278.2737, 358.4602, 246.6819, 360.2497
48 449 14.970000 247.0577, 343.3401, 278.6361, 341.5553, 279.6398, 359.3141, 248.0615, 361.0989
