7 0 0.010000 301.4389, 307.5086, 321.0320, 308.4989, 320.4918, 319.1867, 300.8987, 318.1964
7 1 0.040000 301.8848, 305.8792, 321.4171, 307.7147, 320.3649, 318.9119, 300.8326, 317.0764
7 2 0.070000 302.2326, 303.7707, 321.8203, 306.2098, 320.3999, 317.6165, 300.8121, 315.1773
7 3 0.110000 302.7475, 300.5141, 322.4644, 303.6045, 320.6668, 315.0728, 300.9500, 311.9824
7 4 0.140000 303.2537, 297.8926, 323.0502, 301.4446, 321.0043, 312.8472, 301.2079, 309.2953
7 5 0.170000 303.7918, 295.3218, 323.6693, 299.0912, 321.5369, 310.3364, 301.6594, 306.5671
7 6 0.200000 304.5020, 292.6247, 324.4301, 296.7927, 322.1281, 307.7993, 302.1999, 303.6313
7 7 0.240000 305.5739, 289.1145, 325.5547, 293.6494, 323.1795, 304.1149, 303.1986, 299.5800
7 8 0.270000 306.4346, 286.5247, 326.4994, 291.0317, 324.2324, 301.1243, 304.1676, 296.6173
7 9 0.310000 307.8735, 282.8654, 328.0103, 287.5336, 325.8085, 297.0310, 305.6718, 292.3628
7 10 0.340000 309.2343, 279.6832, 329.4038, 284.6105, 327.1507, 293.8334, 306.9812, 288.9061
7 11 0.370000 310.6292, 276.3487, 330.9604, 281.0261, 328.7313, 290.7153, 308.4001, 286.0379
7 12 0.400000 312.4022, 272.5667, 332.7531, 277.5607, 330.2536, 287.7465, 309.9027, 282.7526
7 13 0.440000 314.8159, 267.4870, 335.3415, 272.3875, 332.7386, 283.2899, 312.2129, 278.3893
7 14 0.470000 316.7578, 263.5903, 337.4339, 268.3451, 334.8215, 279.7049, 314.1454, 274.9501
7 15 0.500000 319.1362, 259.3469, 339.7418, 264.6131, 336.7416, 276.3521, 316.1360, 271.0859
7 16 0.540000 322.1662, 254.1547, 342.8878, 259.4571, 339.7762, 271.6172, 319.0545, 266.3147
7 17 0.570000 324.3225, 250.6526, 345.2952, 255.5816, 342.3673, 268.0400, 321.3945, 263.1110
7 18 0.610000 327.4180, 246.2068, 348.6248, 250.8400, 345.8318, 263.6238, 324.6250, 258.9905
7 19 0.640000 329.9049, 243.0203, 351.2094, 247.5929, 348.4255, 260.5633, 327.1211, 255.9907
7 20 0.670000 332.2431, 240.1893, 353.7953, 244.2951, 351.2950, 257.4201, 329.7427, 253.3144
7 21 0.700000 334.8638, 237.2870, 356.4883, 241.3419, 354.0076, 254.5712, 332.3832, 250.5162
7 22 0.740000 338.2814, 233.7205, 360.1045, 237.3769, 357.8758, 250.6782, 336.0528, 247.0218
7 23 0.770000 340.7609, 231.2646, 362.8144, 234.3154, 360.9758, 247.6058, 338.9223, 244.5550
7 24 0.800000 343.5733, 228.5257, 365.6468, 231.5457, 363.8314, 244.8142, 341.7579, 241.7942
7 25 0.840000 347.2008, 225.0393, 369.3985, 227.6316, 367.8607, 240.7998, 345.6630, 238.2075
7 26 0.870000 349.8243, 222.5288, 372.1738, 224.4893, 371.0300, 237.5290, 348.6804, 235.5685
7 27 0.900000 352.7718, 219.5875, 375.0744, 221.6052, 373.9042, 234.5409, 351.6015, 232.5232
7 28 0.940000 356.5508, 215.7634, 378.8671, 217.4758, 377.8892, 230.2202, 355.5729, 228.5078
7 29 0.970000 359.2627, 213.0235, 381.6354, 214.1904, 380.9802, 226.7515, 358.6075, 225.5846
7 30 1.000000 362.2835, 209.8849, 384.5373, 211.3113, 383.7389, 223.7683, 361.4850, 222.3419
7 31 1.040000 365.9851, 206.3608, 388.2253, 207.3622, 387.6730, 219.6272, 365.4329, 218.6257
7 32 1.070000 368.6400, 204.1708, 390.9061, 204.5876, 390.6800, 216.6628, 368.4139, 216.2459
7 33 1.110000 372.2106, 201.5976, 394.4647, 201.4278, 394.5549, 213.2532, 372.3008, 213.4230
7 34 1.140000 374.8986, 199.9111, 397.1208, 199.4580, 397.3581, 211.0987, 375.1359, 211.5517
7 35 1.170000 377.4628, 198.6390, 399.6676, 197.6259, 400.1882, 209.0353, 377.9834, 210.0485
7 36 1.210000 380.8828, 197.1695, 403.0331, 195.6575, 403.7921, 206.7765, 381.6418, 208.2885
7 37 1.240000 383.4436, 196.1696, 405.5448, 194.5290, 406.3567, 205.4658, 384.2555, 207.1064
7 38 1.270000 385.8538, 195.5648, 407.9002, 193.4372, 408.9321, 204.1291, 386.8856, 206.2567
7 39 1.310000 389.0317, 194.8428, 411.0003, 192.3728, 412.1721, 202.7946, 390.2035, 205.2646
7 40 1.340000 391.3728, 194.3394, 413.2939, 191.8509, 414.4599, 202.1223, 392.5388, 204.6109
7 41 1.370000 393.5516, 194.2204, 415.3967, 191.3048, 416.7374, 201.3503, 394.8923, 204.2658
7 42 1.410000 396.3785, 194.0905, 418.1377, 190.8996, 419.5769, 200.7138, 397.8177, 203.9047
7 43 1.440000 398.4258, 194.0007, 420.1438, 190.8241, 421.5625, 200.5232, 399.8445, 203.6998
7 44 1.470000 400.3060, 194.2858, 421.9306, 190.6805, 423.5149, 200.1830, 401.8903, 203.7883
7 45 1.510000 402.6989, 194.6367, 424.2308, 190.7571, 425.9107, 200.0810, 404.3789, 203.9605
7 46 1.540000 404.4002, 194.8511, 425.9019, 191.0196, 427.5488, 200.2617, 406.0471, 204.0932
7 47 1.570000 405.9230, 195.4642, 427.3202, 191.1746, 429.1313, 200.2091, 407.7342, 204.4987
7 48 1.610000 407.8038, 196.2240, 429.1031, 191.6062, 431.0150, 200.4249, 409.7158, 205.0427
7 49 1.640000 409.1050, 196.6769, 430.3936, 192.1582, 432.2492, 200.9005, 410.9606, 205.4192
7 50 1.670000 410.2440, 197.4849, 431.4333, 192.6370, 433.4019, 201.2418, 412.2126, 206.0897
7 51 1.710000 411.6082, 198.4554, 432.7452, 193.5892, 434.7214, 202.1729, 413.5844, 207.0392
7 52 1.740000 412.5132, 199.1455, 433.6695, 194.5462, 435.5380, 203.1410, 414.3817, 207.7403
7 53 1.770000 413.2590, 200.1614, 434.3420, 195.4134, 436.2850, 204.0414, 415.2021, 208.7894
7 54 1.810000 414.1120, 201.4949, 435.1788, 196.9350, 437.0669, 205.6582, 416.0002, 210.2181
7 55 1.840000 414.6600, 202.5874, 435.7547, 198.3797, 437.5060, 207.1597, 416.4114, 211.3674
7 56 1.870000 415.0757, 204.0015, 436.1286, 199.8207, 437.8890, 208.6855, 416.8361, 212.8662
7 57 1.910000 415.5252, 206.0445, 436.5707, 202.1600, 438.2254, 211.1249, 417.1799, 215.0093
7 58 1.940000 415.7878, 207.6863, 436.8585, 204.2060, 438.3505, 213.2395, 417.2799, 216.7198
7 59 1.970000 415.9233, 209.6073, 436.9552, 206.2042, 438.4314, 215.3270, 417.3995, 218.7301
7 60 2.010000 415.9878, 212.1551, 436.9975, 209.0378, 438.3634, 218.2432, 417.3537, 221.3605
7 61 2.040000 415.9519, 213.8609, 436.9820, 211.1946, 438.1509, 220.4148, 417.1209, 223.0811
7 62 2.070000 415.7016, 215.7472, 436.6299, 212.7814, 437.9371, 222.0055, 417.0087, 224.9713
7 63 2.110000 415.2824, 217.6812, 436.1605, 214.8793, 437.3847, 224.0010, 416.5065, 226.8029
7 64 2.140000 414.8956, 218.7119, 435.7910, 216.3994, 436.7841, 225.3727, 415.8887, 227.6853
7 65 2.170000 414.3054, 219.8115, 435.1230, 217.3348, 436.1785, 226.2073, 415.3609, 228.6840
7 66 2.210000 413.4324, 220.7399, 434.2137, 218.5047, 435.1445, 227.1585, 414.3632, 229.3937
7 67 2.240000 412.7263, 220.7475, 433.5159, 219.1414, 434.1888, 227.8519, 413.3992, 229.4580
7 68 2.270000 411.8192, 220.9451, 432.5742, 219.2691, 433.2920, 228.1587, 412.5370, 229.8346
7 69 2.310000 410.5537, 220.6864, 431.3166, 219.2941, 431.9314, 228.4627, 411.1685, 229.8550
7 70 2.340000 409.6376, 219.9582, 430.4127, 219.2643, 430.7299, 228.7598, 409.9547, 229.4538
7 71 2.370000 408.4511, 219.5944, 429.2346, 218.6261, 429.6844, 228.2807, 408.9009, 229.2490
7 72 2.410000 406.9874, 218.3336, 427.7762, 217.8120, 428.0275, 227.8261, 407.2386, 228.3477
7 73 2.440000 405.8756, 217.1438, 426.6661, 217.0537, 426.7106, 227.3150, 405.9201, 227.4051
7 74 2.470000 404.6024, 216.0956, 425.4122, 215.9464, 425.4869, 226.3689, 404.6771, 226.5181
7 75 2.510000 402.9447, 214.4043, 423.7855, 214.4868, 423.7432, 225.1810, 402.9024, 225.0985
7 76 2.540000 401.8043, 212.9932, 422.6137, 213.6044, 422.2931, 224.5200, 401.4837, 223.9088
7 77 2.570000 400.5304, 211.9099, 421.3531, 212.6703, 420.9488, 223.7436, 400.1261, 222.9832
7 78 2.610000 398.8724, 210.6226, 419.6860, 211.7074, 419.0990, 222.9693, 398.2854, 221.8845
7 79 2.640000 397.6746, 209.7517, 418.4574, 211.1922, 417.6655, 222.6180, 396.8826, 221.1776
7 80 2.670000 396.3148, 209.2661, 417.1468, 210.6208, 416.3974, 222.1440, 395.5654, 220.7892
7 81 2.710000 394.6070, 208.6818, 415.4549, 210.1707, 414.6207, 221.8509, 393.7729, 220.3620
7 82 2.740000 393.3942, 208.3256, 414.2183, 210.0565, 413.2391, 221.8372, 392.4150, 220.1063
7 83 2.770000 392.0399, 208.2983, 412.9210, 209.8991, 412.0144, 221.7256, 391.1333, 220.1248
7 84 2.800000 390.8342, 208.2115, 411.6944, 210.0219, 410.6626, 221.9108, 389.8025, 220.1004
7 85 2.840000 389.1313, 208.4392, 410.0214, 210.2582, 408.9843, 222.1693, 388.0941, 220.3504
7 86 2.870000 387.7696, 208.8817, 408.7346, 210.4768, 407.8306, 222.3579, 386.8656, 220.7627
7 87 2.900000 386.5960, 209.2122, 407.5338, 211.0170, 406.5098, 222.8965, 385.5720, 221.0917
7 88 2.940000 384.9290, 210.0011, 405.8935, 211.8049, 404.8771, 223.6178, 383.9126, 221.8139
7 89 2.970000 383.6065, 210.8467, 404.6345, 212.4435, 403.7453, 224.1540, 382.7173, 222.5572
7 90 3.000000 382.4628, 211.5662, 403.4604, 213.3752, 402.4581, 225.0087, 381.4605, 223.1997
7 91 3.040000 380.8474, 212.7912, 401.8627, 214.6126, 400.8678, 226.0908, 379.8526, 224.2694
7 92 3.070000 379.5570, 213.9130, 400.6317, 215.4910, 399.7836, 226.8172, 378.7090, 225.2391
7 93 3.100000 378.4834, 214.7920, 399.5108, 216.6561, 398.5145, 227.8949, 377.4871, 226.0308
7 94 3.140000 376.9788, 216.2008, 397.9910, 218.1896, 396.9419, 229.2734, 375.9297, 227.2846
7 95 3.170000 375.7866, 217.4723, 396.8276, 219.3231, 395.8660, 230.2541, 374.8250, 228.4032
7 96 3.200000 374.8192, 218.5276, 395.7815, 220.7970, 394.6087, 231.6294, 373.6464, 229.3599
7 97 3.240000 373.4380, 220.2913, 394.3557, 222.7670, 393.0947, 233.4223, 372.1769, 230.9466
7 98 3.270000 372.3792, 221.8388, 393.2913, 224.3245, 392.0429, 234.8278, 371.1308, 232.3422
7 99 3.300000 371.5053, 223.3048, 392.3228, 226.2184, 390.8681, 236.6119, 370.0507, 233.6983
7 100 3.340000 370.3112, 225.6440, 391.0419, 228.9115, 389.4309, 239.1321, 368.7002, 235.8646
7 101 3.370000 369.4116, 227.6920, 390.1007, 231.1022, 388.4398, 241.1789, 367.7507, 237.7688
7 102 3.400000 368.6849, 229.7646, 389.2477, 233.6656, 387.3573, 243.6307, 366.7944, 239.7297
7 103 3.440000 367.7177, 232.9667, 388.1481, 237.3308, 386.0545, 247.1321, 365.6241, 242.7680
7 104 3.470000 367.0204, 235.6433, 387.3758, 240.2498, 385.1850, 249.9303, 364.8297, 245.3238
7 105 3.500000 366.5339, 238.2696, 386.7222, 243.4247, 384.2730, 253.0163, 364.0847, 247.8612
7 106 3.540000 365.9702, 241.8960, 386.0049, 247.5039, 383.3681, 256.9242, 363.3334, 251.3162
7 107 3.570000 365.5562, 244.7019, 385.6099, 250.2224, 383.0649, 259.4671, 363.0113, 253.9467
7 108 3.600000 365.6672, 246.9265, 385.4796, 253.1582, 382.6088, 262.2853, 362.7965, 256.0536
7 109 3.640000 365.9247, 249.8824, 385.5726, 256.5853, 382.5058, 265.5749, 362.8579, 258.8720
7 110 3.670000 366.1407, 252.1857, 385.8499, 258.7474, 382.8883, 267.6432, 363.1791, 261.0815
7 111 3.700000 366.8003, 254.1076, 386.3795, 261.0606, 383.2458, 269.8850, 363.6665, 262.9319
7 112 3.740000 367.7053, 256.8475, 387.3651, 263.6694, 384.3266, 272.4258, 364.6669, 265.6039
7 113 3.770000 368.4226, 259.0394, 388.3011, 265.3190, 385.5447, 274.0447, 365.6662, 267.7651
7 114 3.800000 369.5402, 260.9283, 389.4544, 267.2000, 386.7159, 275.8955, 366.8016, 269.6238
7 115 3.840000 371.0654, 263.6813, 391.1961, 269.4144, 388.7306, 278.0713, 368.5999, 272.3382
7 116 3.870000 372.2560, 265.9304, 392.6236, 270.9268, 390.5133, 279.5293, 370.1457, 274.5328
7 117 3.900000 373.7311, 267.9794, 394.2100, 272.6748, 392.2450, 281.2450, 371.7661, 276.5496
7 118 3.940000 375.6980, 271.0343, 396.4075, 274.8391, 394.8482, 283.3263, 374.1387, 279.5214
7 119 3.970000 377.1829, 273.5654, 398.0785, 276.3297, 396.9469, 284.8835, 376.0513, 282.1193
7 120 4.000000 378.8830, 275.7968, 399.8696, 277.9716, 398.9737, 286.6162, 377.9871, 284.4414
7 121 4.040000 381.1966, 278.6506, 402.2770, 279.8580, 401.7727, 288.6629, 380.6923, 287.4555
7 122 4.070000 382.9264, 280.6942, 404.0398, 280.9695, 403.9232, 289.9108, 382.8098, 289.6355
7 123 4.100000 384.8063, 282.2568, 405.9485, 282.3400, 405.9134, 291.2754, 384.7711, 291.1922
7 124 4.140000 387.2143, 284.1975, 408.3667, 283.6675, 408.5918, 292.6531, 387.4394, 293.1831
7 125 4.170000 388.9050, 285.6306, 410.0126, 284.2218, 410.6174, 293.2828, 389.5097, 294.6915
7 126 4.200000 390.6895, 286.5131, 411.8259, 285.1179, 412.4206, 294.1261, 391.2842, 295.5214
7 127 4.240000 392.8506, 287.6934, 413.9468, 285.6886, 414.8048, 294.7168, 393.7085, 296.7216
7 128 4.270000 394.3457, 288.4630, 415.3579, 285.8163, 416.5005, 294.8871, 395.4883, 297.5338
7 129 4.300000 395.8241, 288.7916, 416.8536, 286.1318, 417.9973, 295.1738, 396.9677, 297.8336
7 130 4.340000 397.5476, 289.1866, 418.4976, 286.0197, 419.8651, 295.0664, 398.9151, 298.2333
7 131 4.370000 398.6425, 289.4309, 419.4363, 285.5281, 421.1443, 294.6281, 400.3505, 298.5309
7 132 4.400000 399.6631, 289.2284, 420.4275, 285.2007, 422.1909, 294.2915, 401.4265, 298.3192
7 133 4.440000 400.7068, 288.9241, 421.2851, 284.2168, 423.3737, 293.3475, 402.7954, 298.0547
7 134 4.470000 401.2656, 288.6340, 421.6312, 283.2315, 424.0602, 292.3876, 403.6945, 297.7901
7 135 4.500000 401.7218, 287.8603, 422.1280, 282.6119, 424.4741, 291.7339, 404.0679, 296.9823
7 136 4.540000 402.0644, 286.9861, 422.4498, 281.7211, 424.7981, 290.8135, 404.4127, 296.0785
7 137 4.570000 402.1630, 286.4526, 422.5362, 281.1935, 424.8794, 290.2708, 404.5062, 295.5299
7 138 4.600000 402.1793, 285.8533, 422.6705, 281.0436, 424.7920, 290.0820, 404.3008, 294.8917
7 139 4.640000 402.0037, 285.3815, 422.5712, 280.9521, 424.5154, 289.9795, 403.9478, 294.4089
7 140 4.670000 401.7286, 285.2745, 422.2969, 280.9551, 424.1970, 290.0028, 403.6286, 294.3222
7 141 4.700000 401.3966, 285.1353, 422.0595, 281.3174, 423.7303, 290.3602, 403.0674, 294.1781
7 142 4.740000 400.7817, 285.2994, 421.4878, 281.8792, 422.9864, 290.9515, 402.2802, 294.3718
7 143 4.770000 400.1963, 285.6893, 420.8820, 282.3606, 422.3511, 291.4901, 401.6655, 294.8188
7 144 4.800000 399.5860, 286.0701, 420.3284, 283.2252, 421.5833, 292.3746, 400.8410, 295.2196
7 145 4.840000 398.6380, 286.9542, 419.4023, 284.5277, 420.4793, 293.7438, 399.7150, 296.1703
7 146 4.870000 397.8341, 287.9077, 418.5849, 285.6387, 419.6016, 294.9364, 398.8507, 297.2055
7 147 4.900000 397.0270, 288.9257, 417.8064, 287.1263, 418.6157, 296.4709, 397.8363, 298.2704
7 148 4.940000 395.8402, 290.7162, 416.6184, 289.2868, 417.2687, 298.7399, 396.4905, 300.1693
7 149 4.970000 394.8742, 292.3508, 415.6375, 291.0388, 416.2418, 300.6028, 395.4785, 301.9149
7 150 5.000000 393.9254, 294.0007, 414.6999, 293.1020, 415.1163, 302.7278, 394.3418, 303.6266
7 151 5.040000 392.5658, 296.2981, 413.3385, 295.7578, 413.5929, 305.5396, 392.8202, 306.0799
7 152 5.070000 391.4543, 298.0494, 412.2069, 297.5065, 412.4680, 307.4878, 391.7154, 308.0307
7 153 5.100000 390.3970, 299.5707, 411.1613, 299.4163, 411.2364, 309.5159, 390.4722, 309.6703
7 154 5.140000 388.8722, 301.6746, 409.6207, 301.6116, 409.6521, 311.9260, 388.9035, 311.9890
7 155 5.170000 387.6659, 303.2863, 408.3878, 303.0816, 408.4915, 313.5770, 387.7696, 313.7817
7 156 5.200000 386.5635, 304.6465, 407.3024, 304.8448, 407.2013, 315.4203, 386.4623, 315.2220
7 157 5.240000 385.0273, 306.5532, 405.7736, 307.0238, 405.5305, 317.7408, 384.7842, 317.2703
7 158 5.270000 383.7971, 308.1414, 404.5200, 308.4495, 404.3582, 319.3324, 383.6353, 319.0244
7 159 5.300000 382.7046, 309.5018, 403.4573, 310.2743, 403.0503, 321.2092, 382.2975, 320.4366
7 160 5.340000 381.1735, 311.5575, 401.9349, 312.5397, 401.4114, 323.6056, 380.6500, 322.6234
7 161 5.370000 379.9866, 313.2678, 400.7454, 314.1813, 400.2524, 325.3841, 379.4937, 324.4707
7 162 5.400000 378.9242, 314.8692, 399.7121, 316.1905, 398.9969, 327.4431, 378.2090, 326.1218
7 163 5.440000 377.4688, 317.2740, 398.2819, 318.8368, 397.4282, 330.2071, 376.6151, 328.6443
7 164 5.470000 376.3608, 319.2578, 397.1871, 320.8086, 396.3311, 332.3036, 375.5049, 330.7528
7 165 5.500000 375.3986, 321.1182, 396.2610, 323.1242, 395.1547, 334.6299, 374.2922, 332.6239
7 166 5.540000 374.1301, 323.6859, 395.0225, 326.0168, 393.7363, 337.5456, 372.8439, 335.2147
7 167 5.570000 373.1224, 325.7345, 394.0229, 327.7763, 392.8873, 339.4010, 371.9868, 337.3592
7 168 5.600000 372.3530, 327.4389, 393.2747, 329.8750, 391.9318, 341.4083, 371.0101, 338.9722
7 169 5.640000 371.3199, 329.7628, 392.2571, 332.2607, 390.8871, 343.7436, 369.9499, 341.2457
7 170 5.670000 370.5560, 331.5353, 391.4992, 333.8018, 390.2567, 345.2828, 369.3135, 343.0163
7 171 5.700000 370.0271, 333.0052, 390.9796, 335.7080, 389.5217, 347.0102, 368.5691, 344.3073
7 172 5.740000 369.3150, 335.0859, 390.2737, 337.9205, 388.7679, 349.0541, 367.8092, 346.2195
7 173 5.770000 368.7903, 336.7279, 389.7605, 339.3921, 388.3563, 350.4447, 367.3861, 347.7805
7 174 5.800000 368.4802, 338.1545, 389.4439, 341.2190, 387.8615, 352.0438, 366.8978, 348.9793
7 175 5.840000 368.0732, 340.2317, 389.0368, 343.4522, 387.4099, 354.0424, 366.4463, 350.8219
7 176 5.870000 367.7686, 341.9450, 388.7529, 345.0003, 387.2288, 355.4678, 366.2445, 352.4125
7 177 5.900000 367.6741, 343.5173, 388.6356, 346.9565, 386.9623, 357.1552, 366.0008, 353.7160
7 178 5.940000 367.5328, 345.8787, 388.5334, 349.4311, 386.8541, 359.3584, 365.8535, 355.8059
7 179 5.970000 367.4285, 347.8358, 388.5008, 351.2782, 386.9050, 361.0466, 365.8327, 357.6041
7 180 6.000000 367.5014, 349.7146, 388.6118, 353.5076, 386.9077, 362.9919, 365.7973, 359.1989
7 181 6.040000 367.6428, 352.3953, 388.8226, 356.3698, 387.0952, 365.5751, 365.9154, 361.6005
7 182 6.070000 367.7623, 354.5432, 389.0296, 358.3311, 387.4069, 367.4420, 366.1395, 363.6542
7 183 6.100000 368.0960, 356.5118, 389.3858, 360.6265, 387.6613, 369.5494, 366.3715, 365.4348
7 184 6.140000 368.5531, 359.3395, 389.9314, 363.4548, 388.2316, 372.2851, 366.8533, 368.1698
7 185 6.170000 368.9091, 361.6155, 390.3864, 365.3824, 388.8268, 374.2740, 367.3496, 370.5070
7 186 6.200000 369.4525, 363.7787, 390.9645, 367.6492, 389.3702, 376.5100, 367.8582, 372.6395
7 187 6.240000 370.1711, 366.9395, 391.7744, 370.5021, 390.2942, 379.4779, 368.6909, 375.9154
7 188 6.270000 370.6985, 369.5548, 392.3797, 372.5211, 391.1252, 381.6903, 369.4440, 378.7240
7 189 6.300000 371.3794, 372.1279, 393.0953, 374.9751, 391.8780, 384.2602, 370.1621, 381.4131
7 190 6.340000 372.2397, 375.9885, 394.0081, 378.2299, 393.0214, 387.8131, 371.2530, 385.5717
7 191 6.370000 372.8597, 379.2264, 394.6417, 380.7631, 393.9441, 390.6516, 372.1621, 389.1149
7 192 6.400000 373.5548, 382.6034, 395.3255, 383.7287, 394.8007, 393.8817, 373.0300, 392.7564
7 193 6.440000 374.4330, 387.6344, 396.1365, 387.9594, 395.9779, 398.5529, 374.2744, 398.2278
7 194 6.470000 375.0549, 391.7778, 396.6525, 391.3550, 396.8672, 402.3165, 375.2695, 402.7394
7 195 6.500000 375.6912, 395.9715, 397.2094, 395.0786, 397.6775, 406.3587, 376.1593, 407.2515
7 196 6.540000 376.4288, 401.4490, 397.7994, 399.8006, 398.7022, 411.5052, 377.3317, 413.1536
7 197 6.570000 376.8752, 405.2202, 398.1268, 402.9663, 399.4060, 415.0271, 378.1544, 417.2811
7 198 6.600000 377.3134, 408.3875, 398.5469, 406.0665, 399.9028, 418.4712, 378.6693, 420.7922
7 199 6.640000 377.6587, 412.3128, 398.7699, 409.5583, 400.4319, 422.2965, 379.3208, 425.0510
7 200 6.670000 377.6735, 415.2661, 398.4508, 411.5293, 400.7654, 424.3992, 379.9882, 428.1360
7 201 6.700000 377.6711, 417.5365, 398.3524, 413.6324, 400.8010, 426.6030, 380.1196, 430.5072
7 202 6.740000 377.3807, 420.2479, 397.8611, 415.9618, 400.5910, 429.0062, 380.1107, 433.2923
7 203 6.770000 376.8949, 422.2258, 397.0266, 417.2247, 400.2664, 430.2665, 380.1347, 435.2676
7 204 6.800000 376.3425, 423.4621, 396.5378, 418.7312, 399.6013, 431.8089, 379.4060, 436.5398
7 205 6.840000 375.2346, 425.0479, 395.2798, 420.1711, 398.4561, 433.2268, 378.4109, 438.1037
7 206 6.870000 374.1527, 426.0653, 394.0329, 420.9647, 397.3693, 433.9689, 377.4891, 439.0694
7 207 6.900000 372.9625, 426.5229, 392.9615, 421.8741, 395.9845, 434.8787, 375.9854, 439.5276
7 208 6.940000 371.0444, 426.9812, 391.0805, 422.6756, 393.8680, 435.6474, 373.8319, 439.9529
7 209 6.970000 369.3455, 427.3141, 389.2510, 422.8942, 392.1183, 435.8068, 372.2127, 440.2268
7 210 7.000000 367.5952, 427.0646, 387.6752, 423.3265, 390.0752, 436.2189, 369.9952, 439.9569
7 211 7.040000 364.9730, 426.7032, 385.1005, 423.4618, 387.1666, 436.2913, 367.0391, 439.5327
7 212 7.070000 362.8014, 426.3746, 382.8701, 423.2339, 384.8734, 436.0349, 364.8047, 439.1756
7 213 7.100000 360.6454, 425.4846, 380.8795, 423.2123, 382.3194, 436.0332, 362.0852, 438.3055
7 214 7.140000 357.5159, 424.3405, 377.7648, 422.6164, 378.8593, 435.4709, 358.6104, 437.1949
7 215 7.170000 355.0330, 423.3817, 375.2395, 421.8636, 376.2077, 434.7503, 356.0012, 436.2684
7 216 7.200000 352.5882, 422.0430, 372.8340, 421.1706, 373.3893, 434.0589, 353.1436, 434.9313
7 217 7.240000 349.2466, 419.9904, 369.5160, 419.8988, 369.5744, 432.8251, 349.3049, 432.9166
7 218 7.270000 346.5626, 418.5386, 366.7023, 418.3199, 366.8438, 431.3438, 346.7041, 431.5625
7 219 7.300000 344.1329, 416.3541, 364.3421, 417.1393, 363.8349, 430.1907, 343.6258, 429.4054
7 220 7.340000 340.7063, 413.5645, 360.8177, 414.7127, 360.0697, 427.8158, 339.9583, 426.6677
7 221 7.370000 338.1341, 411.2522, 358.1673, 412.5325, 357.3266, 425.6878, 337.2934, 424.4076
7 222 7.400000 335.7787, 408.4140, 355.7866, 410.4189, 354.4680, 423.5774, 334.4601, 421.5724
7 223 7.440000 332.5637, 404.5270, 352.4593, 406.7794, 350.9569, 420.0501, 331.0613, 417.7977
7 224 7.470000 330.1527, 401.5074, 349.9275, 403.6102, 348.5067, 416.9722, 328.7318, 414.8695
7 225 7.500000 327.9263, 398.2149, 347.6146, 400.5687, 346.0182, 413.9215, 326.3299, 411.5677
7 226 7.540000 324.9639, 394.0589, 344.5245, 396.5211, 342.8439, 409.8719, 323.2833, 407.4097
7 227 7.570000 322.8058, 391.1567, 342.2804, 393.7926, 340.4746, 407.1336, 321.0001, 404.4976
7 228 7.600000 320.7706, 388.3747, 340.1798, 391.4851, 338.0504, 404.7726, 318.6412, 401.6622
7 229 7.640000 318.0721, 385.1027, 337.3721, 388.6345, 334.9452, 401.8966, 315.6452, 398.3648
7 230 7.670000 316.0528, 382.9717, 335.2583, 386.6059, 332.7465, 399.8797, 313.5410, 396.2455
7 231 7.700000 314.1843, 380.9029, 333.3082, 384.9181, 330.5310, 398.1452, 311.4071, 394.1299
7 232 7.740000 311.7324, 378.4873, 330.7404, 382.7436, 327.7859, 395.9384, 308.7778, 391.6821
7 233 7.770000 309.9042, 376.9413, 328.8193, 381.0832, 325.9245, 394.3032, 307.0094, 390.1614
7 234 7.800000 308.3037, 375.3276, 327.1440, 379.8032, 324.0204, 392.9524, 305.1801, 388.4768
7 235 7.840000 306.2146, 373.4670, 324.9490, 378.0306, 321.7563, 391.1371, 303.0220, 386.5735
7 236 7.870000 304.6887, 372.2667, 323.3463, 376.6461, 320.2688, 389.7574, 301.6112, 385.3779
7 237 7.900000 303.4218, 370.9464, 322.0129, 375.6264, 318.7381, 388.6350, 300.1470, 383.9549
7 238 7.940000 301.8232, 369.3853, 320.3290, 374.2055, 316.9661, 387.1162, 298.4604, 382.2960
7 239 7.970000 300.7083, 368.3420, 319.1575, 373.1110, 315.8319, 385.9762, 297.3827, 381.2072
7 240 8.000000 299.9033, 367.1346, 318.2876, 372.4362, 314.6269, 385.1302, 296.2427, 379.8286
7 241 8.040000 298.8613, 365.8250, 317.1837, 371.3449, 313.3897, 383.9384, 295.0673, 378.4184
7 242 8.070000 298.1249, 365.0583, 316.4271, 370.4446, 312.7227, 383.0320, 294.4204, 377.6457
7 243 8.100000 297.6592, 364.2151, 315.9247, 369.8818, 312.0461, 382.3835, 293.7806, 376.7167
7 244 8.140000 297.1092, 363.3644, 315.3655, 369.0135, 311.5030, 381.4963, 293.2467, 375.8472
7 245 8.170000 296.7653, 362.9026, 315.0418, 368.2696, 311.3546, 380.8259, 293.0781, 375.4589
7 246 8.200000 296.7054, 362.3406, 314.9822, 367.8594, 311.1969, 380.3952, 292.9201, 374.8764
7 247 8.240000 296.7083, 361.8241, 315.0214, 367.1685, 311.3425, 379.7747, 293.0294, 374.4303
7 248 8.270000 296.7737, 361.6086, 315.1322, 366.5458, 311.7115, 379.2654, 293.3530, 374.3282
7 249 8.300000 297.1120, 361.2738, 315.5052, 366.2308, 312.0682, 378.9841, 293.6750, 374.0271
7 250 8.340000 297.6343, 361.0390, 316.0927, 365.6513, 312.8710, 378.5447, 294.4126, 373.9324
7 251 8.370000 298.0744, 361.0261, 316.5813, 365.1033, 313.7055, 378.1569, 295.1986, 374.0797
7 252 8.400000 298.7689, 360.8741, 317.3334, 364.8816, 314.5007, 378.0038, 295.9362, 373.9963
7 253 8.440000 299.7517, 360.8645, 318.3920, 364.4779, 315.8208, 377.7424, 297.1804, 374.1291
7 254 8.470000 300.5180, 361.0203, 319.1927, 364.0791, 316.9966, 377.4869, 298.3219, 374.4281
7 255 8.500000 301.5110, 361.0084, 320.2691, 364.0269, 318.1008, 377.5014, 299.3427, 374.4829
7 256 8.540000 302.8329, 361.2416, 321.6674, 363.8294, 319.7992, 377.4259, 300.9648, 374.8381
7 257 8.570000 303.8267, 361.5857, 322.6807, 363.6000, 321.2156, 377.3141, 302.3616, 375.2998
7 258 8.600000 305.0016, 361.7752, 323.9473, 363.7025, 322.5484, 377.4544, 303.6027, 375.5271
7 259 8.640000 306.5489, 362.2350, 325.5683, 363.7359, 324.4780, 377.5512, 305.4587, 376.0503
7 260 8.670000 307.6763, 362.7601, 326.6938, 363.6643, 326.0353, 377.5141, 307.0178, 376.6100
7 261 8.700000 308.9556, 363.0735, 328.0804, 363.9072, 327.4771, 377.7469, 308.3524, 376.9133
7 262 8.740000 310.5874, 363.7109, 329.7793, 364.0866, 329.5090, 377.8928, 310.3171, 377.5171
7 263 8.770000 311.7344, 364.3066, 330.9609, 364.1508, 331.0725, 377.9164, 311.8460, 378.0723
7 264 8.800000 313.0457, 364.7046, 332.3528, 364.4710, 332.5186, 378.1683, 313.2114, 378.4019
7 265 8.840000 314.6630, 365.3842, 334.0623, 364.8123, 334.4625, 378.3869, 315.0632, 378.9588
7 266 8.870000 315.7466, 366.0681, 335.1705, 364.9478, 335.9466, 378.4036, 316.5226, 379.5239
7 267 8.900000 316.9751, 366.4902, 336.5100, 365.3851, 337.2642, 378.7172, 317.7293, 379.8223
7 268 8.940000 318.4195, 367.2619, 338.0470, 365.8110, 339.0198, 378.9713, 319.3924, 380.4222
7 269 8.970000 319.3919, 367.9889, 339.0175, 366.0350, 340.3108, 379.0258, 320.6853, 380.9797
7 270 9.000000 320.3951, 368.4365, 340.1590, 366.4896, 341.4229, 379.3199, 321.6590, 381.2668
7 271 9.040000 321.5427, 369.0835, 341.4020, 366.8349, 342.8212, 379.3690, 322.9619, 381.6175
7 272 9.070000 322.2491, 369.4844, 342.1241, 366.8145, 343.7806, 379.1458, 323.9056, 381.8156
7 273 9.100000 322.9529, 369.3916, 343.0092, 366.9202, 344.5084, 379.0861, 324.4520, 381.5574
7 274 9.140000 323.6195, 369.2108, 343.7874, 366.5368, 345.3727, 378.4933, 325.2048, 381.1673
7 275 9.170000 323.9001, 369.0637, 344.0504, 365.8376, 345.9354, 377.6113, 325.7851, 380.8374
7 276 9.200000 324.1737, 368.3169, 344.4871, 365.3035, 346.2135, 376.9415, 325.9001, 379.9549
7 277 9.240000 324.2182, 367.2472, 344.6203, 364.0159, 346.4320, 375.4549, 326.0299, 378.6862
7 278 9.270000 324.0180, 366.3112, 344.4162, 362.6393, 346.4497, 373.9358, 326.0515, 377.6077
7 279 9.300000 323.7642, 364.7432, 344.3213, 361.3523, 346.1696, 372.5575, 325.6124, 375.9484
7 280 9.340000 323.0848, 362.4069, 343.7557, 359.0149, 345.5731, 370.0905, 324.9023, 373.4825
7 281 9.370000 322.2866, 360.4984, 342.9528, 356.6891, 344.9746, 367.6578, 324.3084, 371.4670
7 282 9.400000 321.4503, 357.7544, 342.3010, 354.4771, 344.0136, 365.3734, 323.1629, 368.6507
7 283 9.440000 319.9261, 353.8197, 340.8919, 350.6308, 342.5335, 361.4239, 321.5676, 364.6127
7 284 9.470000 318.4790, 350.6940, 339.4381, 347.0805, 341.2833, 357.7834, 320.3243, 361.3969
7 285 9.500000 316.9988, 346.8930, 338.1037, 343.6954, 339.7139, 354.3231, 318.6090, 357.5207
7 286 9.540000 314.7800, 341.9572, 336.0227, 339.0700, 337.4525, 349.5900, 316.2098, 352.4772
7 287 9.570000 313.0218, 338.4103, 334.3648, 335.8546, 335.6165, 346.3073, 314.2734, 348.8630
7 288 9.600000 311.2632, 334.8704, 332.7318, 333.0544, 333.6113, 343.4513, 312.1427, 345.2673
7 289 9.640000 308.7750, 330.5532, 330.3402, 329.4707, 330.8605, 339.8369, 309.2953, 340.9193
7 290 9.670000 306.7824, 327.6296, 328.3820, 326.8017, 328.7798, 337.1805, 307.1802, 338.0084
7 291 9.700000 304.8332, 324.6348, 326.4644, 324.4482, 326.5542, 334.8559, 304.9230, 335.0425
7 292 9.740000 302.0896, 320.9765, 323.7272, 321.2212, 323.6084, 331.7268, 301.9708, 331.4821
7 293 9.770000 299.9436, 318.4256, 321.5796, 318.7479, 321.4215, 329.3613, 299.7856, 329.0390
7 294 9.800000 297.8850, 315.7347, 319.5006, 316.5336, 319.1045, 327.2501, 297.4889, 326.4512
7 295 9.840000 295.0451, 312.3452, 316.6320, 313.4407, 316.0789, 324.3399, 294.4920, 323.2444
7 296 9.870000 292.8235, 309.9811, 314.3888, 310.9366, 313.8981, 322.0101, 292.3328, 321.0545
7 297 9.900000 290.7522, 307.3521, 312.2795, 308.7152, 311.5683, 319.9480, 290.0409, 318.5849
7 298 9.940000 287.8121, 304.0268, 309.3709, 305.4897, 308.5927, 316.9575, 287.0339, 315.4945
7 299 9.970000 285.4725, 301.7009, 307.0998, 302.8423, 306.4846, 314.4988, 284.8573, 313.3573
7 300 10.000000 283.3127, 299.1368, 304.9723, 300.4841, 304.2377, 312.2956, 282.5780, 310.9484
7 301 10.040000 280.3023, 296.0352, 302.0322, 297.2467, 301.3630, 309.2506, 279.6331, 308.0391
7 302 10.070000 277.9977, 293.9038, 299.7867, 294.8879, 299.2389, 307.0173, 277.4499, 306.0332
7 303 10.100000 275.8364, 291.6672, 297.6614, 292.8591, 296.9937, 305.0861, 275.1687, 303.8943
7 304 10.140000 272.8553, 288.9557, 294.7455, 290.1487, 294.0735, 302.4789, 272.1833, 301.2858
7 305 10.170000 270.4999, 287.1576, 292.4568, 288.0251, 291.9675, 300.4089, 270.0107, 299.5414
7 306 10.200000 268.3252, 285.1269, 290.3764, 286.2072, 289.7685, 298.6146, 267.7173, 297.5342
7 307 10.240000 265.2972, 282.6128, 287.5328, 283.6489, 286.9561, 296.0253, 264.7205, 294.9892
7 308 10.270000 262.9281, 280.8472, 285.3387, 281.5897, 284.9309, 293.8982, 262.5203, 293.1557
7 309 10.300000 260.7677, 278.7103, 283.2758, 279.8155, 282.6768, 292.0147, 260.1687, 290.9094
7 310 10.340000 257.7564, 275.9364, 280.4460, 277.1744, 279.7920, 289.1602, 257.1024, 287.9222
7 311 10.370000 255.3934, 273.9062, 278.2605, 274.9248, 277.7361, 286.6954, 254.8691, 285.6768
7 312 10.400000 253.2583, 271.3730, 276.2252, 272.9049, 275.4573, 284.4183, 252.4904, 282.8864
7 313 10.440000 250.2722, 268.0087, 273.4328, 269.7385, 272.6040, 280.8361, 249.4434, 279.1063
7 314 10.470000 247.9230, 265.4600, 271.2733, 266.8526, 270.6273, 277.6842, 247.2770, 276.2916
7 315 10.500000 245.8004, 262.1562, 269.2850, 263.9038, 268.4709, 274.8432, 244.9864, 273.0957
7 316 10.540000 242.8426, 258.0315, 266.5535, 259.7585, 265.7184, 271.2234, 242.0076, 269.4964
7 317 10.570000 240.6253, 255.0720, 264.5122, 256.7985, 263.6570, 268.6315, 239.7700, 266.9050
7 318 10.600000 238.5245, 252.0596, 262.5684, 254.1820, 261.4960, 266.3311, 237.4521, 264.2087
7 319 10.640000 235.6649, 248.3354, 259.9473, 250.7143, 258.7139, 263.3040, 234.4315, 260.9252
7 320 10.670000 233.4280, 245.8306, 257.8932, 247.9552, 256.7652, 260.9449, 232.3000, 258.8203
7 321 10.700000 231.4021, 243.0647, 256.0589, 245.6470, 254.6656, 258.9514, 230.0088, 256.3692
7 322 10.740000 228.5903, 239.7258, 253.4965, 242.2923, 252.0759, 256.0777, 227.1698, 253.5113
7 323 10.770000 226.4597, 237.3444, 251.5625, 239.6851, 250.2417, 253.8507, 225.1389, 251.5100
7 324 10.800000 224.5212, 234.7294, 249.8254, 237.3865, 248.3065, 251.8513, 223.0024, 249.1942
7 325 10.840000 221.8847, 231.4006, 247.4622, 234.0387, 245.9205, 248.9865, 220.3430, 246.3485
7 326 10.870000 219.8831, 229.0162, 245.6337, 231.3030, 244.2706, 246.6524, 218.5200, 244.3657
7 327 10.900000 218.0916, 226.3193, 244.0692, 228.8809, 242.5276, 244.5145, 216.5500, 241.9529
7 328 10.940000 215.6984, 222.7990, 241.9457, 225.3541, 240.3837, 241.3996, 214.1364, 238.8444
7 329 10.970000 213.8477, 220.3106, 240.2427, 222.3664, 238.9634, 238.7915, 212.5684, 236.7357
7 330 11.000000 212.2311, 217.5184, 238.8563, 219.8118, 237.4221, 236.4627, 210.7969, 234.1693
7 331 11.040000 209.9998, 214.2369, 236.8492, 216.2858, 235.5524, 233.2806, 208.7030, 231.2318
7 332 11.070000 208.3947, 211.9629, 235.4013, 213.9297, 234.1475, 231.1459, 207.1409, 229.1791
7 333 11.100000 206.9288, 209.7180, 234.1536, 212.0480, 232.6717, 229.3643, 205.4469, 227.0344
7 334 11.140000 205.0233, 207.0889, 232.4809, 209.7755, 230.7780, 227.1797, 203.3204, 224.4931
7 335 11.170000 203.5708, 205.4729, 231.1322, 208.0492, 229.4958, 225.5553, 201.9344, 222.9789
7 336 11.200000 202.3560, 203.7284, 230.0920, 206.8882, 228.1066, 224.3151, 200.3706, 221.1553
7 337 11.240000 200.7779, 201.7549, 228.6621, 205.3309, 226.4368, 222.6824, 198.5526, 219.1064
7 338 11.270000 199.6210, 200.5531, 227.5581, 204.1123, 225.3523, 221.4260, 197.4152, 217.8668
7 339 11.300000 198.7768, 199.1572, 226.8027, 203.5125, 224.1582, 220.5292, 196.1323, 216.1739
7 340 11.340000 197.6431, 197.7383, 225.6999, 202.4250, 222.9060, 219.1509, 194.8491, 214.4642
7 341 11.370000 196.9414, 196.7813, 224.9839, 201.6936, 222.0970, 218.1738, 194.0545, 213.2615
7 342 11.400000 196.4502, 195.7891, 224.4718, 201.2147, 221.3470, 217.3531, 193.3254, 211.9274
7 343 11.440000 196.0570, 194.5902, 223.9621, 200.7643, 220.5179, 216.3311, 192.6128, 210.1570
7 344 11.470000 195.7178, 194.0696, 223.5692, 200.0730, 220.2710, 215.3744, 192.4196, 209.3710
7 345 11.500000 195.7808, 193.3711, 223.4730, 200.0456, 219.9140, 214.8117, 192.2218, 208.1372
7 346 11.540000 195.8909, 192.9137, 223.4138, 199.9064, 219.7864, 214.1838, 192.2635, 207.1911
7 347 11.570000 196.0692, 192.8867, 223.4647, 199.9485, 219.8589, 213.9366, 192.4634, 206.8747
7 348 11.600000 196.4691, 192.9658, 223.6836, 200.4393, 219.9498, 214.0357, 192.7354, 206.5623
7 349 11.640000 197.1179, 193.5068, 224.1076, 201.2400, 220.3362, 214.4025, 193.3465, 206.6694
7 350 11.670000 197.6209, 194.2847, 224.5257, 201.7802, 220.9042, 214.7795, 193.9994, 207.2841
7 351 11.700000 198.4235, 195.0721, 225.1291, 202.8355, 221.4403, 215.5249, 194.7346, 207.7615
7 352 11.740000 199.5610, 196.5481, 226.0884, 204.2177, 222.4823, 216.6906, 195.9548, 209.0210
7 353 11.770000 200.4534, 198.0098, 226.9118, 205.2665, 223.5098, 217.6706, 197.0513, 210.4138
7 354 11.800000 201.6328, 199.4904, 227.9010, 206.8467, 224.4869, 219.0379, 198.2187, 211.6816
7 355 11.840000 203.1728, 202.0482, 229.3102, 208.9205, 226.1367, 220.9905, 199.9993, 214.1182
7 356 11.870000 204.3890, 204.3079, 230.4481, 210.6462, 227.5148, 222.7060, 201.4557, 216.3678
7 357 11.900000 205.7570, 206.7647, 231.6818, 212.8160, 228.8864, 224.7917, 202.9616, 218.7405
7 358 11.940000 207.5843, 210.6446, 233.3617, 216.0022, 230.8792, 227.9461, 205.1018, 222.5885
7 359 11.970000 208.9426, 214.0229, 234.6253, 218.6068, 232.4885, 230.5792, 206.8058, 225.9953
7 360 12.000000 210.4448, 217.5272, 235.9733, 221.6338, 234.0544, 233.5623, 208.5259, 229.4557
7 361 12.040000 212.5151, 222.3373, 237.8405, 225.6451, 236.2872, 237.5381, 210.9617, 234.2303
7 362 12.070000 214.0681, 226.0360, 239.2438, 228.4224, 238.1269, 240.2057, 212.9512, 237.8194
7 363 12.100000 215.8440, 229.2702, 240.8443, 231.3898, 239.8549, 243.0590, 214.8547, 240.9394
7 364 12.140000 218.1781, 233.6004, 242.9438, 235.0191, 242.2884, 246.4611, 217.5226, 245.0425
7 365 12.170000 219.9349, 236.7714, 244.5060, 237.5896, 244.1314, 248.8382, 219.5603, 248.0200
7 366 12.200000 221.8383, 239.5586, 246.2195, 240.4336, 245.8255, 251.4113, 221.4443, 250.5363
7 367 12.240000 224.2730, 243.3434, 248.4004, 243.9312, 248.1413, 254.5679, 224.0138, 253.9800
7 368 12.270000 225.9917, 246.2956, 249.9349, 246.3081, 249.9295, 256.7187, 225.9863, 256.7062
7 369 12.300000 227.8273, 248.9194, 251.5881, 249.0284, 251.5406, 259.3881, 227.7798, 259.2791
7 370 12.340000 230.1220, 252.4014, 253.6466, 252.2302, 253.7233, 262.7650, 230.1986, 262.9363
7 371 12.370000 231.7271, 255.1285, 255.0763, 254.4795, 255.3744, 265.2051, 232.0253, 265.8541
7 372 12.400000 233.3887, 257.6429, 256.5763, 257.0409, 256.8607, 267.9958, 233.6731, 268.5977
7 373 12.440000 235.4270, 261.3725, 258.4071, 260.4641, 258.8509, 271.6883, 235.8707, 272.5968
7 374 12.470000 236.8398, 264.3842, 259.6692, 263.0798, 260.3210, 274.4872, 237.4916, 275.7917
7 375 12.500000 238.3053, 267.1529, 260.9788, 265.9502, 261.5942, 277.5513, 238.9207, 278.7540
7 376 12.540000 240.0495, 270.6268, 262.5411, 269.3157, 263.2338, 281.1980, 240.7422, 282.5091
7 377 12.570000 241.1153, 272.9804, 263.5084, 271.1996, 264.4745, 283.3479, 242.0814, 285.1287
7 378 12.600000 242.2961, 274.5706, 264.5663, 273.1093, 265.3780, 285.4803, 243.1079, 286.9415
7 379 12.640000 243.5052, 276.4916, 265.6643, 274.8287, 266.6083, 287.4082, 244.4492, 289.0711
7 380 12.670000 244.1846, 277.7178, 266.2887, 275.6198, 267.4914, 288.2922, 245.3874, 290.3902
7 381 12.700000 245.0192, 278.1271, 267.0416, 276.5201, 267.9778, 289.3501, 245.9554, 290.9571
7 382 12.740000 245.8470, 278.4311, 267.7941, 277.1159, 268.5704, 290.0699, 246.6233, 291.3852
7 383 12.770000 246.1940, 278.5797, 268.1500, 277.0406, 269.0586, 290.0026, 247.1026, 291.5417
7 384 12.800000 246.7576, 277.9233, 268.6474, 277.0936, 269.1413, 290.1230, 247.2514, 290.9527
7 385 12.840000 247.2168, 276.8648, 269.0898, 276.4852, 269.3157, 289.5020, 247.4427, 289.8815
7 386 12.870000 247.3343, 275.9319, 269.2721, 275.4760, 269.5408, 288.4054, 247.6030, 288.8613
7 387 12.900000 247.7353, 274.1482, 269.6191, 274.5353, 269.3911, 287.4263, 247.5073, 287.0392
7 388 12.940000 248.0130, 271.5300, 269.9287, 272.4568, 269.3903, 285.1892, 247.4745, 284.2624
7 389 12.970000 247.9807, 269.4820, 270.0450, 270.2041, 269.6347, 282.7415, 247.5704, 282.0194
7 390 13.000000 248.2811, 266.6829, 270.3529, 268.0948, 269.5609, 280.4745, 247.4892, 279.0625
7 391 13.040000 248.4050, 263.2784, 270.6218, 264.8306, 269.7714, 277.0037, 247.5546, 275.4515
7 392 13.070000 248.5574, 260.7857, 270.8460, 262.5686, 269.8827, 274.6103, 247.5942, 272.8274
7 393 13.100000 248.8985, 258.1777, 271.1599, 260.6480, 269.8318, 272.6170, 247.5703, 270.1467
7 394 13.140000 249.2639, 255.0958, 271.5395, 258.0821, 269.9460, 269.9683, 247.6705, 266.9820
7 395 13.170000 249.4887, 253.0328, 271.8253, 256.1301, 270.1830, 267.9736, 247.8464, 264.8763
7 396 13.200000 249.9352, 250.8245, 272.2244, 254.4340, 270.3081, 266.2676, 248.0189, 262.6581
7 397 13.240000 250.4848, 248.1683, 272.7926, 252.0493, 270.7348, 263.8776, 248.4270, 259.9966
7 398 13.270000 250.8479, 246.3905, 273.2535, 250.1101, 271.2870, 261.9556, 248.8814, 258.2360
7 399 13.300000 251.4711, 244.4076, 273.8565, 248.3888, 271.7454, 260.2593, 249.3599, 256.2781
7 400 13.340000 252.2546, 241.9869, 274.7238, 245.8374, 272.6796, 257.7658, 250.2105, 253.9153
7 401 13.370000 252.7877, 240.3448, 275.4109, 243.6836, 273.6424, 255.6663, 251.0192, 252.3275
7 402 13.400000 253.6302, 238.3749, 276.2586, 241.7575, 274.4608, 253.7842, 251.8324, 250.4016
7 403 13.440000 254.7081, 235.8743, 277.4314, 238.8617, 275.8426, 250.9461, 253.1193, 247.9587
7 404 13.470000 255.4743, 234.0932, 278.3228, 236.4305, 277.0807, 248.5723, 254.2323, 246.2350
7 405 13.500000 256.6163, 231.8601, 279.4021, 234.4045, 278.0404, 246.5991, 255.2545, 244.0547
7 406 13.540000 257.8857, 229.5147, 280.7445, 231.4985, 279.6836, 243.7227, 256.8248, 241.7388
7 407 13.570000 258.7507, 228.1633, 281.7095, 229.4071, 281.0462, 241.6499, 258.0874, 240.4061
7 408 13.600000 259.7859, 226.8007, 282.7642, 227.7747, 282.2451, 240.0186, 259.2669, 239.0445
7 409 13.640000 261.0788, 225.4369, 284.1155, 225.8083, 283.9184, 238.0340, 260.8817, 237.6626
7 410 13.670000 262.0007, 224.7054, 285.0845, 224.5098, 285.1877, 236.6944, 262.1040, 236.8900
7 411 13.700000 263.0343, 223.9109, 286.1354, 223.6110, 286.2931, 235.7545, 263.1920, 236.0545
7 412 13.740000 264.2799, 223.2604, 287.4290, 222.5440, 287.8022, 234.6025, 264.6531, 235.3189
7 413 13.770000 265.0958, 223.1042, 288.2896, 221.8051, 288.9600, 233.7741, 265.7662, 235.0731
7 414 13.800000 265.9744, 222.8658, 289.2130, 221.4276, 289.9492, 233.3231, 266.7106, 234.7612
7 415 13.840000 267.0059, 222.8788, 290.3216, 221.0958, 291.2218, 232.8667, 267.9060, 234.6497
7 416 13.870000 267.6577, 223.1762, 291.0310, 220.9499, 292.1409, 232.6027, 268.7677, 234.8290
7 417 13.900000 268.3547, 223.3295, 291.8280, 221.2339, 292.8603, 232.7966, 269.3870, 234.8923
7 418 13.940000 269.0991, 223.9477, 292.7110, 221.7632, 293.7676, 233.1837, 270.1557, 235.3682
7 419 13.970000 269.5334, 224.7083, 293.2552, 222.3230, 294.3908, 233.6158, 270.6689, 236.0011
7 420 14.000000 269.9704, 225.2944, 293.8537, 223.2089, 294.8406, 234.5115, 270.9573, 236.5970
7 421 14.040000 270.3768, 226.4249, 294.4824, 224.5301, 295.3788, 235.9342, 271.2732, 237.8290
7 422 14.070000 270.5531, 227.6742, 294.8083, 225.6941, 295.7558, 237.3001, 271.5005, 239.2802
7 423 14.100000 270.7499, 228.9571, 295.2037, 227.3465, 295.9838, 239.1902, 271.5300, 240.8008
7 424 14.140000 270.8506, 231.2578, 295.5586, 229.8625, 296.2440, 241.9978, 271.5359, 243.3931
7 425 14.170000 270.8100, 233.4321, 295.7011, 232.0021, 296.4109, 244.3570, 271.5198, 245.7869
7 426 14.200000 270.7957, 235.7443, 295.9077, 234.6699, 296.4451, 247.2308, 271.3331, 248.3051
7 427 14.240000 270.6344, 239.5335, 296.0257, 238.6562, 296.4692, 251.4912, 271.0779, 252.3685
7 428 14.270000 270.4193, 242.9370, 296.0126, 242.0438, 296.4671, 255.0684, 270.8738, 255.9616
7 429 14.300000 270.2304, 246.6404, 296.0532, 246.0558, 296.3517, 259.2446, 270.5289, 259.8291
7 430 14.340000 269.8626, 252.5050, 295.9817, 252.1143, 296.1819, 265.5029, 270.0628, 265.8936
7 431 14.370000 269.5157, 257.6655, 295.8550, 257.3185, 296.0331, 270.8420, 269.6938, 271.1890
7 432 14.400000 269.1749, 263.4446, 295.7487, 263.3344, 295.8052, 276.9626, 269.2314, 277.0729
7 433 14.440000 268.6340, 272.4630, 295.5179, 272.5534, 295.4718, 286.2861, 268.5878, 286.1958
7 434 14.470000 268.1828, 280.1863, 295.3019, 280.4232, 295.1815, 294.2060, 268.0624, 293.9691
7 435 14.500000 267.7114, 288.4655, 295.0665, 288.8979, 294.8481, 302.7154, 267.4930, 302.2830
7 436 14.540000 267.0516, 299.3534, 294.7109, 299.9817, 294.3959, 313.8480, 266.7366, 313.2197
7 437 14.570000 266.5524, 306.8553, 294.4288, 307.5529, 294.0806, 321.4653, 266.2042, 320.7677
7 438 14.600000 266.0956, 313.6249, 294.1797, 314.4622, 293.7637, 328.4149, 265.6796, 327.5776
7 439 14.640000 265.5096, 321.6635, 293.8553, 322.5935, 293.3958, 336.5987, 265.0501, 335.6687
7 440 14.670000 265.0827, 327.0303, 293.6148, 327.9318, 293.1711, 341.9750, 264.6389, 341.0735
7 441 14.700000 264.7272, 331.7729, 293.4334, 332.7917, 292.9345, 346.8488, 264.2283, 345.8301
7 442 14.740000 264.2752, 337.3485, 293.2006, 338.4024, 292.6880, 352.4721, 263.7625, 351.4182
7 443 14.770000 263.9460, 341.0150, 293.0285, 341.9802, 292.5612, 356.0589, 263.4787, 355.0936
7 444 14.800000 263.7062, 344.1212, 292.9282, 345.2046, 292.4070, 359.2628, 263.1850, 358.1794
7 445 14.840000 263.4011, 347.6314, 292.7990, 348.7248, 292.2769, 362.7616, 262.8789, 361.6681
7 446 14.870000 263.1795, 349.8049, 292.7035, 350.7822, 292.2391, 364.8132, 262.7151, 363.8359
7 447 14.900000 263.0571, 351.4268, 292.6849, 352.5284, 292.1638, 366.5430, 262.5359, 365.4413
7 448 14.940000 262.9048, 352.9758, 292.6630, 354.0812, 292.1398, 368.1653, 262.3816, 367.0599
7 449 14.970000 262.7963, 353.7010, 292.6474, 354.6824, 292.1828, 368.8124, 262.3317, 367.8310
