34 0 0.010000 238.8044, 136.8703, 260.6459, 137.7248, 260.1181, 151.2167, 238.2765, 150.3622
34 1 0.040000 238.7812, 137.3963, 260.6239, 138.2506, 260.0969, 151.7272, 238.2541, 150.8729
34 2 0.070000 238.7295, 138.5667, 260.5751, 139.4203, 260.0498, 152.8629, 238.2042, 152.0093
34 3 0.110000 238.8463, 140.3108, 260.8795, 142.1436, 259.7399, 155.8430, 237.7068, 154.0102
34 4 0.140000 239.0171, 141.6309, 261.1805, 144.3359, 259.4898, 158.1887, 237.3264, 155.4836
34 5 0.170000 239.2300, 142.8737, 261.4536, 146.1839, 259.3873, 160.0562, 237.1638, 156.7461
34 6 0.200000 239.5673, 143.8313, 261.8126, 147.6562, 259.4358, 161.4798, 237.1905, 157.6550
34 7 0.240000 240.1935, 144.7647, 262.4073, 148.9767, 259.8198, 162.6235, 237.6060, 158.4116
34 8 0.270000 240.7903, 145.2665, 262.9484, 149.5287, 260.3626, 162.9713, 238.2046, 158.7091
34 9 0.310000 241.7797, 145.6970, 263.8418, 149.8497, 261.3838, 162.9079, 239.3217, 158.7552
34 10 0.340000 242.7635, 145.6676, 264.7314, 149.9273, 262.2498, 162.7255, 240.2819, 158.4659
34 11 0.370000 243.7565, 145.7320, 265.6202, 149.6952, 263.3722, 162.0965, 241.5085, 158.1333
34 12 0.400000 244.9647, 145.4716, 266.7127, 149.4196, 264.5275, 161.4573, 242.7794, 157.5093
34 13 0.440000 246.6971, 144.9687, 268.3186, 148.7640, 266.2956, 160.2889, 244.6741, 156.4936
34 14 0.470000 248.0484, 144.5517, 269.6084, 148.0674, 267.8010, 159.1517, 246.2409, 155.6360
34 15 0.500000 249.6680, 143.7174, 271.1015, 147.4390, 269.2269, 158.2351, 247.7934, 154.5135
34 16 0.540000 251.8399, 142.7406, 273.1494, 146.4300, 271.3565, 156.7852, 250.0471, 153.0958
34 17 0.570000 253.4971, 142.1190, 274.7319, 145.6012, 273.0910, 155.6073, 251.8562, 152.1251
34 18 0.610000 255.9043, 141.0953, 277.0163, 144.5503, 275.4293, 154.2479, 254.3173, 150.7929
34 19 0.640000 257.8490, 140.1799, 278.8518, 143.7666, 277.2163, 153.3438, 256.2135, 149.7571
34 20 0.670000 259.7500, 139.4551, 280.6974, 142.8102, 279.1702, 152.3451, 258.2228, 148.9900
34 21 0.700000 261.8573, 138.3748, 282.7039, 141.8622, 281.1092, 151.3949, 260.2625, 147.9075
34 22 0.740000 264.7280, 136.8950, 285.4795, 140.3352, 283.8960, 149.8870, 263.1445, 146.4468
34 23 0.770000 266.9115, 135.7699, 287.6279, 138.9494, 286.1565, 148.5363, 265.4401, 145.3568
34 24 0.800000 269.3276, 134.1763, 289.9564, 137.4963, 288.4122, 147.0913, 267.7833, 143.7713
34 25 0.840000 272.6045, 131.9469, 293.1625, 135.1706, 291.6133, 145.0502, 271.0553, 141.8266
34 26 0.870000 275.0942, 130.1960, 295.6306, 133.0989, 294.2046, 143.1873, 273.6682, 140.2844
34 27 0.900000 277.8261, 127.9450, 298.2957, 130.9658, 296.7487, 141.4484, 276.2791, 138.4276
34 28 0.940000 281.4879, 124.8898, 301.9089, 127.6999, 300.4011, 138.6569, 279.9801, 135.8468
34 29 0.970000 284.2120, 122.6151, 304.6009, 124.8528, 303.3522, 136.2301, 282.9633, 133.9923
34 30 1.000000 287.1858, 119.9696, 307.5179, 122.2590, 306.1935, 134.0205, 285.8614, 131.7310
34 31 1.040000 291.1193, 116.6861, 311.4828, 118.7212, 310.2602, 130.9539, 289.8968, 128.9188
34 32 1.070000 293.9792, 114.5788, 314.4529, 115.9113, 313.6286, 128.5758, 293.1550, 127.2433
34 33 1.110000 297.9960, 111.6842, 318.5713, 112.7197, 317.9074, 125.9128, 297.3321, 124.8774
34 34 1.140000 301.0353, 109.6896, 321.6894, 110.5024, 321.1556, 124.0669, 300.5015, 123.2541
34 35 1.170000 303.9055, 107.8789, 324.7796, 108.3578, 324.4600, 122.2896, 303.5858, 121.8107
34 36 1.210000 307.7040, 105.6362, 328.9266, 105.6878, 328.8915, 120.1127, 307.6689, 120.0611
34 37 1.240000 310.7643, 103.8460, 332.1365, 104.0347, 332.0058, 118.8390, 310.6336, 118.6503
34 38 1.270000 313.5185, 102.4727, 335.2003, 102.1719, 335.4105, 117.3243, 313.7287, 117.6251
34 39 1.310000 317.3656, 100.5924, 339.3548, 100.0499, 339.7389, 115.6200, 317.7497, 116.1625
34 40 1.340000 320.3499, 99.1360, 342.5189, 98.6817, 342.8445, 114.5687, 320.6755, 115.0230
34 41 1.370000 323.0603, 98.0278, 345.5317, 97.1385, 346.1713, 113.3015, 323.6999, 114.1907
34 42 1.410000 326.8755, 96.3863, 349.6269, 95.4395, 350.3159, 111.9973, 327.5645, 112.9441
34 43 1.440000 329.7441, 95.2048, 352.6819, 94.3092, 353.3391, 111.1396, 330.4012, 112.0353
34 44 1.470000 332.4155, 94.3013, 355.6196, 93.1315, 356.4784, 110.1675, 333.2743, 111.3373
34 45 1.510000 336.0410, 93.1460, 359.5388, 91.8708, 360.4780, 109.1767, 336.9802, 110.4519
34 46 1.540000 338.8224, 92.3491, 362.4787, 91.2093, 363.3229, 108.7303, 339.6666, 109.8700
34 47 1.570000 341.3003, 92.0363, 365.2557, 90.5081, 366.3819, 108.1626, 342.4265, 109.6908
34 48 1.610000 344.6753, 91.7911, 368.9493, 90.0244, 370.2474, 107.8602, 345.9735, 109.6270
34 49 1.640000 347.2459, 91.7508, 371.7055, 90.0041, 372.9893, 107.9811, 348.5297, 109.7279
34 50 1.670000 349.5513, 92.1914, 374.3015, 90.0254, 375.8792, 108.0531, 351.1290, 110.2191
34 51 1.710000 352.6679, 93.0090, 377.7307, 90.5548, 379.5030, 108.6543, 354.4403, 111.1085
34 52 1.740000 355.0254, 93.8189, 380.2745, 91.3468, 382.0527, 109.5090, 356.8036, 111.9811
34 53 1.770000 357.1501, 95.1417, 382.6605, 92.2760, 384.6977, 110.4107, 359.1873, 113.2764
34 54 1.810000 360.0206, 97.2382, 385.8095, 94.1470, 387.9816, 112.2683, 362.1927, 115.3596
34 55 1.840000 362.1788, 99.1230, 388.1397, 96.0469, 390.2875, 114.1731, 364.3266, 117.2492
34 56 1.870000 364.1519, 101.5784, 390.3328, 98.2223, 392.6468, 116.2738, 366.4659, 119.6299
34 57 1.910000 366.7890, 105.3588, 393.2168, 101.8681, 395.5904, 119.8383, 369.1625, 123.3289
34 58 1.940000 368.7478, 108.5853, 395.3365, 105.1373, 397.6600, 123.0543, 371.0713, 126.5024
34 59 1.970000 370.5307, 112.3033, 397.3115, 108.6514, 399.7381, 126.4470, 372.9573, 130.0989
34 60 2.010000 372.8187, 117.3991, 399.8163, 113.6933, 402.2393, 131.3456, 375.2418, 135.0514
34 61 2.040000 374.4417, 120.9202, 401.5630, 117.4484, 403.8178, 135.0624, 376.6965, 138.5343
34 62 2.070000 375.6631, 124.5365, 402.9464, 120.7091, 405.3792, 138.0511, 378.0960, 141.8785
34 63 2.110000 377.1001, 128.5559, 404.5370, 124.6303, 406.9735, 141.6597, 379.5367, 145.5853
34 64 2.140000 378.2072, 130.4958, 405.6797, 127.3628, 407.6383, 144.5370, 380.1658, 147.6700
34 65 2.170000 378.5568, 133.0319, 406.2115, 129.1048, 408.6158, 146.0355, 380.9611, 149.9627
34 66 2.210000 379.0199, 135.2422, 406.8158, 131.2152, 409.2637, 148.1113, 381.4677, 152.1383
34 67 2.240000 379.3702, 136.0479, 407.2110, 132.7092, 409.2545, 149.7499, 381.4137, 153.0886
34 68 2.270000 379.2642, 137.0012, 407.1899, 133.5715, 409.2798, 150.5885, 381.3541, 154.0182
34 69 2.310000 379.0890, 137.3098, 407.0557, 134.5190, 408.7715, 151.7128, 380.8047, 154.5036
34 70 2.340000 379.1217, 136.6171, 406.9625, 135.2133, 407.8486, 152.7860, 380.0078, 154.1899
34 71 2.370000 378.5453, 136.4096, 406.4254, 135.1108, 407.2475, 152.7586, 379.3674, 154.0574
34 72 2.410000 378.0696, 135.0805, 405.7615, 134.9711, 405.8323, 152.9147, 378.1404, 153.0240
34 73 2.440000 377.7661, 133.6894, 405.2055, 134.6762, 404.5522, 152.8414, 377.1129, 151.8547
34 74 2.470000 377.0456, 132.5737, 404.4354, 133.8244, 403.6009, 152.0987, 376.2111, 150.8480
34 75 2.510000 376.3875, 130.6431, 403.4973, 132.8485, 401.9908, 151.3680, 374.8810, 149.1627
34 76 2.540000 376.1977, 129.1265, 402.8560, 132.5084, 400.4869, 151.1837, 373.8285, 147.8018
34 77 2.570000 375.7017, 128.2051, 402.1132, 132.1577, 399.3125, 150.8722, 372.9010, 146.9197
34 78 2.610000 375.2481, 127.3427, 401.1781, 132.2618, 397.6334, 150.9469, 371.7035, 146.0279
34 79 2.640000 375.0329, 127.0200, 400.5193, 132.7226, 396.3570, 151.3249, 370.8706, 145.6222
34 80 2.670000 374.5678, 127.2025, 399.8586, 133.2286, 395.4510, 151.7268, 370.1602, 145.7007
34 81 2.710000 374.1247, 127.8536, 399.0879, 134.3846, 394.2999, 152.6858, 369.3367, 146.1549
34 82 2.740000 373.9525, 128.6453, 398.6035, 135.6315, 393.4736, 153.7323, 368.8227, 146.7462
34 83 2.770000 373.5225, 129.9256, 398.1637, 136.9100, 393.0820, 154.8386, 368.4407, 147.8542
34 84 2.800000 373.3832, 131.4012, 397.8295, 138.6531, 392.5801, 156.3491, 368.1337, 149.0972
34 85 2.840000 373.0449, 134.0429, 397.4805, 141.2785, 392.3285, 158.6775, 367.8929, 151.4420
34 86 2.870000 372.7208, 136.5369, 397.2887, 143.5377, 392.3930, 160.7178, 367.8252, 153.7170
34 87 2.900000 372.6088, 139.3325, 397.1792, 146.2928, 392.3885, 163.2046, 367.8181, 156.2443
34 88 2.940000 372.3503, 143.8031, 397.1037, 150.3958, 392.6962, 166.9445, 367.9428, 160.3519
34 89 2.970000 372.0978, 147.6833, 397.0977, 153.7593, 393.1457, 170.0197, 368.1459, 163.9437
34 90 3.000000 372.0598, 151.7248, 397.1931, 157.4615, 393.5539, 173.4055, 368.4206, 167.6688
34 91 3.040000 372.0792, 157.2640, 397.4739, 162.3103, 394.3913, 177.8228, 368.9967, 172.7766
34 92 3.070000 372.1593, 161.3850, 397.8003, 165.7000, 395.2541, 180.8302, 369.6131, 176.5153
34 93 3.100000 372.6378, 165.0389, 398.3220, 169.1481, 395.9595, 183.9145, 370.2753, 179.8053
34 94 3.140000 373.3851, 169.6018, 399.1720, 173.2939, 397.1081, 187.7086, 371.3213, 184.0165
34 95 3.170000 373.8812, 173.0077, 399.8483, 175.9610, 398.2352, 190.1440, 372.2681, 187.1907
34 96 3.200000 374.7012, 175.9308, 400.6978, 178.7471, 399.1792, 192.7644, 373.1826, 189.9480
34 97 3.240000 375.6261, 179.9608, 401.7933, 181.9444, 400.7491, 195.7190, 374.5819, 193.7354
34 98 3.270000 376.1903, 183.1174, 402.5385, 183.9506, 402.1083, 197.5571, 375.7601, 196.7239
34 99 3.300000 377.0728, 185.7070, 403.4581, 186.3001, 403.1540, 199.8285, 376.7687, 199.2354
34 100 3.340000 378.0399, 189.3842, 404.5252, 189.0727, 404.6829, 202.4799, 378.1976, 202.7914
34 101 3.370000 378.6685, 192.2725, 405.2071, 191.0403, 405.8223, 204.2907, 379.2837, 205.5229
34 102 3.400000 379.3871, 194.8461, 405.9457, 193.2229, 406.7531, 206.4333, 380.1944, 208.0565
34 103 3.440000 380.1904, 198.4133, 406.7493, 196.0914, 407.8963, 209.2110, 381.3374, 211.5329
34 104 3.470000 380.5894, 201.3597, 407.1146, 198.0701, 408.7242, 211.0485, 382.1990, 214.3381
34 105 3.500000 381.0337, 203.8512, 407.5355, 200.3106, 409.2704, 213.2965, 382.7686, 216.8371
34 106 3.540000 381.3490, 207.1304, 407.7855, 203.0280, 409.7947, 215.9761, 383.3582, 220.0784
34 107 3.570000 381.2795, 209.7725, 407.5719, 204.6373, 410.0607, 217.3797, 383.7683, 222.5150
34 108 3.600000 381.1720, 211.6601, 407.4084, 206.4120, 409.9580, 219.1579, 383.7216, 224.4059
34 109 3.640000 380.6302, 214.1125, 406.7148, 208.3568, 409.5011, 220.9846, 383.4166, 226.7402
34 110 3.670000 379.9022, 215.9844, 405.7845, 209.4721, 408.9069, 221.8815, 383.0246, 228.3938
34 111 3.700000 379.0753, 216.9889, 404.9397, 210.8173, 407.9190, 223.3031, 382.0546, 229.4747
34 112 3.740000 377.5229, 218.3722, 403.2630, 212.1843, 406.2514, 224.6153, 380.5114, 230.8032
34 113 3.770000 376.0303, 219.4155, 401.6096, 212.9132, 404.7340, 225.2042, 379.1548, 231.7065
34 114 3.800000 374.4319, 219.6587, 400.0297, 213.8643, 402.8417, 226.2870, 377.2439, 232.0814
34 115 3.840000 371.8977, 220.0083, 397.4251, 214.7577, 399.9884, 227.2202, 374.4611, 232.4708
34 116 3.870000 369.6912, 220.3370, 395.0982, 215.1135, 397.6454, 227.5030, 372.2383, 232.7265
34 117 3.900000 367.4556, 219.9590, 392.8513, 215.7018, 394.9510, 228.2270, 369.5553, 232.4842
34 118 3.940000 364.1353, 219.5992, 389.4129, 216.0870, 391.1584, 228.6489, 365.8807, 232.1612
34 119 3.970000 361.4094, 219.4202, 386.5596, 216.1121, 388.2051, 228.6226, 363.0550, 231.9307
34 120 4.000000 358.7476, 218.7134, 383.7911, 216.3946, 384.9569, 228.9855, 359.9134, 231.3043
34 121 4.040000 354.9573, 218.0305, 379.7998, 216.5086, 380.5708, 229.0942, 355.7283, 230.6161
34 122 4.070000 351.9686, 217.6753, 376.6464, 216.4650, 377.2609, 228.9952, 352.5831, 230.2054
34 123 4.100000 349.0995, 217.0005, 373.5730, 216.6765, 373.7391, 229.2212, 349.2656, 229.5452
34 124 4.140000 345.1256, 216.3474, 369.3153, 216.7721, 369.0962, 229.2521, 344.9065, 228.8274
34 125 4.170000 342.0045, 216.0825, 366.0083, 216.6305, 365.7256, 229.0139, 341.7218, 228.4659
34 126 4.200000 339.1038, 215.4552, 362.8410, 216.7867, 362.1499, 229.1087, 338.4126, 227.7772
34 127 4.240000 335.0775, 214.8952, 358.5165, 216.6551, 357.5998, 228.8636, 334.1608, 227.1038
34 128 4.270000 331.9847, 214.6013, 355.2489, 216.3564, 354.3351, 228.4694, 331.0709, 226.7143
34 129 4.300000 329.1300, 213.9899, 352.1272, 216.2870, 350.9252, 228.3216, 327.9279, 226.0245
34 130 4.340000 325.2293, 213.3667, 347.9521, 215.8774, 346.6369, 227.7803, 323.9141, 225.2696
34 131 4.370000 322.2617, 212.9861, 344.8365, 215.3414, 343.6034, 227.1601, 321.0286, 224.8048
34 132 4.400000 319.5823, 212.2486, 341.8974, 215.0552, 340.4213, 226.7921, 318.1061, 223.9855
34 133 4.440000 315.9842, 211.3553, 338.0254, 214.3731, 336.4311, 226.0174, 314.3899, 222.9996
34 134 4.470000 313.2913, 210.7277, 335.1775, 213.6740, 333.6183, 225.2569, 311.7320, 222.3106
34 135 4.500000 310.9321, 209.7544, 332.5225, 213.2715, 330.6496, 224.7690, 309.0591, 221.2518
34 136 4.540000 307.6634, 208.7564, 329.0174, 212.3472, 327.0966, 223.7702, 305.7426, 220.1795
34 137 4.570000 305.1743, 208.1710, 326.4435, 211.4509, 324.6825, 222.8706, 303.4133, 219.5907
34 138 4.600000 302.9728, 207.3594, 324.0434, 210.8336, 322.1646, 222.2284, 301.0940, 218.7542
34 139 4.640000 299.9783, 206.4916, 320.9092, 209.7337, 319.1380, 221.1689, 298.2071, 217.9268
34 140 4.670000 297.6650, 205.9434, 318.6122, 208.7633, 317.0650, 220.2568, 296.1178, 217.4370
34 141 4.700000 295.5714, 205.1667, 316.4758, 208.0322, 314.8957, 219.5596, 293.9912, 216.6941
34 142 4.740000 292.7933, 204.2432, 313.6830, 206.8515, 312.2325, 218.4682, 291.3429, 215.8599
34 143 4.770000 290.6792, 203.6870, 311.5963, 205.7295, 310.4507, 217.4615, 289.5336, 215.4189
34 144 4.800000 288.8042, 202.8033, 309.6786, 204.9089, 308.4878, 216.7137, 287.6134, 214.6081
34 145 4.840000 286.2522, 201.7657, 307.1114, 203.5181, 306.1088, 215.4528, 285.2495, 213.7004
34 146 4.870000 284.3001, 201.0665, 305.1641, 202.2537, 304.4778, 214.3158, 283.6137, 213.1286
34 147 4.900000 282.5539, 199.9973, 303.3765, 201.2685, 302.6345, 213.4234, 281.8119, 212.1522
34 148 4.940000 280.1370, 198.6609, 300.9468, 199.6235, 300.3769, 211.9442, 279.5670, 210.9815
34 149 4.970000 278.2738, 197.7088, 299.0934, 198.1890, 298.8062, 210.6399, 277.9867, 210.1597
34 150 5.000000 276.5764, 196.3881, 297.4666, 197.0421, 297.0738, 209.5875, 276.1837, 208.9335
34 151 5.040000 274.1993, 194.7896, 295.1493, 195.2593, 294.8646, 207.9580, 273.9146, 207.4884
34 152 5.070000 272.3263, 193.7553, 293.2618, 193.7289, 293.2779, 206.5701, 272.3425, 206.5964
34 153 5.100000 270.5731, 192.4417, 291.5718, 192.4946, 291.5392, 205.4459, 270.5404, 205.3930
34 154 5.140000 268.1310, 190.8340, 289.1587, 190.6710, 289.2602, 203.7721, 268.2326, 203.9351
34 155 5.170000 266.1958, 189.7552, 287.1756, 189.0969, 287.5909, 202.3331, 266.6111, 202.9914
34 156 5.200000 264.3735, 188.3240, 285.4297, 187.8271, 285.7447, 201.1721, 264.6884, 201.6691
34 157 5.240000 261.7851, 186.5315, 282.8541, 185.8131, 283.3147, 199.3235, 262.2457, 200.0419
34 158 5.270000 259.7162, 185.3020, 280.6835, 184.0294, 281.5105, 197.6545, 260.5432, 198.9272
34 159 5.300000 257.7058, 183.6971, 278.7202, 182.4421, 279.5393, 196.1570, 258.5249, 197.4120
34 160 5.340000 254.8641, 181.5309, 275.8471, 179.9912, 276.8615, 193.8151, 255.8785, 195.3548
34 161 5.370000 252.5992, 179.8765, 273.4633, 177.8610, 274.8051, 191.7507, 253.9410, 193.7662
34 162 5.400000 250.3859, 177.6675, 271.3789, 175.9350, 272.5304, 189.8882, 251.5375, 191.6208
34 163 5.440000 247.2350, 174.6618, 268.2590, 172.9101, 269.4267, 186.9253, 248.4027, 188.6769
34 164 5.470000 244.7120, 172.4372, 265.6196, 170.2897, 267.0625, 184.3371, 246.1549, 186.4846
34 165 5.500000 242.2406, 169.8000, 263.2843, 167.9801, 264.5017, 182.0567, 243.4580, 183.8766
34 166 5.540000 238.8185, 166.6643, 259.9469, 165.0252, 261.0410, 179.1290, 239.9127, 180.7681
34 167 5.570000 236.2315, 164.5982, 257.4644, 163.2254, 258.3767, 177.3357, 237.1438, 178.7086
34 168 5.600000 233.6762, 162.7212, 255.1015, 161.9231, 255.6262, 176.0090, 234.2009, 176.8071
34 169 5.640000 230.2100, 160.8239, 251.8135, 160.6065, 251.9547, 174.6351, 230.3512, 174.8525
34 170 5.670000 227.5633, 159.8458, 249.2436, 159.8853, 249.2182, 173.8624, 227.5379, 173.8230
34 171 5.700000 224.9653, 159.0479, 246.7681, 159.5869, 246.4250, 173.4658, 224.6221, 172.9267
34 172 5.740000 221.4595, 158.5218, 243.3554, 159.4892, 242.7483, 173.2293, 220.8525, 172.2619
34 173 5.770000 218.8002, 158.5240, 240.7214, 159.6192, 240.0399, 173.2593, 218.1188, 172.1641
34 174 5.800000 216.2200, 158.6693, 238.2049, 160.1738, 237.2825, 173.6541, 215.2975, 172.1496
34 175 5.840000 212.7539, 159.3923, 234.7698, 161.1896, 233.6859, 174.4669, 211.6700, 172.6696
34 176 5.870000 210.1389, 160.3323, 232.1493, 162.1727, 231.0507, 175.3102, 209.0404, 173.4697
34 177 5.900000 207.6104, 161.4453, 229.6380, 163.5935, 228.3763, 176.5306, 206.3487, 174.3823
34 178 5.940000 204.2265, 163.4612, 226.2422, 165.7910, 224.8996, 178.4773, 202.8840, 176.1475
34 179 5.970000 201.6844, 165.3266, 223.6723, 167.6183, 222.3673, 180.1386, 200.3794, 177.8468
34 180 6.000000 199.2539, 167.2148, 221.2266, 169.7358, 219.8147, 182.0419, 197.8420, 179.5209
34 181 6.040000 196.0679, 169.7595, 217.9954, 172.3516, 216.5755, 184.3632, 194.6480, 181.7711
34 182 6.070000 193.7212, 171.5692, 215.6017, 173.9731, 214.3098, 185.7319, 192.4293, 183.3280
34 183 6.100000 191.5985, 172.9387, 213.4358, 175.6737, 212.0123, 187.0387, 190.1751, 184.3037
34 184 6.140000 188.8175, 174.5667, 210.5823, 177.3614, 209.1892, 188.2102, 187.4245, 185.4154
34 185 6.170000 186.7499, 175.6502, 208.4694, 178.1368, 207.2634, 188.6714, 185.5438, 186.1848
34 186 6.200000 184.9279, 176.2376, 206.5898, 179.0633, 205.2731, 189.1567, 183.6113, 186.3310
34 187 6.240000 182.4911, 176.7941, 204.1484, 179.6564, 202.8684, 189.3415, 181.2111, 186.4793
34 188 6.270000 180.6316, 177.1461, 202.3309, 179.5576, 201.2770, 189.0401, 179.5778, 186.6285
34 189 6.300000 179.0880, 176.8893, 200.7544, 179.8287, 199.5237, 188.9001, 177.8573, 185.9606
34 190 6.340000 176.9619, 176.4672, 198.6497, 179.3726, 197.4798, 188.1056, 175.7920, 185.2002
34 191 6.370000 175.3904, 175.9606, 197.1275, 178.5885, 196.0727, 187.3139, 174.3356, 184.6861
34 192 6.400000 174.0883, 174.7109, 195.8028, 177.7587, 194.5539, 186.6570, 172.8394, 183.6092
34 193 6.440000 172.3340, 172.9005, 194.0792, 176.0132, 192.7745, 185.1286, 171.0292, 182.0160
34 194 6.470000 170.9133, 171.6457, 192.7772, 174.2176, 191.6958, 183.4100, 169.8320, 180.8381
34 195 6.500000 169.7690, 169.8284, 191.6436, 172.6677, 190.4313, 182.0079, 168.5567, 179.1686
34 196 6.540000 168.1307, 167.7985, 190.0907, 170.4826, 188.9369, 179.9221, 166.9769, 177.2380
34 197 6.570000 166.9780, 166.3685, 188.9642, 169.1393, 187.7641, 178.6624, 165.7779, 175.8917
34 198 6.600000 165.9255, 164.9709, 187.8950, 168.1241, 186.5108, 177.7685, 164.5413, 174.6153
34 199 6.640000 164.4735, 163.5646, 186.4452, 166.9672, 184.9339, 176.7258, 162.9622, 173.3231
34 200 6.670000 163.3382, 162.8349, 185.3492, 166.2162, 183.8406, 176.0364, 161.8297, 172.6551
34 201 6.700000 162.3476, 162.0699, 184.3205, 165.7860, 182.6438, 175.7000, 160.6709, 171.9839
34 202 6.740000 160.9824, 161.4315, 182.9496, 165.3366, 181.1717, 175.3377, 159.2044, 171.4326
34 203 6.770000 159.9026, 161.2728, 181.9149, 165.0655, 180.1900, 175.0766, 158.1777, 171.2839
34 204 6.800000 159.0014, 161.0256, 180.9602, 165.1195, 179.0871, 175.1663, 157.1284, 171.0725
34 205 6.840000 157.7300, 161.1087, 179.6846, 165.2670, 177.7865, 175.2886, 155.8319, 171.1303
34 206 6.870000 156.7392, 161.4492, 178.7352, 165.4431, 176.9251, 175.4121, 154.9291, 171.4182
34 207 6.900000 155.9195, 161.7247, 177.8606, 165.9334, 175.9567, 175.8589, 154.0156, 171.6502
34 208 6.940000 154.7799, 162.4673, 176.7056, 166.6829, 174.8189, 176.4960, 152.8932, 172.2804
34 209 6.970000 153.8934, 163.3050, 175.8490, 167.3169, 174.0805, 176.9953, 152.1249, 172.9834
34 210 7.000000 153.1950, 164.0387, 175.0748, 168.2682, 173.2289, 177.8170, 151.3491, 173.5875
34 211 7.040000 152.2360, 165.3042, 174.0760, 169.5471, 172.2618, 178.8852, 150.4219, 174.6423
34 212 7.070000 151.5068, 166.4220, 173.3682, 170.4796, 171.6623, 179.6704, 149.8010, 175.6128
34 213 7.100000 150.9705, 167.3751, 172.7600, 171.6680, 170.9717, 180.7450, 149.1822, 176.4521
34 214 7.140000 150.2237, 168.9367, 171.9978, 173.2197, 170.2451, 182.1301, 148.4710, 177.8471
34 215 7.170000 149.6256, 170.3809, 171.4518, 174.3531, 169.8575, 183.1136, 148.0313, 179.1414
34 216 7.200000 149.2183, 171.6830, 171.0076, 175.8026, 169.3729, 184.4489, 147.5836, 180.3293
34 217 7.240000 148.6534, 173.6964, 170.4675, 177.6604, 168.9074, 186.2454, 147.0933, 182.2813
34 218 7.270000 148.2264, 175.3977, 170.1041, 179.0465, 168.6573, 187.7211, 146.7796, 184.0723
34 219 7.300000 147.9322, 177.1350, 169.8075, 180.8231, 168.3221, 189.6338, 146.4468, 185.9457
34 220 7.340000 147.4954, 179.9035, 169.4219, 183.3481, 168.0003, 192.3971, 146.0738, 188.9525
34 221 7.370000 147.1362, 182.3542, 169.1277, 185.4324, 167.8331, 194.6813, 145.8416, 191.6031
34 222 7.400000 146.8561, 184.9943, 168.8811, 187.9799, 167.6111, 197.3487, 145.5861, 194.3631
34 223 7.440000 146.4164, 189.1221, 168.5224, 191.7329, 167.3951, 201.2776, 145.2891, 198.6668
34 224 7.470000 146.0452, 192.6500, 168.2250, 194.8124, 167.2811, 204.4949, 145.1012, 202.3326
34 225 7.500000 145.7236, 196.3150, 167.9827, 198.2697, 167.1273, 208.0101, 144.8682, 206.0555
34 226 7.540000 145.3011, 201.1947, 167.6885, 202.7926, 166.9842, 212.6596, 144.5969, 211.0617
34 227 7.570000 144.9584, 204.6970, 167.4444, 205.7829, 166.9546, 215.9256, 144.4686, 214.8396
34 228 7.600000 144.7639, 207.7197, 167.3686, 208.9346, 166.8130, 219.2729, 144.2083, 218.0579
34 229 7.640000 144.4350, 211.6285, 167.1808, 212.5831, 166.7303, 223.3172, 143.9845, 222.3626
34 230 7.670000 144.1699, 214.4348, 167.0183, 215.0849, 166.7037, 226.1412, 143.8553, 225.4911
34 231 7.700000 144.0191, 216.9520, 166.9813, 217.7722, 166.5793, 229.0259, 143.6172, 228.2057
34 232 7.740000 143.7497, 220.3333, 166.8534, 221.0553, 166.4925, 232.6036, 143.3888, 231.8815
34 233 7.770000 143.4908, 222.9539, 166.6567, 223.2854, 166.4877, 235.0909, 143.3219, 234.7594
34 234 7.800000 143.3735, 225.2823, 166.6698, 225.9107, 166.3486, 237.8196, 143.0523, 237.1912
34 235 7.840000 143.1443, 228.5807, 166.5607, 229.2036, 166.2388, 241.3025, 142.8224, 240.6795
34 236 7.870000 142.9354, 231.1944, 166.4221, 231.6261, 166.1970, 243.8747, 142.7102, 243.4430
34 237 7.900000 142.8505, 233.6598, 166.4520, 234.4484, 166.0416, 246.7298, 142.4401, 245.9411
34 238 7.940000 142.6982, 237.2084, 166.4208, 238.2233, 165.8926, 250.5699, 142.1700, 249.5551
34 239 7.970000 142.5627, 240.0648, 166.3484, 241.0582, 165.8298, 253.4776, 142.0441, 252.4842
34 240 8.000000 142.5863, 242.7358, 166.4692, 244.2985, 165.6606, 256.6558, 141.7778, 255.0931
34 241 8.040000 142.6411, 246.3102, 166.6051, 248.3453, 165.5588, 260.6666, 141.5948, 258.6315
34 242 8.070000 142.6586, 249.0209, 166.6533, 250.9384, 165.6655, 263.3003, 141.6707, 261.3828
34 243 8.100000 142.9682, 251.2454, 166.9922, 253.8822, 165.6536, 266.0779, 141.6297, 263.4412
34 244 8.140000 143.4318, 254.1710, 167.4561, 257.3252, 165.8757, 269.3628, 141.8514, 266.2087
34 245 8.170000 143.7902, 256.4084, 167.8110, 259.4933, 166.2701, 271.4921, 142.2492, 268.4072
34 246 8.200000 144.4239, 258.3102, 168.4026, 261.9385, 166.6173, 273.7370, 142.6386, 270.1087
34 247 8.240000 145.2683, 260.9950, 169.2111, 264.6640, 167.4237, 276.3279, 143.4810, 272.6589
34 248 8.270000 145.9106, 263.1146, 169.8496, 266.3608, 168.2686, 278.0199, 144.3296, 274.7737
34 249 8.300000 146.8246, 264.9562, 170.7092, 268.4063, 169.0505, 279.8894, 145.1658, 276.4394
34 250 8.340000 148.0457, 267.5926, 171.8839, 270.7695, 170.3695, 282.1327, 146.5314, 278.9557
34 251 8.370000 148.9572, 269.7349, 172.7728, 272.3124, 171.5456, 283.6507, 147.7301, 281.0731
34 252 8.400000 150.1010, 271.6536, 173.8530, 274.2593, 172.6284, 285.4222, 148.8763, 282.8165
34 253 8.440000 151.5820, 274.4901, 175.2642, 276.6049, 174.2800, 287.6269, 150.5977, 285.5120
34 254 8.470000 152.6810, 276.7846, 176.3034, 278.2397, 175.6284, 289.1983, 152.0059, 287.7431
34 255 8.500000 153.9310, 278.8847, 177.4779, 280.1474, 176.8993, 290.9371, 153.3524, 289.6744
34 256 8.540000 155.6095, 281.6105, 179.0362, 282.4167, 178.6734, 292.9572, 155.2468, 292.1510
34 257 8.570000 156.8144, 283.6183, 180.1319, 283.6862, 180.1018, 294.0527, 156.7842, 293.9848
34 258 8.600000 158.2542, 284.9519, 181.4779, 285.3395, 181.3104, 295.3759, 158.0867, 294.9883
34 259 8.640000 160.0316, 286.6619, 183.1212, 286.8352, 183.0481, 296.5709, 159.9585, 296.3977
34 260 8.670000 161.2569, 287.9227, 184.2299, 287.4513, 184.4266, 297.0399, 161.4537, 297.5113
34 261 8.700000 162.6361, 288.6225, 185.5109, 288.3855, 185.6072, 297.6896, 162.7325, 297.9265
34 262 8.740000 164.3148, 289.5258, 187.0408, 289.0364, 187.2362, 298.1081, 164.5101, 298.5975
34 263 8.770000 165.4418, 290.1944, 188.0453, 289.0709, 188.4945, 298.1073, 165.8910, 299.2309
34 264 8.800000 166.6727, 290.1887, 189.1773, 289.2904, 189.5428, 298.4461, 167.0382, 299.3444
34 265 8.840000 168.1418, 290.0575, 190.5021, 289.0522, 190.9224, 298.4000, 168.5620, 299.4053
34 266 8.870000 169.1095, 289.9644, 191.3542, 288.5751, 191.9426, 297.9979, 169.6980, 299.3872
34 267 8.900000 170.1705, 289.2204, 192.3155, 288.2718, 192.7293, 297.9325, 170.5843, 298.8811
34 268 8.940000 171.3747, 288.3046, 193.3867, 287.4175, 193.7843, 297.2839, 171.7723, 298.1709
34 269 8.970000 172.1493, 287.6016, 194.0678, 286.5309, 194.5537, 296.4791, 172.6352, 297.5498
34 270 9.000000 172.9864, 286.4599, 194.8187, 285.7735, 195.1363, 295.8762, 173.3040, 296.5626
34 271 9.040000 173.9889, 284.9372, 195.6986, 284.6114, 195.8530, 294.8953, 174.1433, 295.2211
34 272 9.070000 174.5696, 284.0119, 196.2403, 283.5656, 196.4534, 293.9154, 174.7827, 294.3617
34 273 9.100000 175.3182, 282.6298, 196.8923, 282.8128, 196.8029, 293.3562, 175.2287, 293.1731
34 274 9.140000 176.1559, 281.0299, 197.6316, 281.6197, 197.3383, 292.2997, 175.8626, 291.7099
34 275 9.170000 176.6528, 279.9934, 198.0957, 280.5360, 197.8242, 291.2636, 176.3813, 290.7210
34 276 9.200000 177.3370, 278.5493, 198.6633, 279.6710, 198.0923, 290.5273, 176.7660, 289.4057
34 277 9.240000 178.0438, 276.8816, 199.3045, 278.1644, 198.6446, 289.1013, 177.3839, 287.8185
34 278 9.270000 178.5000, 275.6781, 199.7493, 276.8700, 199.1357, 287.8095, 177.8864, 286.6177
34 279 9.300000 179.1582, 274.0779, 200.2972, 275.7325, 199.4369, 286.7243, 178.2978, 285.0696
34 280 9.340000 179.9178, 272.0123, 200.9812, 273.8870, 200.0031, 284.8765, 178.9397, 283.0017
34 281 9.370000 180.3887, 270.5081, 201.4660, 272.2191, 200.5786, 283.1504, 179.5013, 281.4394
34 282 9.400000 181.1610, 268.4545, 202.0968, 270.7319, 200.9076, 281.6646, 179.9717, 279.3872
34 283 9.440000 182.0817, 265.7269, 202.9240, 268.3029, 201.5814, 279.1662, 180.7390, 276.5902
34 284 9.470000 182.6901, 263.6928, 203.5479, 266.1413, 202.2842, 276.9068, 181.4263, 274.4583
34 285 9.500000 183.6888, 261.0795, 204.3467, 264.2516, 202.6988, 274.9833, 182.0409, 271.8113
34 286 9.540000 184.8673, 257.9215, 205.4031, 261.4652, 203.5660, 272.1111, 183.0302, 268.5674
34 287 9.570000 185.6308, 255.8810, 206.1938, 259.2710, 204.4541, 269.8237, 183.8911, 266.4337
34 288 9.600000 186.6133, 253.7097, 207.0899, 257.3522, 205.2242, 267.8402, 184.7476, 264.1977
34 289 9.640000 187.8615, 251.1151, 208.3244, 254.7326, 206.4874, 265.1237, 186.0245, 261.5061
34 290 9.670000 188.7589, 249.3743, 209.2835, 252.7043, 207.6135, 262.9974, 187.0889, 259.6675
34 291 9.700000 189.9132, 247.3961, 210.3681, 250.9244, 208.6042, 261.1504, 188.1492, 257.6221
34 292 9.740000 191.3813, 245.0057, 211.8532, 248.3670, 210.1972, 258.4532, 189.7252, 255.0919
34 293 9.770000 192.4585, 243.3297, 213.0065, 246.2978, 211.5660, 256.2708, 191.0179, 253.3027
34 294 9.800000 193.7595, 241.3851, 214.2786, 244.3832, 212.8347, 254.2659, 192.3155, 251.2679
34 295 9.840000 195.4839, 238.8420, 216.0308, 241.6013, 214.7229, 251.3407, 194.1760, 248.5815
34 296 9.870000 196.6910, 237.1083, 217.3306, 239.2079, 216.3582, 248.7670, 195.7186, 246.6674
34 297 9.900000 198.1921, 234.8375, 218.7988, 237.0352, 217.7909, 246.4861, 197.1841, 244.2884
34 298 9.940000 200.0784, 231.9300, 220.7226, 233.6636, 219.9460, 242.9114, 199.3018, 241.1778
34 299 9.970000 201.4696, 229.7336, 222.1565, 230.8788, 221.6553, 239.9313, 200.9684, 238.7862
34 300 10.000000 203.0848, 227.0116, 223.7416, 228.3321, 223.1695, 237.2819, 202.5127, 235.9614
34 301 10.040000 205.0499, 223.8574, 225.7240, 224.6333, 225.3968, 233.3539, 204.7227, 232.5780
34 302 10.070000 206.4544, 221.5704, 227.1273, 221.5845, 227.1214, 230.3181, 206.4485, 230.3041
34 303 10.100000 207.9462, 219.1594, 228.6030, 218.9086, 228.7109, 227.7980, 208.0541, 228.0488
34 304 10.140000 209.8429, 216.1498, 230.4614, 215.3429, 230.8185, 224.4656, 210.1999, 225.2725
34 305 10.170000 211.1751, 214.0303, 231.7334, 212.5994, 232.3820, 221.9180, 211.8237, 223.3489
34 306 10.200000 212.5592, 211.6525, 233.1082, 210.1935, 233.7789, 219.6390, 213.2298, 221.0981
34 307 10.240000 214.2338, 208.6059, 234.7339, 206.7788, 235.5939, 216.4287, 215.0938, 218.2558
34 308 10.270000 215.3516, 206.3977, 235.7703, 204.0402, 236.9029, 213.8498, 216.4842, 216.2073
34 309 10.300000 216.4710, 203.8544, 236.9016, 201.5382, 238.0267, 211.4615, 217.5960, 213.7778
34 310 10.340000 217.7146, 200.5520, 238.0730, 197.7924, 239.4421, 207.8930, 219.0837, 210.6526
34 311 10.370000 218.4522, 198.0957, 238.6675, 194.6570, 240.4099, 204.9001, 220.1946, 208.3388
34 312 10.400000 219.1562, 195.1124, 239.4059, 191.7459, 241.1272, 202.1000, 220.8775, 205.4664
34 313 10.440000 219.7948, 191.0096, 240.0084, 187.3972, 241.8875, 197.9124, 221.6740, 201.5248
34 314 10.470000 220.0232, 187.9174, 240.0899, 183.7208, 242.3153, 194.3619, 222.2486, 198.5585
34 315 10.500000 220.1830, 184.3509, 240.3239, 180.2988, 242.4897, 191.0640, 222.3488, 195.1161
34 316 10.540000 220.1696, 179.8441, 240.3623, 175.7986, 242.5518, 186.7274, 222.3591, 190.7728
34 317 10.570000 220.0627, 176.6547, 240.3539, 172.7782, 242.4655, 183.8314, 222.1743, 187.7079
34 318 10.600000 219.9095, 173.5685, 240.3969, 170.1728, 242.2489, 181.3463, 221.7614, 184.7419
34 319 10.640000 219.5525, 169.9146, 240.2575, 167.0096, 241.8449, 178.3238, 221.1400, 181.2288
34 320 10.670000 219.1566, 167.5254, 239.9772, 164.7944, 241.4746, 176.2108, 220.6540, 178.9417
34 321 10.700000 218.7343, 165.1757, 239.7548, 162.9496, 240.9713, 174.4364, 219.9508, 176.6626
34 322 10.740000 218.0063, 162.4470, 239.2270, 160.6161, 240.2269, 172.2047, 219.0062, 174.0356
34 323 10.770000 217.3409, 160.6748, 238.6769, 158.9513, 239.6198, 170.6247, 218.2838, 172.3481
34 324 10.800000 216.6685, 158.8863, 238.1925, 157.6115, 238.8870, 169.3376, 217.3630, 170.6124
34 325 10.840000 215.6368, 156.8184, 237.3701, 155.9220, 237.8565, 167.7142, 216.1233, 168.6107
34 326 10.870000 214.7487, 155.5216, 236.6029, 154.6647, 237.0680, 166.5274, 215.2138, 167.3842
34 327 10.900000 213.9045, 154.1328, 235.9556, 153.7916, 236.1392, 165.6504, 214.0880, 165.9917
34 328 10.940000 212.6404, 152.5968, 234.9038, 152.5989, 234.9027, 164.4990, 212.6393, 164.4969
34 329 10.970000 211.5949, 151.6753, 233.9915, 151.6887, 233.9843, 163.6506, 211.5878, 163.6372
34 330 11.000000 210.6117, 150.6734, 233.1942, 151.1480, 232.9430, 163.0982, 210.3605, 162.6236
34 331 11.040000 209.1980, 149.6722, 231.9922, 150.4692, 231.5735, 162.4411, 208.7794, 161.6440
34 332 11.070000 208.0667, 149.1705, 231.0042, 150.0056, 230.5659, 162.0456, 207.6284, 161.2105
34 333 11.100000 207.0132, 148.6462, 230.1211, 149.9329, 229.4507, 161.9730, 206.3428, 160.6863
34 334 11.140000 205.5282, 148.2976, 228.8424, 149.9043, 228.0079, 162.0132, 204.6937, 160.4065
34 335 11.170000 204.3537, 148.3097, 227.8117, 149.9233, 226.9710, 162.1446, 203.5130, 160.5310
34 336 11.200000 203.2801, 148.3095, 226.8975, 150.3591, 225.8340, 162.6130, 202.2166, 160.5635
34 337 11.240000 201.7748, 148.7114, 225.5898, 151.0016, 224.3992, 163.3811, 200.5843, 161.0909
34 338 11.270000 200.5937, 149.3247, 224.5512, 151.5466, 223.3885, 164.0832, 199.4310, 161.8614
34 339 11.300000 199.5165, 149.9852, 223.6227, 152.5252, 222.2935, 165.1403, 198.1873, 162.6002
34 340 11.340000 198.0147, 151.3448, 222.3124, 153.9802, 220.9238, 166.7828, 196.6261, 164.1475
34 341 11.370000 196.8434, 152.7512, 221.2789, 155.2359, 219.9571, 168.2346, 195.5216, 165.7498
34 342 11.400000 195.7615, 154.3175, 220.3408, 156.9907, 218.9138, 170.1117, 194.3345, 167.4385
34 343 11.440000 194.2534, 157.0240, 219.0160, 159.6620, 217.5936, 173.0133, 192.8311, 170.3753
34 344 11.470000 193.0885, 159.4966, 217.9808, 161.9506, 216.6448, 175.5027, 191.7525, 173.0487
34 345 11.500000 192.0020, 162.1067, 217.0274, 164.6234, 215.6517, 178.3028, 190.6263, 175.7861
34 346 11.540000 190.5819, 165.6110, 215.7764, 168.0312, 214.4434, 181.9084, 189.2489, 179.4881
34 347 11.570000 189.5599, 168.0133, 214.8799, 170.2186, 213.6500, 184.3395, 188.3300, 182.1342
34 348 11.600000 188.6987, 170.0108, 214.1587, 172.3450, 212.8457, 186.6659, 187.3858, 184.3317
34 349 11.640000 187.6136, 172.3853, 213.2543, 174.7133, 211.9279, 189.3223, 186.2872, 186.9943
34 350 11.670000 186.7704, 174.1589, 212.4768, 175.9850, 211.4218, 190.8362, 185.7154, 189.0100
34 351 11.700000 186.1779, 175.4208, 212.0400, 177.5704, 210.8015, 192.4716, 184.9394, 190.3221
34 352 11.740000 185.3012, 177.1902, 211.2607, 178.9493, 210.2372, 194.0533, 184.2777, 192.2943
34 353 11.770000 184.6293, 178.4890, 210.6169, 179.6440, 209.9382, 194.9156, 183.9506, 193.7606
34 354 11.800000 184.2160, 179.2532, 210.3496, 180.7633, 209.4683, 196.0153, 183.3346, 194.5052
34 355 11.840000 183.5796, 180.3588, 209.8142, 181.6925, 209.0359, 197.0028, 182.8013, 195.6691
34 356 11.870000 183.0600, 181.2079, 209.3046, 182.0242, 208.8249, 197.4475, 182.5803, 196.6312
34 357 11.900000 182.7661, 181.5555, 209.1579, 182.7677, 208.4515, 198.1495, 182.0596, 196.9374
34 358 11.940000 182.3381, 182.0337, 208.8517, 183.3769, 208.0731, 198.7458, 181.5595, 197.4027
34 359 11.970000 181.9752, 182.4344, 208.5236, 183.5096, 207.8989, 198.9353, 181.3504, 197.8601
34 360 12.000000 181.8355, 182.4105, 208.5308, 184.0773, 207.5744, 199.3945, 180.8791, 197.7277
34 361 12.040000 181.6122, 182.5333, 208.4305, 184.5505, 207.2843, 199.7887, 180.4660, 197.7715
34 362 12.070000 181.4323, 182.7602, 208.3104, 184.7753, 207.1704, 199.9811, 180.2922, 197.9660
34 363 12.100000 181.4885, 182.7015, 208.4851, 185.5123, 206.9253, 200.4942, 179.9286, 197.6835
34 364 12.140000 181.5905, 182.8198, 208.6856, 186.3682, 206.7591, 201.0793, 179.6639, 197.5309
34 365 12.170000 181.6139, 183.1752, 208.7652, 186.7182, 206.8572, 201.3399, 179.7059, 197.7968
34 366 12.200000 181.8816, 183.3419, 209.0818, 187.5013, 206.8866, 201.8568, 179.6864, 197.6974
34 367 12.240000 182.2162, 183.8744, 209.4793, 188.2191, 207.2223, 202.3820, 179.9591, 198.0372
34 368 12.270000 182.4511, 184.5253, 209.7737, 188.5397, 207.7010, 202.6471, 180.3783, 198.6327
34 369 12.300000 182.9661, 184.9711, 210.3164, 189.3695, 208.0893, 203.2184, 180.7390, 198.8200
34 370 12.340000 183.5870, 185.9742, 211.0065, 190.1242, 208.9394, 203.7812, 181.5199, 199.6311
34 371 12.370000 184.0918, 186.8872, 211.5701, 190.6173, 209.7244, 204.2142, 182.2461, 200.4841
34 372 12.400000 184.7900, 187.7248, 212.3073, 191.5033, 210.4702, 204.8819, 182.9529, 201.1033
34 373 12.440000 185.7353, 189.1339, 213.3114, 192.6158, 211.6503, 205.7714, 184.0741, 202.2894
34 374 12.470000 186.4156, 190.4542, 214.0515, 193.3228, 212.6938, 206.4031, 185.0579, 203.5345
34 375 12.500000 187.2956, 191.6461, 214.9637, 194.4921, 213.6445, 207.3172, 185.9764, 204.4712
34 376 12.540000 188.4778, 193.3901, 216.1885, 195.9162, 215.0422, 208.4912, 187.3315, 205.9652
34 377 12.570000 189.3307, 194.8156, 217.0779, 196.7295, 216.2135, 209.2610, 188.4663, 207.3471
34 378 12.600000 190.4031, 195.9370, 218.1579, 198.0163, 217.2367, 210.3127, 189.4819, 208.2333
34 379 12.640000 191.7531, 197.6049, 219.5265, 199.3724, 218.7523, 211.5380, 190.9789, 209.7705
34 380 12.670000 192.7051, 198.9851, 220.4941, 200.1455, 219.9849, 212.3371, 192.1960, 211.1766
34 381 12.700000 193.8335, 200.0874, 221.6214, 201.3715, 221.0645, 213.4228, 193.2766, 212.1388
34 382 12.740000 195.2231, 201.7739, 223.0117, 202.6851, 222.6172, 214.7138, 194.8287, 213.8025
34 383 12.770000 196.1683, 203.2315, 223.9452, 203.4309, 223.8581, 215.5580, 196.0812, 215.3585
34 384 12.800000 197.2269, 204.4875, 224.9948, 204.5772, 224.9557, 216.6752, 197.1879, 216.5855
34 385 12.840000 198.5028, 206.4191, 226.2371, 205.9111, 226.4600, 218.0843, 198.7258, 218.5923
34 386 12.870000 199.3811, 208.0251, 227.0667, 206.8867, 227.5712, 219.1568, 199.8856, 220.2952
34 387 12.900000 200.3613, 209.4082, 228.0473, 208.4053, 228.4901, 220.6290, 200.8041, 221.6319
34 388 12.940000 201.5366, 211.5309, 229.2021, 210.4408, 229.6838, 222.6663, 202.0183, 223.7563
34 389 12.970000 202.3243, 213.3333, 229.9588, 212.0059, 230.5479, 224.2700, 202.9134, 225.5975
34 390 13.000000 203.1907, 214.9498, 230.8433, 214.0663, 231.2328, 226.2562, 203.5802, 227.1397
34 391 13.040000 204.2214, 217.2634, 231.8789, 216.7295, 232.1131, 228.8605, 204.4556, 229.3944
34 392 13.070000 204.8393, 219.2219, 232.4677, 218.4227, 232.8195, 230.5820, 205.1910, 231.3812
34 393 13.100000 205.5508, 220.8939, 233.1891, 220.5162, 233.3539, 232.5694, 205.7155, 232.9471
34 394 13.140000 206.3518, 223.3327, 233.9768, 223.0780, 234.0872, 235.0516, 206.4622, 235.3063
34 395 13.170000 206.8484, 225.3285, 234.4549, 224.8722, 234.6524, 236.8227, 207.0459, 237.2790
34 396 13.200000 207.4563, 227.0800, 235.0650, 227.1294, 235.0439, 238.9278, 207.4352, 238.8784
34 397 13.240000 208.1346, 229.7078, 235.7309, 230.0107, 235.6030, 241.6618, 208.0067, 241.3589
34 398 13.270000 208.5611, 231.8931, 236.1451, 232.1337, 236.0441, 243.7082, 208.4601, 243.4677
34 399 13.300000 209.1079, 233.9198, 236.6745, 234.7529, 236.3308, 246.1265, 208.7642, 245.2935
34 400 13.340000 209.7181, 237.0349, 237.2573, 238.1979, 236.7852, 249.3783, 209.2459, 248.2153
34 401 13.370000 210.0799, 239.7371, 237.6138, 240.7729, 237.1929, 251.9612, 209.6590, 250.9255
34 402 13.400000 210.5379, 242.4642, 238.0429, 243.8336, 237.4850, 255.0386, 209.9800, 253.6692
34 403 13.440000 211.0281, 246.6075, 238.5215, 247.9323, 237.9756, 259.2593, 210.4823, 257.9345
34 404 13.470000 211.3326, 250.0572, 238.8332, 251.1141, 238.3923, 262.5863, 210.8917, 261.5293
34 405 13.500000 211.7202, 253.4404, 239.2071, 254.6095, 238.7107, 266.2800, 211.2238, 265.1109
34 406 13.540000 212.1781, 257.9031, 239.6713, 258.9890, 239.2019, 270.8750, 211.7087, 269.7891
34 407 13.570000 212.3859, 261.0991, 239.9447, 261.6034, 239.7222, 273.7628, 212.1634, 273.2584
34 408 13.600000 212.7744, 263.5629, 240.3620, 264.2744, 240.0419, 276.6859, 212.4543, 275.9743
34 409 13.640000 213.1678, 266.6327, 240.7968, 267.1893, 240.5423, 279.8220, 212.9133, 279.2654
34 410 13.670000 213.2772, 268.9291, 240.9884, 268.7946, 241.0502, 281.5251, 213.3390, 281.6596
34 411 13.700000 213.6517, 270.2854, 241.3822, 270.6320, 241.2197, 283.6376, 213.4892, 283.2910
34 412 13.740000 213.8827, 272.2299, 241.6980, 272.4085, 241.6133, 285.6052, 213.7980, 285.4266
34 413 13.770000 213.9115, 273.6607, 241.8188, 273.3546, 241.9643, 286.6133, 214.0569, 286.9194
34 414 13.800000 214.1765, 274.2741, 242.1191, 274.5499, 241.9862, 288.0192, 214.0436, 287.7433
34 415 13.840000 214.3301, 275.1207, 242.3597, 275.6449, 242.1050, 289.2667, 214.0754, 288.7425
34 416 13.870000 214.2937, 275.7715, 242.4326, 276.0896, 242.2782, 289.7374, 214.1394, 289.4193
34 417 13.900000 214.5250, 275.6527, 242.6846, 276.7833, 242.1316, 290.5571, 213.9720, 289.4266
34 418 13.940000 214.6077, 275.6111, 242.8696, 277.1000, 242.1427, 290.8974, 213.8808, 289.4085
34 419 13.970000 214.4828, 275.7197, 242.9027, 276.8714, 242.3475, 290.5705, 213.9276, 289.4188
34 420 14.000000 214.6300, 275.2113, 243.1059, 276.9254, 242.2814, 290.6219, 213.8055, 288.9079
34 421 14.040000 214.6569, 274.9731, 243.2834, 276.9007, 242.3647, 290.5445, 213.7381, 288.6168
34 422 14.070000 214.6819, 275.0546, 243.4149, 277.1627, 242.4157, 290.7817, 213.6826, 288.6736
34 423 14.100000 214.8600, 275.1386, 243.6289, 277.9008, 242.3165, 291.5701, 213.5476, 288.8079
34 424 14.140000 214.9871, 275.9410, 243.8530, 279.1398, 242.3355, 292.8333, 213.4696, 289.6345
34 425 14.170000 215.0149, 277.0372, 243.9969, 280.2824, 242.4642, 293.9702, 213.4823, 290.7250
34 426 14.200000 215.1948, 278.2147, 244.2218, 281.8869, 242.4848, 295.6167, 213.4579, 291.9446
34 427 14.240000 215.3501, 280.4740, 244.5072, 284.3474, 242.6804, 298.0989, 213.5232, 294.2254
34 428 14.270000 215.4121, 282.7059, 244.7172, 286.4543, 242.9585, 300.2037, 213.6534, 296.4553
34 429 14.300000 215.6331, 285.0944, 245.0122, 289.1034, 243.1292, 302.9024, 213.7501, 298.8934
34 430 14.340000 215.8509, 289.1052, 245.3921, 293.1131, 243.5115, 306.9745, 213.9703, 302.9666
34 431 14.370000 215.9769, 292.7553, 245.6717, 296.5807, 243.8789, 310.4975, 214.1841, 306.6721
34 432 14.400000 216.2264, 296.7609, 246.0050, 300.7147, 244.1417, 314.7481, 214.3631, 310.7943
34 433 14.440000 216.5039, 303.1281, 246.4257, 307.0558, 244.5581, 321.2834, 214.6363, 317.3558
34 434 14.470000 216.7006, 308.6298, 246.7363, 312.4721, 244.8920, 326.8895, 214.8563, 323.0471
34 435 14.500000 217.0047, 314.4419, 247.1041, 318.4003, 245.1772, 333.0518, 215.0779, 329.0934
34 436 14.540000 217.4868, 322.2124, 247.7155, 326.1085, 245.7938, 341.0190, 215.5650, 337.1229
34 437 14.570000 217.9279, 327.7025, 248.3051, 331.3084, 246.5185, 346.3598, 216.1412, 342.7539
34 438 14.600000 218.6271, 332.5676, 249.0851, 336.1879, 247.2817, 351.3598, 216.8237, 347.7395
34 439 14.640000 219.6811, 338.5107, 250.2972, 341.8850, 248.6117, 357.1780, 217.9956, 353.8037
34 440 14.670000 220.5261, 342.6344, 251.3080, 345.5505, 249.8514, 360.9261, 219.0695, 358.0101
34 441 14.700000 221.6739, 346.1143, 252.5118, 349.1072, 251.0129, 364.5515, 220.1749, 361.5586
34 442 14.740000 223.2551, 350.3713, 254.2226, 353.1328, 252.8365, 368.6761, 221.8690, 365.9146
34 443 14.770000 224.4501, 353.3215, 255.5616, 355.5946, 254.4188, 371.2358, 223.3073, 368.9627
34 444 14.800000 225.9697, 355.6089, 257.0969, 358.0905, 255.8447, 373.7965, 224.7176, 371.3148
34 445 14.840000 227.9890, 358.3659, 259.1980, 360.7151, 258.0067, 376.5417, 226.7977, 374.1925
34 446 14.870000 229.4809, 360.2344, 260.8004, 362.1396, 259.8298, 378.0946, 228.5104, 376.1894
34 447 14.900000 231.3047, 361.4365, 262.6006, 363.6686, 261.4581, 379.6870, 230.1622, 377.4549
34 448 14.940000 233.6934, 362.7896, 265.0254, 364.9899, 263.8918, 381.1322, 232.5598, 378.9319
34 449 14.970000 235.4415, 363.6405, 266.8549, 365.4474, 265.9191, 381.7168, 234.5056, 379.9099
