39 0 0.010000 322.0270, 158.1211, 348.1922, 159.5977, 347.1888, 177.3785, 321.0236, 175.9019
39 1 0.040000 322.6026, 155.8508, 348.5624, 158.5480, 346.4410, 178.9660, 320.4813, 176.2689
39 2 0.070000 323.0343, 153.4706, 348.9063, 156.8274, 346.0635, 178.7379, 320.1915, 175.3812
39 3 0.110000 323.7828, 149.5026, 349.5428, 153.2089, 346.2393, 176.1700, 320.4792, 172.4637
39 4 0.140000 324.5888, 145.7561, 350.2281, 149.8580, 346.4542, 173.4469, 320.8149, 169.3450
39 5 0.170000 325.2794, 142.6215, 350.8750, 146.2440, 347.5520, 169.7232, 321.9564, 166.1007
39 6 0.200000 326.1492, 139.2458, 351.6583, 142.6956, 348.4650, 166.3082, 322.9559, 162.8584
39 7 0.240000 327.4058, 135.3898, 352.7994, 138.5117, 349.9050, 162.0550, 324.5114, 158.9331
39 8 0.270000 328.3479, 133.1349, 353.6489, 135.9838, 351.0262, 159.2762, 325.7252, 156.4274
39 9 0.310000 329.6068, 131.0028, 354.7763, 133.4734, 352.5295, 156.3615, 327.3601, 153.8909
39 10 0.340000 330.5327, 130.0434, 355.6049, 132.2385, 353.6268, 154.8324, 328.5546, 152.6374
39 11 0.370000 331.2822, 129.7102, 356.4117, 131.6603, 354.6958, 153.7715, 329.5663, 151.8214
39 12 0.400000 332.0234, 129.8476, 357.2046, 131.5591, 355.7280, 153.2848, 330.5468, 151.5734
39 13 0.440000 333.0062, 130.8294, 358.2232, 132.2323, 357.0503, 153.3143, 331.8333, 151.9113
39 14 0.470000 333.7482, 132.0974, 358.9643, 133.2971, 357.9897, 153.7830, 332.7735, 152.5833
39 15 0.500000 334.4915, 133.6041, 359.6924, 134.6156, 358.8875, 154.6720, 333.6866, 153.6606
39 16 0.540000 335.4886, 136.0082, 360.6296, 136.8121, 360.0115, 156.1431, 334.8705, 155.3392
39 17 0.570000 336.2352, 138.0514, 361.3068, 138.7342, 360.8008, 157.3129, 335.7292, 156.6301
39 18 0.610000 337.2157, 140.7946, 362.1739, 141.3324, 361.7912, 159.0892, 336.8330, 158.5513
39 19 0.640000 337.9094, 142.7962, 362.7932, 143.1953, 362.5143, 160.5846, 337.6304, 160.1855
39 20 0.670000 338.5750, 145.0104, 363.3651, 145.2523, 363.2024, 161.9303, 338.4122, 161.6884
39 21 0.700000 339.1992, 147.0765, 363.9166, 147.1491, 363.8687, 163.4628, 339.1513, 163.3902
39 22 0.740000 339.9933, 149.9209, 364.5830, 149.7691, 364.6799, 165.4622, 340.0902, 165.6140
39 23 0.770000 340.5521, 152.2600, 365.0385, 151.9506, 365.2260, 166.7869, 340.7396, 167.0963
39 24 0.800000 341.0516, 154.2963, 365.4454, 153.7912, 365.7484, 168.4253, 341.3546, 168.9304
39 25 0.840000 341.6435, 157.2982, 365.9021, 156.4948, 366.3615, 170.3636, 342.1028, 171.1670
39 26 0.870000 342.0531, 159.6183, 366.1855, 158.6192, 366.7304, 171.7813, 342.5980, 172.7803
39 27 0.900000 342.3851, 161.7177, 366.4117, 160.5016, 367.0666, 173.4397, 343.0400, 174.6559
39 28 0.940000 342.7552, 164.7206, 366.6302, 163.2218, 367.4000, 175.4846, 343.5250, 176.9834
39 29 0.970000 342.9632, 167.0766, 366.7359, 165.3674, 367.5669, 176.9262, 343.7942, 178.6353
39 30 1.000000 343.0780, 169.1812, 366.7432, 167.2463, 367.6672, 178.5471, 344.0020, 180.4820
39 31 1.040000 343.1301, 171.9753, 366.6444, 169.7815, 367.6463, 180.5199, 344.1320, 182.7137
39 32 1.070000 343.0701, 173.9445, 366.4803, 171.5855, 367.5571, 182.2715, 344.1469, 184.6305
39 33 1.110000 342.8189, 175.9371, 366.0692, 173.4206, 367.2620, 184.4406, 344.0117, 186.9572
39 34 1.140000 342.5325, 177.3884, 365.6681, 174.8028, 366.9084, 185.9015, 343.7728, 188.4870
39 35 1.170000 342.1183, 178.4479, 365.1526, 175.8290, 366.4927, 187.6154, 343.4584, 190.2344
39 36 1.210000 341.4701, 180.1408, 364.3726, 177.5278, 365.7330, 189.4517, 342.8305, 192.0646
39 37 1.240000 340.9130, 181.4226, 363.7107, 178.9036, 365.0189, 190.7436, 342.2213, 193.2625
39 38 1.270000 340.2483, 182.5707, 362.9794, 180.1758, 364.2413, 192.1528, 341.5102, 194.5477
39 39 1.310000 339.2692, 184.1799, 361.8890, 182.0001, 363.0442, 193.9875, 340.4243, 196.1673
39 40 1.340000 338.4725, 185.6353, 361.0163, 183.6497, 362.0324, 195.1864, 339.4886, 197.1720
39 41 1.370000 337.5934, 186.8077, 360.0744, 185.0786, 360.9740, 196.7753, 338.4930, 198.5044
39 42 1.410000 336.3755, 188.6376, 358.7838, 187.3864, 359.4224, 198.8230, 337.0141, 200.0742
39 43 1.440000 335.4159, 190.1844, 357.7426, 189.2856, 358.1875, 200.3370, 335.8608, 201.2358
39 44 1.470000 334.4057, 191.5593, 356.6676, 191.0446, 356.9239, 202.1316, 334.6620, 202.6462
39 45 1.510000 333.0140, 193.5815, 355.1647, 193.5391, 355.1854, 204.3461, 333.0347, 204.3885
39 46 1.540000 331.9547, 195.1415, 354.0089, 195.4798, 353.8507, 205.7914, 331.7966, 205.4532
39 47 1.570000 330.8847, 196.3108, 352.8600, 197.0318, 352.5205, 207.3787, 330.5452, 206.6577
39 48 1.610000 329.5016, 197.6607, 351.3443, 198.9595, 350.7325, 209.2478, 328.8898, 207.9490
39 49 1.640000 328.4792, 198.4075, 350.2297, 200.0564, 349.4596, 210.2142, 327.7091, 208.5653
39 50 1.670000 327.4802, 199.2836, 349.1387, 201.2973, 348.1985, 211.4096, 326.5400, 209.3959
39 51 1.710000 326.2335, 199.9865, 347.7746, 202.4129, 346.6381, 212.5030, 325.0970, 210.0766
39 52 1.740000 325.3971, 200.1491, 346.8514, 202.8560, 345.5370, 213.2744, 324.0827, 210.5676
39 53 1.770000 324.5948, 200.5383, 345.9707, 203.5130, 344.5483, 213.7340, 323.1724, 210.7593
39 54 1.810000 323.6816, 200.6264, 344.9548, 203.9093, 343.3435, 214.3506, 322.0703, 211.0678
39 55 1.840000 323.1463, 200.3229, 344.3562, 203.8272, 342.5323, 214.8661, 321.3225, 211.3619
39 56 1.870000 322.6445, 200.2431, 343.7936, 203.8915, 341.8948, 214.8987, 320.7457, 211.2503
39 57 1.910000 322.1635, 199.7518, 343.2549, 203.5364, 341.2114, 214.9249, 320.1201, 211.1403
39 58 1.940000 321.9438, 199.1238, 343.0060, 202.9504, 340.8288, 214.9341, 319.7666, 211.1074
39 59 1.970000 321.7621, 198.7324, 342.8084, 202.5690, 340.6261, 214.5405, 319.5798, 210.7039
39 60 2.010000 321.7049, 197.9344, 342.7468, 201.7382, 340.4953, 214.1929, 319.4535, 210.3892
39 61 2.040000 321.7525, 197.3255, 342.8143, 201.0545, 340.5115, 214.0606, 319.4497, 210.3316
39 62 2.070000 321.8169, 197.0630, 342.9056, 200.6781, 340.6544, 213.8110, 319.5656, 210.1960
39 63 2.110000 322.0110, 196.8065, 343.1550, 200.2528, 340.9436, 213.8205, 319.7996, 210.3742
39 64 2.140000 322.2185, 196.7410, 343.4174, 200.0342, 341.2385, 214.0600, 320.0396, 210.7667
39 65 2.170000 322.4301, 197.0502, 343.6950, 200.1617, 341.6331, 214.2534, 320.3682, 211.1419
39 66 2.210000 322.7799, 197.6694, 344.1451, 200.5119, 342.2391, 214.8384, 320.8739, 211.9959
39 67 2.240000 323.0810, 198.3103, 344.5329, 200.9335, 342.7484, 215.5269, 321.2964, 212.9037
39 68 2.270000 323.3824, 199.3554, 344.9178, 201.7355, 343.3184, 216.2071, 321.7830, 213.8270
39 69 2.310000 323.8210, 201.0252, 345.4738, 203.0602, 344.1166, 217.5014, 322.4638, 215.4663
39 70 2.340000 324.1678, 202.5116, 345.9077, 204.2699, 344.7342, 218.7782, 322.9943, 217.0199
39 71 2.370000 324.5055, 204.4330, 346.3245, 205.8916, 345.3734, 220.1197, 323.5543, 218.6611
39 72 2.410000 324.9641, 207.3407, 346.8796, 208.3760, 346.2188, 222.3646, 324.3032, 221.3293
39 73 2.440000 325.3070, 209.7867, 347.2864, 210.4951, 346.8393, 224.3671, 324.8599, 223.6587
39 74 2.470000 325.6422, 212.6087, 347.6630, 212.9739, 347.4401, 226.4159, 325.4193, 226.0507
39 75 2.510000 326.0772, 216.4796, 348.1331, 216.3804, 348.1915, 229.3637, 326.1355, 229.4629
39 76 2.540000 326.4113, 219.1446, 348.4682, 218.7872, 348.6769, 231.6663, 326.6200, 232.0238
39 77 2.570000 326.7172, 221.8634, 348.7533, 221.2432, 349.1000, 233.5616, 327.0639, 234.1818
39 78 2.610000 327.0382, 224.9525, 349.0460, 223.9676, 349.5817, 235.9385, 327.5739, 236.9233
39 79 2.640000 327.2152, 226.7797, 349.1966, 225.5834, 349.8551, 237.6829, 327.8737, 238.8792
39 80 2.670000 327.3610, 228.7588, 349.2879, 227.3894, 350.0040, 238.8545, 328.0770, 240.2239
39 81 2.710000 327.4562, 230.8214, 349.3118, 229.3480, 350.0547, 240.3686, 328.1991, 241.8420
39 82 2.740000 327.4224, 231.9134, 349.2339, 230.3979, 350.0071, 241.5264, 328.1957, 243.0419
39 83 2.770000 327.3481, 233.1234, 349.1001, 231.6296, 349.8288, 242.2414, 328.0768, 243.7351
39 84 2.800000 327.1637, 233.7209, 348.8881, 232.2997, 349.6046, 243.2525, 327.8803, 244.6738
39 85 2.840000 326.8483, 234.5419, 348.5060, 233.2930, 349.1323, 244.1539, 327.4746, 245.4028
39 86 2.870000 326.5425, 234.9728, 348.1695, 233.9400, 348.6845, 244.7249, 327.0576, 245.7577
39 87 2.900000 326.2016, 235.0555, 347.7683, 234.3079, 348.1534, 245.4182, 326.5867, 246.1658
39 88 2.940000 325.6830, 235.0205, 347.1985, 234.7267, 347.3550, 246.1881, 325.8395, 246.4818
39 89 2.970000 325.2894, 235.1380, 346.7141, 235.2183, 346.6720, 246.4393, 325.2473, 246.3590
39 90 3.000000 324.8723, 234.7848, 346.2383, 235.2628, 345.9750, 247.0296, 324.6090, 246.5515
39 91 3.040000 324.3531, 234.5197, 345.5762, 235.5746, 344.9840, 247.4892, 323.7609, 246.4344
39 92 3.070000 323.9754, 234.3722, 345.1002, 235.8923, 344.2491, 247.7191, 323.1244, 246.1990
39 93 3.100000 323.6598, 234.0156, 344.6388, 235.9741, 343.5062, 248.1062, 322.5272, 246.1477
39 94 3.140000 323.2918, 233.5905, 344.0979, 236.1232, 342.5924, 248.4906, 321.7864, 245.9579
39 95 3.170000 323.0582, 233.4834, 343.7040, 236.3933, 341.9981, 248.4968, 321.3523, 245.5868
39 96 3.200000 322.8730, 233.0601, 343.4343, 236.3515, 341.4528, 248.7296, 320.8916, 245.4383
39 97 3.240000 322.7250, 232.5796, 343.1726, 236.3418, 340.8792, 248.8063, 320.4317, 245.0441
39 98 3.270000 322.7343, 232.2756, 343.0882, 236.3739, 340.6088, 248.6879, 320.2548, 244.5896
39 99 3.300000 322.8880, 231.7054, 343.1482, 236.1156, 340.4085, 248.7020, 320.1483, 244.2919
39 100 3.340000 323.2914, 231.0317, 343.4149, 235.8453, 340.4051, 248.4279, 320.2816, 243.6143
39 101 3.370000 323.7072, 230.6242, 343.7385, 235.6569, 340.6493, 247.9525, 320.6180, 242.9198
39 102 3.400000 324.3665, 229.8179, 344.3059, 235.0641, 340.9769, 247.7169, 321.0375, 242.4707
39 103 3.440000 325.4281, 228.9116, 345.2523, 234.3749, 341.7657, 247.0262, 321.9416, 241.5629
39 104 3.470000 326.3725, 228.3570, 346.1103, 233.9585, 342.6125, 246.2838, 322.8746, 240.6823
39 105 3.500000 327.5422, 227.5604, 347.2015, 233.2739, 343.5617, 245.7979, 323.9025, 240.0845
39 106 3.540000 329.2141, 226.9818, 348.7836, 232.7700, 345.1709, 244.9841, 325.6014, 239.1958
39 107 3.570000 330.5549, 226.8975, 350.0704, 232.6878, 346.5921, 244.4110, 327.0766, 238.6206
39 108 3.600000 332.0419, 226.8497, 351.5168, 232.6029, 348.0994, 244.1712, 328.6245, 238.4181
39 109 3.640000 334.1372, 227.2494, 353.5738, 232.8927, 350.3534, 243.9848, 330.9167, 238.3415
39 110 3.670000 335.7962, 227.8609, 355.2162, 233.3755, 352.2067, 243.9738, 332.7867, 238.4592
39 111 3.700000 337.5915, 228.5158, 357.0098, 233.8566, 354.1396, 244.2921, 334.7213, 238.9513
39 112 3.740000 340.0917, 229.8019, 359.5182, 234.8613, 356.9059, 244.8917, 337.4794, 239.8323
39 113 3.770000 342.0390, 231.1067, 361.4797, 235.9154, 359.1208, 245.4523, 339.6800, 240.6436
39 114 3.800000 344.0247, 232.4466, 363.5607, 236.9620, 361.3843, 246.3781, 341.8484, 241.8627
39 115 3.840000 346.7054, 234.6476, 366.4225, 238.7011, 364.4742, 248.1780, 344.7571, 244.1246
39 116 3.870000 348.8313, 236.2823, 368.6841, 239.9449, 366.8502, 249.8853, 346.9974, 246.2228
39 117 3.900000 350.9502, 238.3388, 370.9418, 241.5561, 369.3133, 251.6755, 349.3217, 248.4582
39 118 3.940000 353.8265, 241.4144, 373.9901, 243.9910, 372.6443, 254.5229, 352.4808, 251.9463
39 119 3.970000 356.0002, 243.9525, 376.2831, 245.9820, 375.1855, 256.9520, 354.9026, 254.9226
39 120 4.000000 358.1618, 246.8055, 378.5462, 248.2058, 377.7816, 259.3367, 357.3972, 257.9364
39 121 4.040000 361.1246, 250.4624, 381.6013, 251.1470, 381.2189, 262.5846, 360.7421, 261.8999
39 122 4.070000 363.3719, 252.9230, 383.9086, 253.1365, 383.7858, 264.9532, 363.2490, 264.7397
39 123 4.100000 365.6163, 255.3700, 386.1924, 255.1324, 386.3288, 266.9414, 365.7526, 267.1790
39 124 4.140000 368.5720, 258.2498, 389.1810, 257.4167, 389.6637, 269.3586, 369.0547, 270.1917
39 125 4.170000 370.7373, 260.0440, 391.3811, 258.8208, 392.1089, 271.1033, 371.4651, 272.3266
39 126 4.200000 372.8770, 261.9901, 393.5182, 260.3808, 394.4514, 272.3496, 373.8102, 273.9589
39 127 4.240000 375.5746, 264.0034, 396.2395, 261.8789, 397.4977, 274.1176, 376.8328, 276.2420
39 128 4.270000 377.5000, 265.3069, 398.1483, 262.8005, 399.6691, 275.3291, 379.0208, 277.8354
39 129 4.300000 379.3398, 266.7019, 399.9812, 263.8136, 401.7146, 276.2011, 381.0731, 279.0894
39 130 4.340000 381.6386, 268.3083, 402.2424, 264.9717, 404.2358, 277.2809, 383.6320, 280.6176
39 131 4.370000 383.1853, 269.1829, 403.7927, 265.5641, 406.0114, 278.1986, 385.4040, 281.8174
39 132 4.400000 384.6659, 270.2552, 405.2709, 266.4065, 407.5760, 278.7474, 386.9710, 282.5961
39 133 4.440000 386.4011, 271.3934, 407.0182, 267.2886, 409.4603, 279.5545, 388.8432, 283.6593
39 134 4.470000 387.5150, 272.0492, 408.1622, 267.8012, 410.7208, 280.2370, 390.0735, 284.4849
39 135 4.500000 388.5508, 272.9256, 409.2272, 268.5842, 411.7593, 280.6437, 391.0830, 284.9851
39 136 4.540000 389.6842, 273.9505, 410.4139, 269.5179, 412.9480, 281.3689, 392.2183, 285.8015
39 137 4.570000 390.3590, 274.6662, 411.1514, 270.2138, 413.6887, 282.0628, 392.8963, 286.5153
39 138 4.600000 390.9499, 275.6003, 411.7924, 271.1715, 414.2305, 282.6455, 393.3880, 287.0743
39 139 4.640000 391.4905, 276.8250, 412.4331, 272.4549, 414.7692, 283.6501, 393.8267, 288.0203
39 140 4.670000 391.7160, 277.6454, 412.7310, 273.3564, 415.0383, 284.6613, 394.0232, 288.9503
39 141 4.700000 391.8522, 278.7932, 412.9667, 274.5973, 415.1328, 285.4973, 394.0183, 289.6933
39 142 4.740000 391.8130, 280.2307, 413.0400, 276.2236, 415.0732, 286.9942, 393.8462, 291.0013
39 143 4.770000 391.6279, 281.3215, 412.9365, 277.4851, 414.8937, 288.3560, 393.5851, 292.1923
39 144 4.800000 391.3634, 282.7092, 412.7582, 279.0675, 414.5625, 289.6676, 393.1676, 293.3093
39 145 4.840000 390.8257, 284.6420, 412.3244, 281.2869, 413.9649, 291.7988, 392.4662, 295.1539
39 146 4.870000 390.3002, 286.1786, 411.8582, 283.0548, 413.4027, 293.7141, 391.8447, 296.8379
39 147 4.900000 389.7082, 288.0790, 411.3364, 285.2053, 412.7235, 295.6454, 391.0954, 298.5191
39 148 4.940000 388.7768, 290.7590, 410.4723, 288.2387, 411.6877, 298.7015, 389.9922, 301.2219
39 149 4.970000 387.9760, 292.9079, 409.7142, 290.6542, 410.8155, 301.2762, 389.0772, 303.5300
39 150 5.000000 387.1094, 295.2981, 408.8834, 293.3197, 409.8370, 303.8146, 388.0629, 305.7930
39 151 5.040000 385.7824, 298.3511, 407.5916, 296.6620, 408.4068, 307.1884, 386.5976, 308.8774
39 152 5.070000 384.6635, 300.3183, 406.4861, 298.8259, 407.2281, 309.6757, 385.4055, 311.1681
39 153 5.100000 383.4693, 302.3564, 405.3180, 301.0708, 405.9433, 311.6982, 384.0946, 312.9838
39 154 5.140000 381.7568, 304.4107, 403.6408, 303.5203, 404.0863, 314.4694, 382.2022, 315.3598
39 155 5.170000 380.3882, 305.6190, 402.3035, 305.0300, 402.6108, 316.4600, 380.6954, 317.0490
39 156 5.200000 378.9704, 307.0229, 400.9306, 306.7388, 401.0751, 317.9086, 379.1149, 318.1926
39 157 5.240000 377.0007, 308.4247, 399.0056, 308.5057, 398.9639, 319.8302, 376.9591, 319.7492
39 158 5.270000 375.4929, 309.2541, 397.5424, 309.6499, 397.3358, 321.1548, 375.2864, 320.7590
39 159 5.300000 373.9681, 310.1721, 396.0523, 310.8864, 395.6894, 322.1095, 373.6051, 321.3953
39 160 5.340000 371.9187, 311.0751, 394.0698, 312.2445, 393.4861, 323.3019, 371.3349, 322.1325
39 161 5.370000 370.4052, 311.3694, 392.5859, 312.8600, 391.8172, 324.2974, 369.6365, 322.8068
39 162 5.400000 368.8538, 312.0368, 391.0947, 313.8063, 390.2301, 324.6728, 367.9893, 322.9033
39 163 5.440000 366.8762, 312.4008, 389.1706, 314.6027, 388.1072, 325.3693, 365.8129, 323.1674
39 164 5.470000 365.4608, 312.3784, 387.8011, 314.9332, 386.5398, 325.9618, 364.1996, 323.4070
39 165 5.500000 364.0631, 312.5643, 386.4535, 315.4651, 385.0660, 326.1753, 362.6755, 323.2745
39 166 5.540000 362.3056, 312.5682, 384.7648, 315.8955, 383.1885, 326.5358, 360.7293, 323.2085
39 167 5.570000 361.0939, 312.3909, 383.5939, 316.0083, 381.8419, 326.9055, 359.3419, 323.2880
39 168 5.600000 359.8911, 312.5263, 382.4542, 316.3769, 380.6588, 326.8971, 358.0957, 323.0465
39 169 5.640000 358.4515, 312.5044, 381.0904, 316.6348, 379.1966, 327.0150, 356.5577, 322.8847
39 170 5.670000 357.4987, 312.3417, 380.1966, 316.6336, 378.1994, 327.1963, 355.5014, 322.9044
39 171 5.700000 356.6155, 312.2287, 379.3997, 316.6207, 377.3953, 327.0190, 354.6111, 322.6270
39 172 5.740000 355.5977, 312.0379, 378.4956, 316.5069, 376.4524, 326.9761, 353.5545, 322.5071
39 173 5.770000 354.9313, 312.0197, 377.9112, 316.5280, 375.8619, 326.9737, 352.8820, 322.4654
39 174 5.800000 354.4175, 311.6724, 377.5081, 316.1829, 375.4054, 326.9474, 352.3148, 322.4370
39 175 5.840000 353.8565, 311.3688, 377.0951, 315.8273, 374.9840, 326.8307, 351.7454, 322.3722
39 176 5.870000 353.5339, 311.2442, 376.8807, 315.6341, 374.8290, 326.5456, 351.4822, 322.1557
39 177 5.900000 353.3517, 310.7952, 376.8369, 315.0714, 374.7580, 326.4885, 351.2729, 322.2123
39 178 5.940000 353.2280, 310.3492, 376.8910, 314.4520, 374.8665, 326.1284, 351.2035, 322.0256
39 179 5.970000 353.2179, 310.1359, 377.0097, 314.0784, 375.0887, 325.6708, 351.2969, 321.7282
39 180 6.000000 353.3111, 309.6758, 377.2625, 313.4138, 375.3806, 325.4724, 351.4292, 321.7345
39 181 6.040000 353.5105, 309.3872, 377.6558, 312.8328, 375.8987, 325.1455, 351.7535, 321.6998
39 182 6.070000 353.7086, 309.3986, 377.9954, 312.6069, 376.3587, 324.9963, 352.0719, 321.7879
39 183 6.100000 353.9608, 309.3679, 378.4075, 312.3218, 376.8511, 325.2025, 352.4044, 322.2485
39 184 6.140000 354.3225, 309.7988, 378.9657, 312.3959, 377.5829, 325.5176, 352.9396, 322.9206
39 185 6.170000 354.6176, 310.4551, 379.3895, 312.7834, 378.1653, 325.8086, 353.3934, 323.4803
39 186 6.200000 354.9376, 311.1046, 379.8504, 313.1482, 378.7602, 326.4384, 353.8474, 324.3949
39 187 6.240000 355.3767, 312.4399, 380.4482, 314.1065, 379.5677, 327.3523, 354.4962, 325.6857
39 188 6.270000 355.7064, 313.7828, 380.8755, 315.1416, 380.1746, 328.1259, 355.0054, 326.7671
39 189 6.300000 356.0311, 315.1863, 381.3070, 316.2197, 380.7750, 329.2323, 355.4991, 328.1989
39 190 6.340000 356.4489, 317.5596, 381.8299, 318.1279, 381.5442, 330.8851, 356.1633, 330.3168
39 191 6.370000 356.7510, 319.7593, 382.1816, 319.9680, 382.0807, 332.2684, 356.6500, 332.0597
39 192 6.400000 357.0239, 322.0739, 382.5061, 321.8943, 382.5918, 334.0562, 357.1096, 334.2358
39 193 6.440000 357.3565, 325.7636, 382.8626, 325.0374, 383.1940, 336.6781, 357.6880, 337.4043
39 194 6.470000 357.5824, 328.9324, 383.0644, 327.7711, 383.5676, 338.8131, 358.0857, 339.9745
39 195 6.500000 357.7493, 332.1248, 383.2030, 330.4937, 383.9026, 341.4116, 358.4489, 343.0428
39 196 6.540000 357.8749, 335.8843, 383.2441, 333.7525, 384.1979, 345.1027, 358.8286, 347.2345
39 197 6.570000 357.8555, 338.1367, 383.1795, 335.8348, 384.2756, 347.8935, 358.9516, 350.1953
39 198 6.600000 357.7432, 340.6402, 383.0209, 338.0272, 384.2475, 349.8925, 358.9698, 352.5056
39 199 6.640000 357.3866, 343.3637, 382.5312, 340.3310, 383.9953, 352.4703, 358.8507, 355.5029
39 200 6.670000 356.9649, 344.9442, 382.0558, 341.7442, 383.6682, 354.3867, 358.5773, 357.5867
39 201 6.700000 356.4960, 346.6386, 381.4823, 343.3318, 383.1336, 355.8093, 358.1473, 359.1161
39 202 6.740000 355.6516, 348.3450, 380.5567, 345.0546, 382.2357, 357.7629, 357.3306, 361.0533
39 203 6.770000 354.8338, 349.2196, 379.6924, 345.9462, 381.4518, 359.3067, 356.5931, 362.5801
39 204 6.800000 353.9756, 350.2846, 378.7514, 347.1191, 380.4485, 360.4018, 355.6726, 363.5673
39 205 6.840000 352.6131, 351.2676, 377.2933, 348.2464, 378.9732, 361.9696, 354.2930, 364.9908
39 206 6.870000 351.4812, 351.7713, 376.1097, 348.9664, 377.7270, 363.1670, 353.0986, 365.9719
39 207 6.900000 350.3170, 352.4273, 374.8740, 349.9277, 376.3116, 364.0514, 351.7546, 366.5511
39 208 6.940000 348.6436, 352.9968, 373.1294, 351.0210, 374.2848, 365.3408, 349.7991, 367.3166
39 209 6.970000 347.2951, 353.2378, 371.7424, 351.6564, 372.6942, 366.3709, 348.2469, 367.9523
39 210 7.000000 345.9533, 353.6976, 370.3124, 352.5858, 370.9738, 367.0779, 346.6147, 368.1897
39 211 7.040000 344.0489, 354.1087, 368.3103, 353.5163, 368.6655, 368.0610, 344.4040, 368.6534
39 212 7.070000 342.6059, 354.2615, 366.7826, 354.0966, 366.8831, 368.8233, 342.7064, 368.9882
39 213 7.100000 341.1458, 354.5617, 365.2400, 354.8207, 365.0842, 369.3186, 340.9899, 369.0596
39 214 7.140000 339.2020, 354.7934, 363.1530, 355.5749, 362.6831, 369.9753, 338.7321, 369.1938
39 215 7.170000 337.7337, 354.8057, 361.6128, 355.9352, 360.9235, 370.5070, 337.0444, 369.3774
39 216 7.200000 336.3098, 355.0139, 360.0483, 356.4917, 359.1617, 370.7335, 335.4233, 369.2557
39 217 7.240000 334.4412, 355.0108, 358.0535, 356.9359, 356.8929, 371.1711, 333.2806, 369.2460
39 218 7.270000 333.0847, 354.8958, 356.5810, 357.0588, 355.2511, 371.5057, 331.7548, 369.3427
39 219 7.300000 331.7395, 355.0539, 355.1205, 357.4275, 353.6950, 371.4692, 330.3141, 369.0956
39 220 7.340000 330.0118, 355.0763, 353.2214, 357.5439, 351.7408, 371.4695, 328.5313, 369.0019
39 221 7.370000 328.8033, 354.8911, 351.9048, 357.4583, 350.3370, 371.5658, 327.2355, 368.9986
39 222 7.400000 327.6328, 354.8971, 350.6123, 357.5352, 349.0244, 371.3676, 326.0448, 368.7296
39 223 7.440000 326.1976, 354.6449, 349.0285, 357.3902, 347.3640, 371.2324, 324.5331, 368.4871
39 224 7.470000 325.1640, 354.3785, 347.9110, 357.0928, 346.2336, 371.1498, 323.4866, 368.4355
39 225 7.500000 324.1713, 354.3976, 346.7934, 357.0542, 345.1768, 370.8202, 322.5547, 368.1636
39 226 7.540000 322.8901, 354.4132, 345.3982, 356.8879, 343.8730, 370.7608, 321.3649, 368.2861
39 227 7.570000 321.9905, 354.5894, 344.3915, 356.9437, 342.9154, 370.9893, 320.5144, 368.6350
39 228 7.600000 321.0866, 355.1046, 343.4025, 357.3145, 342.0174, 371.3019, 319.7015, 369.0920
39 229 7.640000 319.9239, 356.0959, 342.1086, 358.0797, 340.8545, 372.1037, 318.6699, 370.1200
39 230 7.670000 319.0785, 356.9948, 341.1773, 358.8115, 340.0043, 373.0805, 317.9054, 371.2638
39 231 7.700000 318.2374, 358.3103, 340.2403, 359.9653, 339.1769, 374.1024, 317.1740, 372.4474
39 232 7.740000 317.1345, 360.3207, 339.0179, 361.7482, 338.0901, 375.9718, 316.2066, 374.5443
39 233 7.770000 316.3108, 362.0740, 338.1001, 363.3042, 337.2847, 377.7462, 315.4954, 376.5161
39 234 7.800000 315.3748, 364.2484, 337.1775, 365.2934, 336.4886, 379.6677, 314.6859, 378.6228
39 235 7.840000 314.0982, 367.5451, 335.9296, 368.3248, 335.4113, 382.8365, 313.5799, 382.0568
39 236 7.870000 313.1209, 370.3766, 334.9736, 370.9488, 334.5874, 385.6969, 312.7348, 385.1247
39 237 7.900000 312.1220, 373.7030, 333.9950, 374.0650, 333.7502, 388.8563, 311.8772, 388.4943
39 238 7.940000 310.7487, 378.7037, 332.6479, 378.7770, 332.5976, 393.7989, 310.6985, 393.7256
39 239 7.970000 309.6793, 382.8528, 331.6580, 382.7004, 331.7640, 397.9964, 309.7854, 398.1488
39 240 8.000000 308.5797, 387.3154, 330.7145, 386.9389, 330.9763, 402.3335, 308.8416, 402.7100
39 241 8.040000 307.0555, 393.0558, 329.3993, 392.4186, 329.8445, 408.0289, 307.5007, 408.6661
39 242 8.070000 305.8403, 396.9168, 328.3409, 396.0893, 328.9258, 411.9936, 306.4252, 412.8211
39 243 8.100000 304.6588, 400.5218, 327.2818, 399.7278, 327.8336, 415.4492, 305.2105, 416.2432
39 244 8.140000 302.8603, 404.7134, 325.7139, 403.7686, 326.3663, 419.5490, 303.5127, 420.4938
39 245 8.170000 301.3288, 407.3470, 324.3789, 406.1035, 325.2565, 422.3710, 302.2065, 423.6146
39 246 8.200000 299.8059, 409.9889, 323.0170, 408.6063, 323.9685, 424.5806, 300.7574, 425.9632
39 247 8.240000 297.6858, 412.7203, 321.0566, 411.3014, 322.0392, 427.4852, 298.6684, 428.9042
39 248 8.270000 295.9207, 414.3818, 319.4573, 412.8594, 320.5323, 429.4799, 296.9957, 431.0023
39 249 8.300000 294.1208, 416.2241, 317.7679, 414.6282, 318.8608, 430.8232, 295.2137, 432.4190
39 250 8.340000 291.4730, 417.9893, 315.3268, 416.2246, 316.5407, 432.6341, 292.6869, 434.3988
39 251 8.370000 289.4217, 418.9856, 313.4141, 417.2510, 314.6125, 433.8281, 290.6202, 435.5627
39 252 8.400000 287.3076, 419.8940, 311.4116, 418.2463, 312.5360, 434.6961, 288.4321, 436.3438
39 253 8.440000 284.3662, 420.6146, 308.6108, 419.2177, 309.5620, 435.7267, 285.3174, 437.1236
39 254 8.470000 282.0494, 420.7538, 306.3971, 419.5827, 307.2086, 436.4542, 282.8609, 437.6253
39 255 8.500000 279.7072, 420.9926, 304.1290, 420.1380, 304.7088, 436.7065, 280.2870, 437.5612
39 256 8.540000 276.4350, 420.8402, 300.9600, 420.3686, 301.2798, 436.9978, 276.7548, 437.4694
39 257 8.570000 273.8876, 420.3495, 298.5312, 420.1839, 298.6457, 437.2287, 274.0021, 437.3942
39 258 8.600000 271.3257, 420.0229, 296.0194, 420.1584, 295.9271, 436.9746, 271.2334, 436.8391
39 259 8.640000 267.7999, 419.2221, 292.6242, 419.7350, 292.2776, 436.5070, 267.4533, 435.9941
39 260 8.670000 265.1256, 418.2617, 290.0313, 419.0471, 289.4926, 436.1303, 264.5868, 435.3449
39 261 8.700000 262.4252, 417.4472, 287.4187, 418.5206, 286.7003, 435.2499, 261.7068, 434.1765
39 262 8.740000 258.8432, 415.8580, 283.9171, 417.3582, 282.9214, 433.9996, 257.8475, 432.4994
39 263 8.770000 256.1193, 414.2562, 281.3091, 416.0175, 280.1215, 433.0027, 254.9317, 431.2414
39 264 8.800000 253.4065, 412.8370, 278.6586, 414.8444, 277.3453, 431.3653, 252.0932, 429.3579
39 265 8.840000 249.7957, 410.2828, 275.1908, 412.5689, 273.7058, 429.0654, 248.3107, 426.7793
39 266 8.870000 247.1616, 407.8786, 272.6622, 410.4331, 270.9861, 427.1654, 245.4855, 424.6109
39 267 8.900000 244.5828, 405.4680, 270.1418, 408.3148, 268.3248, 424.6285, 242.7658, 421.7817
39 268 8.940000 241.2923, 401.4998, 266.9232, 404.8245, 264.8296, 420.9649, 239.1987, 417.6402
39 269 8.970000 238.9131, 397.9207, 264.6363, 401.5654, 262.2900, 418.1247, 236.5668, 414.4800
39 270 9.000000 236.5922, 394.5615, 262.3553, 398.5548, 259.8460, 414.7438, 234.0829, 410.7505
39 271 9.040000 233.5578, 390.0675, 259.4061, 394.4556, 256.6400, 410.7488, 230.7918, 406.3606
39 272 9.070000 231.3054, 387.2105, 257.1972, 391.9278, 254.2467, 408.1224, 228.3548, 403.4051
39 273 9.100000 229.0416, 384.9045, 254.9595, 389.9102, 251.8872, 405.8173, 225.9694, 400.8116
39 274 9.140000 226.0459, 382.4315, 252.0074, 387.8021, 248.7651, 403.4754, 222.8036, 398.1047
39 275 9.170000 223.8208, 381.0029, 249.8273, 386.6128, 246.4567, 402.2389, 220.4501, 396.6291
39 276 9.200000 221.6031, 380.0788, 247.6424, 385.8938, 244.2102, 401.2629, 218.1709, 395.4479
39 277 9.240000 218.7061, 379.3552, 244.8015, 385.4074, 241.2767, 400.6052, 215.1813, 394.5530
39 278 9.270000 216.5880, 379.1764, 242.7364, 385.3828, 239.1245, 400.6005, 212.9761, 394.3942
39 279 9.300000 214.4920, 379.5043, 240.6737, 385.8318, 237.0507, 400.8232, 210.8689, 394.4957
39 280 9.340000 211.7753, 380.4501, 238.0171, 386.9135, 234.3503, 401.8011, 208.1085, 395.3377
39 281 9.370000 209.7914, 381.5741, 236.0908, 388.1195, 232.3723, 403.0608, 206.0728, 396.5154
39 282 9.400000 207.8004, 383.2465, 234.1635, 389.8461, 230.4661, 404.6158, 204.1030, 398.0163
39 283 9.440000 205.2458, 386.0778, 231.6825, 392.7348, 227.9810, 407.4342, 201.5443, 400.7773
39 284 9.470000 203.4099, 388.6221, 229.8977, 395.3041, 226.1767, 410.0544, 199.6889, 403.3723
39 285 9.500000 201.5999, 391.5563, 228.1815, 398.2135, 224.5271, 412.8050, 197.9456, 406.1478
39 286 9.540000 199.4964, 395.2754, 226.1783, 401.8794, 222.5740, 416.4419, 195.8921, 409.8379
39 287 9.570000 198.2615, 397.5767, 224.9727, 404.1681, 221.3242, 418.9536, 194.6130, 412.3622
39 288 9.600000 197.1793, 399.7590, 223.9636, 406.2360, 220.4317, 420.8416, 193.6474, 414.3647
39 289 9.640000 196.2759, 401.8487, 223.0503, 408.2852, 219.5026, 423.0424, 192.7282, 416.6059
39 290 9.670000 196.0004, 402.7737, 222.6936, 409.2317, 218.9924, 424.5300, 192.2992, 418.0719
39 291 9.700000 195.7049, 404.0343, 222.4745, 410.4486, 218.9868, 425.0044, 192.2171, 418.5900
39 292 9.740000 195.8842, 404.6997, 222.6275, 411.0062, 219.1644, 425.6920, 192.4211, 419.3855
39 293 9.770000 196.3015, 404.7562, 223.0431, 410.9502, 219.5722, 425.9353, 192.8306, 419.7413
39 294 9.800000 196.8908, 404.7401, 223.6281, 410.7779, 220.2741, 425.6305, 193.5367, 419.5926
39 295 9.840000 198.1029, 404.0479, 224.8021, 409.9335, 221.4971, 424.9262, 194.7979, 419.0407
39 296 9.870000 199.3561, 402.8854, 225.9680, 408.6121, 222.5920, 424.3002, 195.9802, 418.5736
39 297 9.900000 200.6481, 401.8308, 227.2731, 407.2983, 224.0717, 422.8883, 197.4466, 417.4208
39 298 9.940000 202.6478, 399.8303, 229.3179, 404.7649, 226.3944, 420.5657, 199.7242, 415.6310
39 299 9.970000 204.4385, 397.7062, 231.0849, 402.2602, 228.2695, 418.7340, 201.6231, 414.1801
39 300 10.000000 206.1799, 396.0418, 232.9078, 400.1508, 230.4715, 415.9983, 203.7435, 411.8893
39 301 10.040000 208.8253, 393.1899, 235.5424, 396.7463, 233.3829, 412.9689, 206.6659, 409.4124
39 302 10.070000 210.8169, 391.2749, 237.5573, 394.3091, 235.6896, 410.7697, 208.9492, 407.7355
39 303 10.100000 212.8334, 389.6587, 239.5973, 392.1983, 238.0435, 408.5724, 211.2797, 406.0327
39 304 10.140000 215.5712, 387.6529, 242.3554, 389.5126, 241.2160, 405.9230, 214.4317, 404.0633
39 305 10.170000 217.6873, 386.1222, 244.4458, 387.5239, 243.5707, 404.2297, 216.8122, 402.8280
39 306 10.200000 219.7747, 384.9888, 246.5438, 385.9541, 245.9539, 402.3124, 219.1849, 401.3471
39 307 10.240000 222.6141, 383.3093, 249.3312, 383.7584, 249.0556, 400.1539, 222.3385, 399.7048
39 308 10.270000 224.7018, 382.1267, 251.3943, 382.1554, 251.3767, 398.5907, 224.6842, 398.5621
39 309 10.300000 226.7470, 381.1763, 253.4166, 380.7554, 253.6710, 396.8783, 227.0015, 397.2992
39 310 10.340000 229.3841, 379.9678, 256.0467, 378.8948, 256.6802, 394.6373, 230.0176, 395.7103
39 311 10.370000 231.3350, 378.8030, 257.9296, 377.2967, 258.8344, 393.2718, 232.2399, 394.7781
39 312 10.400000 233.2164, 378.0662, 259.8063, 376.1634, 260.9035, 391.4958, 234.3136, 393.3985
39 313 10.440000 235.6017, 376.7808, 262.1160, 374.3065, 263.5307, 389.4662, 237.0163, 391.9405
39 314 10.470000 237.2627, 375.8171, 263.7377, 372.8953, 265.4003, 387.9603, 238.9253, 390.8821
39 315 10.500000 238.8440, 375.0542, 265.2658, 371.6896, 267.1228, 386.2729, 240.7011, 389.6375
39 316 10.540000 240.7670, 374.0250, 267.1317, 370.0900, 269.2252, 384.1165, 242.8605, 388.0515
39 317 10.570000 242.0732, 373.1226, 268.3611, 368.8253, 270.6279, 382.6919, 244.3401, 386.9893
39 318 10.600000 243.2703, 372.4204, 269.5060, 367.8047, 271.8416, 381.0805, 245.6060, 385.6962
39 319 10.640000 244.6276, 371.1490, 270.7643, 366.2337, 273.2116, 379.2468, 247.0749, 384.1621
39 320 10.670000 245.4331, 369.9772, 271.4879, 364.8812, 274.0606, 378.0351, 248.0058, 383.1310
39 321 10.700000 246.1225, 369.0793, 272.1279, 363.8541, 274.6604, 376.4584, 248.6551, 381.6837
39 322 10.740000 246.7397, 367.6052, 272.6751, 362.2575, 275.1930, 374.4692, 249.2577, 379.8169
39 323 10.770000 246.9783, 366.1735, 272.8691, 360.8727, 275.3827, 373.1501, 249.4920, 378.4509
39 324 10.800000 247.0644, 364.8133, 272.9411, 359.6189, 275.3448, 371.5935, 249.4682, 376.7880
39 325 10.840000 246.9042, 362.6337, 272.7660, 357.7654, 274.9929, 369.5954, 249.1311, 374.4637
39 326 10.870000 246.5357, 360.5575, 272.3784, 355.9744, 274.5639, 368.2973, 248.7211, 372.8804
39 327 10.900000 246.0815, 358.8023, 271.9376, 354.5897, 273.8656, 366.4231, 248.0094, 370.6357
39 328 10.940000 245.1818, 355.7487, 271.0473, 352.1222, 272.7502, 364.2676, 246.8847, 367.8941
39 329 10.970000 244.4005, 353.2347, 270.2369, 350.1978, 271.6988, 362.6348, 245.8624, 365.6717
39 330 11.000000 243.5296, 350.9321, 269.3977, 348.5602, 270.5137, 360.7306, 244.6456, 363.1025
39 331 11.040000 242.2790, 347.7598, 268.0969, 346.3070, 268.7964, 358.7378, 242.9785, 360.1906
39 332 11.070000 241.2761, 345.5449, 267.0378, 344.7128, 267.4558, 357.6541, 241.6941, 358.4862
39 333 11.100000 240.2401, 343.8549, 265.9474, 343.6153, 266.0680, 356.5502, 240.3607, 356.7898
39 334 11.140000 238.8177, 341.8533, 264.4310, 342.3340, 264.1826, 355.5672, 238.5694, 355.0865
39 335 11.170000 237.7416, 340.5768, 263.2601, 341.5411, 262.7475, 355.1054, 237.2290, 354.1411
39 336 11.200000 236.6298, 339.7105, 262.0851, 341.1147, 261.3403, 354.6169, 235.8850, 353.2127
39 337 11.240000 235.1619, 338.7530, 260.5086, 340.6624, 259.4784, 354.3385, 234.1317, 352.4291
39 338 11.270000 234.0744, 338.1915, 259.3397, 340.4137, 258.1109, 354.3846, 232.8456, 352.1624
39 339 11.300000 232.9659, 338.0352, 258.1764, 340.5231, 256.8101, 354.3677, 231.5997, 351.8798
39 340 11.340000 231.5210, 338.0083, 256.6649, 340.7529, 255.1400, 354.7237, 229.9961, 351.9792
39 341 11.370000 230.4855, 338.1246, 255.5688, 341.0222, 253.9199, 355.2960, 228.8366, 352.3983
39 342 11.400000 229.4286, 338.6692, 254.4914, 341.6871, 252.7877, 355.8352, 227.7250, 352.8173
39 343 11.440000 228.0782, 339.6309, 253.1082, 342.7525, 251.3348, 356.9722, 226.3048, 353.8506
39 344 11.470000 227.0924, 340.5573, 252.1120, 343.6892, 250.3094, 358.0896, 225.2898, 354.9578
39 345 11.500000 226.1069, 341.8182, 251.1422, 344.9383, 249.3755, 359.1136, 224.3402, 355.9935
39 346 11.540000 224.8833, 343.4307, 249.9519, 346.4857, 248.2455, 360.4880, 223.1769, 357.4330
39 347 11.570000 224.1022, 344.2202, 249.1664, 347.1990, 247.4483, 361.6554, 222.3841, 358.6766
39 348 11.600000 223.3420, 345.1699, 248.4312, 348.0883, 246.7743, 362.3330, 221.6851, 359.4147
39 349 11.640000 222.4682, 346.0676, 247.5741, 348.8987, 245.9640, 363.1765, 220.8582, 360.3454
39 350 11.670000 221.9113, 346.4596, 247.0302, 349.2266, 245.4248, 363.8001, 220.3059, 361.0331
39 351 11.700000 221.3825, 347.0477, 246.5109, 349.7934, 244.9633, 363.9566, 219.8349, 361.2109
39 352 11.740000 220.8027, 347.4858, 245.9445, 350.2154, 244.4285, 364.1792, 219.2866, 361.4496
39 353 11.770000 220.4770, 347.5344, 245.5996, 350.2688, 244.0642, 364.3757, 218.9415, 361.6413
39 354 11.800000 220.1614, 347.7796, 245.3067, 350.5513, 243.8076, 364.1509, 218.6623, 361.3792
39 355 11.840000 219.8921, 347.7274, 245.0278, 350.5762, 243.5185, 363.8934, 218.3828, 361.0445
39 356 11.870000 219.8079, 347.4052, 244.9101, 350.3410, 243.3454, 363.7195, 218.2433, 360.7838
39 357 11.900000 219.7397, 347.2993, 244.8487, 350.3625, 243.2975, 363.0776, 218.1885, 360.0144
39 358 11.940000 219.8096, 346.8171, 244.9006, 350.0839, 243.3252, 362.1834, 218.2343, 358.9166
39 359 11.970000 219.9995, 346.1680, 245.0481, 349.5969, 243.4123, 361.5461, 218.3638, 358.1172
39 360 12.000000 220.2233, 345.7254, 245.2625, 349.3543, 243.6373, 360.5685, 218.5981, 356.9396
39 361 12.040000 220.7132, 344.8676, 245.6860, 348.7264, 243.9921, 359.6886, 219.0193, 355.8299
39 362 12.070000 221.1934, 344.2115, 246.0938, 348.1960, 244.3122, 359.3295, 219.4118, 355.3449
39 363 12.100000 221.6993, 343.8940, 246.5451, 347.9887, 244.7467, 358.9009, 219.9009, 354.8062
39 364 12.140000 222.5203, 343.5308, 247.2675, 347.7195, 245.4101, 358.6928, 220.6629, 354.5041
39 365 12.170000 223.2458, 343.3052, 247.9024, 347.5187, 245.9761, 358.7912, 221.3195, 354.5777
39 366 12.200000 223.9885, 343.4295, 248.5808, 347.6347, 246.6756, 358.7765, 222.0833, 354.5714
39 367 12.240000 225.1175, 343.6573, 249.6073, 347.7817, 247.7056, 359.0732, 223.2159, 354.9488
39 368 12.270000 226.0628, 343.8781, 250.4640, 347.8908, 248.5496, 359.5326, 224.1483, 355.5199
39 369 12.300000 227.0100, 344.4626, 251.3545, 348.3206, 249.5233, 359.8759, 225.1788, 356.0179
39 370 12.340000 228.3777, 345.3487, 252.6356, 348.9253, 250.9051, 360.6621, 226.6472, 357.0855
39 371 12.370000 229.4631, 346.1299, 253.6510, 349.4374, 252.0017, 361.4992, 227.8138, 358.1917
39 372 12.400000 230.5292, 347.3126, 254.6778, 350.3010, 253.1957, 362.2781, 229.0470, 359.2897
39 373 12.440000 231.9989, 349.1006, 256.0858, 351.5894, 254.8350, 363.6952, 230.7481, 361.2063
39 374 12.470000 233.1205, 350.6020, 257.1556, 352.6587, 256.0991, 365.0054, 232.0640, 362.9487
39 375 12.500000 234.2133, 352.4064, 258.2202, 353.9604, 257.4297, 366.1731, 233.4228, 364.6191
39 376 12.540000 235.7624, 354.4251, 259.6893, 355.4161, 259.1811, 367.6880, 235.2542, 366.6970
39 377 12.570000 236.9754, 355.4524, 260.8172, 356.0982, 260.4775, 368.6374, 236.6358, 367.9915
39 378 12.600000 238.1704, 356.3894, 261.9503, 356.7055, 261.7866, 369.0223, 238.0066, 368.7063
39 379 12.640000 239.7281, 357.1276, 263.4274, 356.9516, 263.5174, 369.0587, 239.8181, 369.2347
39 380 12.670000 240.8574, 357.2114, 264.4685, 356.6142, 264.7779, 368.8436, 241.1667, 369.4408
39 381 12.700000 241.9314, 357.2649, 265.4828, 356.2626, 265.9846, 368.0533, 242.4332, 369.0556
39 382 12.740000 243.2754, 356.7270, 266.7218, 355.2027, 267.4687, 366.6914, 244.0223, 368.2157
39 383 12.770000 244.2065, 355.7185, 267.5374, 353.8743, 268.4630, 365.5841, 245.1321, 367.4283
39 384 12.800000 245.0457, 354.6866, 268.2971, 352.5440, 269.3418, 363.8800, 246.0903, 366.0227
39 385 12.840000 245.9893, 352.4779, 269.1035, 349.9990, 270.3313, 361.4474, 247.2171, 363.9263
39 386 12.870000 246.5412, 350.1432, 269.5245, 347.4658, 270.9268, 359.5038, 247.9434, 362.1811
39 387 12.900000 246.9897, 347.7551, 269.8992, 345.0025, 271.3242, 356.8623, 248.4147, 359.6149
39 388 12.940000 247.3655, 343.6414, 270.1493, 340.9226, 271.5986, 353.0673, 248.8147, 355.7861
39 389 12.970000 247.4281, 339.8940, 270.1974, 337.2793, 271.6614, 350.0288, 248.8921, 352.6435
39 390 13.000000 247.5110, 336.4023, 270.1846, 334.0799, 271.4274, 346.2125, 248.7538, 348.5349
39 391 13.040000 247.3802, 331.1013, 270.0314, 329.2733, 271.0511, 341.9093, 248.3999, 343.7373
39 392 13.070000 247.2185, 327.2945, 269.8384, 325.8560, 270.6779, 339.0567, 248.0579, 340.4952
39 393 13.100000 247.0285, 323.8708, 269.5941, 322.8205, 270.2237, 336.3459, 247.6581, 337.3963
39 394 13.140000 246.6984, 319.6862, 269.1697, 319.0975, 269.5365, 333.0982, 247.0652, 333.6870
39 395 13.170000 246.4017, 316.7238, 268.8003, 316.4745, 268.9617, 330.9738, 246.5631, 331.2232
39 396 13.200000 246.0910, 314.1278, 268.3823, 314.2188, 268.3226, 328.8429, 246.0313, 328.7519
39 397 13.240000 245.6563, 310.8207, 267.7818, 311.4109, 267.3835, 326.3452, 245.2580, 325.7550
39 398 13.270000 245.2991, 308.4547, 267.2961, 309.3877, 266.6470, 324.6928, 244.6500, 323.7597
39 399 13.300000 244.9268, 306.4371, 266.7734, 307.7022, 265.8903, 322.9505, 244.0438, 321.6854
39 400 13.340000 244.3876, 303.7958, 266.0653, 305.4380, 264.8902, 320.9498, 243.2125, 319.3077
39 401 13.370000 244.0312, 301.8944, 265.5402, 303.8791, 264.0874, 319.6229, 242.5784, 317.6382
39 402 13.400000 243.6674, 300.2062, 265.0139, 302.5137, 263.3092, 318.2839, 241.9627, 315.9764
39 403 13.440000 243.2432, 298.0959, 264.3287, 300.8506, 262.2643, 316.6521, 241.1789, 313.8974
39 404 13.470000 242.9449, 296.5168, 263.8626, 299.5589, 261.5231, 315.6452, 240.6054, 312.6031
39 405 13.500000 242.6532, 295.2686, 263.3917, 298.5787, 260.8463, 314.5265, 240.1078, 311.2165
39 406 13.540000 242.3103, 293.7487, 262.8387, 297.3745, 260.0173, 313.3486, 239.4889, 309.7228
39 407 13.570000 242.1252, 292.7121, 262.4942, 296.5765, 259.4258, 312.7502, 239.0567, 308.8858
39 408 13.600000 241.9474, 291.9950, 262.1692, 296.0598, 258.9334, 312.1571, 238.7117, 308.0923
39 409 13.640000 241.8128, 291.1711, 261.8556, 295.4830, 258.3673, 311.6976, 238.3244, 307.3856
39 410 13.670000 241.7902, 290.6330, 261.7176, 295.0843, 258.0302, 311.5920, 238.1028, 307.1407
39 411 13.700000 241.7741, 290.3737, 261.6319, 294.9169, 257.8459, 311.4649, 237.9881, 306.9216
39 412 13.740000 241.8697, 290.1744, 261.6564, 294.7958, 257.7494, 311.5241, 237.9627, 306.9027
39 413 13.770000 242.0281, 290.1136, 261.7990, 294.7664, 257.8002, 311.7584, 238.0293, 307.1055
39 414 13.800000 242.2076, 290.3451, 261.9972, 294.9904, 258.0176, 311.9439, 238.2281, 307.2986
39 415 13.840000 242.5528, 290.7797, 262.4291, 295.3449, 258.5150, 312.3864, 238.6387, 307.8212
39 416 13.870000 242.8941, 291.1754, 262.8743, 295.6256, 259.0240, 312.9128, 239.0437, 308.4627
39 417 13.900000 243.2397, 291.9031, 263.3646, 296.1816, 259.7150, 313.3482, 239.5901, 309.0697
39 418 13.940000 243.7841, 293.0179, 264.1605, 296.9762, 260.8191, 314.1764, 240.4428, 310.2181
39 419 13.970000 244.2725, 293.9615, 264.8577, 297.6407, 261.7544, 315.0035, 241.1692, 311.3243
39 420 14.000000 244.7659, 295.2672, 265.5863, 298.6049, 262.8390, 315.7426, 242.0187, 312.4050
39 421 14.040000 245.5690, 297.0725, 266.6995, 299.9725, 264.3581, 317.0329, 243.2276, 314.1330
39 422 14.070000 246.2249, 298.4883, 267.6154, 301.0138, 265.5882, 318.1832, 244.1977, 315.6576
39 423 14.100000 246.9086, 300.2354, 268.5592, 302.3718, 266.8955, 319.2319, 245.2449, 317.0955
39 424 14.140000 247.9334, 302.5760, 269.9154, 304.2303, 268.6573, 320.9470, 246.6754, 319.2927
39 425 14.170000 248.7478, 304.3922, 270.9857, 305.6898, 270.0090, 322.4278, 247.7711, 321.1302
39 426 14.200000 249.5925, 306.5120, 272.0662, 307.4540, 271.3796, 323.8344, 248.9058, 322.8923
39 427 14.240000 250.7767, 309.4277, 273.5630, 309.9546, 273.1915, 326.0224, 250.4052, 325.4956
39 428 14.270000 251.6834, 311.6617, 274.7044, 311.8922, 274.5437, 327.9375, 251.5228, 327.7070
39 429 14.300000 252.6120, 314.2780, 275.8593, 314.2359, 275.8875, 329.7825, 252.6402, 329.8247
39 430 14.340000 253.8466, 317.9171, 277.4025, 317.5339, 277.6490, 332.6897, 254.0931, 333.0728
39 431 14.370000 254.7490, 320.8222, 278.5556, 320.2128, 278.9405, 335.2477, 255.1339, 335.8571
39 432 14.400000 255.6439, 324.2138, 279.7122, 323.4076, 280.1976, 337.8993, 256.1293, 338.7055
39 433 14.440000 256.8247, 329.1770, 281.2418, 328.1578, 281.8233, 342.0882, 257.4062, 343.1074
39 434 14.470000 257.6943, 333.2981, 282.3769, 332.1552, 283.0053, 345.7265, 258.3227, 346.8694
39 435 14.500000 258.5500, 337.8706, 283.5067, 336.6414, 284.1419, 349.5379, 259.1852, 350.7670
39 436 14.540000 259.6332, 343.9096, 284.9564, 342.5944, 285.5915, 354.8221, 260.2683, 356.1374
39 437 14.570000 260.3816, 348.0404, 285.9781, 346.6698, 286.6247, 358.7474, 261.0283, 360.1179
39 438 14.600000 261.0489, 351.3823, 286.9213, 349.9804, 287.6048, 362.5935, 261.7323, 363.9954
39 439 14.640000 261.8668, 355.6500, 288.1023, 354.2151, 288.8366, 367.6400, 262.6011, 369.0750
39 440 14.670000 262.4259, 358.7732, 288.9290, 357.3082, 289.6790, 370.8762, 263.1759, 372.3412
39 441 14.700000 262.9173, 361.2208, 289.6986, 359.7996, 290.4649, 374.2399, 263.6836, 375.6611
39 442 14.740000 263.4708, 364.4282, 290.6025, 362.9410, 291.4258, 377.9599, 264.2940, 379.4471
39 443 14.770000 263.8496, 366.7607, 291.2417, 365.2948, 292.0403, 380.2166, 264.6481, 381.6826
39 444 14.800000 264.1400, 368.4070, 291.7806, 366.9415, 292.6134, 382.6478, 264.9727, 384.1133
39 445 14.840000 264.4546, 370.5786, 292.4173, 369.1168, 293.2555, 385.1520, 265.2928, 386.6137
39 446 14.870000 264.6319, 372.1816, 292.8270, 370.7156, 293.6476, 386.4974, 265.4525, 387.9634
39 447 14.900000 264.7270, 373.1231, 293.1465, 371.6609, 293.9884, 388.0227, 265.5688, 389.4849
39 448 14.940000 264.7724, 374.3215, 293.4784, 372.8586, 294.3206, 389.3843, 265.6146, 390.8472
39 449 14.970000 264.7436, 375.1788, 293.6547, 373.7111, 294.4779, 389.9280, 265.5669, 391.3956
