17 0 0.010000 440.8154, 164.9760, 462.3452, 165.7994, 461.9020, 177.3879, 440.3722, 176.5645
17 1 0.040000 440.8036, 165.4493, 462.3345, 166.2724, 461.8919, 177.8484, 440.3610, 177.0253
17 2 0.070000 440.4053, 167.4189, 462.0150, 166.9916, 462.2299, 177.8582, 440.6202, 178.2855
17 3 0.110000 439.8335, 170.5551, 461.3235, 167.7505, 462.5892, 177.4494, 441.0993, 180.2540
17 4 0.140000 439.4791, 172.0363, 460.8289, 168.0999, 462.4994, 177.1601, 441.1496, 181.0965
17 5 0.170000 439.0344, 172.8861, 460.2247, 168.1503, 462.1206, 176.6335, 440.9302, 181.3692
17 6 0.200000 438.4329, 172.9500, 459.5167, 167.9226, 461.5211, 176.3286, 440.4373, 181.3559
17 7 0.240000 437.3072, 172.3585, 458.2965, 167.1813, 460.4037, 175.7241, 439.4144, 180.9014
17 8 0.270000 436.2539, 171.6937, 457.1616, 166.4398, 459.3493, 175.1460, 438.4417, 180.3998
17 9 0.310000 434.6807, 170.7003, 455.5708, 165.7282, 457.6360, 174.4054, 436.7460, 179.3774
17 10 0.340000 433.3961, 169.9117, 454.3329, 165.4599, 456.1422, 173.9690, 435.2054, 178.4208
17 11 0.370000 431.8868, 169.3854, 452.7290, 164.7732, 454.6077, 173.2628, 433.7655, 177.8750
17 12 0.400000 430.3191, 168.5271, 451.1876, 164.3947, 452.9065, 173.0750, 432.0380, 177.2074
17 13 0.440000 428.0327, 167.7269, 448.8500, 163.8756, 450.5193, 172.8987, 429.7020, 176.7500
17 14 0.470000 426.1731, 167.3453, 446.9158, 163.5157, 448.6263, 172.7806, 427.8837, 176.6102
17 15 0.500000 424.2731, 166.8356, 444.9892, 163.4141, 446.5760, 173.0217, 425.8599, 176.4432
17 16 0.540000 421.5649, 166.5205, 442.1972, 163.3786, 443.7241, 173.4058, 423.0918, 176.5477
17 17 0.570000 419.4279, 166.5100, 439.9867, 163.5203, 441.4877, 173.8418, 420.9289, 176.8316
17 18 0.610000 416.5010, 166.6870, 436.9808, 164.0832, 438.3422, 174.7904, 417.8623, 177.3943
17 19 0.640000 414.3001, 166.8767, 434.7152, 164.8255, 435.8252, 175.8729, 415.4101, 177.9241
17 20 0.670000 411.9259, 167.5076, 432.2792, 165.5944, 433.3423, 176.9032, 412.9889, 178.8164
17 21 0.700000 409.6250, 168.1315, 429.8817, 166.7580, 430.6689, 178.3665, 410.4121, 179.7400
17 22 0.740000 406.4152, 169.4803, 426.5405, 168.5664, 427.0827, 180.5059, 406.9574, 181.4198
17 23 0.770000 403.9282, 170.8541, 423.9568, 170.1769, 424.3677, 182.3280, 404.3390, 183.0052
17 24 0.800000 401.5187, 172.3651, 421.3988, 172.1997, 421.5017, 184.5632, 401.6216, 184.7286
17 25 0.840000 398.2198, 174.9382, 417.9085, 175.3103, 417.6707, 187.8982, 397.9820, 187.5261
17 26 0.870000 395.6926, 177.2877, 415.2499, 177.9881, 414.7943, 190.7092, 395.2370, 190.0088
17 27 0.900000 393.2461, 179.8783, 412.6129, 181.1164, 411.7930, 193.9424, 392.4262, 192.7043
17 28 0.940000 389.9390, 183.8969, 409.0605, 185.7552, 407.8061, 198.6625, 388.6846, 196.8041
17 29 0.970000 387.4211, 187.2848, 406.3837, 189.5124, 404.8654, 202.4375, 385.9028, 200.2099
17 30 1.000000 385.0472, 190.7461, 403.7752, 193.5561, 401.8411, 206.4466, 383.1130, 203.6366
17 31 1.040000 381.7803, 195.4183, 400.3713, 198.8124, 398.0290, 211.6423, 379.4381, 208.2483
17 32 1.070000 379.3184, 198.8569, 397.9051, 202.4246, 395.4473, 215.2294, 376.8606, 211.6618
17 33 1.110000 376.1755, 203.2442, 394.7948, 206.7929, 392.3626, 219.5540, 373.7434, 216.0053
17 34 1.140000 374.1556, 206.0840, 392.7040, 210.1178, 389.9627, 222.7226, 371.4144, 218.6888
17 35 1.170000 372.0600, 209.0471, 390.6623, 212.8825, 388.0806, 225.4042, 369.4783, 221.5687
17 36 1.210000 369.6846, 212.5056, 388.2492, 216.6179, 385.5238, 228.9214, 366.9592, 224.8091
17 37 1.240000 368.2385, 214.7533, 386.6658, 219.5177, 383.5519, 231.5613, 365.1246, 226.7969
17 38 1.270000 366.7605, 217.1591, 385.1915, 222.0153, 382.0649, 233.8816, 363.6340, 229.0254
17 39 1.310000 365.0763, 220.2405, 383.5099, 225.3229, 380.3177, 236.9008, 361.8841, 231.8184
17 40 1.340000 364.1287, 222.3894, 382.5059, 227.9631, 379.0828, 239.2496, 360.7056, 233.6759
17 41 1.370000 363.0764, 224.8466, 381.4910, 230.1801, 378.2711, 241.2971, 359.8565, 235.9635
17 42 1.410000 362.0627, 227.9994, 380.4638, 233.3780, 377.2959, 244.2160, 358.8948, 238.8374
17 43 1.440000 361.5333, 230.3537, 379.8991, 235.9071, 376.6955, 246.5016, 358.3297, 240.9482
17 44 1.470000 360.9724, 232.9660, 379.3835, 238.1900, 376.4271, 248.6092, 358.0160, 243.3851
17 45 1.510000 360.5798, 236.3607, 378.9919, 241.4385, 376.2102, 251.5249, 357.7981, 246.4471
17 46 1.540000 360.5642, 238.7516, 378.9342, 243.9285, 376.1675, 253.7462, 357.7974, 248.5692
17 47 1.570000 360.6417, 241.1430, 379.0375, 246.1667, 376.4062, 255.8020, 358.0104, 250.7783
17 48 1.610000 360.9982, 244.2013, 379.4663, 248.9865, 377.0299, 258.3895, 358.5618, 253.6043
17 49 1.640000 361.6712, 246.1608, 380.0532, 251.2917, 377.4966, 260.4512, 359.1145, 255.3203
17 50 1.670000 362.2328, 248.3652, 380.7308, 253.0949, 378.4193, 262.1355, 359.9213, 257.4058
17 51 1.710000 363.4185, 250.9816, 381.9471, 255.6426, 379.7074, 264.5462, 361.1787, 259.8851
17 52 1.740000 364.5499, 252.8051, 383.0629, 257.5739, 380.7717, 266.4685, 362.2587, 261.6997
17 53 1.770000 365.6687, 254.7864, 384.2811, 259.2190, 382.1522, 268.1582, 363.5398, 263.7255
17 54 1.810000 367.4649, 257.2667, 386.1537, 261.4660, 384.1310, 270.4682, 365.4422, 266.2689
17 55 1.840000 369.0464, 259.0080, 387.7419, 263.2552, 385.6896, 272.2891, 366.9940, 268.0419
17 56 1.870000 370.4850, 261.0039, 389.3723, 264.7382, 387.5684, 273.8616, 368.6811, 270.1273
17 57 1.910000 372.6480, 263.5699, 391.7500, 266.9784, 390.1173, 276.1283, 371.0153, 272.7198
17 58 1.940000 374.4312, 265.4655, 393.6696, 268.8135, 392.0820, 277.9366, 372.8436, 274.5886
17 59 1.970000 376.1509, 267.6062, 395.6009, 270.4182, 394.2798, 279.5556, 374.8298, 276.7436
17 60 2.010000 378.6487, 270.3090, 398.3364, 272.6708, 397.2353, 281.8493, 377.5476, 279.4874
17 61 2.040000 380.6858, 272.2085, 400.5100, 274.5471, 399.4259, 283.7361, 379.6017, 281.3974
17 62 2.070000 382.6327, 274.3698, 402.6419, 276.1911, 401.8023, 285.4155, 381.7931, 283.5941
17 63 2.110000 385.4130, 277.0764, 405.6172, 278.6075, 404.9163, 287.8562, 384.7121, 286.3251
17 64 2.140000 387.6125, 278.9983, 407.9373, 280.5848, 407.2148, 289.8408, 386.8900, 288.2543
17 65 2.170000 389.7053, 281.2204, 410.1801, 282.3568, 409.6650, 291.6375, 389.1902, 290.5012
17 66 2.210000 392.6149, 284.1119, 413.2571, 284.9815, 412.8654, 294.2820, 392.2231, 293.4124
17 67 2.240000 394.8660, 286.2609, 415.6203, 287.1601, 415.2169, 296.4699, 394.4626, 295.5706
17 68 2.270000 397.0141, 288.7216, 417.8862, 289.1850, 417.6781, 298.5585, 396.8060, 298.0951
17 69 2.310000 399.9469, 291.9919, 420.9568, 292.1698, 420.8761, 301.6983, 399.8662, 301.5204
17 70 2.340000 402.1740, 294.5502, 423.2831, 294.6880, 423.2201, 304.3338, 402.1110, 304.1960
17 71 2.370000 404.3084, 297.4582, 425.4984, 297.1818, 425.6265, 306.9990, 404.4365, 307.2755
17 72 2.410000 407.1753, 301.5476, 428.4654, 300.9551, 428.7451, 311.0046, 407.4549, 311.5971
17 73 2.440000 409.3285, 304.7818, 430.6974, 304.1139, 431.0171, 314.3434, 409.6483, 315.0113
17 74 2.470000 411.3953, 308.3212, 432.8074, 307.2887, 433.3112, 317.7366, 411.8991, 318.7691
17 75 2.510000 414.1257, 313.0727, 435.5986, 311.7555, 436.2573, 322.4929, 414.7843, 323.8100
17 76 2.540000 416.1559, 316.4570, 437.7120, 315.2058, 438.3423, 326.0658, 416.7863, 327.3170
17 77 2.570000 418.0515, 319.8333, 439.6359, 318.2976, 440.4171, 329.2777, 418.8327, 330.8133
17 78 2.610000 420.5595, 323.7931, 442.2657, 322.4179, 442.9655, 333.4635, 421.2593, 334.8387
17 79 2.640000 422.4308, 326.3678, 444.2808, 325.4977, 444.7206, 336.5397, 422.8705, 337.4099
17 80 2.670000 424.0921, 329.1369, 445.9716, 327.9689, 446.5637, 339.0596, 424.6841, 340.2276
17 81 2.710000 426.2918, 332.4272, 448.2638, 331.2736, 448.8469, 342.3785, 426.8749, 343.5321
17 82 2.740000 427.9192, 334.6567, 449.9986, 333.7701, 450.4434, 344.8474, 428.3639, 345.7340
17 83 2.770000 429.3554, 337.1464, 451.4224, 335.7687, 452.1164, 346.8834, 430.0493, 348.2612
17 84 2.800000 430.8293, 339.3291, 452.9716, 338.0351, 453.6201, 349.1317, 431.4778, 350.4257
17 85 2.840000 432.6356, 342.3553, 454.8124, 340.8423, 455.5695, 351.9402, 433.3928, 353.4532
17 86 2.870000 433.8702, 344.7317, 456.0272, 342.8292, 456.9817, 353.9463, 434.8247, 355.8487
17 87 2.900000 435.1325, 346.8494, 457.3761, 345.1744, 458.2113, 356.2667, 435.9677, 357.9416
17 88 2.940000 436.6489, 349.8393, 458.9497, 348.1741, 459.7779, 359.2650, 437.4770, 360.9302
17 89 2.970000 437.6657, 352.1551, 459.9717, 350.3204, 460.8855, 361.4306, 438.5796, 363.2653
17 90 3.000000 438.6973, 354.1144, 461.1154, 352.7261, 461.8014, 363.8033, 439.3833, 365.1916
17 91 3.040000 439.8798, 356.5060, 462.3867, 355.4161, 462.9235, 366.5003, 440.4166, 367.5903
17 92 3.070000 440.5531, 358.1767, 463.0216, 356.7027, 463.7544, 367.8739, 441.2860, 369.3478
17 93 3.100000 441.2819, 359.0750, 463.8519, 358.1136, 464.3283, 369.2976, 441.7584, 370.2591
17 94 3.140000 441.9892, 359.9808, 464.5736, 359.0078, 465.0602, 370.3036, 442.4759, 371.2767
17 95 3.170000 442.3263, 360.4201, 464.8363, 358.9601, 465.5791, 370.4132, 443.0692, 371.8732
17 96 3.200000 442.7541, 360.0102, 465.3624, 359.1337, 465.8085, 370.6403, 443.2003, 371.5168
17 97 3.240000 443.0846, 359.1337, 465.7137, 358.4298, 466.0764, 370.0908, 443.4474, 370.7947
17 98 3.270000 443.1558, 358.2256, 465.7176, 357.1858, 466.2632, 369.0246, 443.7014, 370.0644
17 99 3.300000 443.3395, 356.4822, 465.9901, 356.1180, 466.1814, 368.0145, 443.5308, 368.3787
17 100 3.340000 443.3607, 353.8238, 466.0061, 353.6458, 466.1008, 365.7018, 443.4554, 365.8797
17 101 3.370000 443.2019, 351.5807, 465.7503, 350.9554, 466.0900, 363.2027, 443.5416, 363.8281
17 102 3.400000 443.1991, 348.4516, 465.8065, 348.4335, 465.8164, 360.7254, 443.2090, 360.7436
17 103 3.440000 442.9742, 343.9760, 465.5358, 343.9546, 465.5476, 356.3866, 442.9860, 356.4080
17 104 3.470000 442.6249, 340.4994, 465.0406, 339.7846, 465.4423, 352.3828, 443.0266, 353.0975
17 105 3.500000 442.4105, 336.4271, 464.8314, 335.9196, 465.1168, 348.5305, 442.6959, 349.0380
17 106 3.540000 441.9710, 331.2485, 464.3231, 330.5442, 464.7216, 343.1908, 442.3694, 343.8950
17 107 3.570000 441.6384, 327.5094, 463.9736, 326.8437, 464.3504, 339.4859, 442.0152, 340.1516
17 108 3.600000 441.3597, 323.8427, 463.7319, 323.5960, 463.8708, 336.1933, 441.4987, 336.4401
17 109 3.640000 440.9086, 319.4029, 463.3046, 319.4922, 463.2545, 332.0472, 440.8586, 331.9578
17 110 3.670000 440.4914, 316.4331, 462.8603, 316.4577, 462.8464, 329.0501, 440.4775, 329.0255
17 111 3.700000 440.1420, 313.4380, 462.5642, 313.8455, 462.3360, 326.4047, 439.9137, 325.9972
17 112 3.740000 439.5972, 309.7795, 462.0332, 310.3430, 461.7175, 322.9099, 439.2816, 322.3463
17 113 3.770000 439.1386, 307.2368, 461.5558, 307.6903, 461.3013, 320.2710, 438.8841, 319.8175
17 114 3.800000 438.7795, 304.5470, 461.2418, 305.3606, 460.7887, 317.8683, 438.3265, 317.0547
17 115 3.840000 438.2278, 301.1470, 460.7036, 302.0469, 460.2057, 314.4830, 437.7299, 313.5832
17 116 3.870000 437.7467, 298.7247, 460.1941, 299.3198, 459.8649, 311.7368, 437.4175, 311.1417
17 117 3.900000 437.3978, 296.0096, 459.8923, 296.8882, 459.4126, 309.1712, 436.9180, 308.2925
17 118 3.940000 436.8410, 292.5005, 459.3487, 293.2566, 458.9407, 305.4030, 436.4330, 304.6469
17 119 3.970000 436.3503, 289.9747, 458.8302, 290.2540, 458.6801, 302.3306, 436.2003, 302.0513
17 120 4.000000 436.0126, 287.1501, 458.5541, 287.7015, 458.2633, 299.5893, 435.7218, 299.0378
17 121 4.040000 435.3921, 283.9360, 457.9333, 284.0614, 457.8678, 295.8342, 435.3266, 295.7088
17 122 4.070000 434.8608, 281.9244, 457.3672, 281.4592, 457.6099, 293.2011, 435.1036, 293.6664
17 123 4.100000 434.3693, 280.0622, 456.8757, 279.3024, 457.2701, 290.9860, 434.7636, 291.7458
17 124 4.140000 433.6439, 278.0697, 456.1219, 276.7601, 456.8003, 288.4041, 434.3223, 289.7137
17 125 4.170000 433.0410, 276.9282, 455.4696, 275.0930, 456.4219, 286.7303, 433.9933, 288.5656
17 126 4.200000 432.4528, 275.8805, 454.8937, 273.8640, 455.9366, 285.4697, 433.4957, 287.4862
17 127 4.240000 431.5613, 274.9203, 453.9840, 272.5053, 455.2326, 284.0984, 432.8100, 286.5134
17 128 4.270000 430.8037, 274.5298, 453.1777, 271.6835, 454.6539, 283.2868, 432.2798, 286.1331
17 129 4.300000 430.0371, 274.1968, 452.4494, 271.2981, 453.9490, 282.8926, 431.5367, 285.7913
17 130 4.340000 428.8779, 274.1921, 451.2996, 271.0526, 452.9255, 282.6649, 430.5038, 285.8044
17 131 4.370000 427.9034, 274.5202, 450.3000, 271.0813, 452.0883, 282.7280, 429.6918, 286.1669
17 132 4.400000 426.9014, 274.9180, 449.3690, 271.5476, 451.1200, 283.2199, 428.6523, 286.5902
17 133 4.440000 425.4134, 275.8794, 447.9368, 272.4471, 449.7252, 284.1835, 427.2018, 287.6157
17 134 4.470000 424.1767, 276.8808, 446.7141, 273.2965, 448.5918, 285.1034, 426.0544, 288.6877
17 135 4.500000 422.8866, 277.8213, 445.5421, 274.4599, 447.3045, 286.3382, 424.6490, 289.6996
17 136 4.540000 420.9723, 279.1393, 443.7336, 275.9580, 445.3947, 287.8423, 422.6334, 291.0236
17 137 4.570000 419.3354, 280.1861, 442.0750, 276.7833, 443.8424, 288.5939, 421.1028, 291.9967
17 138 4.600000 417.6607, 280.7972, 440.5255, 277.8228, 442.0370, 289.4420, 419.1722, 292.4164
17 139 4.640000 415.0937, 281.6315, 437.9742, 278.5423, 439.5179, 289.9755, 416.6374, 293.0647
17 140 4.670000 412.9623, 282.1664, 435.7964, 278.7449, 437.4880, 290.0338, 414.6539, 293.4554
17 141 4.700000 410.7957, 282.1778, 433.7498, 279.2030, 435.1836, 290.2663, 412.2294, 293.2410
17 142 4.740000 407.6077, 282.1629, 430.5991, 279.2934, 431.9391, 290.0301, 408.9478, 292.8996
17 143 4.770000 405.0148, 282.0327, 427.9834, 279.0328, 429.3545, 289.5305, 406.3858, 292.5303
17 144 4.800000 402.3562, 281.4451, 425.3881, 278.8629, 426.5362, 289.1036, 403.5043, 291.6857
17 145 4.840000 398.5836, 280.1811, 421.6383, 278.1253, 422.5350, 288.1807, 399.4802, 290.2365
17 146 4.870000 395.4353, 279.2581, 418.4149, 276.7426, 419.5306, 286.9350, 396.5511, 289.4505
17 147 4.900000 392.4053, 277.3362, 415.4006, 275.7009, 416.1616, 286.4007, 393.1662, 288.0360
17 148 4.940000 387.9835, 275.0801, 410.9068, 273.5313, 411.6604, 284.6862, 388.7372, 286.2350
17 149 4.970000 384.5018, 273.2892, 407.3297, 271.5973, 408.1804, 283.0755, 385.3525, 284.7674
17 150 5.000000 381.1278, 270.9517, 403.8682, 269.9403, 404.3978, 281.8485, 381.6574, 282.8599
17 151 5.040000 376.3061, 268.4237, 398.9148, 267.4974, 399.4206, 279.8412, 376.8119, 280.7675
17 152 5.070000 372.6162, 266.7551, 395.1351, 265.9253, 395.6006, 278.5578, 373.0817, 279.3876
17 153 5.100000 369.0070, 265.1210, 391.3993, 264.8040, 391.5819, 277.7036, 369.1896, 278.0206
17 154 5.140000 364.0274, 263.4701, 386.2727, 263.5558, 386.2220, 276.7327, 363.9766, 276.6471
17 155 5.170000 360.1663, 262.6035, 382.3334, 262.7936, 382.2191, 276.1265, 360.0520, 275.9364
17 156 5.200000 356.4032, 261.7795, 378.4391, 262.4268, 378.0437, 275.8872, 356.0078, 275.2400
17 157 5.240000 351.2279, 261.1501, 373.1428, 262.1304, 372.5360, 275.6947, 350.6211, 274.7143
17 158 5.270000 347.2239, 261.0278, 369.1037, 262.0449, 368.4716, 275.6414, 346.5918, 274.6243
17 159 5.300000 343.3585, 260.9243, 365.1347, 262.3723, 364.2309, 275.9650, 342.4547, 274.5170
17 160 5.340000 337.9895, 261.2490, 359.7812, 263.0241, 358.6796, 276.5489, 336.8879, 274.7738
17 161 5.370000 333.9142, 261.8478, 355.7346, 263.6960, 354.5970, 277.1259, 332.7767, 275.2777
17 162 5.400000 329.9575, 262.4977, 351.7684, 264.8077, 350.3609, 278.0965, 328.5500, 275.7864
17 163 5.440000 324.6428, 263.8667, 346.4552, 266.5438, 344.8548, 279.5835, 323.0424, 276.9065
17 164 5.470000 320.6349, 265.2458, 342.4667, 268.0128, 340.8432, 280.8222, 319.0114, 278.0552
17 165 5.500000 316.7818, 266.6029, 338.5806, 269.8284, 336.7264, 282.3594, 314.9276, 279.1339
17 166 5.540000 311.6374, 268.6072, 333.4303, 272.1057, 331.4799, 284.2558, 309.6869, 280.7573
17 167 5.570000 307.7603, 270.2072, 329.5986, 273.5711, 327.7764, 285.4007, 305.9382, 282.0368
17 168 5.600000 304.1650, 271.3655, 325.9576, 275.1542, 323.9369, 286.7772, 302.1443, 282.9885
17 169 5.640000 299.3672, 273.0141, 321.1697, 276.9095, 319.1526, 288.1997, 297.3501, 284.3044
17 170 5.670000 295.7844, 274.2940, 317.6459, 277.9661, 315.7881, 289.0258, 293.9266, 285.3537
17 171 5.700000 292.5496, 275.1533, 314.3435, 279.3097, 312.2760, 290.1508, 290.4820, 285.9943
17 172 5.740000 288.2167, 276.4672, 310.0136, 280.7399, 307.9364, 291.3370, 286.1394, 287.0644
17 173 5.770000 284.9918, 277.5605, 306.8569, 281.6136, 304.9008, 292.1664, 283.0357, 288.1133
17 174 5.800000 282.0756, 278.3514, 303.8900, 282.7839, 301.7508, 293.3117, 279.9365, 288.8792
17 175 5.840000 278.2357, 279.5404, 300.0580, 284.0899, 297.8502, 294.6798, 276.0280, 290.1304
17 176 5.870000 275.3905, 280.5067, 297.2831, 284.8355, 295.1556, 295.5950, 273.2630, 291.2662
17 177 5.900000 272.8377, 281.2898, 294.6874, 285.9330, 292.3833, 296.7753, 270.5337, 292.1320
17 178 5.940000 269.4613, 282.5931, 291.3351, 287.2679, 288.9893, 298.2443, 267.1155, 293.5695
17 179 5.970000 266.9393, 283.7724, 288.8961, 288.1676, 286.6734, 299.2714, 264.7166, 294.8763
17 180 6.000000 264.7202, 284.7741, 286.6461, 289.4187, 284.2833, 300.5732, 262.3573, 295.9286
17 181 6.040000 261.7981, 286.3175, 283.7611, 290.9257, 281.4000, 302.1791, 259.4370, 297.5709
17 182 6.070000 259.6402, 287.6136, 281.6889, 291.9162, 279.4721, 303.2762, 257.4234, 298.9737
17 183 6.100000 257.7916, 288.6963, 279.8197, 293.1973, 277.4875, 304.6115, 255.4593, 300.1105
17 184 6.140000 255.3420, 290.3724, 277.4469, 294.7295, 275.1789, 306.2356, 253.0740, 301.8784
17 185 6.170000 253.4977, 291.8368, 275.7880, 295.7566, 273.7512, 307.3390, 251.4609, 303.4192
17 186 6.200000 251.9679, 293.0811, 274.3031, 297.1244, 272.2005, 308.7393, 249.8653, 304.6960
17 187 6.240000 249.9188, 295.0231, 272.4040, 298.8381, 270.4234, 310.5118, 247.9381, 306.6968
17 188 6.270000 248.3704, 296.7160, 271.0275, 300.0724, 269.2928, 311.7822, 246.6358, 308.4259
17 189 6.300000 247.0918, 298.2451, 269.8017, 301.6765, 268.0320, 313.3886, 245.3222, 309.9573
17 190 6.340000 245.3459, 300.6548, 268.2040, 303.8078, 266.5886, 315.5187, 243.7305, 312.3656
17 191 6.370000 244.0222, 302.7353, 267.0303, 305.4568, 265.6454, 317.1651, 242.6373, 314.4436
17 192 6.400000 242.9010, 304.7521, 265.9737, 307.4927, 264.5851, 319.1835, 241.5124, 316.4429
17 193 6.440000 241.3627, 307.8615, 264.5744, 310.3349, 263.3312, 322.0019, 240.1195, 319.5286
17 194 6.470000 240.1849, 310.4946, 263.5287, 312.5754, 262.4911, 324.2150, 239.1474, 322.1342
17 195 6.500000 239.1782, 313.0335, 262.5886, 315.1448, 261.5408, 326.7627, 238.1304, 324.6514
17 196 6.540000 237.8210, 316.5852, 261.3533, 318.5182, 260.4056, 330.0558, 236.8732, 328.1227
17 197 6.570000 236.7813, 319.3001, 260.4308, 320.8703, 259.6683, 332.3542, 236.0188, 330.7840
17 198 6.600000 236.0270, 321.5201, 259.6918, 323.5316, 258.7172, 334.9969, 235.0525, 332.9854
17 199 6.640000 234.9046, 324.7040, 258.6575, 326.6991, 257.6964, 338.1421, 233.9435, 336.1470
17 200 6.670000 234.0208, 327.2013, 257.8774, 328.8940, 257.0665, 340.3236, 233.2098, 338.6309
17 201 6.700000 233.3491, 329.3881, 257.2323, 331.3423, 256.2955, 342.7916, 232.4123, 340.8375
17 202 6.740000 232.3701, 332.5748, 256.3453, 334.4307, 255.4587, 345.8838, 231.4835, 344.0279
17 203 6.770000 231.5830, 335.1695, 255.6600, 336.6523, 254.9538, 348.1192, 230.8768, 346.6364
17 204 6.800000 230.9706, 337.5734, 255.0880, 339.1841, 254.3191, 350.6966, 230.2018, 349.0859
17 205 6.840000 230.0719, 341.1434, 254.2860, 342.5518, 253.6124, 354.1319, 229.3984, 352.7236
17 206 6.870000 229.3328, 344.1408, 253.6473, 345.1293, 253.1751, 356.7431, 228.8607, 355.7545
17 207 6.900000 228.7334, 347.0618, 253.0984, 348.0909, 252.6045, 359.7854, 228.2395, 358.7562
17 208 6.940000 227.8434, 351.4309, 252.3080, 352.2066, 251.9342, 363.9941, 227.4697, 363.2184
17 209 6.970000 227.1300, 354.9939, 251.6820, 355.4346, 251.4692, 367.2943, 226.9171, 366.8536
17 210 7.000000 226.5365, 358.4107, 251.1364, 358.9499, 250.8740, 370.9240, 226.2741, 370.3848
17 211 7.040000 225.7111, 362.8688, 250.3760, 363.3905, 250.1182, 375.5817, 225.4533, 375.0600
17 212 7.070000 224.9540, 366.2742, 249.7040, 366.2852, 249.6985, 378.5048, 224.9486, 378.4938
17 213 7.100000 224.5378, 368.7620, 249.2634, 369.4209, 248.9329, 381.8260, 224.2072, 381.1671
17 214 7.140000 223.7923, 372.1404, 248.5368, 372.9445, 248.1293, 385.4833, 223.3848, 384.6792
17 215 7.170000 223.1221, 374.6438, 247.9336, 375.1678, 247.6671, 387.7876, 222.8556, 387.2636
17 216 7.200000 222.7042, 376.5713, 247.4730, 377.5312, 246.9779, 390.3043, 222.2092, 389.3444
17 217 7.240000 221.9646, 379.2667, 246.7634, 380.1724, 246.2918, 393.0850, 221.4930, 392.1793
17 218 7.270000 221.3026, 381.3632, 246.1743, 381.8611, 245.9150, 394.8150, 221.0433, 394.3172
17 219 7.300000 220.9000, 382.9442, 245.7303, 383.7738, 245.2934, 396.8511, 220.4631, 396.0215
17 220 7.340000 220.1788, 385.2829, 245.0384, 385.9727, 244.6736, 399.1184, 219.8140, 398.4285
17 221 7.370000 219.4997, 387.2217, 244.4397, 387.3832, 244.3545, 400.5305, 219.4146, 400.3690
17 222 7.400000 219.0166, 388.7963, 243.9477, 389.0245, 243.8267, 402.2472, 218.8956, 402.0190
17 223 7.440000 218.2037, 391.1436, 243.1817, 391.0083, 243.2534, 404.2634, 218.2755, 404.3987
17 224 7.470000 217.5184, 392.9885, 242.5490, 392.4162, 242.8516, 405.6499, 217.8209, 406.2222
17 225 7.500000 217.0524, 394.3200, 242.0387, 394.0631, 242.1757, 407.3900, 217.1895, 407.6469
17 226 7.540000 216.3001, 395.9728, 241.2513, 395.8215, 241.3326, 409.2285, 216.3814, 409.3799
17 227 7.570000 215.4670, 397.3207, 240.4828, 396.5031, 240.9193, 409.8593, 215.9036, 410.6769
17 228 7.600000 214.9702, 397.7149, 239.8970, 397.3347, 240.1028, 410.8300, 215.1761, 411.2102
17 229 7.640000 214.0628, 398.1680, 238.9409, 397.7620, 239.1619, 411.3020, 214.2838, 411.7081
17 230 7.670000 213.2401, 398.3787, 238.1158, 397.6283, 238.5234, 411.1401, 213.6477, 411.8905
17 231 7.700000 212.7260, 397.7316, 237.4531, 397.6274, 237.5106, 411.2828, 212.7836, 411.3871
17 232 7.740000 211.8094, 396.8157, 236.4100, 396.9666, 236.3257, 410.7162, 211.7251, 410.5653
17 233 7.770000 211.0133, 395.9876, 235.5573, 396.0636, 235.5148, 409.8222, 210.9707, 409.7462
17 234 7.800000 210.4957, 394.4684, 234.8428, 395.2122, 234.4195, 409.0705, 210.0723, 408.3267
17 235 7.840000 209.7182, 392.2104, 233.8326, 393.5076, 233.0831, 407.4400, 208.9686, 406.1428
17 236 7.870000 208.9052, 390.5433, 232.9912, 391.6043, 232.3782, 405.5199, 208.2922, 404.4589
17 237 7.900000 208.6086, 387.9363, 232.3786, 389.8815, 231.2304, 403.9125, 207.4604, 401.9674
17 238 7.940000 207.9549, 384.4722, 231.5025, 386.7577, 230.1379, 400.8179, 206.5902, 398.5323
17 239 7.970000 207.2707, 381.8890, 230.8156, 383.8165, 229.6672, 397.8447, 206.1222, 395.9172
17 240 8.000000 207.0467, 378.6426, 230.3341, 381.0979, 228.8520, 395.1543, 205.5647, 392.6990
17 241 8.040000 206.5695, 374.6341, 229.6664, 377.2392, 228.0842, 391.2676, 204.9873, 388.6624
17 242 8.070000 206.2605, 371.7729, 229.2121, 374.5115, 227.5412, 388.5147, 204.5896, 385.7760
17 243 8.100000 206.2081, 368.8423, 228.8670, 372.1580, 226.8202, 386.1455, 204.1612, 382.8297
17 244 8.140000 206.1000, 365.3080, 228.4447, 369.1316, 226.0582, 383.0782, 203.7135, 379.2547
17 245 8.170000 205.9742, 362.9225, 228.1709, 366.8889, 225.6832, 380.8101, 203.4866, 376.8438
17 246 8.200000 206.1858, 360.4061, 228.0368, 364.9878, 225.1256, 378.8715, 203.2746, 374.2898
17 247 8.240000 206.3639, 357.4147, 227.9408, 362.3451, 224.7773, 376.1893, 203.2005, 371.2589
17 248 8.270000 206.4515, 355.3932, 227.9553, 360.2907, 224.8079, 374.1104, 203.3041, 369.2129
17 249 8.300000 206.8932, 353.2232, 228.1317, 358.4979, 224.7126, 372.2650, 203.4741, 366.9902
17 250 8.340000 207.4563, 350.5568, 228.5139, 355.9566, 224.9976, 369.6689, 203.9400, 364.2690
17 251 8.370000 207.7978, 348.7485, 228.9114, 353.8520, 225.5988, 367.5565, 204.4852, 362.4530
17 252 8.400000 208.6151, 346.6670, 229.5021, 352.0456, 225.9894, 365.6867, 205.1024, 360.3081
17 253 8.440000 209.6206, 344.0939, 230.4469, 349.3495, 227.0201, 362.9288, 206.1938, 357.6732
17 254 8.470000 210.3694, 342.2705, 231.2760, 347.1684, 228.1036, 360.7098, 207.1970, 355.8119
17 255 8.500000 211.5951, 340.1860, 232.2908, 345.3252, 228.9510, 358.7747, 208.2553, 353.6355
17 256 8.540000 212.9920, 337.8731, 233.7169, 342.6788, 230.6140, 356.0600, 209.8892, 351.2543
17 257 8.570000 213.9528, 336.4780, 234.8326, 340.7151, 232.1238, 354.0635, 211.2441, 349.8264
17 258 8.600000 215.2028, 335.0679, 236.0576, 339.1207, 233.4748, 352.4112, 212.6201, 348.3585
17 259 8.640000 216.8147, 333.5658, 237.7382, 337.0986, 235.5066, 350.3157, 214.5831, 346.7828
17 260 8.670000 217.9855, 332.7071, 239.0209, 335.6438, 237.1844, 348.7986, 216.1489, 345.8619
17 261 8.700000 219.4139, 331.7660, 240.4030, 334.5287, 238.6807, 347.6140, 217.6916, 344.8513
17 262 8.740000 221.2305, 330.8341, 242.2464, 333.0720, 240.8638, 346.0559, 219.8479, 343.8181
17 263 8.770000 222.5089, 330.3984, 243.6030, 331.9857, 242.6336, 344.8680, 221.5395, 343.2807
17 264 8.800000 224.0119, 329.8179, 245.0508, 331.2149, 244.2014, 344.0072, 223.1626, 342.6103
17 265 8.840000 225.8872, 329.3530, 246.9212, 330.1877, 246.4193, 342.8358, 225.3853, 342.0010
17 266 8.870000 227.1940, 329.2497, 248.2577, 329.4203, 248.1564, 341.9201, 227.0927, 341.7494
17 267 8.900000 228.6749, 328.9654, 249.6716, 328.9659, 249.6714, 341.3555, 228.6746, 341.3551
17 268 8.940000 230.4600, 328.9355, 251.4231, 328.3357, 251.7717, 340.5207, 230.8086, 341.1204
17 269 8.970000 231.6857, 329.1193, 252.6350, 327.8645, 253.3537, 339.8647, 232.4045, 341.1194
17 270 9.000000 232.9829, 329.1442, 253.8742, 327.6152, 254.7417, 339.4682, 233.8504, 340.9972
17 271 9.040000 234.5695, 329.2558, 255.3980, 327.2825, 256.4974, 338.8869, 235.6689, 340.8602
17 272 9.070000 235.5881, 329.4697, 256.3634, 326.8889, 257.7753, 338.2544, 237.0000, 340.8352
17 273 9.100000 236.6627, 329.2840, 257.3820, 326.6935, 258.7849, 337.9141, 238.0656, 340.5046
17 274 9.140000 237.8533, 329.0830, 258.4992, 326.2273, 260.0213, 337.2313, 239.3754, 340.0870
17 275 9.170000 238.5234, 329.0876, 259.0975, 325.6575, 260.8908, 336.4137, 240.3167, 339.8438
17 276 9.200000 239.1861, 328.6943, 259.7173, 325.2429, 261.4996, 335.8452, 240.9684, 339.2966
17 277 9.240000 239.7980, 328.2002, 260.2690, 324.4934, 262.1403, 334.8279, 241.6693, 338.5346
17 278 9.270000 240.0400, 327.8822, 260.4349, 323.7332, 262.4891, 333.8312, 242.0942, 337.9802
17 279 9.300000 240.2416, 327.0587, 260.6442, 323.1526, 262.5607, 333.1629, 242.1580, 337.0689
17 280 9.340000 240.2363, 325.8942, 260.6434, 322.1753, 262.4441, 332.0560, 242.0369, 335.7749
17 281 9.370000 239.9887, 325.1519, 260.3466, 321.1669, 262.2455, 330.8677, 241.8876, 334.8527
17 282 9.400000 239.7439, 323.7327, 260.1909, 320.4685, 261.7332, 330.1293, 241.2861, 333.3934
17 283 9.440000 239.0840, 322.0889, 259.5444, 319.0452, 260.9597, 328.5592, 240.4993, 331.6029
17 284 9.470000 238.4079, 320.8227, 258.8688, 317.7857, 260.2631, 327.1795, 239.8022, 330.2165
17 285 9.500000 237.7149, 319.1614, 258.2280, 316.6924, 259.3552, 326.0579, 238.8422, 328.5269
17 286 9.540000 236.6087, 317.1261, 257.1615, 315.1688, 258.0439, 324.4342, 237.4910, 326.3915
17 287 9.570000 235.6756, 315.7259, 256.2473, 314.0565, 256.9929, 323.2448, 236.4212, 324.9142
17 288 9.600000 234.7711, 314.1424, 255.3673, 313.1828, 255.7955, 322.3729, 235.1993, 323.3326
17 289 9.640000 233.4463, 312.3043, 254.0478, 311.9949, 254.1848, 321.1197, 233.5834, 321.4291
17 290 9.670000 232.3603, 311.1254, 252.9595, 311.0243, 253.0039, 320.0799, 232.4047, 320.1810
17 291 9.700000 231.3745, 309.6925, 251.9484, 310.2772, 251.6913, 319.3221, 231.1175, 318.7374
17 292 9.740000 229.9821, 307.9888, 250.5177, 309.1169, 250.0221, 318.1394, 229.4864, 317.0113
17 293 9.770000 228.8776, 306.8614, 249.3994, 308.0802, 248.8644, 317.0886, 228.3426, 315.8698
17 294 9.800000 227.9337, 305.4975, 248.3907, 307.3105, 247.5949, 316.2903, 227.1378, 314.4773
17 295 9.840000 226.6527, 303.8006, 247.0392, 306.0545, 246.0503, 314.9995, 225.6637, 312.7457
17 296 9.870000 225.6851, 302.6021, 246.0428, 304.9264, 245.0235, 313.8541, 224.6658, 311.5299
17 297 9.900000 224.9425, 301.0984, 245.1861, 304.0263, 243.8978, 312.9334, 223.6542, 310.0055
17 298 9.940000 223.9790, 299.1356, 244.1086, 302.4802, 242.6252, 311.4076, 222.4956, 308.0630
17 299 9.970000 223.2205, 297.8222, 243.3436, 301.0383, 241.9157, 309.9732, 221.7926, 306.7572
17 300 10.000000 222.7512, 296.1793, 242.7429, 299.8627, 241.0931, 308.8173, 221.1014, 305.1340
17 301 10.040000 222.1275, 294.2870, 242.0103, 298.2093, 240.2396, 307.1851, 220.3568, 303.2627
17 302 10.070000 221.7175, 293.0489, 241.5341, 297.0577, 239.7114, 306.0683, 219.8947, 302.0595
17 303 10.100000 221.5469, 291.7196, 241.1852, 296.2470, 239.0965, 305.3068, 219.4582, 300.7794
17 304 10.140000 221.3369, 290.3209, 240.8124, 295.1880, 238.5279, 304.3295, 219.0523, 299.4625
17 305 10.170000 221.1629, 289.5670, 240.6127, 294.3539, 238.3387, 303.5936, 218.8889, 298.8067
17 306 10.200000 221.2602, 288.7229, 240.5515, 293.8410, 238.0756, 303.1730, 218.7844, 298.0548
17 307 10.240000 221.3672, 287.9858, 240.5887, 293.0921, 238.0684, 302.5793, 218.8469, 297.4731
17 308 10.270000 221.4886, 287.6524, 240.7153, 292.5588, 238.2616, 302.1744, 219.0349, 297.2680
17 309 10.300000 221.8347, 287.2854, 240.9721, 292.2770, 238.4309, 302.0196, 219.2936, 297.0281
17 310 10.340000 222.3413, 287.0845, 241.4374, 291.9292, 238.9123, 301.8822, 219.8162, 297.0375
17 311 10.370000 222.6956, 287.2145, 241.8588, 291.6588, 239.5116, 301.7796, 220.3484, 297.3353
17 312 10.400000 223.3009, 287.2856, 242.4012, 291.7027, 240.0245, 301.9801, 220.9242, 297.5630
17 313 10.440000 224.1014, 287.7332, 243.2022, 291.8460, 240.9491, 302.3101, 221.8483, 298.1974
17 314 10.470000 224.6642, 288.3455, 243.8461, 291.9652, 241.8385, 302.6041, 222.6566, 298.9845
17 315 10.500000 225.4781, 288.8750, 244.6019, 292.4327, 242.5935, 303.2286, 223.4697, 299.6709
17 316 10.540000 226.4711, 289.9341, 245.6440, 293.0403, 243.8578, 304.0655, 224.6850, 300.9593
17 317 10.570000 227.2508, 290.8858, 246.4654, 293.5968, 244.8918, 304.7496, 225.6773, 302.0386
17 318 10.600000 228.1809, 291.8007, 247.3667, 294.3642, 245.8608, 305.6345, 226.6751, 303.0710
17 319 10.640000 229.4382, 293.2019, 248.5982, 295.4740, 247.2446, 306.8886, 228.0846, 304.6165
17 320 10.670000 230.2900, 294.4981, 249.5061, 296.2794, 248.4398, 307.7822, 229.2237, 306.0009
17 321 10.700000 231.3731, 295.6481, 250.5074, 297.4098, 249.4414, 308.9882, 230.3071, 307.2265
17 322 10.740000 232.6971, 297.5038, 251.8059, 298.9243, 250.9402, 310.5701, 231.8313, 309.1496
17 323 10.770000 233.6209, 299.1148, 252.7501, 300.0991, 252.1490, 311.7826, 233.0197, 310.7983
17 324 10.800000 234.7174, 300.6400, 253.7647, 301.5890, 253.1806, 313.3112, 234.1334, 312.3622
17 325 10.840000 236.0421, 303.0461, 255.0488, 303.6536, 254.6730, 315.4107, 235.6663, 314.8032
17 326 10.870000 236.9468, 305.1381, 255.9575, 305.3108, 255.8506, 317.0786, 236.8399, 316.9059
17 327 10.900000 237.9567, 307.2591, 256.9061, 307.2988, 256.8814, 319.0918, 237.9320, 319.0521
17 328 10.940000 239.1719, 310.5263, 258.0850, 310.1680, 258.3089, 321.9878, 239.3958, 322.3461
17 329 10.970000 239.9945, 313.2763, 258.8988, 312.4804, 259.3969, 324.3104, 240.4926, 325.1063
17 330 11.000000 240.8739, 315.9895, 259.7278, 315.0099, 260.3456, 326.9001, 241.4917, 327.8797
17 331 11.040000 241.9467, 319.5399, 260.7497, 318.3164, 261.5230, 330.1994, 242.7199, 331.4229
17 332 11.070000 242.5881, 322.0727, 261.3842, 320.4846, 262.3861, 332.3429, 243.5901, 333.9310
17 333 11.100000 243.3291, 324.1070, 262.0869, 322.7008, 262.9739, 334.5318, 244.2160, 335.9381
17 334 11.140000 244.0587, 326.6898, 262.7862, 325.1556, 263.7516, 336.9387, 245.0241, 338.4729
17 335 11.170000 244.3581, 328.6250, 263.1099, 326.5954, 264.3787, 338.3184, 245.6269, 340.3480
17 336 11.200000 244.7864, 330.0262, 263.5107, 328.1585, 264.6815, 339.8961, 245.9572, 341.7638
17 337 11.240000 245.1076, 331.8174, 263.8337, 329.9009, 265.0332, 341.6211, 246.3071, 343.5377
17 338 11.270000 245.1108, 333.2111, 263.8615, 330.8883, 265.3065, 342.5541, 246.5559, 344.8768
17 339 11.300000 245.2855, 334.0045, 264.0261, 332.1267, 265.1982, 343.8245, 246.4575, 345.7022
17 340 11.340000 245.2122, 335.1409, 263.9654, 333.3692, 265.0703, 345.0640, 246.3171, 346.8356
17 341 11.370000 245.0227, 335.8962, 263.8041, 334.1331, 264.9000, 345.8068, 246.1186, 347.5699
17 342 11.400000 244.9488, 336.2413, 263.7065, 335.0483, 264.4478, 346.7032, 245.6900, 347.8962
17 343 11.440000 244.6124, 336.7386, 263.3746, 335.9330, 263.8703, 347.4771, 245.1081, 348.2827
17 344 11.470000 244.1870, 337.1419, 262.9875, 336.3302, 263.4812, 347.7670, 244.6808, 348.5787
17 345 11.500000 243.8754, 337.2356, 262.6570, 336.8511, 262.8899, 348.2253, 244.1082, 348.6098
17 346 11.540000 243.3712, 337.4688, 262.1476, 337.5694, 262.0872, 348.8435, 243.3108, 348.7429
17 347 11.570000 242.8731, 337.9063, 261.6817, 338.1189, 261.5551, 349.3129, 242.7466, 349.1003
17 348 11.600000 242.5584, 338.2173, 261.3180, 339.0775, 260.8088, 350.1821, 242.0492, 349.3219
17 349 11.640000 241.9655, 339.0896, 260.7286, 340.3602, 259.9839, 351.3570, 241.2208, 350.0863
17 350 11.670000 241.4547, 340.0087, 260.2653, 341.4181, 259.4469, 352.3411, 240.6363, 350.9316
17 351 11.700000 241.0687, 340.9562, 259.8639, 342.7837, 258.8102, 353.6212, 240.0150, 351.7938
17 352 11.740000 240.4790, 342.6163, 259.3177, 344.7593, 258.0977, 355.4840, 239.2590, 353.3410
17 353 11.770000 239.9682, 344.1984, 258.8973, 346.3481, 257.6880, 356.9968, 238.7589, 354.8471
17 354 11.800000 239.6005, 345.8415, 258.5554, 348.2997, 257.1845, 358.8704, 238.2297, 356.4122
17 355 11.840000 239.0353, 348.5328, 258.0991, 351.1313, 256.6689, 361.6238, 237.6051, 359.0254
17 356 11.870000 238.5722, 350.9399, 257.7652, 353.4889, 256.3764, 363.9460, 237.1834, 361.3970
17 357 11.900000 238.2147, 353.5421, 257.4894, 356.2638, 256.0165, 366.6946, 236.7418, 363.9730
17 358 11.940000 237.6773, 357.6255, 257.1245, 360.3723, 255.6501, 370.8107, 236.2030, 368.0639
17 359 11.970000 237.2424, 361.1211, 256.8614, 363.7592, 255.4519, 374.2409, 235.8329, 371.6028
17 360 12.000000 236.9055, 364.7509, 256.6633, 367.4467, 255.2262, 377.9798, 235.4684, 375.2841
17 361 12.040000 236.5257, 369.5825, 256.4912, 372.2187, 255.0915, 382.8197, 235.1260, 380.1835
17 362 12.070000 236.2781, 373.0857, 256.4324, 375.4588, 255.1892, 386.0166, 235.0349, 383.6435
17 363 12.100000 236.3183, 376.0374, 256.5344, 378.5727, 255.2008, 389.2064, 234.9847, 386.6711
17 364 12.140000 236.4193, 379.7529, 256.7628, 382.2319, 255.4659, 392.8748, 235.1224, 390.3958
17 365 12.170000 236.5052, 382.4511, 256.9867, 384.6331, 255.8638, 395.1732, 235.3823, 392.9912
17 366 12.200000 236.8922, 384.5607, 257.3795, 386.9631, 256.1278, 397.6372, 235.6406, 395.2349
17 367 12.240000 237.4314, 387.2597, 257.9775, 389.6788, 256.7088, 400.4543, 236.1627, 398.0353
17 368 12.270000 237.8115, 389.2912, 258.4592, 391.4208, 257.3511, 402.1645, 236.7034, 400.0349
17 369 12.300000 238.4990, 390.7776, 259.1041, 393.1701, 257.8349, 404.1016, 237.2297, 401.7092
17 370 12.340000 239.4306, 392.6977, 260.0287, 395.1627, 258.6945, 406.3121, 238.0963, 403.8471
17 371 12.370000 240.1062, 394.1303, 260.7616, 396.3747, 259.5323, 407.6878, 238.8769, 405.4434
17 372 12.400000 240.9907, 395.2641, 261.6163, 397.6179, 260.3020, 409.1345, 239.6764, 406.7807
17 373 12.440000 242.1714, 396.7668, 262.7970, 398.9988, 261.5229, 410.7723, 240.8973, 408.5403
17 374 12.470000 243.0001, 397.9303, 263.6935, 399.7659, 262.6293, 411.7631, 241.9359, 409.9275
17 375 12.500000 244.1951, 398.6155, 264.7592, 400.7723, 263.4729, 413.0371, 242.9088, 410.8804
17 376 12.540000 245.6933, 399.5795, 266.1892, 401.7320, 264.8657, 414.3337, 244.3698, 412.1811
17 377 12.570000 246.7383, 400.3227, 267.2711, 402.1664, 266.1200, 414.9865, 245.5871, 413.1427
17 378 12.600000 248.1793, 400.5754, 268.5294, 402.8330, 267.0842, 415.8601, 246.7341, 413.6025
17 379 12.640000 249.9502, 401.0021, 270.2079, 403.3055, 268.7002, 416.5655, 248.4425, 414.2621
17 380 12.670000 251.1759, 401.3639, 271.4735, 403.3635, 270.1507, 416.7912, 249.8531, 414.7915
17 381 12.700000 252.7828, 401.3028, 272.9044, 403.6371, 271.3297, 417.2109, 251.2081, 414.8766
17 382 12.740000 254.7432, 401.3209, 274.8089, 403.5725, 273.2626, 417.3526, 253.1969, 415.1011
17 383 12.770000 256.1408, 401.3561, 276.2509, 403.2910, 274.9126, 417.1996, 254.8025, 415.2647
17 384 12.800000 257.8381, 401.0542, 277.8298, 403.1427, 276.3646, 417.1680, 256.3729, 415.0795
17 385 12.840000 260.0434, 400.6233, 279.9577, 402.6571, 278.5109, 416.8243, 258.5966, 414.7906
17 386 12.870000 261.4779, 400.4102, 281.5161, 401.9016, 280.4519, 416.2009, 260.4136, 414.7094
17 387 12.900000 263.3902, 399.6817, 283.2597, 401.4359, 281.9883, 415.8372, 262.1188, 414.0830
17 388 12.940000 265.6425, 398.8521, 285.5199, 400.3143, 284.4522, 414.8296, 264.5748, 413.3675
17 389 12.970000 267.2614, 398.1938, 287.2010, 399.2356, 286.4380, 413.8413, 266.4984, 412.7995
17 390 13.000000 269.2791, 397.1196, 289.0447, 398.4462, 288.0598, 413.1206, 268.2942, 411.7940
17 391 13.040000 271.6176, 396.0814, 291.3852, 397.1076, 290.6167, 411.9115, 270.8491, 410.8853
17 392 13.070000 273.2314, 395.5856, 293.0857, 396.1241, 292.6822, 411.0018, 272.8279, 410.4633
17 393 13.100000 274.9995, 395.0666, 294.8431, 395.4163, 294.5795, 410.3764, 274.7358, 410.0267
17 394 13.140000 277.3089, 394.6022, 297.1506, 394.6536, 297.1116, 409.7086, 277.2699, 409.6572
17 395 13.170000 278.8964, 394.5018, 298.8040, 394.1015, 299.1084, 409.2374, 279.2008, 409.6377
17 396 13.200000 280.7344, 394.2272, 300.5570, 393.9182, 300.7945, 409.1535, 280.9719, 409.4625
17 397 13.240000 282.9263, 394.2322, 302.7556, 393.6490, 303.2073, 409.0055, 283.3780, 409.5887
17 398 13.270000 284.4695, 394.4228, 304.3332, 393.5213, 305.0334, 408.9510, 285.1697, 409.8524
17 399 13.300000 286.1727, 394.5021, 305.9752, 393.6852, 306.6156, 409.2099, 286.8131, 410.0268
17 400 13.340000 288.2399, 394.9125, 308.0341, 393.9457, 308.7980, 409.5850, 289.0038, 410.5518
17 401 13.370000 289.6345, 395.4579, 309.4786, 394.1853, 310.4857, 409.8911, 290.6416, 411.1636
17 402 13.400000 291.2000, 395.8861, 310.9897, 394.7431, 311.9024, 410.5453, 292.1127, 411.6884
17 403 13.440000 293.0553, 396.8106, 312.8566, 395.5460, 313.8724, 411.4505, 294.0711, 412.7151
17 404 13.470000 294.2776, 397.7524, 314.1447, 396.1907, 315.3995, 412.1544, 295.5324, 413.7161
17 405 13.500000 295.6211, 398.5755, 315.4732, 397.0758, 316.6857, 413.1260, 296.8336, 414.6257
17 406 13.540000 297.1660, 399.7778, 317.0726, 398.1005, 318.4343, 414.2605, 298.5277, 415.9378
17 407 13.570000 298.0134, 400.8140, 318.0627, 398.5773, 319.8706, 414.7830, 299.8213, 417.0197
17 408 13.600000 299.0639, 401.4068, 319.1289, 399.2157, 320.9114, 415.5381, 300.8464, 417.7292
17 409 13.640000 300.0749, 402.2774, 320.2718, 399.7198, 322.3534, 416.1567, 302.1564, 418.7143
17 410 13.670000 300.5694, 402.9626, 320.9251, 399.8842, 323.4174, 416.3646, 303.0617, 419.4429
17 411 13.700000 301.3017, 403.1243, 321.6684, 400.2597, 324.0076, 416.8907, 303.6408, 419.7553
17 412 13.740000 301.8870, 403.3988, 322.3596, 400.4625, 324.7651, 417.2338, 304.2924, 420.1701
17 413 13.770000 302.0191, 403.6553, 322.6443, 400.3813, 325.3145, 417.2030, 304.6893, 420.4770
17 414 13.800000 302.3918, 403.3606, 323.0185, 400.5122, 325.3631, 417.4906, 304.7364, 420.3390
17 415 13.840000 302.4834, 402.9994, 323.2072, 400.3508, 325.3932, 417.4554, 304.6694, 420.1040
17 416 13.870000 302.2179, 402.7591, 323.1059, 399.9338, 325.4233, 417.0664, 304.5352, 419.8918
17 417 13.900000 302.2218, 401.9201, 323.0987, 399.6919, 324.9383, 416.9273, 304.0614, 419.1555
17 418 13.940000 301.7639, 400.8128, 322.7627, 398.8842, 324.3484, 416.1495, 303.3496, 418.0781
17 419 13.970000 301.0183, 400.0422, 322.2510, 397.8576, 324.0214, 415.0640, 302.7887, 417.2487
17 420 14.000000 300.5302, 398.7418, 321.8262, 396.9991, 323.2350, 414.2146, 301.9390, 415.9573
17 421 14.040000 299.5175, 397.2361, 321.0205, 395.7025, 322.2458, 412.8828, 300.7428, 414.4164
17 422 14.070000 298.6828, 396.2056, 320.3383, 394.8764, 321.3916, 412.0364, 299.7361, 413.3657
17 423 14.100000 297.9681, 395.1037, 319.6716, 394.3289, 320.2846, 411.4995, 298.5811, 412.2743
17 424 14.140000 296.8466, 393.8847, 318.6593, 393.7264, 318.7837, 410.8621, 296.9710, 411.0204
17 425 14.170000 295.6834, 393.3456, 317.7210, 393.1601, 317.8646, 410.2113, 295.8269, 410.3968
17 426 14.200000 294.8439, 392.5189, 316.9719, 393.0121, 316.5939, 409.9666, 294.4659, 409.4733
17 427 14.240000 293.3325, 391.8390, 315.6832, 392.5935, 315.1167, 409.3780, 292.7659, 408.6236
17 428 14.270000 292.0949, 391.4354, 314.6190, 392.2645, 314.0061, 408.9154, 291.4820, 408.0863
17 429 14.300000 291.0199, 390.9083, 313.7101, 392.1489, 312.8089, 408.6312, 290.1187, 407.3906
17 430 14.340000 289.4334, 390.3792, 312.3543, 391.9426, 311.2489, 408.1483, 288.3280, 406.5849
17 431 14.370000 288.0401, 390.2132, 311.1937, 391.6170, 310.2241, 407.6075, 287.0706, 406.2036
17 432 14.400000 286.9275, 389.7801, 310.2241, 391.6030, 308.9903, 407.3715, 285.6936, 405.5487
17 433 14.440000 285.2933, 389.4027, 308.8496, 391.4633, 307.4951, 406.9479, 283.9387, 404.8873
17 434 14.470000 283.9038, 389.3516, 307.7732, 391.2252, 306.5742, 406.5009, 282.7047, 404.6273
17 435 14.500000 282.8194, 389.0517, 306.8235, 391.3705, 305.3690, 406.4272, 281.3649, 404.1085
17 436 14.540000 281.1694, 389.0767, 305.4907, 391.5156, 304.0093, 406.2877, 279.6881, 403.8487
17 437 14.570000 279.8386, 389.3790, 304.4617, 391.6462, 303.1187, 406.2311, 278.4957, 403.9638
17 438 14.600000 278.7506, 389.5281, 303.5492, 392.1583, 302.0217, 406.5605, 277.2231, 403.9304
17 439 14.640000 277.1804, 390.0468, 302.3062, 392.7777, 300.7621, 406.9833, 275.6364, 404.2524
17 440 14.670000 275.9195, 390.6555, 301.3612, 393.1533, 299.9776, 407.2468, 274.5358, 404.7490
17 441 14.700000 274.9365, 390.9914, 300.5575, 393.8665, 298.9871, 407.8606, 273.3661, 404.9854
17 442 14.740000 273.5350, 391.6648, 299.4840, 394.6309, 297.8924, 408.5550, 271.9435, 405.5889
17 443 14.770000 272.4135, 392.3479, 298.6754, 395.0306, 297.2536, 408.9493, 270.9917, 406.2666
17 444 14.800000 271.5975, 392.6846, 298.0322, 395.7663, 296.4082, 409.6968, 269.9736, 406.6151
17 445 14.840000 270.4265, 393.3607, 297.1796, 396.5017, 295.5352, 410.5075, 268.7821, 407.3665
17 446 14.870000 269.4872, 394.0474, 296.5451, 396.8669, 295.0756, 410.9687, 268.0178, 408.1492
17 447 14.900000 268.8674, 394.3778, 296.0862, 397.5870, 294.4112, 411.7931, 267.1924, 408.5839
17 448 14.940000 267.9659, 395.0745, 295.4855, 398.3168, 293.7912, 412.6970, 266.2716, 409.4547
17 449 14.970000 267.2321, 395.7993, 295.0439, 398.6956, 293.5311, 413.2222, 265.7193, 410.3259
