72 0 0.010000 455.1617, 361.3708, 480.4928, 361.9861, 480.1906, 374.4306, 454.8595, 373.8153
72 1 0.040000 455.0020, 361.3851, 480.3656, 361.4139, 480.3518, 373.5014, 454.9882, 373.4725
72 2 0.070000 454.8701, 360.9277, 480.2514, 360.5561, 480.4253, 372.4302, 455.0440, 372.8018
72 3 0.110000 454.6650, 360.0287, 480.0596, 359.2488, 480.4192, 370.9596, 455.0247, 371.7395
72 4 0.140000 454.4683, 359.3245, 479.8618, 358.2704, 480.3455, 369.9247, 454.9520, 370.9787
72 5 0.170000 454.2524, 358.5882, 479.6480, 357.4128, 480.1893, 369.1077, 454.7937, 370.2831
72 6 0.200000 453.9746, 358.0202, 479.3544, 356.6378, 479.9942, 368.3854, 454.6144, 369.7677
72 7 0.240000 453.5499, 357.4060, 478.9081, 355.8719, 479.6286, 367.7825, 454.2705, 369.3166
72 8 0.270000 453.2042, 357.0184, 478.5617, 355.5531, 479.2624, 367.6794, 453.9050, 369.1447
72 9 0.310000 452.6502, 356.8607, 477.9762, 355.3512, 478.7169, 367.7777, 453.3909, 369.2872
72 10 0.340000 452.1639, 357.0090, 477.4365, 355.3514, 478.2692, 368.0468, 452.9966, 369.7044
72 11 0.370000 451.6726, 357.2378, 476.9379, 355.6854, 477.7347, 368.6530, 452.4694, 370.2054
72 12 0.400000 451.0307, 357.8244, 476.2579, 355.9460, 477.2513, 369.2876, 452.0241, 371.1660
72 13 0.440000 450.1410, 358.7759, 475.3933, 356.7135, 476.5193, 370.5008, 451.2671, 372.5632
72 14 0.470000 449.4371, 359.6015, 474.7296, 357.5205, 475.8903, 371.6272, 450.5977, 373.7082
72 15 0.500000 448.6211, 360.6265, 473.8781, 358.2082, 475.2653, 372.6960, 450.0083, 375.1142
72 16 0.540000 447.4765, 361.8651, 472.7197, 359.2117, 474.2910, 374.1605, 449.0479, 376.8139
72 17 0.570000 446.6013, 362.5226, 471.9419, 360.0738, 473.4124, 375.2899, 448.0718, 377.7387
72 18 0.610000 445.2772, 363.3430, 470.6321, 360.8209, 472.1830, 376.4123, 446.8281, 378.9344
72 19 0.640000 444.1211, 364.0704, 469.2777, 360.9200, 471.2646, 376.7854, 446.1080, 379.9359
72 20 0.670000 443.0139, 364.3445, 468.2261, 361.3301, 470.1383, 377.3232, 444.9261, 380.3376
72 21 0.700000 441.7208, 364.8097, 466.7066, 361.2039, 469.0380, 377.3584, 444.0521, 380.9643
72 22 0.740000 439.9596, 364.9439, 464.8738, 361.1889, 467.3216, 377.4301, 442.4074, 381.1851
72 23 0.770000 438.6082, 364.6545, 463.6713, 361.3056, 465.8376, 377.5178, 440.7745, 380.8667
72 24 0.800000 437.0576, 364.5515, 461.9547, 360.8544, 464.3640, 377.0786, 439.4668, 380.7757
72 25 0.840000 434.9302, 363.8979, 459.8435, 360.3430, 462.1461, 376.4804, 437.2328, 380.0353
72 26 0.870000 433.2984, 362.9973, 458.4003, 360.0381, 460.2852, 376.0266, 435.1833, 378.9858
72 27 0.900000 431.4455, 362.3138, 456.3944, 359.0710, 458.4610, 374.9710, 433.5121, 378.2137
72 28 0.940000 428.9249, 360.8797, 453.8831, 357.8589, 455.7815, 373.5438, 430.8233, 376.5645
72 29 0.970000 426.9962, 359.4646, 452.0831, 357.0091, 453.5962, 372.4683, 428.5094, 374.9238
72 30 1.000000 424.8474, 358.3571, 449.7611, 355.5791, 451.4682, 370.8887, 426.5545, 373.6668
72 31 1.040000 421.9797, 356.5266, 446.9183, 354.1034, 448.3813, 369.1598, 423.4426, 371.5830
72 32 1.070000 419.8006, 355.0827, 444.8539, 353.2741, 445.9258, 368.1219, 420.8725, 369.9305
72 33 1.110000 416.7376, 353.4704, 441.8347, 352.1342, 442.6135, 366.7621, 417.5164, 368.0983
72 34 1.140000 414.3116, 352.5230, 439.3707, 351.2196, 440.1258, 365.7381, 415.0667, 367.0415
72 35 1.170000 411.9270, 351.4489, 437.0596, 350.7009, 437.4869, 365.0572, 412.3543, 365.8052
72 36 1.210000 408.6035, 350.3139, 433.7531, 349.9358, 433.9665, 364.1331, 408.8170, 364.5113
72 37 1.240000 405.9921, 349.6968, 431.0996, 349.2569, 431.3471, 363.3847, 406.2396, 363.8245
72 38 1.270000 403.4678, 348.8853, 428.6293, 349.0167, 428.5564, 362.9704, 403.3950, 362.8391
72 39 1.310000 399.9393, 348.1057, 425.0958, 348.4705, 424.8956, 362.2758, 399.7391, 361.9110
72 40 1.340000 397.2091, 347.6668, 422.3344, 347.9790, 422.1638, 361.7077, 397.0385, 361.3954
72 41 1.370000 394.5513, 347.0612, 419.7040, 347.8045, 419.3027, 361.3844, 394.1500, 360.6411
72 42 1.410000 390.9237, 346.4223, 416.0793, 347.4973, 415.5074, 360.8816, 390.3518, 359.8067
72 43 1.440000 388.0721, 346.1798, 413.2136, 347.0331, 412.7619, 360.3425, 387.6204, 359.4892
72 44 1.470000 385.3659, 345.6694, 410.5511, 347.0616, 409.8272, 360.1552, 384.6421, 358.7630
72 45 1.510000 381.6119, 345.3212, 406.8287, 346.8975, 406.0210, 359.8191, 380.8042, 358.2428
72 46 1.540000 378.7379, 345.2740, 403.9657, 346.7805, 403.1993, 359.6151, 377.9714, 358.1086
72 47 1.570000 375.9815, 345.1377, 401.2397, 347.1396, 400.2367, 359.7946, 374.9785, 357.7927
72 48 1.610000 372.1963, 345.3778, 397.4774, 347.5929, 396.3823, 360.0912, 371.1012, 357.8761
72 49 1.640000 369.3152, 345.8125, 394.6090, 348.0091, 393.5294, 360.4403, 368.2356, 358.2437
72 50 1.670000 366.5279, 346.2510, 391.8342, 348.8232, 390.5826, 361.1371, 365.2763, 358.5649
72 51 1.710000 362.7489, 347.2352, 388.0667, 350.0006, 386.7306, 362.2333, 361.4128, 359.4678
72 52 1.740000 359.8547, 348.3090, 385.1908, 350.9471, 383.9172, 363.1785, 358.5811, 360.5404
72 53 1.770000 357.0920, 349.3896, 382.4280, 352.4019, 380.9823, 364.5608, 355.6464, 361.5484
72 54 1.810000 353.3384, 351.3274, 378.6867, 354.4983, 377.1668, 366.6493, 351.8184, 363.4784
72 55 1.840000 350.4888, 353.1492, 375.8556, 356.2556, 374.3609, 368.4613, 348.9942, 365.3550
72 56 1.870000 347.7490, 355.0860, 373.1144, 358.5175, 371.4613, 370.7372, 346.0958, 367.3056
72 57 1.910000 344.0459, 358.2209, 369.4259, 361.8072, 367.6835, 374.1379, 342.3035, 370.5516
72 58 1.940000 341.2363, 360.9716, 366.6424, 364.4730, 364.9225, 376.9527, 339.5164, 373.4513
72 59 1.970000 338.5481, 363.8006, 363.9589, 367.5733, 362.0894, 380.1660, 336.6785, 376.3933
72 60 2.010000 334.9663, 367.8378, 360.4039, 371.7021, 358.4559, 384.5249, 333.0183, 380.6605
72 61 2.040000 332.2769, 370.9227, 357.7546, 374.5218, 355.9157, 387.5394, 330.4380, 383.9404
72 62 2.070000 329.9553, 373.3948, 355.4119, 377.7172, 353.2010, 390.7385, 327.7443, 386.4160
72 63 2.110000 326.9005, 376.5079, 352.3630, 381.2530, 349.9257, 394.3316, 324.4632, 389.5865
72 64 2.140000 324.5961, 378.7637, 350.1144, 383.2019, 347.8114, 396.4437, 322.2931, 392.0055
72 65 2.170000 322.6830, 380.4143, 348.1849, 385.4140, 345.5926, 398.6368, 320.0907, 393.6372
72 66 2.210000 320.1301, 382.5480, 345.6826, 387.4665, 343.1129, 400.8162, 317.5605, 395.8977
72 67 2.240000 318.2303, 384.0915, 343.8617, 388.3964, 341.5890, 401.9280, 315.9576, 397.6230
72 68 2.270000 316.7104, 385.0635, 342.3584, 389.6029, 339.9594, 403.1572, 314.3114, 398.6178
72 69 2.310000 314.6958, 386.2852, 340.4129, 390.4547, 338.1925, 404.1499, 312.4754, 399.9804
72 70 2.340000 313.1638, 387.1613, 338.9703, 390.5284, 337.1582, 404.4172, 311.3517, 401.0502
72 71 2.370000 312.0129, 387.4349, 337.8509, 390.9352, 335.9674, 404.8391, 310.1294, 401.3389
72 72 2.410000 310.4410, 387.7298, 336.3486, 390.7717, 334.7039, 404.7800, 308.7963, 401.7381
72 73 2.440000 309.2376, 387.8997, 335.1970, 390.1678, 333.9630, 404.2911, 308.0036, 402.0230
72 74 2.470000 308.3664, 387.4858, 334.3608, 389.9281, 333.0365, 404.0231, 307.0421, 401.5808
72 75 2.510000 307.1308, 386.9550, 333.1732, 389.0676, 332.0280, 403.1848, 305.9856, 401.0722
72 76 2.540000 306.1258, 386.6695, 332.1989, 388.0508, 331.4464, 402.2548, 305.3733, 400.8736
72 77 2.570000 305.3401, 386.0459, 331.4257, 387.3899, 330.6932, 401.6070, 304.6076, 400.2630
72 78 2.610000 304.2164, 385.3506, 330.3023, 386.2598, 329.8043, 400.5458, 303.7185, 399.6366
72 79 2.640000 303.2883, 384.9681, 329.3357, 385.1621, 329.2285, 399.5646, 303.1810, 399.3705
72 80 2.670000 302.5721, 384.1594, 328.6074, 384.5147, 328.4101, 398.9718, 302.3749, 398.6165
72 81 2.710000 301.4508, 383.2998, 327.4106, 383.2538, 327.4364, 397.8430, 301.4766, 397.8890
72 82 2.740000 300.5302, 382.7070, 326.4002, 382.1349, 326.7251, 396.8261, 300.8550, 397.3982
72 83 2.770000 299.7597, 381.7032, 325.5798, 381.3374, 325.7889, 396.1022, 299.9689, 396.4680
72 84 2.800000 298.7688, 381.0009, 324.4512, 380.0444, 325.0048, 394.9069, 299.3224, 395.8634
72 85 2.840000 297.5235, 379.6345, 323.0530, 378.4749, 323.7335, 393.4562, 298.2039, 394.6158
72 86 2.870000 296.6212, 378.2962, 322.0732, 377.3693, 322.6219, 392.4336, 297.1698, 393.3605
72 87 2.900000 295.4758, 377.2711, 320.7133, 375.7174, 321.6450, 390.8506, 296.4075, 392.4043
72 88 2.940000 293.9886, 375.4377, 319.0039, 373.6593, 320.0858, 388.8776, 295.0705, 390.6561
72 89 2.970000 292.8562, 373.7482, 317.8000, 372.2459, 318.7216, 387.5465, 293.7777, 389.0489
72 90 3.000000 291.3092, 372.4625, 316.2171, 370.4686, 317.4459, 385.8194, 292.5380, 387.8133
72 91 3.040000 289.4113, 370.5671, 314.3056, 368.7067, 315.4575, 384.1211, 290.5633, 385.9815
72 92 3.070000 288.0625, 369.2059, 312.9632, 367.8522, 313.8048, 383.3340, 288.9042, 384.6877
72 93 3.100000 286.5034, 368.3679, 311.3904, 367.0819, 312.1913, 382.5825, 287.3043, 383.8684
72 94 3.140000 284.4723, 367.5248, 309.3492, 366.6548, 309.8926, 382.1947, 285.0158, 383.0647
72 95 3.170000 282.9757, 367.1330, 307.8413, 366.7639, 308.0723, 382.3328, 283.2067, 382.7018
72 96 3.200000 281.2950, 367.2521, 306.2583, 366.9833, 306.4259, 382.5492, 281.4626, 382.8180
72 97 3.240000 279.1101, 367.7388, 304.1963, 367.8607, 304.1206, 383.4340, 279.0345, 383.3122
72 98 3.270000 277.5202, 368.3705, 302.6584, 368.9676, 302.2882, 384.5547, 277.1500, 383.9577
72 99 3.300000 275.7645, 369.5338, 301.0194, 370.2306, 300.5895, 385.8131, 275.3347, 385.1164
72 100 3.340000 273.5049, 371.5032, 298.8605, 372.5767, 298.2003, 388.1719, 272.8446, 387.0983
72 101 3.370000 271.8651, 373.3415, 297.2552, 374.8453, 296.3302, 390.4631, 270.9401, 388.9593
72 102 3.400000 270.0926, 375.7382, 295.5804, 377.3639, 294.5831, 392.9994, 269.0954, 391.3738
72 103 3.440000 267.8091, 379.4478, 293.3741, 381.4147, 292.1680, 397.0915, 266.6030, 395.1247
72 104 3.470000 266.1692, 382.5567, 291.7472, 384.9127, 290.2989, 400.6359, 264.7209, 398.2799
72 105 3.500000 264.4206, 386.0257, 290.0871, 388.4633, 288.5882, 404.2457, 262.9217, 401.8081
72 106 3.540000 262.2300, 390.5550, 287.9703, 393.2143, 286.3363, 409.0308, 260.5959, 406.3715
72 107 3.570000 260.7910, 393.5890, 286.5128, 396.6422, 284.6343, 412.4677, 258.9125, 409.4145
72 108 3.600000 259.1399, 396.7413, 285.0232, 399.5389, 283.3262, 415.2390, 257.4429, 412.4414
72 109 3.640000 257.3136, 400.1743, 283.2685, 403.0596, 281.5158, 418.8267, 255.5608, 415.9414
72 110 3.670000 256.2589, 402.2393, 282.1539, 405.6351, 280.0853, 421.4095, 254.1903, 418.0138
72 111 3.700000 254.9225, 404.5018, 280.9762, 407.5737, 279.1174, 423.3393, 253.0636, 420.2674
72 112 3.740000 253.6547, 406.8173, 279.7047, 410.2392, 277.6412, 425.9480, 251.5912, 422.5261
72 113 3.770000 253.0126, 408.1305, 278.9346, 412.1704, 276.4842, 427.8933, 250.5622, 423.8534
72 114 3.800000 252.1349, 409.6469, 278.1494, 413.5803, 275.7692, 429.3223, 249.7547, 425.3890
72 115 3.840000 251.3009, 411.2836, 277.3292, 415.3663, 274.8511, 431.1652, 248.8228, 427.0825
72 116 3.870000 251.0412, 412.1536, 276.9210, 416.8232, 274.0689, 432.6300, 248.1891, 427.9603
72 117 3.900000 250.3538, 413.4837, 276.4492, 417.6020, 273.9599, 433.3751, 247.8645, 429.2568
72 118 3.940000 249.9865, 414.7258, 276.1190, 418.8826, 273.6166, 434.6147, 247.4841, 430.4580
72 119 3.970000 249.9253, 415.4598, 276.0210, 419.8121, 273.4000, 435.5273, 247.3043, 431.1750
72 120 4.000000 249.7069, 416.3698, 275.9497, 420.3572, 273.5693, 436.0235, 247.3265, 432.0361
72 121 4.040000 249.7105, 417.2771, 276.0406, 421.0168, 273.8215, 436.6412, 247.4913, 432.9015
72 122 4.070000 250.1209, 417.4656, 276.3378, 421.6260, 273.8560, 437.2653, 247.6391, 433.1050
72 123 4.100000 250.2397, 417.9973, 276.5681, 421.6804, 274.3844, 437.2906, 248.0560, 433.6076
72 124 4.140000 250.8125, 418.1828, 277.1243, 421.8064, 274.9712, 437.4400, 248.6594, 433.8164
72 125 4.170000 251.5404, 417.9619, 277.7116, 421.9438, 275.3267, 437.6185, 249.1555, 433.6365
72 126 4.200000 251.9721, 418.0897, 278.2293, 421.5462, 276.1656, 437.2228, 249.9084, 433.7663
72 127 4.240000 252.8595, 417.8732, 279.1008, 421.0021, 277.2274, 436.7142, 250.9861, 433.5854
72 128 4.270000 253.7163, 417.4532, 279.8765, 420.5695, 278.0008, 436.3165, 251.8405, 433.2003
72 129 4.300000 254.3419, 417.3002, 280.5641, 419.6924, 279.1286, 435.4277, 252.9064, 433.0354
72 130 4.340000 255.5270, 416.5604, 281.6634, 418.6248, 280.4173, 434.4007, 254.2809, 432.3363
72 131 4.370000 256.6947, 415.5660, 282.6284, 417.9267, 281.1851, 433.7817, 255.2515, 431.4210
72 132 4.400000 257.5840, 414.8524, 283.4721, 416.7587, 282.3018, 432.6504, 256.4138, 430.7441
72 133 4.440000 259.1132, 413.3496, 284.7675, 415.3331, 283.5316, 431.3183, 257.8773, 429.3348
72 134 4.470000 260.5130, 411.8376, 285.8606, 414.3492, 284.2650, 430.4524, 258.9174, 427.9408
72 135 4.500000 261.5802, 410.6901, 286.8196, 412.9043, 285.4003, 429.0829, 260.1609, 426.8686
72 136 4.540000 263.4096, 408.7167, 288.2906, 411.3012, 286.5963, 427.6127, 261.7153, 425.0282
72 137 4.570000 264.9751, 407.1292, 289.4871, 410.2854, 287.3817, 426.6364, 262.8697, 423.4802
72 138 4.600000 266.2863, 405.8706, 290.6162, 408.9916, 288.5139, 425.3806, 264.1840, 422.2596
72 139 4.640000 268.3769, 403.9897, 292.2931, 407.5625, 289.8444, 423.9535, 265.9283, 420.3807
72 140 4.670000 270.2545, 402.4112, 293.6879, 406.7128, 290.6853, 423.0697, 267.2519, 418.7681
72 141 4.700000 271.7858, 401.1980, 295.0469, 405.4628, 292.0435, 421.8440, 268.7824, 417.5792
72 142 4.740000 274.2113, 399.4069, 297.0640, 404.0185, 293.7645, 420.3690, 270.9118, 415.7574
72 143 4.770000 276.2656, 397.9897, 298.7221, 403.0281, 295.0685, 419.3128, 272.6119, 414.2744
72 144 4.800000 278.0668, 396.8216, 300.4130, 401.6921, 296.8611, 417.9884, 274.5149, 413.1179
72 145 4.840000 280.7948, 395.1325, 302.8874, 399.9954, 299.3028, 416.2802, 277.2103, 411.4173
72 146 4.870000 283.1777, 393.7166, 304.9213, 398.8572, 301.0875, 415.0734, 279.3439, 409.9328
72 147 4.900000 285.2231, 392.5610, 306.9920, 397.2728, 303.4689, 413.5497, 281.7000, 408.8379
72 148 4.940000 288.3914, 390.8154, 309.9894, 395.3281, 306.5928, 411.5847, 284.9947, 407.0721
72 149 4.970000 291.0638, 389.3607, 312.5723, 393.9912, 309.0871, 410.1794, 287.5787, 405.5489
72 150 5.000000 293.4417, 388.1240, 314.9999, 392.2046, 311.9285, 408.4308, 290.3703, 404.3501
72 151 5.040000 297.0481, 386.2341, 318.5826, 390.0138, 315.7395, 406.2121, 294.2050, 402.4324
72 152 5.070000 299.9903, 384.6852, 321.4711, 388.4488, 318.6478, 404.5626, 297.1670, 400.7990
72 153 5.100000 302.7218, 383.2788, 324.2372, 386.5156, 321.8160, 402.6097, 300.3006, 399.3729
72 154 5.140000 306.7002, 381.1451, 328.2020, 384.0238, 326.0623, 400.0058, 304.5604, 397.1271
72 155 5.170000 309.9941, 379.2739, 331.4329, 382.2636, 329.2260, 398.0882, 307.7873, 395.0985
72 156 5.200000 312.9738, 377.5629, 334.4454, 379.9762, 332.6762, 395.7168, 311.2047, 393.3036
72 157 5.240000 317.1802, 374.9231, 338.7073, 376.8965, 337.2827, 392.4370, 315.7556, 390.4636
72 158 5.270000 320.4758, 372.5673, 342.1351, 374.5920, 340.7019, 389.9244, 319.0426, 387.8998
72 159 5.300000 323.5954, 370.3840, 345.2565, 371.6170, 344.3929, 386.7895, 322.7317, 385.5566
72 160 5.340000 327.9471, 366.8410, 349.6971, 367.5537, 349.2088, 382.4531, 327.4589, 381.7403
72 161 5.370000 331.3270, 363.6584, 353.2189, 364.3854, 352.7320, 379.0455, 330.8402, 378.3185
72 162 5.400000 334.5101, 360.5500, 356.3846, 360.4477, 356.4522, 374.8963, 334.5777, 374.9985
72 163 5.440000 338.8772, 355.5981, 360.8408, 355.0262, 361.2082, 369.1380, 339.2446, 369.7099
72 164 5.470000 342.2400, 351.2604, 364.3830, 350.9324, 364.5881, 364.7759, 342.4451, 365.1040
72 165 5.500000 345.3970, 347.1322, 367.5691, 346.2913, 368.0858, 359.9153, 345.9137, 360.7562
72 166 5.540000 349.6175, 341.7085, 371.8861, 340.5100, 372.6044, 353.8563, 350.3358, 355.0548
72 167 5.570000 352.7017, 338.1614, 374.9894, 336.4820, 375.9810, 349.6414, 353.6933, 351.3208
72 168 5.600000 355.7064, 335.1451, 377.9395, 332.7380, 379.3459, 345.7285, 357.1128, 348.1356
72 169 5.640000 359.6830, 331.6428, 381.8650, 328.4800, 383.6854, 341.2467, 361.5034, 344.4095
72 170 5.670000 362.6314, 329.3461, 384.8128, 325.8184, 386.8179, 338.4261, 364.6365, 341.9538
72 171 5.700000 365.4793, 327.4781, 387.5910, 323.3943, 389.8916, 335.8509, 367.7799, 339.9348
72 172 5.740000 369.1844, 325.3150, 391.2652, 320.7694, 393.7943, 333.0551, 371.7135, 337.6007
72 173 5.770000 371.8747, 323.9013, 393.9938, 319.2317, 396.5672, 331.4214, 374.4481, 336.0910
72 174 5.800000 374.4184, 322.8990, 396.4682, 317.8096, 399.2610, 329.9094, 377.2112, 334.9988
72 175 5.840000 377.6598, 321.8115, 399.6892, 316.4263, 402.6281, 328.4486, 380.5987, 333.8338
72 176 5.870000 379.9718, 321.1460, 402.0632, 315.7844, 404.9760, 327.7862, 382.8847, 333.1478
72 177 5.900000 382.1230, 320.8629, 404.1602, 315.2323, 407.2223, 327.2168, 385.1852, 332.8474
72 178 5.940000 384.8185, 320.6480, 406.8969, 315.0068, 409.9665, 327.0205, 387.8881, 332.6617
72 179 5.970000 386.7072, 320.5805, 408.9072, 315.2077, 411.8305, 327.2867, 389.6305, 332.6595
72 180 6.000000 388.4242, 320.8310, 410.6358, 315.4517, 413.5778, 327.5996, 391.3662, 332.9789
72 181 6.040000 390.5004, 321.2580, 412.7824, 316.0617, 415.6474, 328.3470, 393.3654, 333.5433
72 182 6.070000 391.9052, 321.5751, 414.3184, 316.7477, 416.9904, 329.1533, 394.5771, 333.9808
72 183 6.100000 393.1033, 322.2294, 415.4843, 317.3005, 418.2379, 329.8040, 395.8569, 334.7329
72 184 6.140000 394.5109, 323.1037, 416.9496, 318.3411, 419.6337, 330.9872, 397.1950, 335.7499
72 185 6.170000 395.4410, 323.7176, 418.0318, 319.3963, 420.4771, 332.1798, 397.8863, 336.5010
72 186 6.200000 396.1718, 324.7334, 418.7220, 320.3002, 421.2590, 333.2056, 398.7089, 337.6388
72 187 6.240000 397.0158, 326.0455, 419.6844, 321.9615, 422.0434, 335.0551, 399.3748, 339.1391
72 188 6.270000 397.5430, 327.1373, 420.3428, 323.4704, 422.4709, 336.7023, 399.6710, 340.3692
72 189 6.300000 397.9088, 328.6022, 420.7196, 324.9601, 422.8538, 338.3265, 400.0429, 341.9686
72 190 6.340000 398.2982, 330.7140, 421.2170, 327.4157, 423.1684, 340.9747, 400.2495, 344.2730
72 191 6.370000 398.5259, 332.4709, 421.5873, 329.6344, 423.2722, 343.3329, 400.2108, 346.1694
72 192 6.400000 398.6241, 334.6597, 421.7219, 331.9262, 423.3603, 345.7704, 400.2624, 348.5039
72 193 6.440000 398.6862, 337.9001, 421.9016, 335.5221, 423.3384, 349.5491, 400.1230, 351.9271
72 194 6.470000 398.6826, 340.5790, 422.0231, 338.5866, 423.2318, 352.7467, 399.8914, 354.7391
72 195 6.500000 398.5554, 343.6052, 421.9393, 341.6729, 423.1204, 355.9663, 399.7365, 357.8986
72 196 6.540000 398.2975, 347.6027, 421.7759, 345.8805, 422.8397, 360.3834, 399.3613, 362.1055
72 197 6.570000 398.0748, 350.4050, 421.6833, 349.1040, 422.4878, 363.7027, 398.8793, 365.0038
72 198 6.600000 397.6229, 353.4861, 421.1433, 351.7496, 422.2335, 366.5159, 398.7131, 368.2523
72 199 6.640000 397.0246, 357.1701, 420.5828, 355.4613, 421.6673, 370.4131, 398.1092, 372.1219
72 200 6.670000 396.5608, 359.7066, 420.2511, 358.3779, 421.0942, 373.4106, 397.4039, 374.7393
72 201 6.700000 395.9091, 362.5204, 419.5332, 360.8840, 420.5830, 376.0390, 396.9589, 377.6754
72 202 6.740000 395.0294, 366.0479, 418.7035, 364.4849, 419.7106, 379.7392, 396.0366, 381.3022
72 203 6.770000 394.3598, 368.5755, 418.1568, 367.3842, 418.9224, 382.6795, 395.1254, 383.8707
72 204 6.800000 393.5273, 371.4123, 417.2933, 370.0303, 418.1872, 385.4015, 394.4211, 386.7835
72 205 6.840000 392.4204, 375.1279, 416.2672, 373.9414, 417.0349, 389.3722, 393.1882, 390.5586
72 206 6.870000 391.5701, 377.9721, 415.5320, 377.1275, 416.0767, 392.5843, 392.1149, 393.4289
72 207 6.900000 390.5687, 381.2271, 414.4970, 380.1675, 415.1846, 395.6954, 391.2563, 396.7549
72 208 6.940000 389.1980, 385.7660, 413.1317, 384.6026, 413.8901, 400.2061, 389.9564, 401.3695
72 209 6.970000 388.1439, 389.2917, 412.1201, 388.2014, 412.8316, 403.8471, 388.8554, 404.9374
72 210 7.000000 386.9349, 393.0990, 410.8178, 391.5820, 411.8175, 407.3201, 387.9346, 408.8371
72 211 7.040000 385.2677, 397.8276, 409.0990, 396.0414, 410.2823, 411.8281, 386.4510, 413.6144
72 212 7.070000 383.9666, 400.9013, 407.8634, 399.2425, 408.9544, 414.9586, 385.0575, 416.6174
72 213 7.100000 382.3562, 404.1157, 405.9497, 401.4764, 407.7101, 417.2133, 384.1166, 419.8526
72 214 7.140000 380.1269, 407.5208, 403.5194, 404.2907, 405.6903, 420.0127, 382.2978, 423.2427
72 215 7.170000 378.3667, 409.3987, 401.8049, 406.2921, 403.8886, 422.0121, 380.4504, 425.1188
72 216 7.200000 376.2926, 411.3641, 399.4563, 407.5601, 402.0362, 423.2703, 378.8726, 427.0743
72 217 7.240000 373.3547, 413.1454, 396.4150, 409.1259, 399.1548, 424.8440, 376.0945, 428.8636
72 218 7.270000 371.0062, 413.8484, 394.1985, 410.2050, 396.6710, 425.9445, 373.4788, 429.5878
72 219 7.300000 368.3189, 414.6919, 391.3038, 410.5660, 394.1275, 426.2967, 371.1426, 430.4225
72 220 7.340000 364.5317, 414.9524, 387.5202, 410.9125, 390.2876, 426.6601, 367.2991, 430.7000
72 221 7.370000 361.5210, 414.5507, 384.6718, 411.0025, 387.0908, 426.7858, 363.9400, 430.3340
72 222 7.400000 358.1747, 414.2233, 381.1859, 410.3753, 383.8250, 426.1573, 360.8138, 430.0053
72 223 7.440000 353.4944, 412.9960, 376.5181, 409.2861, 379.0622, 425.0746, 356.0385, 428.7845
72 224 7.470000 349.8505, 411.4598, 373.0503, 408.3438, 375.1737, 424.1538, 351.9739, 427.2698
72 225 7.500000 345.8512, 410.2092, 368.8644, 406.6599, 371.3000, 422.4519, 348.2867, 426.0011
72 226 7.540000 340.4633, 407.9046, 363.5653, 404.7670, 365.7126, 420.5778, 342.6107, 423.7154
72 227 7.570000 336.3724, 405.9799, 359.6644, 403.6184, 361.2674, 419.4293, 337.9754, 421.7908
72 228 7.600000 332.0604, 404.4047, 355.3394, 402.2153, 356.8252, 418.0136, 333.5462, 420.2031
72 229 7.640000 326.2442, 402.1757, 349.5876, 400.5892, 350.6602, 416.3707, 327.3168, 417.9572
72 230 7.670000 321.8491, 400.4017, 345.2770, 399.5228, 345.8681, 415.2787, 322.4403, 416.1577
72 231 7.700000 317.2524, 398.9203, 340.6075, 398.1302, 341.1399, 413.8681, 317.7848, 414.6582
72 232 7.740000 311.1252, 396.7222, 334.4465, 396.4260, 334.6459, 412.1243, 311.3246, 412.4205
72 233 7.770000 306.5661, 394.8626, 329.9006, 395.2689, 329.6282, 410.9140, 306.2937, 410.5076
72 234 7.800000 301.7931, 393.2510, 325.0371, 393.6849, 324.7456, 409.2987, 301.5016, 408.8648
72 235 7.840000 295.4003, 390.7470, 318.6953, 391.6622, 318.0847, 407.2044, 294.7897, 406.2892
72 236 7.870000 290.7729, 388.5536, 314.0687, 390.2006, 312.9748, 405.6736, 289.6790, 404.0267
72 237 7.900000 285.8286, 386.5620, 309.1774, 388.2260, 308.0785, 403.6450, 284.7297, 401.9809
72 238 7.940000 279.4978, 383.4562, 302.8687, 385.6077, 301.4587, 400.9251, 278.0877, 398.7736
72 239 7.970000 274.9773, 380.7976, 298.3075, 383.6826, 296.4258, 398.8994, 273.0957, 396.0145
72 240 8.000000 270.0829, 378.5016, 293.5410, 381.2437, 291.7711, 396.3850, 268.3130, 393.6429
72 241 8.040000 264.0191, 375.1826, 287.6294, 378.5876, 285.4656, 393.5917, 261.8553, 390.1867
72 242 8.070000 259.6742, 372.7675, 283.2767, 376.9748, 280.6206, 391.8748, 257.0181, 387.6674
72 243 8.100000 255.1422, 370.7872, 278.8992, 375.3254, 276.0644, 390.1653, 252.3073, 385.6271
72 244 8.140000 249.3292, 368.3458, 273.1873, 373.5601, 269.9623, 388.3160, 246.1042, 383.1017
72 245 8.170000 245.1623, 366.6468, 269.0121, 372.5341, 265.3851, 387.2276, 241.5353, 381.3403
72 246 8.200000 240.8216, 365.3595, 264.8704, 371.4093, 261.1799, 386.0798, 237.1310, 380.0300
72 247 8.240000 235.3394, 363.7792, 259.5411, 370.2756, 255.6136, 384.9069, 231.4120, 378.4105
72 248 8.270000 231.4808, 362.6890, 255.6975, 369.7072, 251.4716, 384.2891, 227.2549, 377.2710
72 249 8.300000 227.4720, 361.9856, 251.9362, 369.0191, 247.7431, 383.6040, 223.2789, 376.5706
72 250 8.340000 222.5138, 361.1539, 247.1549, 368.5036, 242.8102, 383.0701, 218.1690, 375.7205
72 251 8.370000 219.1071, 360.6074, 243.7475, 368.4397, 239.1276, 382.9739, 214.4872, 375.1417
72 252 8.400000 215.5680, 360.4629, 240.4450, 368.2893, 235.8689, 382.8350, 210.9919, 375.0086
72 253 8.440000 211.2971, 360.3771, 236.2968, 368.5486, 231.5469, 383.0803, 206.5472, 374.9088
72 254 8.470000 208.4638, 360.3606, 233.3903, 369.0729, 228.3233, 383.5697, 203.3969, 374.8573
72 255 8.500000 205.5543, 360.6470, 230.6516, 369.4254, 225.5781, 383.9305, 200.4808, 375.1521
72 256 8.540000 202.1458, 360.9143, 227.3956, 369.8812, 222.2718, 384.3091, 197.0220, 375.3423
72 257 8.570000 200.4006, 360.5803, 225.3438, 370.3948, 219.7185, 384.6912, 194.7753, 374.8767
72 258 8.600000 198.4102, 360.4870, 223.5893, 370.1776, 218.1067, 384.4230, 192.9276, 374.7325
72 259 8.640000 196.5538, 359.8576, 221.8190, 369.7186, 216.2957, 383.8702, 191.0305, 374.0092
72 260 8.670000 195.8484, 358.9526, 220.9271, 369.3335, 215.1228, 383.3559, 190.0441, 372.9751
72 261 8.700000 194.7905, 358.3974, 220.3591, 368.1121, 215.0582, 382.0638, 189.4897, 372.3491
72 262 8.740000 194.4645, 356.9229, 220.2044, 366.5368, 215.0570, 380.3183, 189.3171, 370.7044
72 263 8.770000 194.6941, 355.5088, 220.5134, 365.0755, 215.4536, 378.7313, 189.6343, 369.1646
72 264 8.800000 194.9530, 354.1205, 221.1567, 363.0341, 216.5478, 376.5832, 190.3441, 367.6696
72 265 8.840000 195.8784, 351.8750, 222.5263, 359.8600, 218.5348, 373.1806, 191.8868, 365.1955
72 266 8.870000 197.4192, 349.3635, 224.0007, 357.5279, 219.9686, 370.6555, 193.3871, 362.4911
72 267 8.900000 198.5975, 347.2800, 225.6723, 354.1371, 222.4127, 367.0075, 195.3379, 360.1505
72 268 8.940000 201.1139, 343.4310, 228.4120, 349.4652, 225.6389, 362.0107, 198.3407, 355.9764
72 269 8.970000 203.5493, 339.8410, 230.8062, 345.8292, 228.1027, 358.1349, 200.8458, 352.1466
72 270 9.000000 205.8140, 336.5976, 233.2835, 341.5415, 231.1337, 353.4865, 203.6642, 348.5427
72 271 9.040000 209.2783, 331.8038, 236.8468, 335.7787, 235.1447, 347.5838, 207.5762, 343.6089
72 272 9.070000 211.9771, 328.3964, 239.5755, 331.6381, 238.1657, 343.6403, 210.5674, 340.3986
72 273 9.100000 214.5749, 325.5133, 242.2098, 327.4814, 241.3323, 339.8020, 213.6975, 337.8339
72 274 9.140000 218.2247, 321.8174, 245.7698, 322.5819, 245.4194, 335.2083, 217.8742, 334.4437
72 275 9.170000 221.0674, 319.1006, 248.4939, 319.3595, 248.3735, 332.1098, 220.9471, 331.8509
72 276 9.200000 223.7778, 316.7667, 251.0455, 316.0003, 251.4083, 328.9088, 224.1406, 329.6752
72 277 9.240000 227.4685, 313.5963, 254.4942, 312.0199, 255.2511, 324.9983, 228.2255, 326.5746
72 278 9.270000 230.2401, 311.1556, 257.0998, 309.3155, 257.9880, 322.2810, 231.1283, 324.1210
72 279 9.300000 232.8377, 309.0148, 259.4551, 306.3934, 260.7316, 319.3547, 234.1142, 321.9761
72 280 9.340000 236.2386, 306.0075, 262.5651, 302.7734, 264.1452, 315.6351, 237.8187, 318.8693
72 281 9.370000 238.7382, 303.5208, 264.9131, 300.2939, 266.4834, 313.0316, 240.3085, 316.2584
72 282 9.400000 240.9896, 301.3504, 266.8881, 297.4335, 268.7953, 310.0442, 242.8968, 313.9610
72 283 9.440000 243.8523, 298.1149, 269.4656, 293.8052, 271.5512, 306.2004, 245.9379, 310.5100
72 284 9.470000 245.8903, 295.3576, 271.3990, 291.2806, 273.3495, 303.4839, 247.8407, 307.5610
72 285 9.500000 247.6484, 292.9579, 272.8927, 288.3406, 275.0907, 300.3578, 249.8464, 304.9751
72 286 9.540000 249.8291, 289.5211, 274.8550, 284.7864, 277.0851, 296.5740, 252.0592, 301.3087
72 287 9.570000 251.3204, 286.9303, 276.2420, 282.3714, 278.3674, 293.9898, 253.4458, 298.5487
72 288 9.600000 252.5775, 284.7216, 277.2844, 279.7962, 279.5671, 291.2468, 254.8603, 296.1722
72 289 9.640000 254.0661, 281.6707, 278.5961, 276.7393, 280.8505, 287.9533, 256.3205, 292.8847
72 290 9.670000 255.0234, 279.3000, 279.4914, 274.6644, 281.5827, 285.7030, 257.1148, 290.3387
72 291 9.700000 255.7313, 277.2586, 280.0224, 272.3463, 282.2253, 283.2392, 257.9341, 288.1515
72 292 9.740000 256.4545, 274.3510, 280.6057, 269.4828, 282.7920, 280.3288, 258.6407, 285.1970
72 293 9.770000 256.8398, 271.9423, 280.9656, 267.5103, 282.9609, 278.3718, 258.8351, 282.8038
72 294 9.800000 256.9324, 269.7420, 280.9151, 265.0692, 283.0427, 275.9894, 259.0600, 280.6621
72 295 9.840000 256.8407, 266.4244, 280.7349, 261.9498, 282.8082, 273.0213, 258.9141, 277.4960
72 296 9.870000 256.6161, 263.6174, 280.5114, 259.6700, 282.3703, 270.9229, 258.4751, 274.8703
72 297 9.900000 256.1014, 261.1589, 279.9064, 256.9920, 281.8831, 268.2847, 258.0782, 272.4517
72 298 9.940000 255.2284, 257.3843, 278.9979, 253.4555, 280.8888, 264.8961, 257.1193, 268.8248
72 299 9.970000 254.4409, 254.2784, 278.2238, 250.8280, 279.9010, 262.3887, 256.1182, 265.8391
72 300 10.000000 253.3654, 251.6623, 277.0656, 247.8365, 278.9261, 259.3617, 255.2259, 263.1876
72 301 10.040000 251.8966, 247.9182, 275.6081, 244.4622, 277.2974, 256.0520, 253.5858, 259.5080
72 302 10.070000 250.7726, 245.1528, 274.5311, 242.4194, 275.8811, 254.1529, 252.1226, 256.8864
72 303 10.100000 249.4797, 242.9419, 273.2548, 240.4707, 274.4819, 252.2767, 250.7068, 254.7479
72 304 10.140000 247.6932, 240.2722, 271.5046, 238.3775, 272.4538, 250.3058, 248.6423, 252.2006
72 305 10.170000 246.3193, 238.4556, 270.1556, 237.1515, 270.8137, 249.1789, 246.9773, 250.4830
72 306 10.200000 244.7827, 237.0906, 268.6457, 235.9448, 269.2252, 248.0151, 245.3623, 249.1609
72 307 10.240000 242.7166, 235.4210, 266.6152, 234.7335, 266.9645, 246.8752, 243.0659, 247.5628
72 308 10.270000 241.1895, 234.2279, 265.0997, 234.1422, 265.1434, 246.3425, 241.2332, 246.4282
72 309 10.300000 239.4958, 233.4595, 263.4466, 233.5048, 263.4236, 245.7000, 239.4728, 245.6547
72 310 10.340000 237.2822, 232.5064, 261.2658, 233.0274, 261.0008, 245.2219, 237.0173, 244.7009
72 311 10.370000 235.6822, 231.8324, 259.6585, 232.9708, 259.0801, 245.1523, 235.1038, 244.0139
72 312 10.400000 233.9136, 231.5933, 257.9388, 232.8302, 257.3152, 244.9435, 233.2900, 243.7066
72 313 10.440000 231.6839, 231.2889, 255.7219, 233.0732, 254.8302, 245.0859, 230.7922, 243.3017
72 314 10.470000 230.0934, 231.1160, 254.0983, 233.5114, 252.9078, 245.4418, 228.9029, 243.0464
72 315 10.500000 228.3992, 231.2521, 252.4315, 233.8806, 251.1401, 245.6876, 227.1078, 243.0590
72 316 10.540000 226.2559, 231.4199, 250.2859, 234.4880, 248.8058, 246.0807, 224.7757, 243.0126
72 317 10.570000 224.8276, 231.3440, 248.7930, 235.0621, 247.0210, 246.4832, 223.0557, 242.7651
72 318 10.600000 223.1753, 231.6793, 247.2430, 235.1629, 245.6188, 246.3836, 221.5512, 242.9000
72 319 10.640000 221.3233, 231.6769, 245.4048, 235.5192, 243.6489, 246.5240, 219.5674, 242.6818
72 320 10.670000 220.1293, 231.4908, 244.1549, 235.8564, 242.1852, 246.6967, 218.1596, 242.3310
72 321 10.700000 218.7907, 231.6250, 242.9167, 235.8214, 241.0626, 246.4808, 216.9366, 242.2844
72 322 10.740000 217.3093, 231.5097, 241.4881, 235.9588, 239.5770, 246.3445, 215.3982, 241.8954
72 323 10.770000 216.4239, 231.1273, 240.5935, 235.9756, 238.5151, 246.3365, 214.3456, 241.4881
72 324 10.800000 215.5514, 230.8455, 239.7795, 235.7489, 237.6821, 246.1125, 213.4539, 241.2091
72 325 10.840000 214.6750, 230.3315, 238.9060, 235.5780, 236.6383, 246.0512, 212.4074, 240.8046
72 326 10.870000 214.2642, 229.8082, 238.4328, 235.5711, 235.9202, 246.1086, 211.7516, 240.3457
72 327 10.900000 213.7764, 229.5407, 238.0285, 235.1158, 235.5574, 245.8653, 211.3053, 240.2903
72 328 10.940000 213.5224, 228.9482, 237.7671, 234.7693, 235.1441, 245.6943, 210.8994, 239.8732
72 329 10.970000 213.6377, 228.3601, 237.7800, 234.7453, 234.8873, 245.6824, 210.7450, 239.2972
72 330 11.000000 213.6924, 228.0716, 237.8692, 234.3755, 234.9826, 245.4463, 210.8058, 239.1425
72 331 11.040000 214.0668, 227.7731, 238.2175, 234.2420, 235.2279, 245.4031, 211.0773, 238.9343
72 332 11.070000 214.5109, 227.7368, 238.6225, 234.3916, 235.5324, 245.5878, 211.4208, 238.9330
72 333 11.100000 214.8941, 228.1029, 239.0843, 234.4153, 236.1250, 245.7558, 211.9348, 239.4435
72 334 11.140000 215.6637, 228.8062, 239.8952, 234.9021, 237.0160, 246.3471, 212.7845, 240.2512
72 335 11.170000 216.4308, 229.4921, 240.6507, 235.6121, 237.7572, 247.0629, 213.5373, 240.9429
72 336 11.200000 217.1410, 230.5747, 241.4437, 236.2169, 238.7636, 247.7611, 214.4608, 242.1190
72 337 11.240000 218.3322, 232.2298, 242.6814, 237.5080, 240.1758, 249.0664, 215.8267, 243.7882
72 338 11.270000 219.3922, 233.6417, 243.7386, 238.8419, 241.2839, 250.3345, 216.9375, 245.1343
72 339 11.300000 220.3884, 235.4698, 244.8030, 240.1215, 242.6123, 251.6196, 218.1977, 246.9680
72 340 11.340000 221.9049, 238.1916, 246.3610, 242.3722, 244.4118, 253.7749, 219.9558, 249.5944
72 341 11.370000 223.1503, 240.4988, 247.6141, 244.4734, 245.7839, 255.7384, 221.3202, 251.7638
72 342 11.400000 224.3165, 243.2945, 248.8371, 246.6382, 247.3130, 257.8152, 222.7924, 254.4715
72 343 11.440000 225.9837, 247.4632, 250.5453, 250.1871, 249.3287, 261.1574, 224.7671, 258.4335
72 344 11.470000 227.2812, 250.9531, 251.8642, 253.2942, 250.8382, 264.0680, 226.2552, 261.7270
72 345 11.500000 228.5194, 254.8404, 253.1456, 256.4831, 252.4314, 267.1895, 227.8052, 265.5467
72 346 11.540000 230.2778, 259.9856, 254.9319, 260.9499, 254.5115, 271.6996, 229.8573, 270.7353
72 347 11.570000 231.7253, 263.2715, 256.3662, 264.1194, 255.9839, 275.2282, 231.3431, 274.3803
72 348 11.600000 233.0541, 266.7012, 257.7085, 266.9846, 257.5775, 278.3859, 232.9231, 278.1025
72 349 11.640000 234.8708, 270.9716, 259.5430, 270.8315, 259.6097, 282.5829, 234.9376, 282.7229
72 350 11.670000 236.3396, 273.7955, 261.0080, 273.8903, 260.9617, 285.9342, 236.2933, 285.8394
72 351 11.700000 237.5898, 276.9815, 262.3065, 276.6359, 262.4773, 288.8503, 237.7606, 289.1959
72 352 11.740000 239.3303, 280.9459, 264.0866, 280.4954, 264.3137, 292.9741, 239.5575, 293.4246
72 353 11.770000 240.6776, 283.7770, 265.4494, 283.5596, 265.5607, 296.2429, 240.7889, 296.4603
72 354 11.800000 241.7909, 287.0595, 266.6242, 286.3879, 266.9698, 299.1682, 242.1366, 299.8399
72 355 11.840000 243.3003, 291.3845, 268.2018, 290.4511, 268.6864, 303.3798, 243.7850, 304.3132
72 356 11.870000 244.4512, 294.6133, 269.3963, 293.7641, 269.8416, 306.8441, 244.8965, 307.6933
72 357 11.900000 245.4232, 298.2740, 270.4417, 297.0629, 271.0788, 310.2234, 246.0603, 311.4345
72 358 11.940000 246.7699, 303.1826, 271.8725, 301.9820, 272.5111, 315.3331, 247.4084, 316.5338
72 359 11.970000 247.7867, 306.9659, 272.9448, 306.0189, 273.4540, 319.5456, 248.2959, 320.4926
72 360 12.000000 248.6496, 311.0472, 273.8948, 310.0335, 274.4443, 323.7175, 249.1991, 324.7313
72 361 12.040000 249.7621, 316.3055, 275.0954, 315.3545, 275.6137, 329.1620, 250.2805, 330.1130
72 362 12.070000 250.6760, 319.6436, 276.0252, 319.2208, 276.2596, 333.2792, 250.9104, 333.7019
72 363 12.100000 251.2316, 323.3161, 276.6839, 322.4583, 277.1590, 336.5535, 251.7066, 337.4113
72 364 12.140000 252.0338, 327.6141, 277.5841, 326.6505, 278.1170, 340.7832, 252.5668, 341.7468
72 365 12.170000 252.7481, 330.2344, 278.3220, 329.7729, 278.5803, 344.0865, 253.0064, 344.5480
72 366 12.200000 253.1050, 333.2490, 278.7885, 332.3393, 279.2963, 346.6745, 253.6128, 347.5843
72 367 12.240000 253.7230, 336.6123, 279.4881, 335.8352, 279.9253, 350.3344, 254.1603, 351.1115
72 368 12.270000 254.2484, 338.8046, 280.0275, 338.4873, 280.2077, 353.1328, 254.4286, 353.4500
72 369 12.300000 254.4843, 341.3144, 280.3598, 340.7373, 280.6877, 355.4384, 254.8121, 356.0154
72 370 12.340000 254.9098, 344.2446, 280.8482, 343.8567, 281.0702, 358.7041, 255.1318, 359.0920
72 371 12.370000 255.3368, 346.1485, 281.2598, 346.3360, 281.1514, 361.3359, 255.2283, 361.1484
72 372 12.400000 255.4748, 348.4497, 281.4788, 348.4787, 281.4620, 363.5424, 255.4580, 363.5134
72 373 12.440000 255.8118, 351.2173, 281.8409, 351.5711, 281.6342, 366.7763, 255.6051, 366.4225
72 374 12.470000 256.1748, 353.1092, 282.1545, 354.0403, 281.6048, 369.3774, 255.6251, 368.4463
72 375 12.500000 256.3494, 355.2203, 282.3581, 356.2438, 281.7516, 371.6551, 255.7429, 370.6317
72 376 12.540000 256.7096, 357.5760, 282.7002, 358.9986, 281.8505, 374.5229, 255.8598, 373.1003
72 377 12.570000 257.2374, 358.7221, 283.0883, 360.9580, 281.7367, 376.5845, 255.8858, 374.3485
72 378 12.600000 257.3512, 360.1364, 283.3191, 362.0807, 282.1458, 377.7513, 256.1779, 375.8071
72 379 12.640000 257.8278, 361.2510, 283.8186, 363.3548, 282.5458, 379.0790, 256.5550, 376.9752
72 380 12.670000 258.4365, 361.5137, 284.3449, 364.1468, 282.7422, 379.9165, 256.8339, 377.2834
72 381 12.700000 258.6486, 362.0419, 284.7400, 364.1274, 283.4797, 379.8944, 257.3883, 377.8089
72 382 12.740000 259.3098, 361.9391, 285.4889, 363.9428, 284.2826, 379.7031, 258.1036, 377.6995
72 383 12.770000 260.1230, 361.2058, 286.2289, 363.7196, 284.7122, 379.4709, 258.6063, 376.9571
72 384 12.800000 260.5864, 360.6676, 286.8566, 362.7158, 285.6334, 378.4037, 259.3633, 376.3554
72 385 12.840000 261.6705, 358.9795, 287.9567, 361.2496, 286.6096, 376.8468, 260.3235, 374.5766
72 386 12.870000 262.8704, 356.9309, 288.9997, 360.0603, 287.1429, 375.5637, 261.0136, 372.4342
72 387 12.900000 263.6998, 355.0681, 289.9407, 357.9369, 288.2626, 373.2867, 262.0217, 370.4178
72 388 12.940000 265.2382, 351.6100, 291.4835, 354.7170, 289.6949, 369.8260, 263.4496, 366.7191
72 389 12.970000 266.7970, 348.2161, 292.8869, 352.1067, 290.6651, 367.0059, 264.5752, 363.1153
72 390 13.000000 268.0452, 345.0068, 294.2507, 348.6470, 292.2110, 363.3310, 266.0054, 359.6908
72 391 13.040000 270.0555, 340.4122, 296.2920, 344.1494, 294.2422, 358.5397, 268.0058, 354.8025
72 392 13.070000 271.5940, 337.1648, 297.8883, 340.8086, 295.9208, 355.0063, 269.6265, 351.3625
72 393 13.100000 272.9684, 334.3603, 299.4459, 337.3089, 297.8850, 351.3253, 271.4075, 348.3767
72 394 13.140000 275.0705, 330.5703, 301.6820, 332.9549, 300.4459, 346.7495, 273.8344, 344.3649
72 395 13.170000 276.8578, 327.5934, 303.4940, 329.9681, 302.2791, 343.5956, 275.6429, 341.2209
72 396 13.200000 278.4890, 324.9728, 305.2359, 326.7034, 304.3661, 340.1457, 277.6192, 338.4151
72 397 13.240000 280.9164, 321.1772, 307.7169, 322.5976, 307.0167, 335.8093, 280.2161, 334.3889
72 398 13.270000 282.8964, 318.0656, 309.6912, 319.6405, 308.9229, 332.7110, 282.1282, 331.1361
72 399 13.300000 284.6990, 315.2578, 311.5500, 316.2547, 311.0705, 329.1670, 284.2196, 328.1701
72 400 13.340000 287.2895, 311.0691, 314.1571, 311.7866, 313.8173, 324.5114, 286.9497, 323.7940
72 401 13.370000 289.3634, 307.5175, 316.2159, 308.4373, 315.7841, 321.0432, 288.9316, 320.1235
72 402 13.400000 291.2291, 304.0480, 318.0990, 304.2844, 317.9879, 316.9215, 291.1179, 316.6851
72 403 13.440000 293.8781, 298.7409, 320.7312, 298.6865, 320.7569, 311.3552, 293.9038, 311.4097
72 404 13.470000 296.0224, 294.1309, 322.8539, 294.5404, 322.6602, 307.2310, 295.8287, 306.8215
72 405 13.500000 297.9616, 289.7460, 324.7749, 289.8266, 324.7363, 302.6746, 297.9230, 302.5941
72 406 13.540000 300.6283, 283.8586, 327.4170, 283.9055, 327.3941, 296.9654, 300.6054, 296.9184
72 407 13.570000 302.5611, 279.8580, 329.3266, 279.6811, 329.4141, 292.9127, 302.6486, 293.0896
72 408 13.600000 304.3733, 276.3647, 331.0877, 275.5550, 331.4941, 288.9638, 304.7797, 289.7734
72 409 13.640000 306.7867, 272.0387, 333.4214, 270.5806, 334.1655, 284.1733, 307.5308, 285.6313
72 410 13.670000 308.6287, 268.8681, 335.2461, 267.3214, 336.0425, 281.0259, 309.4251, 282.5726
72 411 13.700000 310.2826, 266.2225, 336.9133, 263.9754, 338.0748, 277.7403, 311.4441, 279.9874
72 412 13.740000 312.4952, 262.6422, 339.1767, 260.0407, 340.5279, 273.8995, 313.8465, 276.5009
72 413 13.770000 314.0844, 260.0256, 340.8187, 257.3398, 342.2173, 271.2612, 315.4829, 273.9470
72 414 13.800000 315.4951, 257.7562, 342.2322, 254.5442, 343.9074, 268.4895, 317.1703, 271.7014
72 415 13.840000 317.2665, 254.6950, 344.0386, 251.1307, 345.8951, 265.0753, 319.1230, 268.6396
72 416 13.870000 318.5107, 252.2644, 345.3541, 248.7931, 347.1610, 262.7654, 320.3176, 266.2368
72 417 13.900000 319.5175, 250.1582, 346.3528, 246.2073, 348.4068, 260.1582, 321.5715, 264.1091
72 418 13.940000 320.6844, 247.1571, 347.5507, 242.9046, 349.7586, 256.8535, 322.8923, 261.1060
72 419 13.970000 321.4552, 244.6579, 348.4180, 240.6588, 350.4912, 254.6371, 323.5284, 258.6362
72 420 14.000000 321.9507, 242.6923, 348.8844, 238.1496, 351.2335, 252.0770, 324.2997, 256.6197
72 421 14.040000 322.5238, 240.3415, 349.5045, 235.6168, 351.9360, 249.5020, 324.9552, 254.2266
72 422 14.070000 322.8829, 239.0672, 349.9416, 234.4390, 352.3163, 248.3224, 325.2576, 252.9507
72 423 14.100000 323.1272, 238.4844, 350.2303, 233.7485, 352.6500, 247.5958, 325.5469, 252.3317
72 424 14.140000 323.3484, 238.5081, 350.5462, 233.8137, 352.9291, 247.6192, 325.7313, 252.3136
72 425 14.170000 323.4361, 239.1152, 350.7327, 234.6020, 353.0115, 248.3839, 325.7148, 252.8971
72 426 14.200000 323.4005, 240.4096, 350.7693, 235.8760, 353.0435, 249.6052, 325.6747, 254.1388
72 427 14.240000 323.2644, 242.9456, 350.7538, 238.5864, 352.9215, 252.2558, 325.4321, 256.6150
72 428 14.270000 323.0871, 245.4972, 350.6930, 241.4016, 352.7149, 255.0300, 325.1089, 259.1256
72 429 14.300000 322.8058, 248.8070, 350.5017, 244.7904, 352.4682, 258.3497, 324.7722, 262.3664
72 430 14.340000 322.3577, 254.2541, 350.1998, 250.5039, 352.0132, 263.9667, 324.1711, 267.7170
72 431 14.370000 321.9666, 259.2542, 349.9250, 255.7444, 351.6156, 269.2117, 323.6573, 272.7215
72 432 14.400000 321.5226, 265.1833, 349.5904, 261.8490, 351.1972, 275.3746, 323.1294, 278.7089
72 433 14.440000 320.8702, 274.5630, 349.0861, 271.4520, 350.5863, 285.0593, 322.3705, 288.1702
72 434 14.470000 320.3222, 282.5807, 348.6512, 279.6351, 350.0874, 293.4479, 321.7584, 296.3935
72 435 14.500000 319.7023, 291.1910, 348.1469, 288.4207, 349.5227, 302.5466, 321.0780, 305.3169
72 436 14.540000 318.6723, 302.4632, 347.2739, 299.9838, 348.5341, 314.5217, 319.9325, 317.0010
72 437 14.570000 317.7028, 310.1267, 346.4204, 307.9069, 347.5662, 322.7300, 318.8486, 324.9499
72 438 14.600000 316.5692, 317.0166, 345.3980, 315.0745, 346.4142, 330.1590, 317.5854, 332.1011
72 439 14.640000 314.8296, 325.0802, 343.7967, 323.5115, 344.6307, 338.9122, 315.6636, 340.4809
72 440 14.670000 313.3749, 330.3694, 342.4374, 329.0683, 343.1366, 344.6855, 314.0741, 345.9866
72 441 14.700000 311.8079, 335.0709, 340.9587, 334.0177, 341.5302, 349.8352, 312.3794, 350.8885
72 442 14.740000 309.5652, 340.4991, 338.8231, 339.7361, 339.2421, 355.7992, 309.9841, 356.5622
72 443 14.770000 307.7820, 343.9829, 337.1130, 343.4031, 337.4338, 359.6349, 308.1028, 360.2146
72 444 14.800000 305.9218, 346.9926, 335.3203, 346.5645, 335.5589, 362.9504, 306.1604, 363.3785
72 445 14.840000 303.3348, 350.2996, 332.8153, 350.0251, 332.9696, 366.5946, 303.4891, 366.8691
72 446 14.870000 301.3225, 352.2662, 330.8591, 352.0724, 330.9686, 368.7617, 301.4320, 368.9555
72 447 14.900000 299.2539, 353.8001, 328.8422, 353.6603, 328.9216, 370.4509, 299.3333, 370.5908
72 448 14.940000 296.4158, 355.1788, 326.0666, 355.0768, 326.1247, 371.9724, 296.4739, 372.0744
72 449 14.970000 294.2329, 355.7389, 323.9291, 355.6484, 323.9807, 372.5986, 294.2846, 372.6891
