69 0 0.010000 437.3041, 204.2800, 456.4962, 204.9942, 456.1455, 214.4176, 436.9534, 213.7034
69 1 0.040000 437.2935, 204.7048, 456.4864, 205.4188, 456.1362, 214.8320, 436.9433, 214.1180
69 2 0.070000 437.2698, 205.6497, 456.4647, 206.3633, 456.1156, 215.7541, 436.9207, 215.0406
69 3 0.110000 437.1977, 207.7856, 456.3990, 208.4255, 456.0898, 217.7054, 436.8884, 217.0656
69 4 0.140000 436.7011, 211.3397, 455.8731, 209.9307, 456.4592, 217.9046, 437.2871, 219.3137
69 5 0.170000 436.2889, 213.6770, 455.3406, 210.6525, 456.6289, 218.7676, 437.5772, 221.7921
69 6 0.200000 435.7973, 214.8153, 454.6503, 210.7611, 456.5010, 219.3674, 437.6480, 223.4216
69 7 0.240000 434.8937, 215.2790, 453.5238, 210.4375, 455.8301, 219.3121, 437.2000, 224.1536
69 8 0.270000 433.9770, 215.0215, 452.4875, 209.8389, 454.9841, 218.7556, 436.4736, 223.9383
69 9 0.310000 432.4604, 214.0601, 450.9365, 208.8189, 453.4380, 217.6371, 434.9619, 222.8783
69 10 0.340000 431.1514, 212.9777, 449.7223, 208.1032, 451.9739, 216.6813, 433.4029, 221.5557
69 11 0.370000 429.6154, 211.8767, 448.1676, 207.0201, 450.3817, 215.4778, 431.8295, 220.3345
69 12 0.400000 428.0010, 210.4962, 446.6812, 206.2339, 448.5411, 214.3853, 429.8609, 218.6475
69 13 0.440000 425.5299, 208.8516, 444.1952, 204.6890, 445.9505, 212.5598, 427.2852, 216.7224
69 14 0.470000 423.4990, 207.6351, 442.1251, 203.4314, 443.8652, 211.1410, 425.2390, 215.3448
69 15 0.500000 421.3730, 206.1018, 440.0702, 202.3519, 441.6067, 210.0127, 422.9095, 213.7627
69 16 0.540000 418.3631, 204.2351, 437.1004, 200.9422, 438.4876, 208.8353, 419.7503, 212.1282
69 17 0.570000 416.0248, 203.0699, 434.7791, 200.1240, 436.0526, 208.2308, 417.2982, 211.1767
69 18 0.610000 412.8393, 201.7374, 431.6350, 199.4489, 432.6588, 207.8573, 413.8631, 210.1457
69 19 0.640000 410.4194, 200.9132, 429.2300, 199.2385, 429.9990, 207.8769, 411.1885, 209.5516
69 20 0.670000 407.8965, 200.4650, 426.6887, 199.0990, 427.3282, 207.8956, 408.5360, 209.2616
69 21 0.700000 405.3999, 200.0371, 424.1619, 199.2627, 424.5330, 208.2541, 405.7709, 209.0284
69 22 0.740000 401.9609, 199.9084, 420.6556, 199.6507, 420.7820, 208.8194, 402.0873, 209.0771
69 23 0.770000 399.2950, 200.1301, 417.9380, 200.0614, 417.9721, 209.3172, 399.3291, 209.3859
69 24 0.800000 396.6951, 200.3646, 415.2537, 200.7863, 415.0409, 210.1501, 396.4823, 209.7283
69 25 0.840000 393.1403, 201.0914, 411.5881, 201.9423, 411.1518, 211.4003, 392.7041, 210.5494
69 26 0.870000 390.4140, 201.9399, 408.7890, 202.9662, 408.2584, 212.4670, 389.8834, 211.4407
69 27 0.900000 387.7751, 202.8425, 406.0292, 204.3125, 405.2603, 213.8616, 387.0062, 212.3916
69 28 0.940000 384.1928, 204.4410, 402.3037, 206.3011, 401.3200, 215.8798, 383.2090, 214.0198
69 29 0.970000 381.4584, 205.8970, 399.4878, 207.8855, 398.4308, 217.4690, 380.4015, 215.4805
69 30 1.000000 378.8500, 207.2903, 396.7369, 209.6637, 395.4643, 219.2539, 377.5775, 216.8805
69 31 1.040000 375.3549, 209.1823, 393.1027, 211.8370, 391.6740, 221.3887, 373.9262, 218.7341
69 32 1.070000 372.6466, 210.5913, 390.3976, 213.0387, 389.0789, 222.6038, 371.3278, 220.1564
69 33 1.110000 369.3723, 211.8973, 386.9962, 214.5839, 385.5360, 224.1635, 367.9120, 221.4769
69 34 1.140000 367.1787, 212.4656, 384.6070, 215.7067, 382.8294, 225.2651, 365.4012, 222.0240
69 35 1.170000 364.8087, 213.1470, 382.2221, 216.2762, 380.5023, 225.8468, 363.0889, 222.7177
69 36 1.210000 361.8628, 213.6971, 379.2347, 216.7917, 377.5237, 226.3968, 360.1518, 223.3023
69 37 1.240000 359.9493, 213.7098, 377.1780, 217.1610, 375.2498, 226.7867, 358.0211, 223.3354
69 38 1.270000 357.7514, 213.9387, 375.1088, 216.8430, 373.4763, 226.5996, 356.1189, 223.6953
69 39 1.310000 355.2618, 213.6741, 372.5986, 216.4961, 370.9921, 226.3659, 353.6553, 223.5439
69 40 1.340000 353.5494, 213.2089, 370.8531, 216.0780, 369.2012, 226.0407, 351.8975, 223.1716
69 41 1.370000 351.7002, 212.7950, 369.1080, 215.1694, 367.7277, 225.2884, 350.3199, 222.9140
69 42 1.410000 349.5376, 211.7371, 366.9803, 213.8743, 365.7124, 224.2221, 348.2698, 222.0849
69 43 1.440000 348.1404, 210.5891, 365.5220, 212.8733, 364.1434, 223.3643, 346.7617, 221.0802
69 44 1.470000 346.5784, 209.5251, 364.0350, 211.4392, 362.8664, 222.0976, 345.4098, 220.1835
69 45 1.510000 344.6546, 207.8493, 362.1638, 209.4565, 361.1670, 220.3147, 343.6579, 218.7074
69 46 1.540000 343.3455, 206.3549, 360.8698, 208.1249, 359.7596, 219.1167, 342.2353, 217.3467
69 47 1.570000 341.8678, 205.1892, 359.4768, 206.4149, 358.6991, 217.5880, 341.0901, 216.3623
69 48 1.610000 340.0536, 203.4421, 357.7276, 204.4202, 357.0988, 215.7846, 339.4247, 214.8065
69 49 1.640000 338.7704, 202.0349, 356.4773, 203.0672, 355.8076, 214.5547, 338.1007, 213.5224
69 50 1.670000 337.3916, 200.8231, 355.1502, 201.5149, 354.6976, 213.1319, 336.9390, 212.4402
69 51 1.710000 335.6386, 199.0407, 353.4470, 199.5840, 353.0877, 211.3604, 335.2793, 210.8171
69 52 1.740000 334.3968, 197.5312, 352.2300, 198.2568, 351.7469, 210.1301, 333.9137, 209.4045
69 53 1.770000 333.0279, 196.2314, 350.9022, 196.6301, 350.6350, 208.6073, 332.7607, 208.2086
69 54 1.810000 331.2840, 194.2350, 349.1977, 194.5349, 348.9955, 206.6183, 331.0817, 206.3184
69 55 1.840000 330.0364, 192.5031, 347.9790, 193.0154, 347.6322, 205.1632, 329.6895, 204.6509
69 56 1.870000 328.6501, 190.9450, 346.6222, 191.1116, 346.5088, 203.3379, 328.5368, 203.1713
69 57 1.910000 326.8670, 188.5388, 344.8731, 188.5790, 344.8456, 200.8809, 326.8395, 200.8407
69 58 1.940000 325.5766, 186.4775, 343.6236, 186.6934, 343.4758, 199.0449, 325.4289, 198.8290
69 59 1.970000 324.1449, 184.6222, 342.1941, 184.4660, 342.3015, 196.8730, 324.2523, 197.0292
69 60 2.010000 322.3174, 181.9376, 340.4561, 181.7778, 340.5660, 194.2558, 322.4273, 194.4156
69 61 2.040000 320.9252, 180.1296, 339.1339, 179.9678, 339.2452, 192.4921, 321.0365, 192.6539
69 62 2.070000 319.4275, 178.8092, 337.5938, 178.2531, 337.9781, 190.8064, 319.8118, 191.3625
69 63 2.110000 317.4431, 177.4441, 335.5903, 176.5797, 336.1886, 189.1418, 318.0414, 190.0062
69 64 2.140000 315.9517, 176.7436, 334.1156, 175.7882, 334.7749, 188.3234, 316.6110, 189.2787
69 65 2.170000 314.3988, 176.4605, 332.5223, 175.2580, 333.3503, 187.7368, 315.2267, 188.9393
69 66 2.210000 312.3150, 176.5092, 330.4345, 175.1701, 331.3481, 187.5318, 313.2286, 188.8710
69 67 2.240000 310.7358, 176.8736, 328.8817, 175.5634, 329.7663, 187.8147, 311.6204, 189.1249
69 68 2.270000 309.0920, 177.6701, 327.2295, 176.2388, 328.1849, 188.3462, 310.0474, 189.7775
69 69 2.310000 306.8785, 179.2147, 325.0348, 177.8032, 325.9584, 189.6842, 307.8022, 191.0956
69 70 2.340000 305.1992, 180.7760, 323.3788, 179.4913, 324.2044, 191.1734, 306.0247, 192.4581
69 71 2.370000 303.4661, 182.8115, 321.6608, 181.5478, 322.4562, 193.0001, 304.2615, 194.2638
69 72 2.410000 301.1331, 186.1359, 319.3624, 185.0399, 320.0298, 196.1413, 301.8005, 197.2373
69 73 2.440000 299.3608, 189.1027, 317.6199, 188.2051, 318.1508, 199.0061, 299.8918, 199.9037
69 74 2.470000 297.5368, 192.4944, 315.8232, 191.7189, 316.2673, 202.1911, 297.9809, 202.9666
69 75 2.510000 295.0584, 197.3699, 313.3894, 196.8432, 313.6761, 206.8231, 295.3451, 207.3497
69 76 2.540000 293.1609, 200.9881, 311.5242, 200.7200, 311.6648, 210.3511, 293.3015, 210.6192
69 77 2.570000 291.1740, 204.5580, 309.5651, 204.3648, 309.6625, 213.6334, 291.2714, 213.8266
69 78 2.610000 288.4557, 209.0370, 306.8850, 208.9380, 306.9326, 217.8115, 288.5034, 217.9105
69 79 2.640000 286.4140, 211.9141, 304.8733, 212.0452, 304.8093, 221.0521, 286.3501, 220.9210
69 80 2.670000 284.2535, 214.5727, 302.7456, 214.6013, 302.7310, 224.0515, 284.2389, 224.0229
69 81 2.710000 281.3969, 217.9033, 299.9365, 218.0945, 299.8358, 227.8685, 281.2961, 227.6773
69 82 2.740000 279.2664, 220.2950, 297.8411, 220.7510, 297.5987, 230.6243, 279.0240, 230.1682
69 83 2.770000 277.0078, 222.7085, 295.6286, 223.0739, 295.4288, 233.2558, 276.8080, 232.8905
69 84 2.800000 274.8172, 225.0668, 293.4785, 225.6546, 293.1559, 235.8949, 274.4947, 235.3071
69 85 2.840000 271.8078, 228.2887, 290.5900, 228.9964, 290.1985, 239.3872, 271.4163, 238.6796
69 86 2.870000 269.4687, 230.8062, 288.3869, 231.4295, 288.0378, 242.0233, 269.1197, 241.4000
69 87 2.900000 267.1995, 233.3527, 286.2329, 234.1798, 285.7725, 244.7763, 266.7391, 243.9493
69 88 2.940000 264.0907, 236.9313, 283.3105, 237.8769, 282.7859, 248.5401, 263.5660, 247.5945
69 89 2.970000 261.6942, 239.7482, 281.0834, 240.6594, 280.5789, 251.3948, 261.1897, 250.4837
69 90 3.000000 259.3762, 242.4764, 278.9023, 243.6221, 278.2741, 254.3280, 258.7480, 253.1823
69 91 3.040000 256.2308, 245.9469, 275.9720, 247.2652, 275.2584, 257.9504, 255.5172, 256.6321
69 92 3.070000 253.7892, 248.3729, 273.7381, 249.5542, 273.1045, 260.2534, 253.1556, 259.0720
69 93 3.100000 251.5362, 250.3182, 271.6066, 251.8627, 270.7920, 262.4487, 250.7215, 260.9042
69 94 3.140000 248.2830, 252.8809, 268.6364, 254.1051, 268.0099, 264.5211, 247.6565, 263.2970
69 95 3.170000 245.7948, 254.5596, 266.3856, 255.3668, 265.9816, 265.6727, 245.3907, 264.8655
69 96 3.200000 243.5163, 255.5964, 264.2713, 256.6755, 263.7384, 266.9241, 242.9835, 265.8450
69 97 3.240000 240.3358, 256.7859, 261.3707, 257.8398, 260.8615, 268.0024, 239.8266, 266.9485
69 98 3.270000 237.8121, 257.6378, 259.1007, 258.2337, 258.8199, 268.2640, 237.5313, 267.6680
69 99 3.300000 235.5547, 257.6835, 257.0282, 258.8702, 256.4785, 268.8167, 235.0050, 267.6299
69 100 3.340000 232.3303, 257.7666, 254.1082, 258.9979, 253.5562, 268.7608, 231.7784, 267.5295
69 101 3.370000 229.8679, 257.5871, 251.8957, 258.7085, 251.4056, 268.3361, 229.3778, 267.2147
69 102 3.400000 227.5915, 256.6799, 249.8143, 258.3468, 249.0897, 268.0066, 226.8669, 266.3397
69 103 3.440000 224.4970, 255.2101, 247.0198, 257.2924, 246.1077, 267.1582, 223.5848, 265.0760
69 104 3.470000 222.0666, 254.0963, 244.8508, 255.9361, 244.0263, 266.1461, 221.2422, 264.3064
69 105 3.500000 219.8403, 252.5701, 242.8390, 254.8645, 241.8000, 265.2785, 218.8014, 262.9841
69 106 3.540000 216.7998, 250.7254, 240.1093, 253.2381, 238.9531, 263.9637, 215.6436, 261.4510
69 107 3.570000 214.5283, 249.4758, 238.0745, 252.1320, 236.8381, 263.0923, 213.2919, 260.4361
69 108 3.600000 212.4292, 248.1444, 236.1559, 251.4896, 234.5931, 262.5738, 210.8664, 259.2286
69 109 3.640000 209.5676, 246.7650, 233.5638, 250.5980, 231.7525, 261.9372, 207.7563, 258.1042
69 110 3.670000 207.3980, 246.0057, 231.6182, 249.9361, 229.7400, 261.5097, 205.5198, 257.5792
69 111 3.700000 205.4148, 245.2026, 229.8013, 249.6839, 227.6515, 261.3833, 203.2649, 256.9021
69 112 3.740000 202.7583, 244.4998, 227.4037, 249.3159, 225.0704, 261.2560, 200.4250, 256.4398
69 113 3.770000 200.7570, 244.2495, 225.6337, 248.9979, 223.3058, 261.1937, 198.4291, 256.4454
69 114 3.800000 198.9813, 243.9536, 224.0191, 249.1222, 221.4759, 261.4422, 196.4381, 256.2737
69 115 3.840000 196.6021, 243.9671, 221.9103, 249.2190, 219.2947, 261.8231, 193.9865, 256.5712
69 116 3.870000 194.8258, 244.2811, 220.3685, 249.2953, 217.8407, 262.1720, 192.2980, 257.1578
69 117 3.900000 193.2583, 244.6115, 218.9772, 249.7953, 216.3502, 262.8292, 190.6313, 257.6454
69 118 3.940000 191.1905, 245.4640, 217.1815, 250.5101, 214.5960, 263.8276, 188.6049, 258.7815
69 119 3.970000 189.6231, 246.4517, 215.8433, 250.9763, 213.4906, 264.6105, 187.2703, 260.0859
69 120 4.000000 188.2927, 247.3806, 214.6927, 251.8891, 212.3351, 265.6947, 185.9350, 261.1862
69 121 4.040000 186.5962, 248.8266, 213.2382, 253.0042, 211.0274, 267.1028, 184.3855, 262.9251
69 122 4.070000 185.3911, 250.0121, 212.2076, 253.7143, 210.2267, 268.0623, 183.4103, 264.3601
69 123 4.100000 184.4692, 250.9526, 211.4231, 254.7957, 209.3655, 269.2268, 182.4116, 265.3838
69 124 4.140000 183.2926, 252.3561, 210.4277, 255.9685, 208.4797, 270.6007, 181.3446, 266.9883
69 125 4.170000 182.4058, 253.6095, 209.6560, 256.5716, 208.0405, 271.4337, 180.7903, 268.4716
69 126 4.200000 181.8114, 254.5818, 209.1690, 257.6536, 207.4961, 272.5524, 180.1385, 269.4805
69 127 4.240000 181.0197, 256.1330, 208.4940, 258.8404, 207.0134, 273.8652, 179.5391, 271.1579
69 128 4.270000 180.4183, 257.5122, 207.9425, 259.5463, 206.8209, 274.7228, 179.2968, 272.6887
69 129 4.300000 180.0579, 258.6601, 207.6546, 260.7273, 206.5184, 275.8965, 178.9216, 273.8293
69 130 4.340000 179.5415, 260.5206, 207.1858, 262.1231, 206.3036, 277.3416, 178.6594, 275.7391
69 131 4.370000 179.1369, 262.1549, 206.7684, 263.0926, 206.2497, 278.3787, 178.6182, 277.4410
69 132 4.400000 178.9058, 263.6382, 206.5707, 264.5168, 206.0872, 279.7390, 178.4224, 278.8603
69 133 4.440000 178.5480, 265.9489, 206.1963, 266.3505, 205.9760, 281.5189, 178.3277, 281.1173
69 134 4.470000 178.2405, 267.9089, 205.8214, 267.6666, 205.9544, 282.8011, 178.3735, 283.0434
69 135 4.500000 178.0736, 269.6188, 205.6591, 269.3486, 205.8059, 284.3317, 178.2204, 284.6019
69 136 4.540000 177.8034, 271.8587, 205.3347, 271.2753, 205.6474, 286.0312, 178.1161, 286.6146
69 137 4.570000 177.4976, 273.5083, 204.8940, 272.1847, 205.6019, 286.8372, 178.2055, 288.1607
69 138 4.600000 177.3767, 274.4490, 204.7937, 273.4221, 205.3334, 287.8321, 177.9164, 288.8590
69 139 4.640000 177.0606, 275.5710, 204.3972, 274.3606, 205.0240, 288.5169, 177.6875, 289.7273
69 140 4.670000 176.6986, 276.3315, 203.8879, 274.5236, 204.8200, 288.5411, 177.6307, 290.3490
69 141 4.700000 176.4791, 276.3998, 203.6774, 274.9953, 204.3876, 288.7500, 177.1894, 290.1545
69 142 4.740000 175.9857, 276.4273, 203.0692, 274.8679, 203.8456, 288.3517, 176.7621, 289.9111
69 143 4.770000 175.4596, 276.4064, 202.3656, 274.2065, 203.4553, 287.5337, 176.5493, 289.7336
69 144 4.800000 175.0638, 275.6579, 201.9489, 273.8850, 202.8086, 286.9222, 175.9236, 288.6952
69 145 4.840000 174.3260, 274.5271, 201.0797, 272.7365, 201.9302, 285.4441, 175.1765, 287.2347
69 146 4.870000 173.6115, 273.5721, 200.1938, 271.3158, 201.2554, 283.8227, 174.6731, 286.0791
69 147 4.900000 172.9995, 271.8855, 199.5464, 270.1777, 200.3303, 282.3626, 173.7834, 284.0704
69 148 4.940000 171.9462, 269.5310, 198.3383, 267.8563, 199.0893, 279.6912, 172.6972, 281.3659
69 149 4.970000 170.9606, 267.7607, 197.1588, 265.4887, 198.1693, 277.1402, 171.9711, 279.4122
69 150 5.000000 170.0507, 265.4104, 196.1590, 263.4372, 197.0198, 274.8271, 170.9115, 276.8003
69 151 5.040000 168.6386, 262.4140, 194.5804, 260.4061, 195.4422, 271.5413, 169.5005, 273.5492
69 152 5.070000 167.4949, 260.2304, 193.3235, 258.2218, 194.1758, 269.1812, 168.3471, 271.1898
69 153 5.100000 166.3771, 257.8706, 192.1608, 256.4382, 192.7572, 267.1726, 166.9735, 268.6050
69 154 5.140000 164.7485, 254.9730, 190.4438, 254.0383, 190.8242, 264.4943, 165.1289, 265.4290
69 155 5.170000 163.3903, 253.0260, 189.0108, 252.0749, 189.3956, 262.4418, 163.7752, 263.3928
69 156 5.200000 162.1194, 250.7936, 187.6941, 250.5367, 187.7980, 260.8771, 162.2233, 261.1341
69 157 5.240000 160.2704, 247.9416, 185.7823, 248.1163, 185.7113, 258.4763, 160.1995, 258.3016
69 158 5.270000 158.7922, 245.9055, 184.2614, 246.0930, 184.1850, 256.4655, 158.7158, 256.2779
69 159 5.300000 157.4513, 243.4057, 182.8651, 244.3158, 182.4894, 254.8080, 157.0756, 253.8980
69 160 5.340000 155.5610, 240.2399, 180.9155, 241.6425, 180.3317, 252.1964, 154.9772, 250.7938
69 161 5.370000 154.0621, 237.9555, 179.4156, 239.3870, 178.8216, 249.9072, 153.4681, 248.4756
69 162 5.400000 152.7946, 235.0797, 178.0769, 237.3368, 177.1303, 247.9402, 151.8480, 245.6831
69 163 5.440000 151.0356, 231.3571, 176.2651, 234.1883, 175.0758, 244.7857, 149.8464, 241.9546
69 164 5.470000 149.6151, 228.7671, 174.8858, 231.4766, 173.7612, 241.9654, 148.4905, 239.2560
69 165 5.500000 148.4613, 225.7405, 173.6630, 229.0739, 172.2787, 239.5395, 147.0770, 236.2060
69 166 5.540000 146.8704, 222.1773, 172.0350, 225.9769, 170.4616, 236.3973, 145.2970, 232.5977
69 167 5.570000 145.7412, 219.8042, 170.8509, 224.0521, 169.0888, 234.4680, 143.9791, 230.2200
69 168 5.600000 144.7562, 217.5803, 169.7287, 222.5954, 167.6250, 233.0704, 142.6525, 228.0553
69 169 5.640000 143.4284, 215.2773, 168.2519, 221.0347, 165.8057, 231.5820, 140.9822, 225.8246
69 170 5.670000 142.4140, 214.0374, 167.1761, 220.1151, 164.5754, 230.7111, 139.8133, 224.6335
69 171 5.700000 141.5708, 212.9405, 166.1826, 219.5959, 163.2926, 230.2832, 138.6808, 223.6278
69 172 5.740000 140.4444, 212.0842, 164.9345, 219.1982, 161.7984, 229.9943, 137.3084, 222.8804
69 173 5.770000 139.5909, 211.8933, 164.0665, 219.1117, 160.8602, 229.9832, 136.3847, 222.7649
69 174 5.800000 138.9471, 211.8233, 163.2959, 219.4316, 159.8650, 230.4117, 135.5161, 222.8035
69 175 5.840000 138.0797, 212.3449, 162.3651, 220.1661, 158.7853, 231.2816, 134.5000, 223.4605
69 176 5.870000 137.4248, 213.1963, 161.7400, 220.9748, 158.1523, 232.1895, 133.8372, 224.4111
69 177 5.900000 136.9657, 214.2240, 161.2013, 222.2133, 157.4636, 233.5517, 133.2280, 225.5624
69 178 5.940000 136.3462, 216.2180, 160.5763, 224.2333, 156.7721, 235.7332, 132.5421, 227.7178
69 179 5.970000 135.8827, 218.1422, 160.1885, 225.9860, 156.4398, 237.6021, 132.1340, 229.7584
69 180 6.000000 135.6568, 220.1095, 159.9250, 228.0348, 156.0899, 239.7783, 131.8217, 231.8531
69 181 6.040000 135.4904, 222.8284, 159.8184, 230.6089, 156.0176, 242.4935, 131.6895, 234.7130
69 182 6.070000 135.4115, 224.9092, 159.9349, 232.1953, 156.4052, 244.0757, 131.8818, 236.7896
69 183 6.100000 135.8296, 226.4408, 160.3061, 233.7878, 156.7155, 245.7498, 132.2390, 238.4028
69 184 6.140000 136.7276, 228.1427, 161.1110, 235.6668, 157.4192, 247.6308, 133.0358, 240.1068
69 185 6.170000 137.2675, 229.6098, 161.8796, 236.5108, 158.5487, 248.3901, 133.9366, 241.4891
69 186 6.200000 138.4386, 230.3957, 162.9088, 237.5989, 159.4226, 249.4418, 134.9525, 242.2386
69 187 6.240000 139.8274, 231.6964, 164.4856, 238.3352, 161.3260, 250.0706, 136.6678, 243.4319
69 188 6.270000 140.8904, 232.7477, 165.8101, 238.5539, 163.1226, 250.0884, 138.2028, 244.2822
69 189 6.300000 142.4565, 233.1743, 167.3670, 238.9434, 164.7136, 250.4003, 139.8032, 244.6312
69 190 6.340000 144.4709, 233.9699, 169.5572, 238.9791, 167.3341, 250.1126, 142.2478, 245.1035
69 191 6.370000 146.0563, 234.4780, 171.3199, 238.6901, 169.4966, 249.6263, 144.2330, 245.4142
69 192 6.400000 147.8910, 234.6270, 173.2205, 238.4207, 171.6079, 249.1876, 146.2784, 245.3940
69 193 6.440000 150.4411, 234.6478, 175.8688, 237.8192, 174.5587, 248.3236, 149.1310, 245.1521
69 194 6.470000 152.2383, 235.0049, 177.7960, 236.9469, 177.0283, 247.0510, 151.4705, 245.1090
69 195 6.500000 154.4228, 234.4486, 179.9755, 236.5044, 179.1692, 246.5256, 153.6165, 244.4698
69 196 6.540000 157.1148, 234.2717, 182.7478, 235.4287, 182.3048, 245.2436, 156.6717, 244.0866
69 197 6.570000 159.0880, 234.1293, 184.7864, 234.3624, 184.6960, 244.3338, 158.9976, 244.1007
69 198 6.600000 161.1559, 233.8846, 186.8862, 233.7180, 186.9524, 243.9484, 161.2221, 244.1150
69 199 6.640000 163.8110, 233.7852, 189.5678, 232.8250, 189.9660, 243.5055, 164.2092, 244.4657
69 200 6.670000 165.7095, 233.9123, 191.4410, 232.1094, 192.2163, 243.1757, 166.4849, 244.9786
69 201 6.700000 167.6645, 233.8744, 193.4089, 231.8397, 194.3035, 243.1585, 168.5590, 245.1932
69 202 6.740000 170.1322, 234.0310, 195.8614, 231.4797, 197.0193, 243.1567, 171.2900, 245.7080
69 203 6.770000 171.8438, 234.3597, 197.4901, 231.0959, 199.0194, 243.1124, 173.3731, 246.3762
69 204 6.800000 173.6001, 234.4285, 199.3045, 231.2496, 200.8144, 243.4584, 175.1100, 246.6373
69 205 6.840000 175.7168, 234.8879, 201.3702, 231.2374, 203.1568, 243.7926, 177.5034, 247.4430
69 206 6.870000 177.1796, 235.3867, 202.7600, 231.2722, 204.8198, 244.0779, 179.2394, 248.1924
69 207 6.900000 178.6285, 235.7491, 204.2533, 231.6934, 206.3061, 244.6633, 180.6813, 248.7190
69 208 6.940000 180.3408, 236.5566, 205.9177, 232.1646, 208.1904, 245.3997, 182.6134, 249.7917
69 209 6.970000 181.4776, 237.3540, 206.9470, 232.5157, 209.4988, 245.9486, 184.0294, 250.7869
69 210 7.000000 182.5761, 237.9540, 208.1061, 233.2251, 210.6167, 246.7795, 185.0868, 251.5084
69 211 7.040000 183.7854, 238.9300, 209.2616, 233.9290, 211.9567, 247.6585, 186.4805, 252.6595
69 212 7.070000 184.4748, 239.8397, 209.7239, 234.1513, 212.8415, 247.9898, 187.5924, 253.6781
69 213 7.100000 185.1250, 240.2686, 210.4602, 234.7798, 213.4584, 248.6190, 188.1232, 254.1078
69 214 7.140000 185.6953, 240.9282, 210.9813, 235.2857, 214.0675, 249.1159, 188.7815, 254.7584
69 215 7.170000 185.9119, 241.4413, 211.0713, 235.4767, 214.3451, 249.2855, 189.1856, 255.2502
69 216 7.200000 186.0480, 241.5374, 211.3562, 235.9747, 214.3741, 249.7046, 189.0659, 255.2674
69 217 7.240000 185.9631, 241.6882, 211.3611, 236.4348, 214.1703, 250.0163, 188.7723, 255.2697
69 218 7.270000 185.6700, 241.9242, 210.9901, 236.4955, 213.8788, 249.9686, 188.5587, 255.3973
69 219 7.300000 185.3526, 241.6678, 210.8962, 237.0038, 213.3168, 250.2609, 187.7731, 254.9248
69 220 7.340000 184.6379, 241.5007, 210.2697, 237.2648, 212.4206, 250.2802, 186.7889, 254.5162
69 221 7.370000 183.9201, 241.4244, 209.5378, 237.2594, 211.6260, 250.1032, 186.0083, 254.2682
69 222 7.400000 183.1901, 240.9852, 208.9591, 237.5955, 210.6118, 250.1601, 184.8429, 253.5498
69 223 7.440000 181.9878, 240.5640, 207.8110, 237.7159, 209.1568, 249.9183, 183.3336, 252.7664
69 224 7.470000 180.9332, 240.3241, 206.7381, 237.6063, 207.9985, 249.5731, 182.1936, 252.2909
69 225 7.500000 179.8867, 239.8196, 205.7597, 237.7875, 206.6758, 249.4513, 180.8028, 251.4835
69 226 7.540000 178.3792, 239.2296, 204.2846, 238.0177, 204.8113, 249.2741, 178.9058, 250.4861
69 227 7.570000 177.0767, 239.0921, 202.9565, 237.9225, 203.4547, 248.9463, 177.5749, 250.1159
69 228 7.600000 175.9056, 238.6488, 201.7933, 238.4260, 201.8844, 249.0114, 175.9967, 249.2342
69 229 7.640000 174.1353, 238.4430, 199.9943, 238.6974, 199.8943, 248.8664, 174.0353, 248.6120
69 230 7.670000 172.7729, 238.3606, 198.5964, 238.9241, 198.3787, 248.8995, 172.5553, 248.3360
69 231 7.700000 171.4519, 238.0366, 197.2561, 239.2321, 196.7866, 249.3652, 170.9825, 248.1697
69 232 7.740000 169.6130, 237.5606, 195.4405, 239.3026, 194.7293, 249.8462, 168.9018, 248.1041
69 233 7.770000 168.1490, 237.4837, 194.0197, 239.2586, 193.2813, 250.0216, 167.4106, 248.2466
69 234 7.800000 166.8566, 237.1007, 192.7066, 239.5045, 191.6770, 250.5766, 165.8270, 248.1728
69 235 7.840000 165.0734, 236.8956, 190.9157, 239.7675, 189.6502, 251.1549, 163.8079, 248.2830
69 236 7.870000 163.6302, 237.0603, 189.5325, 239.8497, 188.2894, 251.3923, 162.3871, 248.6028
69 237 7.900000 162.4608, 236.8292, 188.2883, 240.2991, 186.6996, 252.1244, 160.8721, 248.6545
69 238 7.940000 160.7505, 236.9977, 186.5832, 240.7448, 184.8336, 252.8071, 159.0009, 249.0601
69 239 7.970000 159.4195, 237.3410, 185.3077, 241.0357, 183.5692, 253.2166, 157.6811, 249.5219
69 240 8.000000 158.3441, 237.3753, 184.1547, 241.5933, 182.1338, 253.9596, 156.3232, 249.7416
69 241 8.040000 156.8642, 237.5735, 182.6556, 242.1122, 180.4481, 254.6564, 154.6567, 250.1177
69 242 8.070000 155.6089, 237.9395, 181.5393, 242.1518, 179.4925, 254.7520, 153.5621, 250.5398
69 243 8.100000 154.7358, 237.7500, 180.5964, 242.4270, 178.2917, 255.1703, 152.4311, 250.4933
69 244 8.140000 153.5140, 237.5754, 179.3973, 242.4436, 176.9794, 255.2990, 151.0961, 250.4308
69 245 8.170000 152.5320, 237.5238, 178.5426, 242.1676, 176.2431, 255.0474, 150.2325, 250.4037
69 246 8.200000 152.0006, 236.8615, 177.8761, 242.1637, 175.2152, 255.1488, 149.3398, 249.8466
69 247 8.240000 151.2788, 236.0139, 177.0783, 241.8089, 174.1472, 254.8587, 148.3476, 249.0638
69 248 8.270000 150.7730, 235.3387, 176.5807, 241.3066, 173.5600, 254.3694, 147.7523, 248.4015
69 249 8.300000 150.7569, 234.1170, 176.2781, 241.0140, 172.7348, 254.1258, 147.2135, 247.2288
69 250 8.340000 150.5567, 232.7481, 176.0121, 240.0082, 172.2865, 253.0711, 146.8310, 245.8110
69 251 8.370000 150.3448, 231.7987, 175.9641, 238.8207, 172.4039, 251.8098, 146.7846, 244.7878
69 252 8.400000 150.6171, 230.3409, 176.1393, 237.7388, 172.3920, 250.6665, 146.8698, 243.2686
69 253 8.440000 150.9782, 228.4054, 176.6087, 235.7384, 172.9515, 248.5215, 147.3209, 241.1884
69 254 8.470000 151.1457, 227.1158, 177.1056, 233.7275, 173.8966, 246.3268, 147.9368, 239.7150
69 255 8.500000 151.9937, 225.0885, 177.8637, 232.1007, 174.4730, 244.6100, 148.6030, 237.5978
69 256 8.540000 152.7623, 223.0926, 178.9575, 229.4029, 175.9864, 241.7363, 149.7912, 235.4260
69 257 8.570000 153.3136, 221.9759, 179.8352, 227.3923, 177.3578, 239.5225, 150.8363, 234.1061
69 258 8.600000 154.1613, 220.7273, 180.8395, 225.7735, 178.5747, 237.7470, 151.8965, 232.7009
69 259 8.640000 155.2454, 219.5789, 182.2086, 223.6748, 180.4376, 235.3332, 153.4745, 231.2373
69 260 8.670000 156.0915, 218.9635, 183.2699, 222.1807, 181.9193, 233.5903, 154.7409, 230.3731
69 261 8.700000 157.1401, 218.1939, 184.4333, 221.0141, 183.2740, 232.2334, 155.9808, 229.4131
69 262 8.740000 158.5363, 217.4687, 185.9966, 219.5517, 185.1684, 230.4693, 157.7081, 228.3863
69 263 8.770000 159.5427, 217.1593, 187.1254, 218.3196, 186.6742, 229.0475, 159.0915, 227.8872
69 264 8.800000 160.7178, 216.4102, 188.3799, 217.3479, 188.0142, 228.1365, 160.3521, 227.1989
69 265 8.840000 162.1715, 215.7737, 189.9433, 215.9514, 189.8714, 227.1860, 162.0996, 227.0082
69 266 8.870000 163.1803, 215.5230, 191.0278, 214.8858, 191.2943, 226.5309, 163.4467, 227.1680
69 267 8.900000 164.2676, 215.1402, 192.2312, 214.3315, 192.5755, 226.2363, 164.6119, 227.0451
69 268 8.940000 165.5633, 214.9916, 193.6520, 213.5152, 194.3019, 225.8799, 166.2132, 227.3562
69 269 8.970000 166.4440, 215.1344, 194.5914, 212.9801, 195.5621, 225.6630, 167.4147, 227.8173
69 270 9.000000 167.3387, 215.2009, 195.5947, 212.8255, 196.6820, 225.7592, 168.4260, 228.1346
69 271 9.040000 168.3832, 215.4823, 196.7844, 212.7102, 198.0820, 226.0053, 169.6809, 228.7773
69 272 9.070000 168.9797, 215.9967, 197.3822, 212.4081, 199.1098, 226.0817, 170.7073, 229.6704
69 273 9.100000 169.6106, 216.1947, 198.1910, 212.6723, 199.9075, 226.6001, 171.3271, 230.1225
69 274 9.140000 170.2059, 216.8081, 198.9043, 212.8538, 200.8753, 227.1584, 172.1769, 231.1126
69 275 9.170000 170.4504, 217.5209, 199.1311, 212.8344, 201.5251, 227.4850, 172.8444, 232.1716
69 276 9.200000 170.6784, 217.9291, 199.5527, 213.3161, 201.9364, 228.2362, 173.0621, 232.8492
69 277 9.240000 170.7082, 218.7556, 199.7416, 213.8535, 202.3306, 229.1876, 173.2973, 234.0897
69 278 9.270000 170.5219, 219.6372, 199.5585, 214.1803, 202.5006, 229.8352, 173.4639, 235.2921
69 279 9.300000 170.2753, 220.2842, 199.5487, 214.9701, 202.4389, 230.8910, 173.1654, 236.2051
69 280 9.340000 169.6706, 221.4762, 199.1534, 216.0306, 202.1634, 232.3270, 172.6806, 237.7727
69 281 9.370000 169.0057, 222.6637, 198.5517, 216.8487, 201.8161, 233.4353, 172.2701, 239.2503
69 282 9.400000 168.2748, 223.6842, 198.1344, 218.1782, 201.2404, 235.0227, 171.3808, 240.5287
69 283 9.440000 167.0274, 225.5130, 197.1780, 220.0589, 200.2902, 237.2629, 170.1395, 242.7170
69 284 9.470000 165.9065, 227.1804, 196.2289, 221.6320, 199.4259, 239.1039, 169.1036, 244.6523
69 285 9.500000 164.7185, 228.7152, 195.4313, 223.6688, 198.3401, 241.3724, 167.6273, 246.4187
69 286 9.540000 162.8721, 230.9102, 194.0401, 226.3500, 196.6765, 244.3685, 165.5084, 248.9287
69 287 9.570000 161.2085, 232.9208, 192.4287, 227.9276, 195.3459, 246.1677, 164.1257, 251.1609
69 288 9.600000 159.5208, 234.4608, 191.1233, 229.9504, 193.7428, 248.3041, 162.1402, 252.8145
69 289 9.640000 157.0062, 236.6485, 188.9817, 232.4282, 191.4200, 250.9022, 159.4445, 255.1225
69 290 9.670000 154.9116, 238.4704, 187.0304, 234.0730, 189.5719, 252.6364, 157.4532, 257.0338
69 291 9.700000 152.8546, 239.7628, 185.4745, 236.2997, 187.4471, 254.8808, 154.8273, 258.3438
69 292 9.740000 149.8461, 241.9268, 182.8633, 238.9481, 184.5397, 257.5305, 151.5225, 260.5091
69 293 9.770000 147.4373, 243.7581, 180.6683, 240.8562, 182.2900, 259.4277, 149.0591, 262.3295
69 294 9.800000 145.0765, 245.3512, 178.6914, 243.2545, 179.8412, 261.6885, 146.2263, 263.7852
69 295 9.840000 141.7872, 247.7732, 175.8044, 246.4436, 176.5186, 264.7178, 142.5015, 266.0473
69 296 9.870000 139.2074, 249.8982, 173.4458, 248.8060, 174.0258, 266.9877, 139.7874, 268.0799
69 297 9.900000 136.7577, 251.8308, 171.3265, 251.7919, 171.3466, 269.7501, 136.7779, 269.7889
69 298 9.940000 133.3808, 254.9440, 168.2656, 255.8071, 167.8282, 273.4838, 132.9434, 272.6207
69 299 9.970000 130.8068, 257.6029, 165.8841, 258.9186, 165.2283, 276.4030, 130.1510, 275.0873
69 300 10.000000 128.4263, 260.1178, 163.6956, 262.5931, 162.4937, 279.7176, 127.2244, 277.2423
69 301 10.040000 125.2673, 263.6611, 160.7075, 267.2035, 159.0379, 283.9076, 123.5976, 280.3651
69 302 10.070000 122.7925, 266.5655, 158.3617, 269.9497, 156.7828, 286.5446, 121.2135, 283.1604
69 303 10.100000 120.7070, 268.9367, 156.3351, 273.1942, 154.3962, 289.4194, 118.7681, 285.1618
69 304 10.140000 117.9439, 272.2234, 153.6600, 276.8704, 151.5924, 292.7611, 115.8764, 288.1141
69 305 10.170000 115.9475, 274.6990, 151.7462, 279.2899, 149.7280, 295.0273, 113.9293, 290.4363
69 306 10.200000 114.3545, 276.7401, 150.1127, 282.2120, 147.7654, 297.5514, 112.0072, 292.0795
69 307 10.240000 112.2874, 279.6419, 148.0411, 285.5658, 145.5550, 300.5706, 109.8013, 294.6467
69 308 10.270000 110.8242, 281.9199, 146.6157, 287.8113, 144.1724, 302.6549, 108.3809, 296.7635
69 309 10.300000 109.8794, 283.7459, 145.4649, 290.8082, 142.6204, 305.1408, 107.0349, 298.0785
69 310 10.340000 108.6788, 286.5010, 144.0882, 294.3178, 141.0266, 308.1865, 105.6172, 300.3697
69 311 10.370000 107.7823, 288.8745, 143.2137, 296.5448, 140.2430, 310.2673, 104.8116, 302.5970
69 312 10.400000 107.3214, 291.0348, 142.5513, 299.3515, 139.4051, 312.6790, 104.1752, 304.3622
69 313 10.440000 106.7304, 294.3616, 141.9013, 302.6765, 138.8033, 315.7805, 103.6325, 307.4656
69 314 10.470000 106.3260, 297.1737, 141.5978, 304.9242, 138.7123, 318.0558, 103.4405, 310.3053
69 315 10.500000 106.2878, 299.8549, 141.4825, 307.6145, 138.5899, 320.7343, 103.3952, 312.9747
69 316 10.540000 106.4170, 303.4895, 141.6201, 310.7837, 138.8842, 323.9875, 103.6812, 316.6934
69 317 10.570000 106.6955, 306.1190, 141.9457, 312.7976, 139.4245, 326.1044, 104.1743, 319.4258
69 318 10.600000 107.4465, 308.1519, 142.5248, 315.0015, 139.8756, 328.5682, 104.7974, 321.7186
69 319 10.640000 108.5665, 311.0037, 143.5112, 317.5923, 140.9070, 331.4046, 105.9623, 324.8160
69 320 10.670000 109.3084, 313.5465, 144.3517, 319.1037, 142.1547, 332.9575, 107.1114, 327.4003
69 321 10.700000 110.6242, 315.2903, 145.4384, 321.0408, 143.1040, 335.1732, 108.2899, 329.4227
69 322 10.740000 112.2481, 318.1348, 146.9744, 323.2208, 144.8823, 337.5055, 110.1560, 332.4196
69 323 10.770000 113.4226, 320.5599, 148.1691, 324.6099, 146.4997, 338.9320, 111.7533, 334.8820
69 324 10.800000 115.0419, 322.3158, 149.5647, 326.4266, 147.8272, 341.0185, 113.3044, 336.9078
69 325 10.840000 117.1161, 325.0410, 151.4401, 328.6490, 149.8772, 343.5170, 115.5533, 339.9090
69 326 10.870000 118.6069, 327.3743, 152.8459, 330.2451, 151.5886, 345.2404, 117.3496, 342.3696
69 327 10.900000 120.3864, 329.3120, 154.3810, 332.2275, 153.0694, 347.5204, 119.0748, 344.6049
69 328 10.940000 122.6471, 332.3238, 156.3941, 334.8719, 155.2152, 350.4856, 121.4682, 347.9375
69 329 10.970000 124.2906, 334.8323, 157.8760, 336.9033, 156.9006, 352.7214, 123.3152, 350.6504
69 330 11.000000 126.1624, 337.0000, 159.4705, 339.2783, 158.3653, 355.4365, 125.0571, 353.1582
69 331 11.040000 128.6070, 339.9162, 161.5730, 342.2317, 160.4066, 358.8375, 127.4406, 356.5220
69 332 11.070000 130.2939, 342.1986, 163.1070, 344.1219, 162.1207, 360.9483, 129.3077, 359.0250
69 333 11.100000 132.4157, 343.6635, 164.8380, 346.3311, 163.4217, 363.5453, 130.9994, 360.8777
69 334 11.140000 134.9055, 345.9355, 167.0767, 348.7293, 165.5549, 366.2527, 133.3837, 363.4589
69 335 11.170000 136.6170, 347.7849, 168.7036, 350.2312, 167.3588, 367.8704, 135.2722, 365.4241
69 336 11.200000 138.7044, 349.0404, 170.4926, 352.0120, 168.8227, 369.8759, 137.0344, 366.9043
69 337 11.240000 141.2370, 351.0195, 172.7997, 354.0029, 171.0966, 372.0207, 139.5339, 369.0373
69 338 11.270000 143.0048, 352.6427, 174.5021, 355.2904, 172.9830, 373.3621, 141.4857, 370.7144
69 339 11.300000 145.1851, 353.7223, 176.3619, 356.9176, 174.4931, 375.1518, 143.3163, 371.9565
69 340 11.340000 147.8069, 355.5480, 178.7721, 358.7578, 176.8709, 377.0984, 145.9057, 373.8885
69 341 11.370000 149.6215, 357.1451, 180.5477, 359.9835, 178.8637, 378.3312, 147.9375, 375.4927
69 342 11.400000 151.7988, 358.3400, 182.4598, 361.5410, 180.5343, 379.9851, 149.8733, 376.7841
69 343 11.440000 154.4483, 360.3323, 184.9530, 363.4086, 183.0881, 381.9013, 152.5834, 378.8250
69 344 11.470000 156.2426, 362.1309, 186.7764, 364.6609, 185.2465, 383.1252, 154.7127, 380.5952
69 345 11.500000 158.3283, 363.6092, 188.7086, 366.1786, 187.1441, 384.6764, 156.7639, 382.1070
69 346 11.540000 161.0003, 365.6544, 191.2639, 367.9979, 189.8338, 386.4673, 159.5701, 384.1238
69 347 11.570000 162.8518, 367.2711, 193.1366, 369.0821, 192.0375, 387.4635, 161.7526, 385.6525
69 348 11.600000 165.1030, 368.2845, 195.1600, 370.4132, 193.8574, 388.8063, 163.8004, 386.6775
69 349 11.640000 167.8462, 369.8154, 197.7765, 371.7807, 196.5745, 390.0863, 166.6442, 388.1209
69 350 11.670000 169.6724, 371.1704, 199.6526, 372.4783, 198.8610, 390.6229, 168.8809, 389.3150
69 351 11.700000 171.9087, 371.9053, 201.6908, 373.4855, 200.7301, 391.5924, 170.9479, 390.0122
69 352 11.740000 174.5823, 373.1660, 204.2853, 374.4264, 203.5234, 392.3809, 173.8204, 391.1205
69 353 11.770000 176.4113, 374.2721, 206.1491, 374.8979, 205.7753, 392.6611, 176.0376, 392.0353
69 354 11.800000 178.5698, 374.8324, 208.1554, 375.6604, 207.6602, 393.3552, 178.0746, 392.5273
69 355 11.840000 181.1434, 375.8695, 210.7010, 376.3609, 210.4105, 393.8375, 180.8529, 393.3461
69 356 11.870000 182.8954, 376.8171, 212.5058, 376.6718, 212.5905, 393.9350, 182.9801, 394.0802
69 357 11.900000 184.8881, 377.3142, 214.4138, 377.2420, 214.4558, 394.4019, 184.9301, 394.4741
69 358 11.940000 187.3240, 378.1630, 216.8202, 377.7820, 217.0395, 394.7567, 187.5433, 395.1377
69 359 11.970000 188.8838, 379.1420, 218.4457, 377.9179, 219.1372, 394.6162, 189.5753, 395.8404
69 360 12.000000 190.7039, 379.4988, 220.2044, 378.3579, 220.8465, 394.9596, 191.3460, 396.1005
69 361 12.040000 192.8470, 380.0724, 222.3269, 378.5230, 223.1882, 394.9112, 193.7083, 396.4606
69 362 12.070000 194.2358, 380.5080, 223.7350, 378.2598, 224.9675, 394.4317, 195.4683, 396.6799
69 363 12.100000 195.8768, 380.0473, 225.2844, 378.2112, 226.2955, 394.4048, 196.8879, 396.2410
69 364 12.140000 197.6751, 379.5365, 227.0339, 377.4902, 228.1561, 393.5915, 198.7974, 395.6379
69 365 12.170000 198.7062, 379.2997, 228.0684, 376.4160, 229.6302, 392.3192, 200.2681, 395.2029
69 366 12.200000 199.8592, 378.3223, 229.1706, 375.4283, 230.7388, 391.3120, 201.4274, 394.2060
69 367 12.240000 201.0134, 377.0347, 230.2760, 373.4988, 232.1769, 389.2303, 202.9143, 392.7662
69 368 12.270000 201.6253, 375.9798, 230.8393, 371.6497, 233.1433, 387.1942, 203.9293, 391.5244
69 369 12.300000 202.3637, 373.9211, 231.5233, 370.0005, 233.6244, 385.6279, 204.4648, 389.5484
69 370 12.340000 202.9691, 370.9976, 232.0566, 367.2136, 234.0913, 382.8544, 205.0039, 386.6384
69 371 12.370000 203.1122, 368.6965, 232.1499, 364.6141, 234.3359, 380.1624, 205.2981, 384.2448
69 372 12.400000 203.3989, 365.2739, 232.3739, 362.1487, 234.0697, 377.8718, 205.0948, 380.9970
69 373 12.440000 203.3359, 360.6179, 232.2332, 358.0067, 233.6545, 373.7359, 204.7571, 376.3470
69 374 12.470000 202.8908, 357.2170, 231.7669, 354.1744, 233.4033, 369.7049, 204.5272, 372.7474
69 375 12.500000 202.6119, 352.9868, 231.4276, 350.5770, 232.7226, 366.0621, 203.9069, 368.4719
69 376 12.540000 201.9705, 347.8943, 230.7283, 345.8688, 231.8090, 361.2128, 203.0513, 363.2383
69 377 12.570000 201.5218, 344.3366, 230.2163, 342.9809, 230.9411, 358.3223, 202.2466, 359.6780
69 378 12.600000 201.1115, 341.0906, 229.7086, 340.6721, 229.9340, 356.0775, 201.3370, 356.4961
69 379 12.640000 200.4256, 337.6176, 228.9007, 338.1491, 228.6114, 353.6519, 200.1363, 353.1204
69 380 12.670000 199.7998, 335.6234, 228.2106, 336.6163, 227.6657, 352.2073, 199.2549, 351.2145
69 381 12.700000 199.2496, 333.8716, 227.5470, 335.5648, 226.6057, 351.2963, 198.3083, 349.6031
69 382 12.740000 198.3912, 332.2761, 226.5874, 334.5671, 225.2930, 350.4974, 197.0968, 348.2064
69 383 12.770000 197.6422, 331.6319, 225.8222, 334.0957, 224.4156, 350.1837, 196.2356, 347.7199
69 384 12.800000 197.0339, 331.1600, 225.1188, 334.1103, 223.4081, 350.3951, 195.3231, 347.4448
69 385 12.840000 196.1015, 331.2541, 224.1432, 334.5034, 222.2243, 351.0640, 194.1826, 347.8147
69 386 12.870000 195.3094, 331.8697, 223.3900, 335.0917, 221.4640, 351.8769, 193.3835, 348.6550
69 387 12.900000 194.6786, 332.6853, 222.7052, 336.1969, 220.5693, 353.2440, 192.5427, 349.7324
69 388 12.940000 193.7187, 334.5293, 221.7679, 338.1082, 219.5443, 355.5356, 191.4950, 351.9567
69 389 12.970000 192.9197, 336.4470, 221.0538, 339.8688, 218.8968, 357.6035, 190.7628, 354.1817
69 390 13.000000 192.2753, 338.4966, 220.4154, 342.0439, 218.1386, 360.1059, 189.9985, 356.5586
69 391 13.040000 191.3567, 341.4935, 219.6041, 344.9428, 217.3522, 363.3844, 189.1048, 359.9351
69 392 13.070000 190.5290, 343.8571, 219.0153, 346.8344, 217.0603, 365.5396, 188.5740, 362.5624
69 393 13.100000 190.2781, 345.6730, 218.6451, 349.1661, 216.3170, 368.0723, 187.9500, 364.5792
69 394 13.140000 189.6777, 348.3811, 218.1450, 351.8938, 215.7932, 370.9529, 187.3260, 367.4402
69 395 13.170000 189.0017, 350.6711, 217.7520, 353.6575, 215.7663, 372.7745, 187.0159, 369.7881
69 396 13.200000 188.7998, 352.5476, 217.5451, 355.8085, 215.3679, 375.0005, 186.6227, 371.7397
69 397 13.240000 188.2383, 355.4270, 217.2363, 358.3794, 215.2763, 377.6311, 186.2782, 374.6787
69 398 13.270000 187.6221, 357.8902, 216.9747, 360.1515, 215.4935, 379.3771, 186.1410, 377.1158
69 399 13.300000 187.4389, 359.9784, 216.8808, 362.3497, 215.3307, 381.5972, 185.8887, 379.2259
69 400 13.340000 186.9178, 363.2067, 216.6906, 365.1165, 215.4594, 384.3115, 185.6865, 382.4017
69 401 13.370000 186.3741, 365.9382, 216.4928, 367.1699, 215.7111, 386.2834, 185.5925, 385.0517
69 402 13.400000 186.1364, 368.4136, 216.4188, 369.6471, 215.6404, 388.7575, 185.3580, 387.5240
69 403 13.440000 185.5719, 372.1957, 216.2233, 372.9627, 215.7467, 392.0107, 185.0952, 391.2438
69 404 13.470000 185.0479, 375.3036, 216.0260, 375.5560, 215.8714, 394.5220, 184.8933, 394.2696
69 405 13.500000 184.7899, 378.0708, 215.9426, 378.5277, 215.6638, 397.5313, 184.5112, 397.0744
69 406 13.540000 184.2496, 381.8471, 215.7242, 382.2328, 215.4920, 401.1796, 184.0174, 400.7939
69 407 13.570000 183.6143, 384.7467, 215.4379, 384.6002, 215.5242, 403.3596, 183.7006, 403.5061
69 408 13.600000 183.3017, 386.8485, 215.2895, 387.0674, 215.1610, 405.8439, 183.1732, 405.6250
69 409 13.640000 182.5617, 389.7004, 214.9120, 389.7436, 214.8871, 408.4019, 182.5368, 408.3588
69 410 13.670000 181.8369, 391.7821, 214.5198, 391.3636, 214.7569, 409.8793, 182.0740, 410.2979
69 411 13.700000 181.4606, 393.0200, 214.2791, 393.1750, 214.1912, 411.7740, 181.3727, 411.6190
69 412 13.740000 180.8177, 394.5189, 213.8627, 395.2101, 213.4728, 413.8514, 180.4278, 413.1602
69 413 13.770000 180.0080, 395.9188, 213.3769, 396.2102, 213.2153, 414.7119, 179.8464, 414.4205
69 414 13.800000 179.7702, 396.2257, 213.1511, 397.6648, 212.3491, 416.2695, 178.9681, 414.8304
69 415 13.840000 179.0443, 397.0163, 212.6494, 398.8640, 211.6289, 417.4236, 178.0238, 415.5759
69 416 13.870000 178.4224, 397.5504, 212.2593, 399.4655, 211.2145, 417.9253, 177.3776, 416.0102
69 417 13.900000 178.3027, 397.2536, 212.0678, 400.3471, 210.3718, 418.8589, 176.6068, 415.7655
69 418 13.940000 177.8070, 397.2099, 211.7401, 400.8192, 209.7879, 419.1734, 175.8548, 415.5642
69 419 13.970000 177.2647, 397.3387, 211.4876, 400.6999, 209.7072, 418.8281, 175.4842, 415.4669
69 420 14.000000 177.2706, 396.6927, 211.4696, 400.9025, 209.2477, 418.9528, 175.0486, 414.7431
69 421 14.040000 177.0903, 396.2322, 211.4497, 400.7739, 209.0867, 418.6514, 174.7272, 414.1097
69 422 14.070000 176.9113, 396.1257, 211.4849, 400.5669, 209.2060, 418.3077, 174.6323, 413.8665
69 423 14.100000 177.2390, 395.5272, 211.7151, 400.7950, 209.0013, 418.5562, 174.5252, 413.2884
69 424 14.140000 177.6769, 395.0302, 212.1260, 400.9634, 209.0627, 418.7492, 174.6136, 412.8160
69 425 14.170000 177.9429, 394.9797, 212.5101, 400.9161, 209.4617, 418.6667, 174.8945, 412.7303
69 426 14.200000 178.7676, 394.4410, 213.1258, 401.2652, 209.5829, 419.1029, 175.2246, 412.2786
69 427 14.240000 179.8072, 394.1455, 214.0970, 401.4389, 210.2905, 419.3349, 176.0008, 412.0415
69 428 14.270000 180.4895, 394.2802, 214.9510, 401.2799, 211.3107, 419.2018, 176.8492, 412.2020
69 429 14.300000 181.7645, 393.9582, 216.0536, 401.5056, 212.0858, 419.5318, 177.7968, 411.9844
69 430 14.340000 183.3481, 394.0058, 217.7056, 401.4380, 213.7855, 419.5596, 179.4280, 412.1274
69 431 14.370000 184.5147, 394.3295, 219.0866, 401.1781, 215.4876, 419.3460, 180.9157, 412.4973
69 432 14.400000 186.2356, 394.2437, 220.7082, 401.2904, 216.9716, 419.5701, 182.4990, 412.5234
69 433 14.440000 188.4981, 394.5090, 223.0404, 401.1884, 219.4806, 419.5977, 184.9383, 412.9183
69 434 14.470000 190.1449, 395.0299, 224.8950, 400.9211, 221.7636, 419.3918, 187.0136, 413.5007
69 435 14.500000 192.3386, 395.1134, 226.9774, 401.0711, 223.7776, 419.6754, 189.1388, 413.7177
69 436 14.540000 195.2156, 395.5905, 229.8774, 401.0737, 226.9178, 419.7829, 192.2560, 414.2997
69 437 14.570000 197.2919, 396.2511, 232.1181, 400.8554, 229.6384, 419.6115, 194.8122, 415.0072
69 438 14.600000 199.9327, 396.3647, 234.5921, 401.1093, 232.0087, 419.9811, 197.3493, 415.2365
69 439 14.640000 203.2858, 396.9341, 237.9382, 401.1216, 235.6467, 420.0839, 200.9944, 415.8963
69 440 14.670000 205.7642, 397.5613, 240.4878, 400.9882, 238.6154, 419.9610, 203.8918, 416.5341
69 441 14.700000 208.6868, 397.6979, 243.2382, 401.2327, 241.2886, 420.2895, 206.7372, 416.7548
69 442 14.740000 212.4624, 398.1709, 246.9181, 401.3029, 245.1816, 420.4054, 210.7259, 417.2733
69 443 14.770000 215.1934, 398.7408, 249.6721, 401.1558, 248.3350, 420.2445, 213.8564, 417.8295
69 444 14.800000 218.3668, 398.7539, 252.6240, 401.4164, 251.1349, 420.5758, 216.8777, 417.9134
69 445 14.840000 222.4439, 399.0438, 256.5322, 401.5001, 255.1494, 420.6896, 221.0611, 418.2332
69 446 14.870000 225.3708, 399.4819, 259.4271, 401.3555, 258.3731, 420.5129, 224.3169, 418.6392
69 447 14.900000 228.7181, 399.3605, 262.5146, 401.6229, 261.2289, 420.8294, 227.4324, 418.5670
69 448 14.940000 232.9885, 399.5009, 266.5698, 401.6972, 265.3138, 420.9005, 231.7325, 418.7042
69 449 14.970000 236.0456, 399.8285, 269.5614, 401.5438, 268.5810, 420.6989, 235.0653, 418.9836
