19 0 0.010000 231.2113, 169.9051, 254.1312, 170.7808, 253.6355, 183.7558, 230.7155, 182.8801
19 1 0.040000 231.1549, 170.0546, 254.0889, 170.8009, 253.6398, 184.6036, 230.7058, 183.8573
19 2 0.070000 231.1234, 170.2939, 254.0759, 171.0360, 253.5938, 185.9449, 230.6414, 185.2028
19 3 0.110000 231.1160, 170.7252, 254.0794, 171.5242, 253.5216, 187.5546, 230.5582, 186.7556
19 4 0.140000 231.1438, 170.9917, 254.1003, 171.8469, 253.4800, 188.4975, 230.5235, 187.6423
19 5 0.170000 231.2195, 171.2131, 254.1773, 172.2016, 253.4459, 189.1882, 230.4881, 188.1997
19 6 0.200000 231.3171, 171.3797, 254.2435, 172.4322, 253.4503, 189.7090, 230.5239, 188.6564
19 7 0.240000 231.5101, 171.6222, 254.3906, 172.8029, 253.4928, 190.2017, 230.6122, 189.0210
19 8 0.270000 231.7336, 171.8577, 254.6161, 173.3160, 253.5204, 190.5089, 230.6379, 189.0506
19 9 0.310000 232.0517, 172.3320, 254.8665, 173.9956, 253.6325, 190.9194, 230.8177, 189.2558
19 10 0.340000 232.2803, 172.8505, 254.9695, 174.4319, 253.7954, 191.2766, 231.1063, 189.6952
19 11 0.370000 232.5819, 173.5385, 255.1986, 175.2637, 253.9452, 191.6956, 231.3285, 189.9704
19 12 0.400000 232.8803, 174.3726, 255.3716, 176.0740, 254.1487, 192.2406, 231.6574, 190.5393
19 13 0.440000 233.3093, 175.7787, 255.6312, 177.4414, 254.4643, 193.1079, 232.1423, 191.4452
19 14 0.470000 233.6628, 177.0380, 255.8573, 178.7011, 254.7221, 193.8494, 232.5276, 192.1862
19 15 0.500000 233.9827, 178.3794, 256.0054, 179.7856, 255.0540, 194.6871, 233.0312, 193.2809
19 16 0.540000 234.4832, 180.2434, 256.2977, 181.4687, 255.4940, 195.7780, 233.6795, 194.5528
19 17 0.570000 234.8991, 181.6469, 256.5634, 182.8048, 255.8319, 196.4911, 234.1677, 195.3333
19 18 0.610000 235.4519, 183.3752, 256.9030, 184.3233, 256.3274, 197.3465, 234.8763, 196.3983
19 19 0.640000 235.8831, 184.5088, 257.1743, 185.3099, 256.6995, 197.9304, 235.4082, 197.1293
19 20 0.670000 236.3240, 185.6561, 257.4602, 186.3559, 257.0651, 198.2927, 235.9289, 197.5930
19 21 0.700000 236.7014, 186.5584, 257.7003, 186.9448, 257.4844, 198.6744, 236.4855, 198.2879
19 22 0.740000 237.2272, 187.5417, 258.0629, 187.7254, 257.9634, 199.0123, 237.1277, 198.8287
19 23 0.770000 237.5701, 188.2300, 258.3000, 188.2084, 258.3113, 199.0395, 237.5814, 199.0611
19 24 0.800000 237.8912, 188.6167, 258.5051, 188.3962, 258.6197, 199.1054, 238.0058, 199.3260
19 25 0.840000 238.2483, 188.9438, 258.7260, 188.4578, 258.9753, 198.9609, 238.4976, 199.4469
19 26 0.870000 238.4765, 189.2366, 258.8625, 188.6098, 259.1660, 198.4836, 238.7800, 199.1104
19 27 0.900000 238.6413, 189.0133, 258.9286, 188.2288, 259.3152, 198.2266, 239.0279, 199.0112
19 28 0.940000 238.7703, 188.6842, 258.9413, 187.7156, 259.4101, 197.4798, 239.2391, 198.4484
19 29 0.970000 238.7917, 188.4375, 258.8932, 187.3425, 259.3983, 196.6155, 239.2968, 197.7105
19 30 1.000000 238.7339, 187.7582, 258.7578, 186.5454, 259.3278, 195.9556, 239.3039, 197.1685
19 31 1.040000 238.5517, 186.9576, 258.5049, 185.6351, 259.1099, 194.7632, 239.1567, 196.0857
19 32 1.070000 238.3099, 186.1269, 258.2374, 184.7512, 258.8922, 194.2353, 238.9646, 195.6109
19 33 1.110000 237.8599, 184.7319, 257.7693, 183.3383, 258.4700, 193.3482, 238.5606, 194.7418
19 34 1.140000 237.4552, 183.8232, 257.3534, 182.4547, 258.0397, 192.4337, 238.1415, 193.8022
19 35 1.170000 236.9479, 182.6115, 256.8617, 181.2938, 257.5511, 191.7117, 237.6373, 193.0294
19 36 1.210000 236.1858, 181.1269, 256.1243, 179.9462, 256.7431, 190.3967, 236.8046, 191.5774
19 37 1.240000 235.5354, 180.0458, 255.5077, 179.0046, 256.0383, 189.1815, 236.0659, 190.2228
19 38 1.270000 234.7956, 178.6510, 254.8174, 177.7648, 255.2744, 188.0905, 235.2526, 188.9766
19 39 1.310000 233.7093, 176.8403, 253.8085, 176.1655, 254.1469, 186.2457, 234.0477, 186.9205
19 40 1.340000 232.8438, 175.4937, 253.0056, 175.0571, 253.2115, 184.5696, 233.0498, 185.0061
19 41 1.370000 231.9077, 173.7693, 252.1519, 173.5803, 252.2401, 183.0242, 231.9959, 183.2133
19 42 1.410000 230.6035, 171.3875, 250.9705, 171.6056, 250.8741, 180.6095, 230.5071, 180.3914
19 43 1.440000 229.6052, 168.9381, 250.0540, 169.4600, 249.8102, 179.0119, 229.3614, 178.4899
19 44 1.470000 228.5752, 166.7204, 249.1367, 167.5695, 248.7372, 177.2450, 228.1756, 176.3959
19 45 1.510000 227.2327, 163.4787, 247.9228, 164.8055, 247.2614, 175.1178, 226.5714, 173.7910
19 46 1.540000 226.2609, 160.9977, 247.0293, 162.6952, 246.1258, 173.7493, 225.3573, 172.0518
19 47 1.570000 225.2417, 158.8379, 246.1591, 160.8742, 245.0455, 172.3137, 224.1281, 170.2773
19 48 1.610000 223.9139, 156.0974, 245.0486, 158.5548, 243.6380, 170.6865, 222.5033, 168.2291
19 49 1.640000 222.9578, 154.1424, 244.2660, 156.8986, 242.6150, 169.6626, 221.3068, 166.9063
19 50 1.670000 222.0319, 152.5211, 243.4754, 155.5277, 241.6522, 168.5314, 220.2087, 165.5248
19 51 1.710000 220.8856, 150.4474, 242.5126, 153.7512, 240.4537, 167.2287, 218.8267, 163.9248
19 52 1.740000 220.1110, 148.9462, 241.8703, 152.4483, 239.6275, 166.3831, 217.8682, 162.8810
19 53 1.770000 219.3892, 147.7347, 241.2442, 151.3806, 238.9080, 165.3850, 217.0530, 161.7391
19 54 1.810000 218.5743, 146.1065, 240.5536, 149.9106, 238.0728, 164.2440, 216.0935, 160.4399
19 55 1.840000 218.0823, 144.8565, 240.1523, 148.7403, 237.5489, 163.5339, 215.4790, 159.6502
19 56 1.870000 217.6686, 143.8495, 239.7908, 147.7621, 237.1532, 162.6754, 215.0309, 158.7627
19 57 1.910000 217.2889, 142.5393, 239.4648, 146.4509, 236.7859, 161.6382, 214.6100, 157.7265
19 58 1.940000 217.1391, 141.5740, 239.3401, 145.4557, 236.6315, 160.9469, 214.4306, 157.0652
19 59 1.970000 217.0713, 140.8777, 239.2614, 144.6888, 236.6186, 160.0759, 214.4286, 156.2647
19 60 2.010000 217.1645, 139.9579, 239.3211, 143.6474, 236.7573, 159.0432, 214.6008, 155.3536
19 61 2.040000 217.3730, 139.2647, 239.4907, 142.8568, 236.9709, 158.3720, 214.8532, 154.7799
19 62 2.070000 217.6637, 138.8274, 239.7095, 142.3013, 237.3106, 157.5245, 215.2649, 154.0506
19 63 2.110000 218.2297, 138.2019, 240.1681, 141.5267, 237.8935, 156.5354, 215.9551, 153.2106
19 64 2.140000 218.7806, 137.6866, 240.6318, 140.9023, 238.4264, 155.8884, 216.5752, 152.6727
19 65 2.170000 219.4152, 137.3791, 241.1483, 140.4952, 239.0612, 155.0519, 217.3280, 151.9358
19 66 2.210000 220.4187, 136.8733, 241.9860, 139.8689, 240.0214, 154.0135, 218.4541, 151.0179
19 67 2.240000 221.2796, 136.3780, 242.7235, 139.2802, 240.8261, 153.2997, 219.3823, 150.3975
19 68 2.270000 222.2212, 136.0678, 243.5069, 138.9165, 241.7119, 152.3284, 220.4262, 149.4797
19 69 2.310000 223.6044, 135.4411, 244.6818, 138.2003, 242.9961, 151.0774, 221.9186, 148.3181
19 70 2.340000 224.7342, 134.7921, 245.6607, 137.4857, 244.0301, 150.1538, 223.1036, 147.4601
19 71 2.370000 225.9326, 134.2820, 246.6690, 136.9392, 245.1327, 148.9278, 224.3963, 146.2706
19 72 2.410000 227.6431, 133.3131, 248.1391, 135.9463, 246.6818, 147.2897, 226.1858, 144.6565
19 73 2.440000 228.9953, 132.3529, 249.3278, 134.9531, 247.9058, 146.0726, 227.5734, 143.4725
19 74 2.470000 230.3517, 131.5502, 250.5689, 134.1785, 249.2215, 144.5432, 229.0043, 141.9149
19 75 2.510000 232.2370, 130.2544, 252.3051, 132.8805, 251.0324, 142.6060, 230.9643, 139.9799
19 76 2.540000 233.7060, 129.2191, 253.6532, 131.8399, 252.4131, 141.2788, 232.4659, 138.6580
19 77 2.570000 235.1623, 128.4861, 255.0058, 131.1239, 253.8548, 139.7822, 234.0114, 137.1445
19 78 2.610000 237.1979, 127.2017, 256.8925, 129.8348, 255.7324, 138.5119, 236.0378, 135.8788
19 79 2.640000 238.7851, 126.0787, 258.3579, 128.6906, 257.1626, 137.6476, 237.5898, 135.0356
19 80 2.670000 240.4019, 124.8651, 259.8757, 127.4622, 258.6142, 136.9217, 239.1403, 134.3246
19 81 2.710000 242.5961, 123.3528, 261.9204, 125.9282, 260.5985, 135.8469, 241.2742, 133.2715
19 82 2.740000 244.2433, 122.3223, 263.4736, 124.8511, 262.1541, 134.8849, 242.9238, 132.3562
19 83 2.770000 245.9388, 121.0695, 265.0807, 123.5476, 263.7198, 134.0598, 244.5779, 131.5816
19 84 2.800000 247.6188, 120.0303, 266.6829, 122.4342, 265.3638, 132.8955, 246.2997, 130.4916
19 85 2.840000 249.8870, 118.4572, 268.8730, 120.6999, 267.6232, 131.2800, 248.6372, 129.0373
19 86 2.870000 251.6175, 117.1013, 270.5617, 119.2108, 269.3585, 130.0168, 250.4142, 127.9073
19 87 2.900000 253.3351, 115.9431, 272.2432, 117.8948, 271.1656, 128.3346, 252.2575, 126.3829
19 88 2.940000 255.6755, 114.0528, 274.5442, 115.7772, 273.6016, 126.0913, 254.7329, 124.3669
19 89 2.970000 257.4204, 112.5119, 276.2892, 113.9840, 275.4835, 124.3099, 256.6148, 122.8377
19 90 3.000000 259.1463, 111.1650, 278.0019, 112.2915, 277.4080, 122.2319, 258.5524, 121.1053
19 91 3.040000 261.4682, 109.3537, 280.3099, 110.0610, 279.9529, 119.5717, 261.1112, 118.8645
19 92 3.070000 263.2113, 108.0326, 282.0345, 108.4243, 281.8404, 117.7535, 263.0172, 117.3618
19 93 3.100000 264.9520, 107.0358, 283.7468, 107.1292, 283.7035, 115.8330, 264.9087, 115.7395
19 94 3.140000 267.2520, 105.2154, 285.9984, 104.9135, 286.1428, 113.8776, 267.3963, 114.1795
19 95 3.170000 268.9458, 103.9743, 287.6607, 103.4052, 287.9438, 112.7127, 269.2288, 113.2819
19 96 3.200000 270.6108, 102.6793, 289.2811, 101.8657, 289.7140, 111.8008, 271.0438, 112.6144
19 97 3.240000 272.7731, 101.2098, 291.4002, 100.1130, 292.0199, 110.6371, 273.3927, 111.7339
19 98 3.270000 274.3446, 100.3343, 292.9435, 99.0198, 293.7033, 109.7713, 275.1044, 111.0858
19 99 3.300000 275.8627, 99.3960, 294.4264, 97.8760, 295.3512, 109.1708, 276.7875, 110.6908
19 100 3.340000 277.8098, 98.4087, 296.3507, 96.6364, 297.4801, 108.4504, 278.9391, 110.2228
19 101 3.370000 279.2117, 97.8833, 297.7547, 95.9572, 299.0025, 107.9701, 280.4595, 109.8962
19 102 3.400000 280.5299, 97.2818, 299.1026, 95.2338, 300.4904, 107.8190, 281.9176, 109.8670
19 103 3.440000 282.2192, 96.8258, 300.8317, 94.6428, 302.3598, 107.6716, 283.7473, 109.8546
19 104 3.470000 283.4130, 96.6445, 302.0729, 94.3796, 303.6861, 107.6710, 285.0263, 109.9359
19 105 3.500000 284.5282, 96.4117, 303.2515, 94.1054, 304.9478, 107.8767, 286.2245, 110.1830
19 106 3.540000 285.8970, 96.1808, 304.7164, 93.8290, 306.4993, 108.0953, 287.6798, 110.4471
19 107 3.570000 286.8595, 96.1714, 305.7230, 93.7791, 307.5254, 107.9917, 288.6619, 110.3840
19 108 3.600000 287.6907, 95.8450, 306.6086, 93.4125, 308.4932, 108.0690, 289.5752, 110.5015
19 109 3.640000 288.6753, 95.5028, 307.6292, 92.9783, 309.6111, 107.8588, 290.6572, 110.3832
19 110 3.670000 289.3120, 95.2518, 308.2928, 92.6624, 310.3209, 107.5280, 291.3400, 110.1175
19 111 3.700000 289.8179, 94.7217, 308.8236, 92.0707, 310.9524, 107.3324, 291.9467, 109.9834
19 112 3.740000 290.3565, 94.0610, 309.3842, 91.3340, 311.6015, 106.8057, 292.5738, 109.5327
19 113 3.770000 290.6506, 93.5896, 309.6893, 90.8076, 311.9410, 106.2173, 292.9023, 108.9993
19 114 3.800000 290.7957, 92.8182, 309.8402, 89.9786, 312.1955, 105.7747, 293.1510, 108.6144
19 115 3.840000 290.8295, 91.7837, 309.9294, 88.8771, 312.3728, 104.9326, 293.2728, 107.8392
19 116 3.870000 290.7275, 90.9812, 309.8831, 88.0397, 312.3538, 104.1300, 293.1982, 107.0715
19 117 3.900000 290.4552, 89.8094, 309.6625, 86.8299, 312.2530, 103.5291, 293.0457, 106.5087
19 118 3.940000 289.9230, 88.2829, 309.2109, 85.2716, 311.8980, 102.4834, 292.6101, 105.4947
19 119 3.970000 289.4081, 87.2346, 308.7547, 84.2229, 311.4475, 101.5208, 292.1009, 104.5325
19 120 4.000000 288.7515, 86.0647, 308.1532, 83.0413, 310.9107, 100.7368, 291.5090, 103.7601
19 121 4.040000 287.7599, 84.9171, 307.2362, 81.9310, 309.9579, 99.6823, 290.4816, 102.6685
19 122 4.070000 286.9265, 84.4063, 306.4581, 81.4708, 309.0965, 99.0262, 289.5649, 101.9616
19 123 4.100000 285.9897, 84.0197, 305.5804, 81.1649, 308.1407, 98.7349, 288.5500, 101.5897
19 124 4.140000 284.6285, 83.9852, 304.2994, 81.2766, 306.6944, 98.6703, 287.0234, 101.3788
19 125 4.170000 283.5249, 84.3265, 303.2562, 81.7514, 305.4915, 98.8790, 285.7602, 101.4542
19 126 4.200000 282.3299, 84.8412, 302.1228, 82.4147, 304.2137, 99.4696, 284.4208, 101.8961
19 127 4.240000 280.6390, 86.0545, 300.5136, 83.8582, 302.3681, 100.6400, 282.4935, 102.8362
19 128 4.270000 279.2995, 87.3756, 299.2858, 85.3666, 300.9402, 101.8258, 280.9539, 103.8348
19 129 4.300000 277.8916, 88.9433, 298.0378, 87.1426, 299.4953, 103.4484, 279.3491, 105.2492
19 130 4.340000 275.9421, 91.6768, 296.3097, 90.1886, 297.4748, 106.1342, 277.1073, 107.6224
19 131 4.370000 274.4287, 94.2394, 294.9649, 93.0072, 295.9003, 108.5954, 275.3641, 109.8276
19 132 4.400000 272.8658, 97.1790, 293.5741, 96.2190, 294.2856, 111.5657, 273.5773, 112.5257
19 133 4.440000 270.7246, 101.8444, 291.6583, 101.2719, 292.0665, 116.1991, 271.1328, 116.7716
19 134 4.470000 269.0774, 105.8578, 290.1763, 105.5989, 290.3548, 120.1462, 269.2558, 120.4051
19 135 4.500000 267.3881, 110.1106, 288.6478, 110.1707, 288.6074, 124.4495, 267.3477, 124.3894
19 136 4.540000 265.0764, 115.9015, 286.5372, 116.3693, 286.2354, 130.2156, 264.7746, 129.7478
19 137 4.570000 263.3094, 120.1526, 284.9114, 120.9064, 284.4432, 134.3243, 262.8412, 133.5705
19 138 4.600000 261.5351, 124.1101, 283.2557, 125.1099, 282.6461, 138.3536, 260.9255, 137.3538
19 139 4.640000 259.1463, 129.1839, 281.0010, 130.4049, 280.2758, 143.3849, 258.4211, 142.1638
19 140 4.670000 257.3430, 132.9374, 279.3035, 134.3049, 278.5205, 146.8780, 256.5601, 145.5105
19 141 4.700000 255.5841, 136.3250, 277.6433, 137.8969, 276.7435, 150.5235, 254.6844, 148.9516
19 142 4.740000 253.2241, 140.9984, 275.4187, 142.8058, 274.4221, 155.0437, 252.2275, 153.2362
19 143 4.770000 251.4471, 144.6147, 273.7574, 146.5940, 272.7199, 158.2880, 250.4097, 156.3087
19 144 4.800000 249.7223, 147.9877, 272.1188, 150.1230, 271.0025, 161.8316, 248.6060, 159.6963
19 145 4.840000 247.4177, 152.7436, 269.9424, 155.0538, 268.7626, 166.5563, 246.2380, 164.2461
19 146 4.870000 245.6905, 156.5387, 268.3141, 158.9619, 267.1122, 170.1836, 244.4886, 167.7604
19 147 4.900000 244.0014, 160.2963, 266.7091, 162.8002, 265.4521, 174.1998, 242.7444, 171.6959
19 148 4.940000 241.7456, 165.7225, 264.5732, 168.3033, 263.2765, 179.7723, 240.4490, 177.1916
19 149 4.970000 240.0548, 170.0726, 262.9786, 172.6827, 261.6787, 184.0988, 238.7549, 181.4887
19 150 5.000000 238.4107, 174.3289, 261.4175, 176.9194, 260.0950, 188.6647, 237.0882, 186.0742
19 151 5.040000 236.2937, 179.8607, 259.4160, 182.4543, 258.0740, 194.4184, 234.9517, 191.8248
19 152 5.070000 234.7694, 183.8339, 257.9962, 186.4831, 256.6636, 198.1670, 233.4368, 195.5179
19 153 5.100000 233.3380, 187.2210, 256.6616, 189.8206, 255.3282, 201.7841, 232.0046, 199.1846
19 154 5.140000 231.5149, 191.4003, 254.9783, 193.9173, 253.7000, 205.8335, 230.2366, 203.3165
19 155 5.170000 230.1941, 194.2837, 253.7752, 196.6533, 252.5995, 208.3536, 229.0184, 205.9840
19 156 5.200000 228.9674, 196.4939, 252.6632, 198.7099, 251.5151, 210.9861, 227.8193, 208.7701
19 157 5.240000 227.3890, 199.2029, 251.2543, 201.2076, 250.1884, 213.8968, 226.3231, 211.8921
19 158 5.270000 226.2458, 201.1788, 250.2082, 202.9865, 249.2579, 215.5832, 225.2955, 213.7755
19 159 5.300000 225.1349, 202.5650, 249.2223, 204.1344, 248.3570, 217.4159, 224.2695, 215.8465
19 160 5.340000 223.7044, 204.2817, 247.9267, 205.5774, 247.1888, 219.3716, 222.9665, 218.0759
19 161 5.370000 222.6592, 205.5134, 246.9615, 206.6237, 246.3291, 220.4653, 222.0268, 219.3549
19 162 5.400000 221.6339, 206.1881, 246.0342, 207.1393, 245.4640, 221.7669, 221.0636, 220.8157
19 163 5.440000 220.2795, 207.0989, 244.7819, 207.8546, 244.3146, 223.0069, 219.8122, 222.2512
19 164 5.470000 219.2803, 207.7672, 243.8481, 208.4332, 243.4362, 223.6267, 218.8685, 222.9607
19 165 5.500000 218.2864, 207.9900, 242.9338, 208.6046, 242.5384, 224.4594, 217.8910, 223.8448
19 166 5.540000 216.9544, 208.3693, 241.7002, 208.9322, 241.3290, 225.2532, 216.5831, 224.6903
19 167 5.570000 215.9398, 208.7564, 240.7557, 209.2670, 240.4189, 225.6375, 215.6030, 225.1269
19 168 5.600000 214.9106, 208.8437, 239.8079, 209.2955, 239.5001, 226.2531, 214.6029, 225.8013
19 169 5.640000 213.5151, 209.0768, 238.5132, 209.4305, 238.2663, 226.8780, 213.2682, 226.5242
19 170 5.670000 212.4559, 209.2972, 237.5270, 209.5808, 237.3270, 227.2553, 212.2560, 226.9716
19 171 5.700000 211.3810, 209.2755, 236.5370, 209.4939, 236.3776, 227.8509, 211.2216, 227.6324
19 172 5.740000 209.9418, 209.5050, 235.2003, 209.6631, 235.0831, 228.3736, 209.8246, 228.2154
19 173 5.770000 208.8422, 209.8710, 234.1558, 209.9404, 234.1047, 228.5768, 208.7911, 228.5073
19 174 5.800000 207.7315, 210.0311, 233.1211, 210.0454, 233.1104, 229.0006, 207.7207, 228.9863
19 175 5.840000 206.2350, 210.4884, 231.7169, 210.4299, 231.7604, 229.3583, 206.2785, 229.4169
19 176 5.870000 205.1008, 211.0152, 230.6479, 210.9038, 230.7288, 229.4794, 205.1818, 229.5907
19 177 5.900000 203.9485, 211.3588, 229.5718, 211.2030, 229.6850, 229.8216, 204.0617, 229.9773
19 178 5.940000 202.3896, 212.0736, 228.1021, 211.8384, 228.2690, 230.0831, 202.5565, 230.3183
19 179 5.970000 201.2051, 212.7940, 226.9680, 212.4776, 227.1849, 230.1387, 201.4220, 230.4550
19 180 6.000000 199.9979, 213.3019, 225.8374, 212.9360, 226.0851, 230.4285, 200.2456, 230.7944
19 181 6.040000 198.3680, 214.1381, 224.2873, 213.6932, 224.5783, 230.6468, 198.6590, 231.0917
19 182 6.070000 197.1384, 214.8660, 223.1040, 214.3838, 223.4066, 230.6763, 197.4410, 231.1586
19 183 6.100000 195.8817, 215.3082, 221.9158, 214.8284, 222.2129, 230.9486, 196.1788, 231.4285
19 184 6.140000 194.1919, 216.0111, 220.2907, 215.5532, 220.5641, 231.1304, 194.4652, 231.5883
19 185 6.170000 192.9070, 216.6928, 219.0262, 216.2252, 219.2918, 231.0600, 193.1725, 231.5276
19 186 6.200000 191.5892, 216.9870, 217.7619, 216.5675, 217.9983, 231.3205, 191.8257, 231.7400
19 187 6.240000 189.8107, 217.5867, 216.0271, 217.2193, 216.2256, 231.3819, 190.0092, 231.7493
19 188 6.270000 188.4698, 218.0635, 214.6958, 217.7654, 214.8500, 231.3357, 188.6241, 231.6337
19 189 6.300000 187.0852, 218.2814, 213.3576, 218.0639, 213.4687, 231.4828, 187.1963, 231.7003
19 190 6.340000 185.2163, 218.6080, 211.5172, 218.4760, 211.5828, 231.5416, 185.2819, 231.6735
19 191 6.370000 183.8018, 219.0495, 210.0933, 218.9532, 210.1385, 231.3117, 183.8470, 231.4079
19 192 6.400000 182.3513, 219.0536, 208.6850, 219.0568, 208.6835, 231.4354, 182.3498, 231.4322
19 193 6.440000 180.4190, 219.1927, 206.7794, 219.3851, 206.6919, 231.3629, 180.3316, 231.1705
19 194 6.470000 178.9671, 219.5109, 205.2953, 219.8084, 205.1683, 231.0466, 178.8401, 230.7491
19 195 6.500000 177.4666, 219.4250, 203.8357, 219.8539, 203.6522, 231.1344, 177.2831, 230.7056
19 196 6.540000 175.4480, 219.5668, 201.8412, 220.1280, 201.6060, 231.1868, 175.2128, 230.6256
19 197 6.570000 173.9096, 219.8876, 200.3483, 220.5929, 200.0641, 231.2467, 173.6253, 230.5413
19 198 6.600000 172.3750, 220.1539, 198.8440, 221.0192, 198.4980, 231.6042, 172.0290, 230.7389
19 199 6.640000 170.3058, 220.7598, 196.8339, 221.8615, 196.3960, 232.4057, 169.8679, 231.3040
19 200 6.670000 168.7438, 221.2097, 195.3279, 222.4794, 194.8151, 233.2171, 168.2309, 231.9474
19 201 6.700000 167.2030, 221.8704, 193.8020, 223.3366, 193.2170, 233.9504, 166.6179, 232.4841
19 202 6.740000 165.1385, 222.8163, 191.7844, 224.5299, 191.0939, 235.2665, 164.4480, 233.5529
19 203 6.770000 163.5913, 223.5700, 190.2987, 225.4875, 189.5055, 236.5358, 162.7980, 234.6183
19 204 6.800000 162.0713, 224.6631, 188.7877, 226.8105, 187.9069, 237.7683, 161.1906, 235.6209
19 205 6.840000 160.0583, 226.2327, 186.8170, 228.7137, 185.7852, 239.8424, 159.0265, 237.3614
19 206 6.870000 158.5624, 227.5457, 185.3698, 230.2799, 184.2028, 241.7215, 157.3954, 238.9873
19 207 6.900000 157.0940, 229.2229, 183.9071, 232.2360, 182.6225, 243.6669, 155.8095, 240.6538
19 208 6.940000 155.1676, 231.6887, 182.0064, 235.0885, 180.5307, 246.7379, 153.6919, 243.3381
19 209 6.970000 153.7549, 233.6948, 180.6275, 237.3932, 178.9801, 249.3630, 152.1075, 245.6646
19 210 7.000000 152.3926, 235.9631, 179.2492, 239.9792, 177.4581, 251.9566, 150.6015, 247.9405
19 211 7.040000 150.6761, 238.8345, 177.5289, 243.2501, 175.5368, 255.3648, 148.6840, 250.9492
19 212 7.070000 149.4526, 240.7153, 176.3703, 245.3198, 174.2458, 257.7395, 147.3281, 253.1350
19 213 7.100000 148.3763, 242.6363, 175.2303, 247.5389, 173.0274, 259.6051, 146.1734, 254.7025
19 214 7.140000 147.0548, 244.6216, 173.9514, 249.6992, 171.6314, 261.9885, 144.7348, 256.9109
19 215 7.170000 146.1731, 245.8062, 173.1551, 250.9677, 170.7356, 263.6157, 143.7536, 258.4542
19 216 7.200000 145.3784, 247.2175, 172.3425, 252.4047, 169.9858, 264.6547, 143.0218, 259.4675
19 217 7.240000 144.4882, 248.5782, 171.5148, 253.7779, 169.1485, 266.0772, 142.1219, 260.8775
19 218 7.270000 143.8905, 249.4403, 171.0263, 254.5229, 168.6931, 266.9800, 141.5573, 261.8974
19 219 7.300000 143.3699, 250.4425, 170.5490, 255.3155, 168.3664, 267.4890, 141.1873, 262.6160
19 220 7.340000 142.7774, 251.7383, 170.0346, 256.2235, 168.1206, 267.8549, 140.8634, 263.3696
19 221 7.370000 142.4430, 252.2622, 169.8384, 256.4502, 168.0210, 268.3386, 140.6256, 264.1506
19 222 7.400000 142.1995, 253.1941, 169.5821, 257.1033, 167.9967, 268.2084, 140.6141, 264.2991
19 223 7.440000 141.9373, 253.9414, 169.4683, 257.3377, 168.1191, 268.2749, 140.5880, 264.8786
19 224 7.470000 141.8221, 254.3877, 169.4532, 257.3856, 168.2704, 268.2875, 140.6393, 265.2897
19 225 7.500000 141.7119, 255.0188, 169.4858, 257.6337, 168.5042, 268.0592, 140.7304, 265.4443
19 226 7.540000 141.7029, 255.5487, 169.5945, 257.7253, 168.7925, 268.0021, 140.9009, 265.8255
19 227 7.570000 141.7336, 256.0800, 169.6693, 257.8871, 169.0037, 268.1780, 141.0679, 266.3709
19 228 7.600000 141.7531, 256.4955, 169.7943, 257.9352, 169.2467, 268.6015, 141.2055, 267.1617
19 229 7.640000 141.8215, 257.2901, 169.9425, 258.3102, 169.5400, 269.4062, 141.4190, 268.3861
19 230 7.670000 141.9087, 258.1657, 170.0297, 258.9203, 169.7332, 269.9669, 141.6123, 269.2122
19 231 7.700000 141.9811, 258.9040, 170.1495, 259.4419, 169.9316, 270.8544, 141.7632, 270.3166
19 232 7.740000 142.1070, 260.1817, 170.2841, 260.5041, 170.1518, 272.0611, 141.9747, 271.7387
19 233 7.770000 142.2222, 261.3403, 170.3709, 261.5698, 170.2775, 273.0214, 142.1288, 272.7919
19 234 7.800000 142.3054, 262.3945, 170.4790, 262.5628, 170.4087, 274.3255, 142.2351, 274.1571
19 235 7.840000 142.4371, 264.1271, 170.5983, 264.2900, 170.5295, 276.1778, 142.3684, 276.0150
19 236 7.870000 142.5468, 265.6966, 170.6700, 265.9017, 170.5841, 277.6780, 142.4609, 277.4729
19 237 7.900000 142.6242, 267.2471, 170.7531, 267.5002, 170.6446, 279.5612, 142.5156, 279.3080
19 238 7.940000 142.7406, 269.7314, 170.8392, 270.0857, 170.6855, 282.2731, 142.5870, 281.9188
19 239 7.970000 142.8381, 271.8867, 170.8887, 272.3385, 170.6934, 284.4614, 142.6428, 284.0096
19 240 8.000000 142.9175, 274.0169, 170.9522, 274.5498, 170.7165, 286.9487, 142.6819, 286.4158
19 241 8.040000 143.0625, 277.0072, 171.0342, 277.6456, 170.7482, 290.1771, 142.7766, 289.5387
19 242 8.070000 143.2356, 279.2995, 171.1220, 280.1123, 170.7634, 292.4159, 142.8770, 291.6031
19 243 8.100000 143.4104, 281.2187, 171.2822, 282.2136, 170.8296, 294.8915, 142.9579, 293.8966
19 244 8.140000 143.7488, 283.9523, 171.5254, 285.2755, 170.9251, 297.8765, 143.1485, 296.5533
19 245 8.170000 144.0438, 286.1332, 171.7227, 287.6562, 171.0472, 299.9318, 143.3684, 298.4088
19 246 8.200000 144.3730, 288.0908, 171.9866, 289.8080, 171.2158, 302.2022, 143.6023, 300.4849
19 247 8.240000 144.8823, 290.9306, 172.3721, 292.8722, 171.5114, 305.0591, 144.0216, 303.1175
19 248 8.270000 145.3262, 293.2880, 172.6797, 295.3952, 171.7806, 307.0655, 144.4271, 304.9583
19 249 8.300000 145.7964, 295.4549, 173.0654, 297.6845, 172.1096, 309.3742, 144.8406, 307.1446
19 250 8.340000 146.4902, 298.7173, 173.5965, 301.0673, 172.6194, 312.3382, 145.5131, 309.9882
19 251 8.370000 147.0444, 301.4128, 174.0151, 303.8009, 173.0620, 314.5656, 146.0912, 312.1774
19 252 8.400000 147.6232, 304.0739, 174.4916, 306.4621, 173.5469, 317.0904, 146.6785, 314.7022
19 253 8.440000 148.4294, 308.0361, 175.1428, 310.3702, 174.2468, 320.6244, 147.5334, 318.2903
19 254 8.470000 149.0877, 310.9807, 175.6670, 313.2313, 174.7695, 323.8313, 148.1902, 321.5807
19 255 8.500000 149.7480, 313.9957, 176.2349, 316.1282, 175.3652, 326.9295, 148.8783, 324.7970
19 256 8.540000 150.7085, 317.8874, 177.0444, 319.8823, 176.1903, 331.1582, 149.8543, 329.1633
19 257 8.570000 151.4642, 320.6935, 177.6812, 322.5313, 176.8601, 334.2446, 150.6431, 332.4068
19 258 8.600000 152.1820, 323.7291, 178.3567, 325.3965, 177.6233, 336.9102, 151.4485, 335.2428
19 259 8.640000 153.2438, 327.3638, 179.2769, 328.8237, 178.6129, 340.6641, 152.5798, 339.2042
19 260 8.670000 154.0367, 330.0264, 179.9690, 331.2562, 179.3902, 343.4613, 153.4579, 342.2314
19 261 8.700000 154.8055, 332.8444, 180.6647, 333.8364, 180.1949, 346.0833, 154.3357, 345.0914
19 262 8.740000 155.8222, 336.5648, 181.5812, 337.2319, 181.2585, 349.6923, 155.4995, 349.0252
19 263 8.770000 156.6088, 339.2090, 182.2316, 339.6626, 182.0011, 352.6835, 156.3782, 352.2298
19 264 8.800000 157.3140, 342.2228, 182.8809, 342.4389, 182.7706, 355.4889, 157.2037, 355.2727
19 265 8.840000 158.1954, 346.2890, 183.6968, 346.1711, 183.7590, 359.6198, 158.2576, 359.7377
19 266 8.870000 158.7800, 349.4517, 184.2903, 349.1051, 184.4795, 363.0346, 158.9693, 363.3812
19 267 8.900000 159.3388, 352.9704, 184.8224, 352.3965, 185.1413, 366.5553, 159.6577, 367.1292
19 268 8.940000 159.9827, 357.9671, 185.4679, 357.0935, 185.9709, 371.7660, 160.4858, 372.6397
19 269 8.970000 160.3862, 361.9380, 185.8930, 360.8468, 186.5425, 376.0297, 161.0357, 377.1210
19 270 9.000000 160.7399, 366.1355, 186.2444, 364.8446, 187.0276, 380.3187, 161.5231, 381.6096
19 271 9.040000 161.0560, 371.4321, 186.5768, 369.9239, 187.5190, 385.8674, 161.9982, 387.3756
19 272 9.070000 161.1590, 374.8770, 186.7040, 373.2955, 187.7231, 389.7563, 162.1781, 391.3378
19 273 9.100000 161.0962, 378.3225, 186.6335, 376.4769, 187.8191, 392.8824, 162.2818, 394.7280
19 274 9.140000 160.8493, 381.9751, 186.4386, 380.1285, 187.6467, 396.8690, 162.0574, 398.7156
19 275 9.170000 160.4424, 384.2844, 186.0721, 382.3335, 187.3811, 399.5308, 161.7515, 401.4817
19 276 9.200000 159.9126, 386.5241, 185.6040, 384.5367, 186.9299, 401.6767, 161.2385, 403.6641
19 277 9.240000 158.9575, 389.0228, 184.7025, 386.9664, 186.0792, 404.2025, 160.3343, 406.2589
19 278 9.270000 158.0173, 390.3714, 183.9006, 388.3437, 185.2879, 406.0514, 159.4046, 408.0791
19 279 9.300000 157.0055, 391.8185, 182.9130, 389.8346, 184.2536, 407.3411, 158.3461, 409.3250
19 280 9.340000 155.3631, 393.1327, 181.4168, 391.2857, 182.6719, 408.9898, 156.6182, 410.8368
19 281 9.370000 153.9867, 393.8257, 180.1130, 392.1390, 181.2673, 410.0169, 155.1409, 411.7036
19 282 9.400000 152.4916, 394.3862, 178.7051, 392.9428, 179.6854, 410.7474, 153.4720, 412.1908
19 283 9.440000 150.3202, 394.8167, 176.5999, 393.7514, 177.3152, 411.3969, 151.0355, 412.4622
19 284 9.470000 148.5035, 394.6480, 174.9145, 393.9058, 175.4214, 411.9445, 149.0104, 412.6866
19 285 9.500000 146.6509, 394.6709, 173.1008, 394.3055, 173.3461, 412.0570, 146.8962, 412.4225
19 286 9.540000 143.9987, 394.5798, 170.5501, 394.6957, 170.4730, 412.3406, 143.9217, 412.2246
19 287 9.570000 141.9283, 394.5347, 168.5662, 395.0537, 168.2218, 412.7308, 141.5839, 412.2118
19 288 9.600000 139.8242, 394.8197, 166.4880, 395.7529, 165.8846, 412.9957, 139.2208, 412.0625
19 289 9.640000 136.8907, 395.2073, 163.6576, 396.6583, 162.7371, 413.6397, 135.9702, 412.1887
19 290 9.670000 134.6196, 395.5501, 161.4918, 397.3519, 160.3578, 414.2651, 133.4856, 412.4633
19 291 9.700000 132.3186, 396.1362, 159.2710, 398.2704, 157.9630, 414.7881, 131.0107, 412.6538
19 292 9.740000 129.1446, 396.9263, 156.3441, 399.4843, 154.8215, 415.6740, 127.6220, 413.1159
19 293 9.770000 126.7678, 397.4468, 154.1537, 400.3025, 152.4596, 416.5489, 125.0737, 413.6932
19 294 9.800000 124.3401, 398.2408, 151.9762, 401.4015, 150.1626, 417.2589, 122.5265, 414.0982
19 295 9.840000 121.1336, 399.3094, 149.0884, 402.8151, 147.1361, 418.3826, 119.1813, 414.8768
19 296 9.870000 118.7813, 400.0704, 146.9542, 403.7996, 144.8867, 419.4186, 116.7138, 415.6893
19 297 9.900000 116.3801, 401.1791, 144.8468, 405.1092, 142.7578, 420.2407, 114.2911, 416.3106
19 298 9.940000 113.2871, 402.6184, 142.1076, 406.7910, 139.9614, 421.6146, 111.1409, 417.4420
19 299 9.970000 111.0427, 403.7024, 140.1178, 408.0141, 137.9241, 422.8068, 108.8490, 418.4950
19 300 10.000000 108.7945, 405.0848, 138.1807, 409.5173, 136.0312, 423.7675, 106.6450, 419.3349
19 301 10.040000 105.9704, 406.7373, 135.7457, 411.2714, 133.6360, 425.1257, 103.8607, 420.5916
19 302 10.070000 104.0683, 407.5986, 134.0681, 412.2160, 131.9033, 426.2811, 101.9035, 421.6637
19 303 10.100000 102.2105, 408.6917, 132.4857, 413.3890, 130.3842, 426.9338, 100.1089, 422.2365
19 304 10.140000 100.0504, 409.6356, 130.6084, 414.4690, 128.4842, 427.8988, 97.9262, 423.0654
19 305 10.170000 98.6616, 410.0105, 129.3794, 414.9500, 127.1797, 428.6296, 96.4618, 423.6901
19 306 10.200000 97.3468, 410.6132, 128.2676, 415.6712, 126.1160, 428.8249, 95.1951, 423.7670
19 307 10.240000 95.9304, 410.9666, 127.0509, 416.1841, 124.8896, 429.0755, 93.7691, 423.8580
19 308 10.270000 95.1210, 410.9346, 126.3494, 416.2783, 124.1382, 429.2003, 92.9098, 423.8566
19 309 10.300000 94.4314, 411.0751, 125.7932, 416.5590, 123.6746, 428.6752, 92.3128, 423.1913
19 310 10.340000 93.9971, 410.2866, 125.4642, 415.9200, 123.2505, 428.2858, 91.7834, 422.6524
19 311 10.370000 93.9221, 409.7823, 125.3953, 415.5572, 123.1607, 427.7354, 91.6875, 421.9605
19 312 10.400000 94.1249, 408.7468, 125.6245, 414.6048, 123.2709, 427.2611, 91.7712, 421.4031
19 313 10.440000 94.7483, 407.4075, 126.2059, 413.3595, 123.8208, 425.9651, 92.3632, 420.0131
19 314 10.470000 95.4780, 406.4200, 126.8529, 412.4181, 124.5192, 424.6253, 93.1443, 418.6272
19 315 10.500000 96.4863, 404.8806, 127.8101, 410.8512, 125.4401, 423.2851, 94.1163, 417.3145
19 316 10.540000 98.0709, 403.2459, 129.2685, 409.1447, 126.9629, 421.3380, 95.7654, 415.4391
19 317 10.570000 99.4990, 401.8703, 130.5808, 407.6787, 128.2242, 420.2890, 97.1424, 414.4805
19 318 10.600000 101.0413, 400.6306, 132.0383, 406.2879, 129.7237, 418.9700, 98.7267, 413.3127
19 319 10.640000 103.3433, 398.9681, 134.2146, 404.3706, 131.9298, 417.4271, 101.0584, 412.0247
19 320 10.670000 105.2555, 397.6707, 136.0118, 402.8423, 133.7239, 416.4488, 102.9675, 411.2771
19 321 10.700000 107.2046, 396.7675, 137.8946, 401.6731, 135.7409, 415.1468, 105.0509, 410.2411
19 322 10.740000 110.0343, 395.4201, 140.6020, 399.9101, 138.5812, 413.6673, 108.0135, 409.1773
19 323 10.770000 112.2785, 394.4033, 142.7578, 398.5265, 140.8498, 412.6304, 110.3706, 408.5072
19 324 10.800000 114.5589, 393.6876, 144.9758, 397.3967, 143.2771, 411.3276, 112.8602, 407.6185
19 325 10.840000 117.7587, 392.6133, 148.0715, 395.7483, 146.6210, 409.7739, 116.3081, 406.6389
19 326 10.870000 120.2396, 391.7698, 150.4589, 394.4077, 149.2125, 408.6865, 118.9932, 406.0486
19 327 10.900000 122.7256, 391.2268, 152.8861, 393.3497, 151.9030, 407.3174, 121.7424, 405.1945
19 328 10.940000 126.1127, 390.4526, 156.1662, 391.8300, 155.5351, 405.6001, 125.4816, 404.2227
19 329 10.970000 128.6892, 389.8175, 158.6391, 390.6173, 158.2700, 404.4417, 128.3200, 403.6419
19 330 11.000000 131.2471, 389.5865, 161.1151, 389.8054, 161.0183, 403.0032, 131.1503, 402.7843
19 331 11.040000 134.6681, 389.2530, 164.3690, 388.6755, 164.6195, 401.5585, 134.9186, 402.1360
19 332 11.070000 137.2279, 388.9930, 166.7490, 387.8601, 167.2504, 400.9238, 137.7293, 402.0568
19 333 11.100000 139.7403, 389.1690, 169.1036, 387.4957, 169.8289, 400.2226, 140.4656, 401.8959
19 334 11.140000 143.0218, 389.4156, 172.1169, 387.0555, 173.1540, 399.8407, 144.0589, 402.2008
19 335 11.170000 145.4083, 389.6931, 174.2912, 386.8795, 175.5554, 399.8576, 146.6725, 402.6712
19 336 11.200000 147.7268, 390.2870, 176.4069, 387.0516, 177.8538, 399.8772, 149.1736, 403.1127
19 337 11.240000 150.6844, 391.1189, 179.0747, 387.4184, 180.7624, 400.3660, 152.3721, 404.0665
19 338 11.270000 152.7950, 391.7722, 180.9388, 387.8000, 182.8187, 401.1193, 154.6749, 405.0915
19 339 11.300000 154.7930, 392.7807, 182.7267, 388.5172, 184.7589, 401.8321, 156.8253, 406.0955
19 340 11.340000 157.2696, 394.2628, 184.9180, 389.6617, 187.1787, 403.2464, 159.5303, 407.8475
19 341 11.370000 158.9854, 395.4531, 186.4043, 390.6616, 188.8645, 404.7399, 161.4456, 409.5314
19 342 11.400000 160.5942, 397.0553, 187.8195, 392.0863, 190.4160, 406.3126, 163.1907, 411.2816
19 343 11.440000 162.5383, 399.4017, 189.4891, 394.2436, 192.3224, 409.0476, 165.3716, 414.2056
19 344 11.470000 163.8440, 401.3413, 190.5815, 396.0830, 193.6192, 411.5293, 166.8817, 416.7876
19 345 11.500000 165.0208, 403.5280, 191.5773, 398.2168, 194.7509, 414.0851, 168.1943, 419.3963
19 346 11.540000 166.2700, 406.3270, 192.5994, 400.9199, 195.9758, 417.3605, 169.6463, 422.7676
19 347 11.570000 166.9074, 408.0654, 193.0954, 402.5919, 196.6421, 419.5607, 170.4541, 425.0342
19 348 11.600000 167.3423, 409.8546, 193.4260, 404.2945, 197.0346, 421.2231, 170.9508, 426.7832
19 349 11.640000 167.4985, 411.5431, 193.5131, 406.0398, 197.1754, 423.3518, 171.1608, 428.8551
19 350 11.670000 167.3333, 412.3534, 193.3182, 406.9569, 197.0295, 424.8273, 171.0446, 430.2239
19 351 11.700000 167.0546, 413.1525, 193.0116, 408.0197, 196.5544, 425.9359, 170.5975, 431.0688
19 352 11.740000 166.4096, 413.7023, 192.2877, 409.1148, 195.5234, 427.3679, 169.6454, 431.9554
19 353 11.770000 165.6020, 413.7147, 191.5211, 409.5028, 194.6023, 428.4636, 168.6833, 432.6756
19 354 11.800000 164.7791, 414.0698, 190.5929, 410.2706, 193.3376, 428.9196, 167.5239, 432.7189
19 355 11.840000 163.3285, 413.9326, 189.1452, 410.7513, 191.4797, 429.6969, 165.6630, 432.8781
19 356 11.870000 162.1237, 413.6164, 187.8973, 410.9799, 189.8608, 430.1748, 164.0872, 432.8113
19 357 11.900000 160.9012, 413.1872, 186.6219, 411.3214, 188.0173, 430.5572, 162.2966, 432.4230
19 358 11.940000 159.1170, 412.5835, 184.7443, 411.6284, 185.4518, 430.6134, 159.8245, 431.5685
19 359 11.970000 157.6703, 411.7279, 183.2468, 411.4972, 183.4206, 430.7627, 157.8441, 430.9934
19 360 12.000000 156.2050, 410.9924, 181.7326, 411.5644, 181.3071, 430.5548, 155.7795, 429.9829
19 361 12.040000 154.1876, 409.8036, 179.6349, 411.3208, 178.5091, 430.2029, 153.0618, 428.6856
19 362 12.070000 152.6880, 408.7573, 178.0639, 410.9509, 176.4269, 429.8885, 151.0509, 427.6949
19 363 12.100000 151.1739, 407.8332, 176.5102, 410.6681, 174.4332, 429.2317, 149.0968, 426.3969
19 364 12.140000 149.2295, 406.3408, 174.5161, 409.9426, 171.9141, 428.2094, 146.6276, 424.6076
19 365 12.170000 147.8299, 404.9798, 173.1148, 409.0223, 170.1878, 427.3294, 144.9030, 423.2869
19 366 12.200000 146.4571, 403.7574, 171.7865, 408.2250, 168.6595, 425.9536, 143.3301, 421.4859
19 367 12.240000 144.7300, 401.7879, 170.2108, 406.6049, 166.9498, 423.8551, 141.4690, 419.0382
19 368 12.270000 143.6013, 399.9098, 169.2174, 404.8691, 165.8660, 422.1798, 140.2499, 417.2204
19 369 12.300000 142.5001, 398.2200, 168.3317, 403.3031, 165.0819, 419.8177, 139.2503, 414.7345
19 370 12.340000 141.3003, 395.2866, 167.4435, 400.3057, 164.3339, 416.5028, 138.1907, 411.4837
19 371 12.370000 140.5232, 392.7936, 166.9873, 397.6036, 164.0836, 413.5791, 137.6195, 408.7691
19 372 12.400000 139.8657, 390.2013, 166.6595, 394.6934, 164.0881, 410.0312, 137.2943, 405.5391
19 373 12.440000 139.2336, 386.1342, 166.5233, 390.0663, 164.4153, 404.6966, 137.1256, 400.7646
19 374 12.470000 139.0076, 382.2954, 166.6057, 385.6307, 164.7936, 400.6251, 137.1955, 397.2898
19 375 12.500000 138.8055, 378.6803, 166.7626, 381.3820, 165.3623, 395.8723, 137.4052, 393.1706
19 376 12.540000 138.6595, 373.8745, 167.0076, 375.6309, 166.1157, 390.0266, 137.7676, 388.2702
19 377 12.570000 138.5605, 370.9111, 167.1888, 372.0114, 166.6531, 385.9499, 138.0248, 384.8496
19 378 12.600000 138.4659, 368.4708, 167.3534, 368.9094, 167.1512, 382.2284, 138.2637, 381.7897
19 379 12.640000 138.4030, 365.7122, 167.5568, 365.4123, 167.6872, 378.0823, 138.5334, 378.3822
19 380 12.670000 138.3670, 363.9560, 167.6822, 363.1551, 168.0202, 375.5248, 138.7050, 376.3257
19 381 12.700000 138.3313, 362.5804, 167.8034, 361.3753, 168.2888, 373.2453, 138.8167, 374.4504
19 382 12.740000 138.2665, 360.9958, 167.9109, 359.3481, 168.5511, 370.8668, 138.9067, 372.5144
19 383 12.770000 138.1824, 359.9510, 167.9388, 358.0260, 168.6848, 369.5568, 138.9284, 371.4818
19 384 12.800000 138.0527, 358.9814, 167.9368, 356.8812, 168.7544, 368.5144, 138.8702, 370.6146
19 385 12.840000 137.8458, 358.1999, 167.8844, 355.9846, 168.7596, 367.8519, 138.7210, 370.0672
19 386 12.870000 137.6658, 358.0033, 167.8074, 355.7906, 168.6762, 367.6246, 138.5346, 369.8374
19 387 12.900000 137.4285, 357.9010, 167.7000, 355.7747, 168.5509, 367.8881, 138.2794, 370.0145
19 388 12.940000 137.0830, 358.3277, 167.5092, 356.4256, 168.2720, 368.6273, 137.8457, 370.5293
19 389 12.970000 136.8062, 359.0533, 167.3330, 357.4092, 167.9823, 369.4652, 137.4555, 371.1093
19 390 13.000000 136.4942, 359.8066, 167.1395, 358.5225, 167.6505, 370.7180, 137.0052, 372.0021
19 391 13.040000 136.0611, 361.0024, 166.8275, 360.2008, 167.1435, 372.3278, 136.3771, 373.1294
19 392 13.070000 135.7264, 361.9747, 166.5503, 361.4726, 166.7427, 373.2866, 135.9188, 373.7887
19 393 13.100000 135.3749, 362.4681, 166.2914, 362.3282, 166.3461, 374.4120, 135.4295, 374.5519
19 394 13.140000 134.9554, 363.0416, 165.9526, 363.4306, 165.7992, 375.6516, 134.8020, 375.2626
19 395 13.170000 134.6901, 363.5998, 165.6969, 364.3826, 165.3969, 376.2672, 134.3901, 375.4844
19 396 13.200000 134.4547, 363.6732, 165.5079, 364.8810, 165.0382, 376.9579, 133.9850, 375.7501
19 397 13.240000 134.2496, 363.8784, 165.2902, 365.6621, 164.6064, 377.5622, 133.5658, 375.7785
19 398 13.270000 134.1568, 364.0318, 165.1539, 366.1313, 164.3371, 378.1920, 133.3399, 376.0926
19 399 13.300000 134.1247, 363.9751, 165.1085, 366.4181, 164.1707, 378.3113, 133.1870, 375.8682
19 400 13.340000 134.1985, 363.6159, 165.1397, 366.3204, 164.0680, 378.5809, 133.1268, 375.8764
19 401 13.370000 134.4031, 363.0489, 165.2524, 365.9716, 164.0372, 378.7984, 133.1879, 375.8757
19 402 13.400000 134.6203, 362.6875, 165.4408, 365.7659, 164.1591, 378.5981, 133.3386, 375.5197
19 403 13.440000 135.0446, 361.9659, 165.7979, 365.1150, 164.4500, 378.2783, 133.6968, 375.1293
19 404 13.470000 135.4798, 361.1632, 166.1453, 364.2713, 164.7424, 378.1124, 134.0770, 375.0043
19 405 13.500000 135.9055, 360.6826, 166.5645, 363.7773, 165.1791, 377.5019, 134.5201, 374.4072
19 406 13.540000 136.6581, 359.7197, 167.2011, 362.8027, 165.7632, 377.0484, 135.2202, 373.9654
19 407 13.570000 137.3475, 358.8774, 167.7176, 361.9784, 166.1929, 376.9114, 135.8227, 373.8105
19 408 13.600000 137.9883, 358.4177, 168.2773, 361.5196, 166.7401, 376.5300, 136.4511, 373.4282
19 409 13.640000 138.9272, 357.6955, 169.0795, 360.7043, 167.5183, 376.3499, 137.3660, 373.3410
19 410 13.670000 139.6593, 357.0270, 169.8049, 360.1648, 168.1121, 376.4277, 137.9665, 373.2898
19 411 13.700000 140.4275, 356.6201, 170.5041, 359.8586, 168.7299, 376.3355, 138.6533, 373.0969
19 412 13.740000 141.5197, 356.0269, 171.4936, 359.4476, 169.5576, 376.4117, 139.5837, 372.9910
19 413 13.770000 142.3786, 355.4551, 172.3056, 359.0427, 170.1875, 376.7116, 140.2605, 373.1240
19 414 13.800000 143.3021, 355.2279, 173.0628, 359.0084, 170.8073, 376.7642, 141.0466, 372.9837
19 415 13.840000 144.6269, 354.7336, 174.1769, 358.8741, 171.6084, 377.2051, 142.0584, 373.0645
19 416 13.870000 145.6750, 354.3830, 175.0489, 358.7945, 172.2147, 377.6657, 142.8409, 373.2542
19 417 13.900000 146.7655, 354.3298, 175.8932, 359.0134, 172.8445, 377.9734, 143.7168, 373.2898
19 418 13.940000 148.3389, 354.1747, 177.1230, 359.2859, 173.6715, 378.7230, 144.8874, 373.6118
19 419 13.970000 149.6039, 354.0715, 178.1108, 359.5046, 174.3050, 379.4734, 145.7981, 374.0403
19 420 14.000000 150.9153, 354.2274, 179.1020, 359.9610, 175.0012, 380.1207, 146.8145, 374.3871
19 421 14.040000 152.8099, 354.3872, 180.5538, 360.5186, 175.9903, 381.1679, 148.2463, 375.0365
19 422 14.070000 154.3214, 354.4482, 181.7696, 360.8380, 176.8331, 382.0430, 149.3850, 375.6532
19 423 14.100000 155.8494, 354.7509, 183.0220, 361.3278, 177.8525, 382.6859, 150.6798, 376.1090
19 424 14.140000 157.9980, 355.1126, 184.8827, 361.8655, 179.4246, 383.5954, 152.5399, 376.8425
19 425 14.170000 159.7084, 355.3566, 186.4320, 362.1979, 180.7686, 384.3205, 154.0450, 377.4792
19 426 14.200000 161.4234, 355.9066, 188.0310, 362.7781, 182.3511, 384.7713, 155.7435, 377.8997
19 427 14.240000 163.8079, 356.6295, 190.3965, 363.4416, 184.7629, 385.4303, 158.1743, 378.6182
19 428 14.270000 165.7085, 357.1344, 192.3579, 363.8530, 186.7729, 386.0060, 160.1235, 379.2875
19 429 14.300000 167.6393, 357.9653, 194.3833, 364.5383, 189.0312, 386.3150, 162.2872, 379.7420
19 430 14.340000 170.3877, 358.9936, 197.3466, 365.2866, 192.2979, 386.9148, 165.3391, 380.6218
19 431 14.370000 172.5164, 359.8569, 199.7391, 365.8509, 194.9950, 387.3970, 167.7723, 381.4031
19 432 14.400000 174.6986, 360.9939, 202.1985, 366.5763, 197.8992, 387.7552, 170.3993, 382.1727
19 433 14.440000 177.7769, 362.7246, 205.6767, 367.7414, 201.9721, 388.3444, 174.0722, 383.3276
19 434 14.470000 180.2116, 364.0518, 208.4354, 368.5755, 205.1491, 389.0794, 176.9252, 384.5557
19 435 14.500000 182.7186, 365.8393, 211.2268, 369.8172, 208.4537, 389.6906, 179.9455, 385.7127
19 436 14.540000 186.2316, 368.4528, 215.1033, 371.6787, 212.9663, 390.8043, 184.0946, 387.5784
19 437 14.570000 189.0053, 370.4102, 218.1360, 373.0779, 216.4068, 391.9606, 187.2761, 389.2929
19 438 14.600000 191.8569, 372.6924, 221.2555, 374.8337, 219.9347, 392.9681, 190.5361, 390.8268
19 439 14.640000 195.8039, 375.5534, 225.5759, 377.0234, 224.7080, 394.6012, 194.9360, 393.1312
19 440 14.670000 198.9025, 377.4967, 228.9026, 378.5043, 228.3143, 396.0228, 198.3141, 395.0152
19 441 14.700000 202.0628, 379.6555, 232.2986, 380.2400, 231.9718, 397.1446, 201.7361, 396.5602
19 442 14.740000 206.4300, 382.1486, 236.9172, 382.2532, 236.8603, 398.8438, 206.3731, 398.7392
19 443 14.770000 209.8051, 383.6747, 240.4334, 383.4975, 240.5306, 400.2951, 209.9023, 400.4723
19 444 14.800000 213.2187, 385.4355, 244.0088, 385.0294, 244.2239, 401.3389, 213.4338, 401.7450
19 445 14.840000 217.8662, 387.3107, 248.8211, 386.6892, 249.1479, 402.9661, 218.1930, 403.5876
19 446 14.870000 221.4069, 388.3776, 252.4554, 387.6528, 252.8455, 404.3602, 221.7970, 405.0851
19 447 14.900000 224.9716, 389.7089, 256.1343, 388.9176, 256.5513, 405.3415, 225.3886, 406.1328
19 448 14.940000 229.7767, 391.0875, 261.0587, 390.2566, 261.5000, 406.8702, 230.2180, 407.7012
19 449 14.970000 233.4111, 391.8509, 264.7625, 391.0122, 265.2217, 408.1760, 233.8702, 409.0147
