8 0 0.010000 471.6372, 109.0273, 544.2392, 111.8610, 542.6707, 152.0474, 470.0687, 149.2137
8 1 0.040000 471.6014, 110.5544, 544.2159, 113.3858, 542.6537, 153.4496, 470.0392, 150.6182
8 2 0.070000 471.5216, 113.9530, 544.1641, 116.7792, 542.6161, 156.5701, 469.9735, 153.7439
8 3 0.110000 471.3470, 121.4024, 544.0507, 124.2172, 542.5333, 163.4094, 469.8297, 160.5946
8 4 0.140000 471.1648, 129.1858, 543.9321, 131.9886, 542.4466, 170.5543, 469.6793, 167.7515
8 5 0.170000 470.0495, 139.5978, 543.4591, 140.0579, 543.2188, 178.4099, 469.8092, 177.9498
8 6 0.200000 468.3979, 151.4285, 542.5288, 147.8899, 544.3457, 185.9519, 470.2147, 189.4905
8 7 0.240000 466.4208, 165.6480, 540.8865, 157.9168, 544.7771, 195.3900, 470.3113, 203.1212
8 8 0.270000 464.7745, 174.5972, 539.1636, 164.5203, 544.1781, 201.5382, 469.7890, 211.6151
8 9 0.310000 462.1046, 184.2354, 536.1088, 172.1800, 542.0378, 208.5759, 468.0335, 220.6313
8 10 0.340000 459.6524, 189.9848, 533.2394, 177.2642, 539.4476, 213.1779, 465.8606, 225.8985
8 11 0.370000 456.6123, 194.9436, 529.6956, 181.5305, 536.2258, 217.1107, 463.1424, 230.5239
8 12 0.400000 453.2350, 198.9941, 525.7646, 185.7307, 532.1909, 220.8728, 459.6613, 234.1361
8 13 0.440000 447.9209, 203.6825, 519.6124, 190.6304, 525.9276, 225.3180, 454.2361, 238.3702
8 14 0.470000 443.2229, 206.9680, 514.2328, 193.5839, 520.7507, 228.1648, 449.7408, 241.5489
8 15 0.500000 438.4563, 209.5271, 508.7796, 197.2596, 514.7378, 231.4146, 444.4145, 243.6821
8 16 0.540000 431.2909, 213.0306, 500.5702, 201.4845, 506.2039, 235.2879, 436.9246, 246.8341
8 17 0.570000 425.4059, 215.8004, 493.8179, 204.3812, 499.4195, 237.9405, 431.0075, 249.3597
8 18 0.610000 417.2755, 219.2086, 484.4744, 208.7406, 489.6252, 241.8061, 422.4263, 252.2741
8 19 0.640000 411.0468, 221.5019, 477.2962, 212.4922, 481.7257, 245.0628, 415.4763, 254.0725
8 20 0.670000 404.2744, 224.3930, 469.5007, 215.6316, 473.8160, 247.7571, 408.5896, 256.5185
8 21 0.700000 397.6005, 226.7844, 461.8001, 219.5207, 465.3769, 251.1332, 401.1772, 258.3970
8 22 0.740000 388.2362, 230.5190, 450.9899, 224.4536, 453.9738, 255.3252, 391.2201, 261.3907
8 23 0.770000 380.7931, 234.1242, 442.3963, 227.8609, 445.4497, 257.8930, 383.8465, 264.1563
8 24 0.800000 373.4893, 237.2028, 433.9580, 231.8581, 436.5624, 261.3242, 376.0937, 266.6689
8 25 0.840000 363.5094, 241.8113, 422.4686, 237.3933, 424.6089, 265.9562, 365.6497, 270.3742
8 26 0.870000 355.7005, 246.1007, 413.4774, 241.3645, 415.7471, 269.0532, 357.9702, 273.7893
8 27 0.900000 348.2503, 249.6324, 404.9238, 246.4523, 406.4378, 273.4338, 349.7643, 276.6139
8 28 0.940000 337.9249, 255.4181, 393.0705, 252.9071, 394.2488, 278.7845, 339.1033, 281.2955
8 29 0.970000 330.1121, 259.9890, 384.1420, 257.9022, 385.1157, 283.1125, 331.0858, 285.1993
8 30 1.000000 322.4733, 264.0907, 375.4141, 263.3002, 375.7885, 288.3737, 322.8476, 289.1641
8 31 1.040000 312.1272, 269.2711, 363.6552, 269.5922, 363.4994, 294.5944, 311.9714, 294.2733
8 32 1.070000 303.3285, 272.5938, 354.5287, 272.2665, 354.6921, 297.8171, 303.4919, 298.1445
8 33 1.110000 291.9398, 275.7270, 342.7262, 275.5397, 342.8223, 301.5896, 292.0359, 301.7770
8 34 1.140000 283.7218, 276.9601, 334.2023, 277.7595, 333.7850, 304.1134, 283.3045, 303.3141
8 35 1.170000 275.0417, 278.6149, 325.2409, 278.5571, 325.2714, 305.0602, 275.0722, 305.1180
8 36 1.210000 263.9520, 279.2814, 313.9881, 279.4435, 313.9017, 306.1242, 263.8656, 305.9622
8 37 1.240000 255.9506, 278.7769, 306.3100, 279.9282, 305.6990, 306.6535, 255.3396, 305.5022
8 38 1.270000 247.5832, 278.5620, 298.3798, 279.2747, 298.0062, 305.9111, 247.2095, 305.1985
8 39 1.310000 236.7953, 277.0553, 288.1007, 278.0678, 287.5788, 304.5146, 236.2734, 303.5021
8 40 1.340000 229.1246, 274.7392, 280.6824, 277.0584, 279.4966, 303.4198, 227.9388, 301.1005
8 41 1.370000 220.9476, 273.0201, 272.9735, 274.7189, 272.1231, 300.7604, 220.0973, 299.0616
8 42 1.410000 210.5846, 269.2354, 263.0839, 271.4067, 262.0234, 297.0490, 209.5241, 294.8777
8 43 1.440000 203.2502, 265.2332, 255.9778, 268.8546, 254.2363, 294.2112, 201.5087, 290.5898
8 44 1.470000 195.4602, 261.8893, 248.6430, 265.0575, 247.1656, 289.8577, 193.9828, 286.6895
8 45 1.510000 185.7329, 256.0245, 239.3282, 260.2065, 237.4464, 284.3231, 183.8511, 280.1411
8 46 1.540000 178.8644, 250.8798, 232.6242, 256.7379, 230.0352, 280.4975, 176.2754, 274.6394
8 47 1.570000 171.6506, 246.6408, 225.7946, 252.4829, 223.2877, 275.7159, 169.1437, 269.8737
8 48 1.610000 162.4113, 240.7071, 216.9869, 246.9210, 214.4154, 269.5064, 159.8397, 263.2925
8 49 1.640000 155.8975, 235.6754, 210.6864, 242.8800, 207.7570, 265.1578, 152.9681, 257.9533
8 50 1.670000 149.1259, 231.0607, 204.3726, 237.4501, 201.8011, 259.6847, 146.5544, 253.2954
8 51 1.710000 140.6550, 224.2329, 196.3569, 230.5200, 193.8533, 252.7011, 138.1514, 246.4140
8 52 1.740000 134.7422, 218.5127, 190.6841, 225.5475, 187.8462, 248.1150, 131.9043, 241.0802
8 53 1.770000 128.5929, 213.1725, 184.9473, 219.2074, 182.4363, 242.6555, 126.0819, 236.6206
8 54 1.810000 121.0077, 205.0547, 177.7657, 210.8866, 175.2556, 235.3155, 118.4976, 229.4835
8 55 1.840000 115.8352, 198.0670, 172.8196, 204.8311, 169.8577, 229.7834, 112.8734, 223.0193
8 56 1.870000 110.3887, 191.4340, 167.6859, 197.0532, 165.1309, 223.1054, 107.8337, 217.4861
8 57 1.910000 103.8444, 181.3235, 161.4447, 186.8676, 158.8288, 214.0453, 101.2284, 208.5011
8 58 1.940000 99.4725, 172.8433, 157.2633, 179.4129, 154.1111, 207.1421, 96.3202, 200.5724
8 59 1.970000 94.7351, 165.0326, 152.6638, 170.0703, 150.1465, 199.0168, 92.2178, 193.9791
8 60 2.010000 89.0338, 154.0421, 147.0647, 158.3736, 144.8168, 188.4890, 86.7859, 184.1574
8 61 2.040000 85.1176, 145.8152, 143.2640, 150.5903, 140.7496, 181.2076, 82.6032, 176.4325
8 62 2.070000 81.1342, 138.4075, 139.3222, 142.9157, 136.9018, 174.1564, 78.7138, 169.6482
8 63 2.110000 76.1324, 129.1503, 134.4146, 134.0778, 131.7296, 165.8350, 73.4474, 160.9075
8 64 2.140000 72.6261, 122.6279, 131.0210, 128.4572, 127.8369, 160.3549, 69.4419, 154.5257
8 65 2.170000 69.0184, 116.9891, 127.3898, 122.6599, 124.2566, 154.9117, 65.8851, 149.2410
8 66 2.210000 64.5516, 109.8980, 122.9058, 115.8930, 119.5718, 148.3458, 61.2176, 142.3508
8 67 2.240000 61.5296, 104.7405, 119.8916, 111.5749, 116.1048, 143.9126, 57.7427, 137.0782
8 68 2.270000 58.3960, 100.3407, 116.5935, 106.6293, 113.0753, 139.1885, 54.8778, 132.9000
8 69 2.310000 54.7527, 94.3919, 112.7707, 100.9380, 109.1098, 133.3845, 51.0918, 126.8384
8 70 2.340000 52.4626, 89.7455, 110.3896, 97.3470, 106.1873, 129.3702, 48.2604, 121.7687
8 71 2.370000 50.0671, 85.7222, 107.7092, 92.7825, 103.7852, 124.8193, 46.1431, 117.7590
8 72 2.410000 47.4690, 80.0065, 104.7732, 87.3414, 100.7197, 119.0095, 43.4156, 111.6746
8 73 2.440000 46.0193, 75.3691, 103.1022, 83.8744, 98.4793, 114.9007, 41.3964, 106.3953
8 74 2.470000 44.4395, 71.3430, 101.1448, 79.3315, 96.7907, 110.2389, 40.0853, 102.2505
8 75 2.510000 42.9671, 65.7040, 99.2363, 74.4420, 94.5392, 104.6895, 38.2700, 95.9514
8 76 2.540000 42.1071, 61.7968, 98.0393, 71.3686, 92.9625, 101.0341, 37.0303, 91.4623
8 77 2.570000 41.0585, 58.8632, 96.5832, 67.8663, 91.7913, 97.4199, 36.2665, 88.4168
8 78 2.610000 39.9509, 55.5834, 94.9287, 64.3418, 90.2800, 93.5225, 35.3022, 84.7641
8 79 2.640000 39.3424, 53.5412, 93.9156, 62.5593, 89.1708, 91.2723, 34.5976, 82.2542
8 80 2.670000 38.6467, 52.2371, 92.7627, 60.6262, 88.3399, 89.1566, 34.2239, 80.7674
8 81 2.710000 38.0229, 50.8859, 91.5445, 59.0895, 87.2492, 87.1126, 33.7276, 78.9091
8 82 2.740000 37.7869, 50.0979, 90.8778, 58.6942, 86.4351, 86.1322, 33.3442, 77.5360
8 83 2.770000 37.4363, 49.9545, 90.0474, 57.9533, 85.9141, 85.1400, 33.3029, 77.1412
8 84 2.800000 37.3960, 49.7547, 89.5664, 58.1750, 85.2781, 84.7439, 33.1078, 76.3236
8 85 2.840000 37.3394, 50.1194, 88.8899, 58.4458, 84.6961, 84.4106, 33.1455, 76.0842
8 86 2.870000 37.2750, 50.8688, 88.3421, 58.5692, 84.4672, 84.2661, 33.4002, 76.5657
8 87 2.900000 37.5114, 51.4887, 88.1555, 59.6262, 84.1286, 84.6875, 33.4846, 76.5500
8 88 2.940000 37.6760, 52.8778, 87.8813, 60.8404, 83.9970, 85.3313, 33.7917, 77.3687
8 89 2.970000 37.7611, 54.2875, 87.6441, 61.5932, 84.0928, 85.8414, 34.2098, 78.5357
8 90 3.000000 38.1360, 55.4664, 87.6822, 63.0443, 84.0564, 86.7510, 34.5102, 79.1732
8 91 3.040000 38.6772, 57.0995, 87.7746, 64.6462, 84.2091, 87.8423, 35.1118, 80.2957
8 92 3.070000 39.0737, 58.3389, 87.8435, 65.3604, 84.5264, 88.4002, 35.7566, 81.3786
8 93 3.100000 39.8919, 58.9065, 88.2989, 66.8313, 84.6199, 89.3040, 36.2129, 81.3792
8 94 3.140000 40.9239, 59.6966, 88.8676, 67.8776, 85.0943, 89.9905, 37.1506, 81.8095
8 95 3.170000 41.6531, 60.3057, 89.2810, 67.9418, 85.7267, 90.1112, 38.0987, 82.4751
8 96 3.200000 42.8045, 60.2678, 90.0534, 68.6738, 86.1687, 90.5090, 38.9198, 82.1030
8 97 3.240000 44.2448, 60.3018, 91.0477, 68.5626, 87.1884, 90.4284, 40.3854, 82.1676
8 98 3.270000 45.2598, 60.3742, 91.7665, 67.6950, 88.2700, 89.9074, 41.7632, 82.5865
8 99 3.300000 46.7020, 59.7746, 92.8609, 67.4924, 89.1574, 89.6421, 42.9986, 81.9243
8 100 3.340000 48.4770, 59.0740, 94.2216, 66.0309, 90.7938, 88.5706, 45.0492, 81.6138
8 101 3.370000 49.7317, 58.5524, 95.1524, 64.1622, 92.2989, 87.2655, 46.8783, 81.6556
8 102 3.400000 51.4440, 57.2020, 96.5599, 63.1346, 93.5138, 86.2989, 48.3979, 80.3662
8 103 3.440000 53.6297, 55.3445, 98.2808, 60.7455, 95.4319, 84.2974, 50.7809, 78.8964
8 104 3.470000 55.1935, 53.9439, 99.5052, 58.4715, 97.0549, 82.4525, 52.7432, 77.9249
8 105 3.500000 57.1242, 51.9382, 101.1834, 57.0305, 98.4137, 80.9942, 54.3545, 75.9019
8 106 3.540000 59.5870, 49.6101, 103.2833, 54.8260, 100.4077, 78.9161, 56.7114, 73.7002
8 107 3.570000 61.4044, 48.1615, 104.8305, 53.2912, 101.9744, 77.4704, 58.5482, 72.3407
8 108 3.600000 63.4847, 46.5800, 106.7098, 52.6771, 103.3398, 76.5693, 60.1146, 70.4722
8 109 3.640000 66.1965, 44.9867, 109.1285, 51.8991, 105.3339, 75.4670, 62.4019, 68.5545
8 110 3.670000 68.2107, 44.1240, 110.8991, 51.2726, 106.9784, 74.6857, 64.2899, 67.5371
8 111 3.700000 70.5086, 43.1474, 112.9652, 51.4421, 108.4909, 74.3437, 66.0343, 66.0490
8 112 3.740000 73.4922, 42.3617, 115.6074, 51.2143, 110.8787, 73.7106, 68.7635, 64.8580
8 113 3.770000 75.6666, 42.1487, 117.5523, 50.7098, 112.9772, 73.0937, 71.0916, 64.5327
8 114 3.800000 78.1960, 41.7283, 119.8310, 51.0024, 114.9552, 72.8920, 73.3202, 63.6179
8 115 3.840000 81.4804, 41.6354, 122.8806, 50.9986, 118.0259, 72.4643, 76.6257, 63.1010
8 116 3.870000 83.9571, 41.7962, 125.1852, 50.6345, 120.6091, 71.9805, 79.3810, 63.1422
8 117 3.900000 86.7377, 41.7666, 127.7578, 50.8195, 123.1372, 71.7559, 82.1171, 62.7031
8 118 3.940000 90.4880, 41.9710, 131.2593, 50.8186, 126.8046, 71.3464, 86.0333, 62.4988
8 119 3.970000 93.2058, 42.4832, 133.8427, 50.3656, 129.8731, 70.8303, 89.2362, 62.9479
8 120 4.000000 96.3113, 42.6914, 136.7493, 50.8419, 132.7253, 70.8067, 92.2873, 62.6562
8 121 4.040000 100.2736, 43.6305, 140.4815, 50.9885, 136.8668, 70.7414, 96.6589, 63.3833
8 122 4.070000 103.2096, 44.7623, 143.2300, 51.1430, 140.0846, 70.8712, 100.0642, 64.4905
8 123 4.100000 106.3308, 45.9161, 146.1407, 51.9894, 143.1624, 71.5113, 103.3526, 65.4380
8 124 4.140000 110.4085, 48.0275, 149.9192, 53.2115, 147.3696, 72.6439, 107.8589, 67.4599
8 125 4.170000 113.3916, 50.0481, 152.6437, 54.1832, 150.5886, 73.6909, 111.3365, 69.5559
8 126 4.200000 116.5148, 52.0728, 155.5019, 55.7988, 153.6462, 75.2165, 114.6591, 71.4905
8 127 4.240000 120.5424, 55.3790, 159.1689, 58.1703, 157.7640, 77.6129, 119.1375, 74.8216
8 128 4.270000 123.4578, 58.3388, 161.7637, 60.0979, 160.8652, 79.6645, 122.5593, 77.9055
8 129 4.300000 126.4413, 61.4122, 164.4799, 62.7279, 163.8034, 82.2879, 125.7648, 80.9722
8 130 4.340000 130.2583, 66.2647, 167.8848, 66.6273, 167.6954, 86.2771, 130.0689, 85.9145
8 131 4.370000 133.0088, 70.5141, 170.2798, 69.9663, 170.5702, 89.7215, 133.2992, 90.2693
8 132 4.400000 135.7659, 75.0858, 172.7525, 74.0669, 173.2972, 93.8417, 136.3106, 94.8605
8 133 4.440000 139.2731, 82.1022, 175.8250, 80.1993, 176.8581, 100.0444, 140.3063, 101.9473
8 134 4.470000 141.7732, 87.9712, 177.9607, 85.2647, 179.4497, 105.1737, 143.2622, 107.8801
8 135 4.500000 144.2152, 93.9163, 180.1321, 90.7922, 181.8650, 110.7151, 145.9481, 113.8392
8 136 4.540000 147.1560, 101.6141, 182.6982, 97.7963, 184.8434, 117.7668, 149.3012, 121.5846
8 137 4.570000 149.0524, 106.8485, 184.2857, 102.3674, 186.8399, 122.4502, 151.6066, 126.9312
8 138 4.600000 150.7937, 111.0230, 185.9831, 106.7023, 188.4752, 126.9986, 153.2857, 131.3192
8 139 4.640000 152.5702, 115.9640, 187.4692, 111.1207, 190.3515, 131.8901, 155.4526, 136.7333
8 140 4.670000 153.5297, 119.1173, 188.1735, 113.7046, 191.4748, 134.8341, 156.8309, 140.2468
8 141 4.700000 154.3026, 121.4661, 188.9120, 116.1122, 192.2278, 137.5461, 157.6184, 142.9000
8 142 4.740000 154.8140, 124.0191, 189.3654, 118.5137, 192.8325, 140.2733, 158.2811, 145.7786
8 143 4.770000 154.7147, 125.8804, 188.8622, 119.3506, 193.0687, 141.3486, 158.9213, 147.8784
8 144 4.800000 154.5228, 126.5700, 188.9447, 120.5695, 192.8110, 142.7489, 158.3892, 148.7494
8 145 4.840000 153.6852, 127.2034, 188.2298, 121.2560, 192.0771, 143.6024, 157.5325, 149.5498
8 146 4.870000 152.5896, 127.5407, 186.9125, 120.9071, 191.2580, 143.3911, 156.9351, 150.0247
8 147 4.900000 151.4371, 126.6105, 186.3673, 121.0989, 189.9401, 143.7421, 155.0099, 149.2537
8 148 4.940000 149.2992, 125.4402, 184.4531, 120.1110, 187.9148, 142.9464, 152.7610, 148.2756
8 149 4.970000 147.3235, 124.4901, 182.3986, 118.7253, 186.1745, 141.6985, 151.0993, 147.4633
8 150 5.000000 145.2844, 122.6729, 180.8956, 117.8143, 184.0407, 140.8663, 148.4295, 145.7249
8 151 5.040000 142.2146, 120.4877, 178.2797, 116.3210, 180.9531, 139.4607, 144.8880, 143.6274
8 152 5.070000 139.7237, 119.0226, 176.0911, 115.3008, 178.4632, 138.4803, 142.0958, 142.2020
8 153 5.100000 137.2461, 117.3212, 174.2108, 114.9177, 175.7114, 137.9962, 138.7467, 140.3997
8 154 5.140000 133.7496, 115.4928, 171.2960, 114.4652, 171.9221, 137.3426, 134.3758, 138.3702
8 155 5.170000 130.9780, 114.4696, 168.8086, 114.0581, 169.0559, 136.7940, 131.2253, 137.2055
8 156 5.200000 128.3175, 113.2384, 166.5884, 114.2560, 165.9931, 136.6439, 127.7222, 135.6262
8 157 5.240000 124.6719, 111.9823, 163.3336, 114.4303, 161.9449, 136.3620, 123.2832, 133.9139
8 158 5.270000 121.8266, 111.4144, 160.6557, 114.3236, 159.0320, 135.9962, 120.2028, 133.0870
8 159 5.300000 119.2501, 110.5591, 158.3153, 114.9934, 155.9225, 136.0742, 116.8572, 131.6399
8 160 5.340000 115.7036, 109.9541, 154.9374, 115.4924, 152.0485, 135.9579, 112.8147, 130.4196
8 161 5.370000 113.0909, 109.7209, 152.4016, 115.8808, 149.2645, 135.9007, 109.9538, 129.7408
8 162 5.400000 110.7103, 109.4106, 150.0664, 116.7816, 146.4399, 136.1450, 107.0837, 128.7740
8 163 5.440000 107.6367, 109.3682, 146.9658, 117.9995, 142.9047, 136.5043, 103.5756, 127.8730
8 164 5.470000 105.3023, 109.7332, 144.6623, 118.6279, 140.5823, 136.6825, 101.2222, 127.7878
8 165 5.500000 103.3493, 109.8341, 142.6500, 120.0432, 138.1708, 137.2862, 98.8701, 127.0771
8 166 5.540000 100.8320, 110.2317, 140.1251, 121.4113, 135.4394, 137.8804, 96.1463, 126.7008
8 167 5.570000 98.9504, 110.7569, 138.4141, 121.7826, 133.8873, 137.9851, 94.4236, 126.9593
8 168 5.600000 97.6827, 110.7593, 137.0006, 122.8941, 132.2130, 138.4064, 92.8951, 126.2717
8 169 5.640000 96.1900, 110.8137, 135.4526, 123.7044, 130.5666, 138.5861, 91.3040, 125.6954
8 170 5.670000 95.2350, 110.8549, 134.6086, 123.7087, 129.7967, 138.4485, 90.4231, 125.5947
8 171 5.700000 94.8190, 110.4949, 134.0484, 124.1082, 129.0740, 138.4428, 89.8446, 124.8295
8 172 5.740000 94.5576, 109.9663, 133.7686, 123.8537, 128.7255, 138.0928, 89.5145, 124.2054
8 173 5.770000 94.3649, 109.7738, 133.9353, 122.8485, 129.1655, 137.2842, 89.5951, 124.2095
8 174 5.800000 94.9639, 108.9066, 134.3785, 122.5454, 129.4178, 136.8811, 90.0033, 123.2423
8 175 5.840000 95.7837, 107.9626, 135.4694, 120.9921, 130.6842, 135.5669, 90.9985, 122.5374
8 176 5.870000 96.6362, 107.1727, 136.6094, 119.2803, 132.0568, 134.3108, 92.0835, 122.2031
8 177 5.900000 98.0023, 105.9423, 138.0302, 117.8993, 133.4780, 133.1386, 93.4501, 121.1817
8 178 5.940000 100.0189, 104.2915, 140.2768, 115.3540, 135.9534, 131.0876, 95.6954, 120.0251
8 179 5.970000 101.5296, 103.2471, 142.1244, 112.6651, 138.3190, 129.0677, 97.7242, 119.6498
8 180 6.000000 103.6374, 101.6265, 144.2476, 110.8597, 140.4654, 127.4949, 99.8552, 118.2617
8 181 6.040000 106.3292, 100.0540, 147.1278, 107.7981, 143.8329, 125.1569, 103.0343, 117.4128
8 182 6.070000 108.3738, 99.2452, 149.2966, 105.5149, 146.5375, 123.5235, 105.6147, 117.2539
8 183 6.100000 110.6421, 98.4401, 151.5993, 103.8774, 149.1500, 122.3275, 108.1927, 116.8901
8 184 6.140000 113.6540, 97.8357, 154.6345, 101.8386, 152.7690, 120.9377, 111.7884, 116.9348
8 185 6.170000 115.8693, 97.7599, 156.7844, 100.2759, 155.5763, 119.9225, 114.6611, 117.4064
8 186 6.200000 118.3005, 97.4561, 159.2092, 99.5728, 158.1760, 119.5410, 117.2673, 117.4243
8 187 6.240000 121.4054, 97.5311, 162.2652, 98.6053, 161.7260, 119.1152, 120.8662, 118.0410
8 188 6.270000 123.6316, 97.9294, 164.4054, 97.9134, 164.4136, 118.8787, 123.6399, 118.8947
8 189 6.300000 125.9714, 98.1545, 166.7726, 97.9057, 166.9023, 119.1728, 126.1011, 119.4215
8 190 6.340000 128.8993, 98.9645, 169.6847, 97.9551, 170.2232, 119.7122, 129.4378, 120.7216
8 191 6.370000 130.9389, 99.9979, 171.6432, 98.0553, 172.7022, 120.2441, 131.9978, 122.1866
8 192 6.400000 133.0326, 100.9398, 173.8278, 98.8649, 174.9724, 121.3686, 134.1772, 123.4435
8 193 6.440000 135.5913, 102.8077, 176.4365, 100.1259, 177.9466, 123.1251, 137.1014, 125.8070
8 194 6.470000 137.3366, 104.6092, 178.1714, 101.2285, 180.1098, 124.6415, 139.2750, 128.0222
8 195 6.500000 139.0847, 106.2087, 180.1256, 102.9073, 182.0342, 126.6339, 140.9933, 129.9353
8 196 6.540000 141.1146, 108.3071, 182.3838, 104.8271, 184.4261, 129.0468, 143.1569, 132.5268
8 197 6.570000 142.2986, 109.8946, 183.5376, 105.5440, 186.1440, 130.2497, 144.9050, 134.6002
8 198 6.600000 143.4704, 110.7013, 185.0271, 106.5864, 187.5027, 131.5887, 145.9461, 135.7036
8 199 6.640000 144.5755, 111.6293, 186.3741, 107.1204, 189.1224, 132.5976, 147.3238, 137.1064
8 200 6.670000 145.0623, 112.2260, 186.9053, 106.9469, 190.1673, 132.8023, 148.3243, 138.0814
8 201 6.700000 145.5520, 111.9036, 187.9125, 107.2508, 190.7799, 133.3562, 148.4193, 138.0089
8 202 6.740000 145.7706, 111.2920, 188.6957, 107.0065, 191.3403, 133.4957, 148.4152, 137.7813
8 203 6.770000 145.5439, 110.8930, 188.6630, 106.1072, 191.6469, 132.9919, 148.5278, 137.7777
8 204 6.800000 145.3922, 109.3897, 189.3359, 105.9373, 191.4692, 133.0905, 147.5255, 136.5429
8 205 6.840000 144.6551, 107.5914, 189.2381, 104.5172, 191.1450, 132.1718, 146.5620, 135.2460
8 206 6.870000 143.8510, 105.9820, 188.8977, 103.0351, 190.7351, 131.1217, 145.6884, 134.0686
8 207 6.900000 143.0752, 103.6120, 188.8999, 101.8234, 190.0092, 130.2453, 144.1845, 132.0339
8 208 6.940000 141.6973, 100.2684, 188.3991, 99.3673, 188.9599, 128.4359, 142.2581, 129.3369
8 209 6.970000 140.3416, 97.9785, 187.3840, 96.6526, 188.2218, 126.3761, 141.1793, 127.7020
8 210 7.000000 139.1227, 95.0670, 186.8823, 94.6135, 187.1683, 124.7357, 139.4087, 125.1891
8 211 7.040000 137.2887, 91.6616, 185.9034, 91.9868, 185.6980, 122.6874, 137.0834, 122.3622
8 212 7.070000 135.7879, 89.6411, 185.0115, 90.3785, 184.5444, 121.5605, 135.3207, 120.8230
8 213 7.100000 134.3924, 87.7391, 184.4414, 89.7550, 183.1727, 121.2540, 133.1237, 119.2381
8 214 7.140000 132.3246, 86.2927, 183.2885, 89.2953, 181.3987, 121.3719, 130.4347, 118.3692
8 215 7.170000 130.6678, 85.9809, 182.2491, 89.3959, 180.0944, 121.9418, 128.5131, 118.5268
8 216 7.200000 129.1199, 85.9975, 181.4266, 90.4140, 178.6512, 123.2837, 126.3446, 118.8672
8 217 7.240000 126.9530, 87.1419, 180.1349, 92.4614, 176.7978, 125.8237, 123.6160, 120.5042
8 218 7.270000 125.2305, 88.9509, 178.9754, 94.4767, 175.4966, 128.3122, 121.7517, 122.7864
8 219 7.300000 123.6767, 91.2026, 178.1049, 97.6827, 174.0458, 131.7766, 119.6176, 125.2966
8 220 7.340000 121.4943, 95.7212, 176.7146, 102.9080, 172.2223, 137.4251, 117.0020, 130.2383
8 221 7.370000 119.8030, 100.3059, 175.5688, 107.7827, 170.8980, 142.6199, 115.1322, 135.1431
8 222 7.400000 118.2088, 105.7744, 174.5650, 113.9964, 169.4609, 148.9818, 113.1047, 140.7598
8 223 7.440000 116.0010, 114.9484, 173.0807, 123.8951, 167.5672, 159.0714, 110.4875, 150.1246
8 224 7.470000 114.3220, 123.2004, 171.9041, 132.5671, 166.1643, 167.8522, 108.5823, 158.4855
8 225 7.500000 112.8112, 132.2044, 170.8864, 142.3107, 164.7482, 177.5834, 106.6730, 167.4771
8 226 7.540000 111.1447, 144.7350, 169.7607, 155.4730, 163.2954, 190.7653, 104.6795, 180.0273
8 227 7.570000 110.2800, 154.0882, 169.1887, 164.8261, 162.7426, 200.1894, 103.8339, 189.4515
8 228 7.600000 110.0433, 162.8916, 169.2013, 174.1554, 162.4833, 209.4388, 103.3253, 198.1751
8 229 7.640000 110.3579, 174.3713, 169.6971, 185.7577, 162.9332, 221.0072, 103.5940, 209.6208
8 230 7.670000 110.8638, 183.1855, 170.2296, 193.6281, 164.0303, 228.8708, 104.6645, 218.4281
8 231 7.700000 112.2305, 191.1393, 171.6054, 202.0731, 165.1534, 237.1097, 105.7785, 226.1759
8 232 7.740000 114.4301, 202.1956, 173.6357, 212.8071, 167.4700, 247.2076, 108.2645, 236.5961
8 233 7.770000 116.3627, 210.6119, 175.3483, 220.2906, 169.7395, 254.4722, 110.7539, 244.7934
8 234 7.800000 118.9289, 218.6517, 177.6788, 228.5015, 172.0588, 262.0225, 113.3089, 252.1727
8 235 7.840000 122.6991, 229.6723, 181.0226, 239.1925, 175.6726, 271.9679, 117.3491, 262.4478
8 236 7.870000 125.4396, 238.7767, 183.3944, 246.6453, 179.0074, 278.9569, 121.0526, 271.0883
8 237 7.900000 128.8863, 247.3942, 186.4432, 255.4137, 182.0718, 286.7881, 124.5149, 278.7686
8 238 7.940000 133.2865, 260.0769, 190.2884, 266.6395, 186.7979, 296.9576, 129.7960, 290.3950
8 239 7.970000 136.7118, 270.0200, 193.2491, 275.2807, 190.5053, 304.7693, 133.9679, 299.5086
8 240 8.000000 140.4071, 279.8057, 196.5051, 284.3430, 194.1982, 312.8646, 138.1003, 308.3273
8 241 8.040000 145.6339, 292.3459, 201.0240, 295.9838, 199.2495, 323.0028, 143.8594, 319.3649
8 242 8.070000 149.4636, 301.4669, 204.3057, 303.3619, 203.4090, 329.3133, 148.5669, 327.4183
8 243 8.100000 153.8788, 308.9842, 208.1260, 311.0601, 207.1867, 335.6045, 152.9395, 333.5286
8 244 8.140000 159.6300, 318.1587, 213.0748, 319.6087, 212.4522, 342.5572, 159.0074, 341.1072
8 245 8.170000 163.8183, 324.4671, 216.6585, 324.8223, 216.5059, 347.5150, 163.6657, 347.1598
8 246 8.200000 168.3926, 329.1063, 220.5800, 330.1124, 220.1411, 352.8807, 167.9537, 351.8746
8 247 8.240000 173.9846, 334.4584, 225.3642, 334.4140, 225.3846, 358.0868, 174.0051, 358.1311
8 248 8.270000 177.9765, 338.1507, 228.7775, 336.9820, 229.3328, 361.1209, 178.5319, 362.2896
8 249 8.300000 182.2756, 340.4843, 232.4044, 339.7914, 232.7463, 364.5273, 182.6175, 365.2202
8 250 8.340000 187.4726, 343.7484, 236.8020, 342.4206, 237.4813, 367.6592, 188.1519, 368.9870
8 251 8.370000 191.0585, 346.0817, 239.8222, 343.7705, 241.0307, 369.2673, 192.2670, 371.5785
8 252 8.400000 194.9682, 347.1095, 243.0629, 345.5007, 243.9311, 371.4576, 195.8365, 373.0664
8 253 8.440000 199.6547, 348.5938, 246.9465, 346.9371, 247.8726, 373.3758, 200.5809, 375.0325
8 254 8.470000 202.9120, 349.5688, 249.6433, 347.6438, 250.7432, 374.3434, 204.0118, 376.2684
8 255 8.500000 206.3380, 349.8000, 252.4368, 348.5697, 253.1568, 375.5477, 207.0580, 376.7780
8 256 8.540000 210.7279, 349.7903, 255.9619, 349.4558, 256.1641, 376.8027, 210.9301, 377.1372
8 257 8.570000 213.4002, 350.2583, 258.2357, 349.3032, 258.8223, 376.8396, 213.9868, 377.7946
8 258 8.600000 216.7984, 349.3478, 260.8709, 349.8774, 260.5353, 377.8084, 216.4628, 377.2788
8 259 8.640000 220.6448, 348.7245, 264.0077, 349.7754, 263.3241, 377.9854, 219.9611, 376.9345
8 260 8.670000 223.2112, 348.3945, 266.1835, 349.2256, 265.6349, 377.5917, 222.6626, 376.7606
8 261 8.700000 226.3947, 347.1069, 268.6501, 349.1871, 267.2429, 377.7709, 224.9875, 375.6907
8 262 8.740000 229.9781, 345.8981, 271.6551, 348.2119, 270.0552, 377.0308, 228.3781, 374.7170
8 263 8.770000 232.3705, 345.1217, 273.8093, 347.0217, 272.4818, 375.9758, 231.0429, 374.0759
8 264 8.800000 235.3367, 343.5832, 276.2155, 346.2168, 274.3414, 375.3065, 233.4626, 372.6730
8 265 8.840000 238.9422, 341.6587, 279.4687, 344.5287, 277.3987, 373.7584, 236.8722, 370.8883
8 266 8.870000 241.3644, 340.2956, 281.7257, 342.7451, 279.9460, 372.0691, 239.5847, 369.6195
8 267 8.900000 244.5790, 338.0057, 284.7053, 341.4981, 282.1481, 370.8805, 242.0217, 367.3882
8 268 8.940000 248.6711, 334.9310, 288.5279, 339.2469, 285.3420, 368.6682, 245.4852, 364.3523
8 269 8.970000 251.3892, 332.7918, 291.1322, 336.9118, 288.0747, 366.4047, 248.3318, 362.2846
8 270 9.000000 254.9643, 329.9732, 294.4738, 335.2776, 290.5189, 364.7362, 251.0093, 359.4318
8 271 9.040000 258.9564, 327.2254, 298.3461, 332.4957, 294.3988, 361.9976, 255.0090, 356.7273
8 272 9.070000 261.6471, 325.8657, 301.0366, 330.4380, 297.6045, 360.0045, 258.2150, 355.4322
8 273 9.100000 264.7782, 324.5849, 304.1126, 329.1413, 300.6873, 358.7115, 261.3528, 354.1551
8 274 9.140000 268.7246, 323.6923, 308.0587, 327.6798, 305.0589, 357.2720, 265.7247, 353.2845
8 275 9.170000 271.5408, 323.5901, 310.9103, 326.7944, 308.5001, 356.4074, 269.1306, 353.2031
8 276 9.200000 274.7833, 323.4998, 314.1564, 326.6312, 311.8040, 356.2097, 272.4309, 353.0783
8 277 9.240000 278.8816, 324.1110, 318.3073, 326.6520, 316.4038, 356.1861, 276.9782, 353.6452
8 278 9.270000 281.7631, 325.1401, 321.2512, 326.8262, 319.9914, 356.3326, 280.5033, 354.6465
8 279 9.300000 285.0516, 326.1527, 324.5936, 327.7385, 323.4127, 357.1851, 283.8707, 355.5993
8 280 9.340000 289.1684, 328.2916, 328.8085, 329.2315, 328.1116, 358.6246, 288.4715, 357.6847
8 281 9.370000 292.0386, 330.5515, 331.7566, 330.5931, 331.7259, 359.9486, 292.0078, 359.9070
8 282 9.400000 295.2262, 332.9103, 335.0372, 332.7331, 335.1677, 362.0521, 295.3566, 362.2293
8 283 9.440000 299.1559, 337.0320, 339.0889, 336.0152, 339.8348, 365.3098, 299.9018, 366.3265
8 284 9.470000 301.9005, 340.7999, 341.9092, 338.8363, 343.3471, 368.1345, 303.3384, 370.0981
8 285 9.500000 304.8504, 344.5835, 344.9728, 342.2472, 346.6834, 371.6234, 306.5610, 373.9597
8 286 9.540000 308.5167, 349.8266, 348.7861, 346.7771, 351.0119, 376.1703, 310.7426, 379.2198
8 287 9.570000 310.8795, 353.8680, 351.2126, 349.7537, 354.1986, 379.0256, 313.8655, 383.1400
8 288 9.600000 313.5743, 357.0802, 354.0962, 353.0432, 357.0013, 382.2027, 316.4794, 386.2398
8 289 9.640000 316.5267, 361.3700, 357.2297, 356.6284, 360.6077, 385.6266, 319.9047, 390.3682
8 290 9.670000 318.2645, 364.5744, 359.0351, 358.7551, 363.1575, 387.6368, 322.3869, 393.4562
8 291 9.700000 320.3741, 366.7257, 361.4215, 361.3129, 365.2334, 390.2197, 324.1859, 395.6325
8 292 9.740000 322.4163, 369.7450, 363.7190, 363.9313, 367.7844, 392.8138, 326.4817, 398.6275
8 293 9.770000 323.3109, 372.2232, 364.6817, 365.2351, 369.5466, 394.0368, 328.1759, 401.0249
8 294 9.800000 324.4963, 373.6441, 366.1756, 366.9993, 370.7774, 395.8638, 329.0981, 402.5085
8 295 9.840000 325.2834, 375.6451, 367.2545, 368.6091, 372.1005, 397.5165, 330.1294, 404.5525
8 296 9.870000 325.3441, 377.1335, 367.4687, 369.3751, 372.7869, 398.2503, 330.6623, 406.0087
8 297 9.900000 325.5916, 377.6034, 368.1154, 370.5427, 372.9249, 399.5086, 330.4011, 406.5692
8 298 9.940000 325.0932, 378.3656, 368.0170, 371.3839, 372.7234, 400.3194, 329.7997, 407.3011
8 299 9.970000 324.1440, 378.9560, 367.2963, 371.5206, 372.2694, 400.3824, 329.1170, 407.8178
8 300 10.000000 323.2968, 378.6781, 366.8709, 371.9969, 371.3073, 400.9307, 327.7332, 407.6119
8 301 10.040000 321.5727, 378.4066, 365.6560, 372.4164, 369.5891, 401.3617, 325.5059, 407.3519
8 302 10.070000 319.7090, 378.6165, 364.0888, 372.4134, 368.1263, 401.2995, 323.7465, 407.5026
8 303 10.100000 318.0788, 378.0542, 362.9431, 373.0908, 366.1440, 402.0244, 321.2797, 406.9878
8 304 10.140000 315.2051, 377.8436, 360.5918, 373.5865, 363.3084, 402.5494, 317.9218, 406.8066
8 305 10.170000 312.6162, 377.9433, 358.3530, 373.7643, 360.9972, 402.7038, 315.2604, 406.8827
8 306 10.200000 310.2291, 377.4497, 356.4066, 374.5082, 358.2492, 403.4335, 312.0716, 406.3749
8 307 10.240000 306.4004, 377.2985, 353.0818, 375.0533, 354.4671, 403.8549, 307.7857, 406.1001
8 308 10.270000 303.1488, 377.3850, 350.1836, 375.1992, 351.5182, 403.9187, 304.4834, 406.1045
8 309 10.300000 300.0753, 376.9498, 347.4947, 375.7483, 348.2216, 404.4380, 300.8022, 405.6395
8 310 10.340000 295.6564, 376.4631, 343.5566, 376.3335, 343.6340, 404.9184, 295.7337, 405.0480
8 311 10.370000 291.7907, 376.6516, 340.0389, 376.1497, 340.3351, 404.6200, 292.0868, 405.1219
8 312 10.400000 288.4840, 375.8761, 337.0689, 376.8904, 336.4785, 405.1729, 287.8935, 404.1586
8 313 10.440000 283.3923, 375.5295, 332.4235, 376.9513, 331.6083, 405.0650, 282.5771, 403.6432
8 314 10.470000 279.4354, 375.2996, 328.7995, 376.8735, 327.9074, 404.8533, 278.5433, 403.2793
8 315 10.500000 275.8177, 374.5741, 325.4590, 377.3204, 323.9220, 405.1043, 274.2806, 402.3580
8 316 10.540000 270.6065, 374.1644, 320.6419, 377.5244, 318.7921, 405.0702, 268.7568, 401.7102
8 317 10.570000 266.5071, 374.1952, 316.8739, 377.4674, 315.0860, 404.9868, 264.7193, 401.7147
8 318 10.600000 262.7812, 373.7674, 313.3838, 377.9822, 311.0897, 405.5258, 260.4870, 401.3110
8 319 10.640000 257.6403, 373.6172, 308.6002, 378.4516, 305.9727, 406.1487, 255.0128, 401.3144
8 320 10.670000 253.4957, 374.0667, 304.8272, 378.4196, 302.4627, 406.3017, 251.1313, 401.9488
8 321 10.700000 249.8465, 373.9981, 301.3910, 379.0560, 298.6375, 407.1170, 247.0929, 402.0590
8 322 10.740000 244.7814, 374.4367, 296.7252, 379.6162, 293.8952, 407.9978, 241.9514, 402.8183
8 323 10.770000 240.8537, 375.1563, 293.3499, 379.8599, 290.7793, 408.5497, 238.2831, 403.8461
8 324 10.800000 237.5415, 375.2406, 290.2905, 380.9017, 287.1787, 409.8968, 234.4297, 404.2356
8 325 10.840000 233.0710, 375.8285, 286.2311, 382.2034, 282.6989, 411.6585, 229.5388, 405.2835
8 326 10.870000 229.4523, 376.9275, 283.1489, 382.8704, 279.8436, 412.7354, 226.1470, 406.7925
8 327 10.900000 226.4757, 377.5452, 280.3667, 384.3519, 276.5468, 414.5952, 222.6558, 407.7885
8 328 10.940000 222.2042, 379.3056, 276.6374, 386.0754, 272.8143, 416.8155, 218.3811, 410.0457
8 329 10.970000 218.8396, 381.2167, 273.8543, 387.2226, 270.4547, 418.3633, 215.4400, 412.3574
8 330 11.000000 216.0136, 382.7269, 271.3361, 388.9430, 267.7944, 420.4641, 212.4718, 414.2480
8 331 11.040000 212.0931, 385.0304, 268.0315, 390.5911, 264.8425, 422.6707, 208.9041, 417.1100
8 332 11.070000 209.1030, 386.7932, 265.6024, 391.3195, 263.0091, 423.6909, 206.5097, 419.1646
8 333 11.100000 207.0930, 387.1974, 263.6214, 392.6934, 260.4459, 425.3542, 203.9175, 419.8582
8 334 11.140000 204.1520, 387.9620, 260.9788, 393.5597, 257.7415, 426.4249, 200.9147, 420.8273
8 335 11.170000 201.6654, 388.7959, 258.9691, 393.3616, 256.3448, 426.2992, 199.0411, 421.7335
8 336 11.200000 200.0215, 388.4644, 257.3528, 393.6473, 254.3692, 426.6498, 197.0380, 421.4669
8 337 11.240000 197.3772, 388.4682, 255.1118, 392.8416, 252.6153, 425.7988, 194.8807, 421.4254
8 338 11.270000 195.0378, 388.8749, 253.3247, 391.3596, 251.9292, 424.0965, 193.6423, 421.6117
8 339 11.300000 193.4975, 388.0234, 251.8996, 390.4008, 250.5747, 422.9466, 192.1726, 420.5692
8 340 11.340000 191.3126, 386.7448, 249.9555, 388.4044, 249.0448, 420.5863, 190.4018, 418.9267
8 341 11.370000 189.4501, 385.8795, 248.3634, 386.2028, 248.1890, 417.9778, 189.2757, 417.6545
8 342 11.400000 188.3456, 383.4717, 247.1686, 384.5927, 246.5680, 416.1112, 187.7450, 414.9903
8 343 11.440000 186.5575, 380.2812, 245.3851, 381.4546, 244.7656, 412.5100, 185.9380, 411.3365
8 344 11.470000 184.9045, 378.0860, 243.8569, 378.2636, 243.7648, 408.8447, 184.8124, 408.6672
8 345 11.500000 183.8886, 374.5478, 242.6793, 375.6433, 242.1144, 405.9577, 183.3237, 404.8622
8 346 11.540000 182.1661, 370.5337, 240.8876, 371.7196, 240.2859, 401.5143, 181.5644, 400.3284
8 347 11.570000 180.8270, 367.8339, 239.5149, 368.9602, 238.9513, 398.3290, 180.2634, 397.2027
8 348 11.600000 179.8981, 364.6441, 238.3697, 366.9805, 237.2091, 396.0267, 178.7374, 393.6903
8 349 11.640000 178.4504, 361.1619, 236.7339, 364.3093, 235.1927, 392.8492, 176.9092, 389.7018
8 350 11.670000 177.2297, 359.1068, 235.4492, 362.2474, 233.9344, 390.3303, 175.7148, 387.1898
8 351 11.700000 176.5534, 356.3584, 234.4634, 360.9593, 232.2581, 388.7169, 174.3481, 384.1159
8 352 11.740000 175.5986, 353.2740, 233.1565, 359.1244, 230.3875, 386.3668, 172.8296, 380.5165
8 353 11.770000 174.7435, 351.5621, 232.1731, 357.4393, 229.4283, 384.2598, 171.9988, 378.3826
8 354 11.800000 174.4435, 349.2704, 231.4907, 356.3343, 228.2097, 382.8313, 171.1625, 375.7675
8 355 11.840000 173.9879, 346.8406, 230.6850, 354.4677, 227.1793, 380.5273, 170.4823, 372.9002
8 356 11.870000 173.5060, 345.6953, 230.1258, 352.6380, 226.9835, 378.2646, 170.3637, 371.3218
8 357 11.900000 173.7552, 343.6780, 229.9611, 351.5214, 226.4258, 376.8553, 170.2200, 369.0119
8 358 11.940000 174.0099, 341.6716, 229.8601, 349.5106, 226.3673, 374.3958, 170.5171, 366.5568
8 359 11.970000 174.1955, 340.5582, 229.8993, 347.6273, 226.7817, 372.1936, 171.0779, 365.1244
8 360 12.000000 175.0678, 338.6955, 230.3059, 346.5380, 226.8482, 370.8924, 171.6101, 363.0499
8 361 12.040000 176.0048, 337.3145, 230.8738, 344.6880, 227.6297, 368.8289, 172.7606, 361.4554
8 362 12.070000 176.6195, 337.0969, 231.3139, 343.3418, 228.5723, 367.3540, 173.8778, 361.1091
8 363 12.100000 177.6448, 336.8687, 231.9620, 342.9981, 229.2719, 366.8371, 174.9547, 360.7077
8 364 12.140000 178.9431, 337.5095, 232.8352, 342.7825, 230.5229, 366.4151, 176.6308, 361.1421
8 365 12.170000 179.8751, 338.5693, 233.4857, 342.7088, 231.6646, 366.2939, 178.0540, 362.1544
8 366 12.200000 181.1863, 339.2564, 234.3506, 343.3557, 232.5171, 367.1349, 179.3528, 363.0356
8 367 12.240000 182.8451, 340.9589, 235.4601, 344.4957, 233.8419, 368.5677, 181.2270, 365.0309
8 368 12.270000 183.9965, 342.8414, 236.2403, 345.5673, 234.9719, 369.8763, 182.7282, 367.1504
8 369 12.300000 185.4748, 344.4557, 237.2028, 347.4427, 235.7757, 372.1559, 184.0478, 369.1690
8 370 12.340000 187.2751, 347.5229, 238.3842, 350.3026, 237.0107, 375.5566, 185.9015, 372.7769
8 371 12.370000 188.5014, 350.5129, 239.1979, 352.8100, 238.0348, 378.4786, 187.3383, 376.1815
8 372 12.400000 189.9902, 353.5011, 240.1440, 356.1727, 238.7477, 382.3850, 188.5939, 379.7134
8 373 12.440000 191.7821, 358.5891, 241.2895, 361.2893, 239.8200, 388.2305, 190.3127, 385.5303
8 374 12.470000 193.0165, 363.1423, 242.0872, 365.6535, 240.6805, 393.1421, 191.6098, 390.6309
8 375 12.500000 194.4843, 367.6995, 242.9924, 370.6593, 241.2803, 398.7192, 192.7722, 395.7594
8 376 12.540000 196.3939, 373.7292, 244.1965, 377.0173, 242.2202, 405.7499, 194.4175, 402.4618
8 377 12.570000 197.7421, 377.8788, 245.1054, 381.0354, 243.1547, 410.3058, 195.7914, 407.1492
8 378 12.600000 199.5870, 381.0105, 246.2500, 384.9509, 243.7294, 414.8008, 197.0663, 410.8604
8 379 12.640000 201.7018, 385.1115, 247.7211, 389.1099, 245.0891, 419.4024, 199.0698, 415.4041
8 380 12.670000 202.8118, 388.3639, 248.7226, 391.3252, 246.7621, 421.7195, 200.8513, 418.7582
8 381 12.700000 204.7651, 390.4246, 250.0598, 393.9607, 247.6813, 424.4272, 202.3866, 420.8911
8 382 12.740000 207.1510, 393.0152, 251.8288, 396.7440, 249.2890, 427.1760, 204.6111, 423.4472
8 383 12.770000 208.5626, 395.1041, 253.0712, 398.1415, 251.0050, 428.4190, 206.4964, 425.3816
8 384 12.800000 210.9154, 396.0175, 254.6783, 400.1059, 251.8633, 430.2383, 208.1004, 426.1499
8 385 12.840000 213.7191, 397.3448, 256.7709, 401.9810, 253.5585, 431.8114, 210.5067, 427.1752
8 386 12.870000 215.5963, 398.4076, 258.3420, 402.8751, 255.2549, 432.4132, 212.5092, 427.9457
8 387 12.900000 218.3725, 398.5375, 260.2392, 404.2743, 256.2367, 433.4840, 214.3700, 427.7472
8 388 12.940000 221.9609, 398.7671, 262.8508, 405.5978, 258.0591, 434.2824, 217.1692, 427.4518
8 389 12.970000 224.3397, 399.1993, 264.8515, 405.9978, 260.1093, 434.2563, 219.5975, 427.4578
8 390 13.000000 227.6157, 398.9218, 267.1844, 406.8764, 261.6070, 434.6197, 222.0383, 426.6650
8 391 13.040000 231.5809, 398.9647, 270.4231, 407.2675, 264.6138, 434.4446, 225.7716, 426.1419
8 392 13.070000 234.4121, 399.2003, 273.0042, 407.1462, 267.4762, 433.9946, 228.8842, 426.0487
8 393 13.100000 237.9974, 398.9684, 275.8959, 407.4557, 269.9761, 433.8892, 232.0776, 425.4018
8 394 13.140000 242.5311, 399.0178, 280.0441, 407.3385, 274.2801, 433.3250, 236.7671, 425.0043
8 395 13.170000 245.8148, 399.2504, 283.2548, 406.8570, 278.0186, 432.6295, 240.5787, 425.0229
8 396 13.200000 249.8309, 399.0192, 286.9739, 406.8605, 281.5939, 432.3445, 244.4509, 424.5032
8 397 13.240000 255.0475, 398.9488, 291.9597, 406.3831, 286.8793, 431.6084, 249.9670, 424.1741
8 398 13.270000 258.8338, 399.0909, 295.6922, 405.6397, 291.2270, 430.7714, 254.3686, 424.2227
8 399 13.300000 263.2840, 398.7683, 299.8852, 405.3897, 295.3706, 430.3451, 258.7694, 423.7237
8 400 13.340000 268.9910, 398.5973, 305.4014, 404.5430, 301.3440, 429.3899, 264.9336, 423.4443
8 401 13.370000 273.0434, 398.7224, 309.4098, 403.4988, 306.1495, 428.3218, 269.7831, 423.5455
8 402 13.400000 277.7301, 398.2983, 313.8754, 402.9632, 310.6767, 427.7478, 274.5314, 423.0829
8 403 13.440000 283.6785, 397.9841, 319.6361, 401.7605, 317.0271, 426.6028, 281.0695, 422.8264
8 404 13.470000 287.9544, 397.8968, 323.7981, 400.5644, 321.9410, 425.5178, 286.0972, 422.8502
8 405 13.500000 292.6726, 397.3348, 328.3207, 399.7822, 326.6003, 424.8428, 290.9521, 422.3954
8 406 13.540000 298.6064, 396.8387, 334.0378, 398.3686, 332.9507, 423.5436, 297.5193, 422.0137
8 407 13.570000 302.7032, 396.7637, 337.9778, 397.0003, 337.8091, 422.1459, 302.5345, 421.9093
8 408 13.600000 307.2432, 396.0813, 342.3421, 396.1066, 342.3240, 421.2340, 307.2251, 421.2087
8 409 13.640000 312.8513, 395.4321, 347.7048, 394.5426, 348.3436, 419.5706, 313.4901, 420.4601
8 410 13.670000 316.7427, 395.0974, 351.3771, 393.1205, 352.7991, 418.0330, 318.1647, 420.0099
8 411 13.700000 320.9174, 394.1934, 355.3817, 392.0906, 356.8961, 416.9113, 322.4318, 419.0141
8 412 13.740000 325.9301, 393.2667, 360.1164, 390.3245, 362.2353, 414.9443, 328.0489, 417.8865
8 413 13.770000 329.2780, 392.7832, 363.1898, 388.7412, 366.0950, 413.1152, 332.1832, 417.1572
8 414 13.800000 332.8657, 391.5943, 366.6254, 387.5278, 369.5495, 411.8027, 335.7897, 415.8692
8 415 13.840000 337.0431, 390.2455, 370.5200, 385.5319, 373.9083, 409.5957, 340.4314, 414.3094
8 416 13.870000 339.7292, 389.3771, 372.9175, 383.7612, 376.9540, 407.6157, 343.7657, 413.2317
8 417 13.900000 342.5294, 387.8325, 375.5933, 382.2867, 379.5814, 406.0638, 346.5175, 411.6096
8 418 13.940000 345.6286, 385.9261, 378.4363, 379.9509, 382.7327, 403.5410, 349.9250, 409.5162
8 419 13.970000 347.4440, 384.6733, 379.9610, 377.9054, 384.8263, 401.2812, 352.3093, 408.0491
8 420 14.000000 349.3603, 382.7534, 381.8037, 376.2302, 386.4946, 399.5606, 354.0512, 406.0838
8 421 14.040000 351.1545, 380.9902, 383.2935, 373.8186, 388.4469, 396.9136, 356.3079, 404.0852
8 422 14.070000 352.0741, 380.1877, 383.8749, 372.1202, 389.6684, 394.9573, 357.8677, 403.0248
8 423 14.100000 353.0177, 379.0989, 384.6827, 370.9474, 390.5380, 393.6926, 358.8729, 401.8441
8 424 14.140000 353.7684, 378.1582, 385.1871, 369.6396, 391.3043, 392.2012, 359.8855, 400.7198
8 425 14.170000 353.9337, 377.8364, 385.1867, 368.8056, 391.6513, 391.1775, 360.3983, 400.2084
8 426 14.200000 354.0593, 377.2027, 385.2246, 368.4688, 391.4915, 390.8310, 360.3262, 399.5649
8 427 14.240000 353.7053, 376.8011, 384.7711, 368.2223, 390.9299, 390.5250, 359.8642, 399.1037
8 428 14.270000 353.0284, 376.8929, 384.0277, 368.1575, 390.2833, 390.3567, 359.2839, 399.0921
8 429 14.300000 352.3480, 376.6661, 383.3767, 368.6173, 389.1503, 390.8748, 358.1215, 398.9237
8 430 14.340000 350.9096, 376.9669, 381.9493, 369.3967, 387.3750, 391.6433, 356.3353, 399.2135
8 431 14.370000 349.4798, 377.6036, 380.4755, 370.1786, 385.7927, 392.3749, 354.7970, 399.8000
8 432 14.400000 348.0604, 378.1078, 379.1606, 371.4580, 383.9196, 393.7150, 352.8194, 400.3649
8 433 14.440000 345.7794, 379.4112, 376.9424, 373.5263, 381.1462, 395.7874, 349.9832, 401.6723
8 434 14.470000 343.8077, 380.8284, 374.9804, 375.3560, 378.8831, 397.5868, 347.7104, 403.0592
8 435 14.500000 341.8820, 382.1460, 373.1498, 377.6319, 376.3639, 399.8945, 345.0960, 404.4086
8 436 14.540000 338.8932, 384.1411, 370.2035, 380.5266, 372.7740, 402.7926, 341.4636, 406.4072
8 437 14.570000 336.2782, 385.7035, 367.5628, 382.3519, 369.9469, 404.6053, 338.6623, 407.9569
8 438 14.600000 333.8298, 386.7107, 365.1633, 384.3916, 366.8086, 406.6200, 335.4750, 408.9392
8 439 14.640000 330.0894, 388.1266, 361.4076, 386.5198, 362.5481, 408.7496, 331.2299, 410.3564
8 440 14.670000 326.8494, 389.3930, 358.1082, 387.5997, 359.3818, 409.7992, 328.1230, 411.5925
8 441 14.700000 323.9521, 389.9938, 355.2096, 389.0075, 355.9101, 411.2096, 324.6526, 412.1958
8 442 14.740000 319.6544, 390.9431, 350.8696, 390.3280, 351.3072, 412.5324, 320.0919, 413.1475
8 443 14.770000 316.1071, 391.7863, 347.2752, 390.9126, 347.8973, 413.1017, 316.7291, 413.9755
8 444 14.800000 312.9204, 392.0242, 344.0705, 391.8195, 344.2164, 414.0109, 313.0662, 414.2156
8 445 14.840000 308.2617, 392.5346, 339.3699, 392.5028, 339.3926, 414.6793, 308.2843, 414.7112
8 446 14.870000 304.4841, 393.0426, 335.7822, 392.6492, 336.0607, 414.8057, 304.7627, 415.1991
8 447 14.900000 301.0749, 392.9727, 332.3898, 393.1167, 332.2879, 415.2748, 300.9730, 415.1308
8 448 14.940000 296.1561, 393.0675, 327.6545, 393.2642, 327.5162, 415.4063, 296.0178, 415.2096
8 449 14.970000 292.1955, 393.2877, 323.9502, 393.0363, 324.1252, 415.1445, 292.3706, 415.3959
