2 0 0.010000 415.5648, 374.5489, 434.3548, 375.8854, 433.6090, 386.3704, 414.8191, 385.0339
2 1 0.040000 416.0881, 371.3178, 435.0676, 374.1374, 433.4329, 385.1415, 414.4534, 382.3220
2 2 0.070000 416.6748, 367.1433, 435.7673, 370.5237, 433.7754, 381.7742, 414.6829, 378.3938
2 3 0.110000 417.6980, 360.8409, 436.9357, 364.6979, 434.6160, 376.2677, 415.3784, 372.4107
2 4 0.140000 418.4781, 356.3410, 437.7966, 360.1373, 435.4916, 371.8667, 416.1731, 368.0704
2 5 0.170000 419.2521, 352.2247, 438.6207, 355.7395, 436.4654, 367.6165, 417.0967, 364.1016
2 6 0.200000 420.0920, 348.4310, 439.5279, 351.8891, 437.4043, 363.8247, 417.9684, 360.3666
2 7 0.240000 421.2085, 344.0935, 440.7179, 347.4125, 438.6750, 359.4208, 419.1657, 356.1019
2 8 0.270000 422.0402, 341.3799, 441.6010, 344.5561, 439.6409, 356.6278, 420.0801, 353.4516
2 9 0.310000 423.1669, 338.4379, 442.7930, 341.4539, 440.9290, 353.5835, 421.3029, 350.5675
2 10 0.340000 424.0314, 336.7141, 443.7049, 339.6399, 441.8986, 351.7860, 422.2250, 348.8603
2 11 0.370000 424.8950, 335.4107, 444.6086, 338.1810, 442.8984, 350.3514, 423.1848, 347.5811
2 12 0.400000 425.7936, 334.4656, 445.5489, 337.1483, 443.8991, 349.2975, 424.1438, 346.6148
2 13 0.440000 427.0165, 333.7635, 446.8192, 336.2776, 445.2822, 348.3838, 425.4795, 345.8697
2 14 0.470000 427.9561, 333.6098, 447.7864, 335.9407, 446.3682, 348.0068, 426.5378, 345.6760
2 15 0.500000 428.9601, 333.6647, 448.8227, 335.9141, 447.4693, 347.8652, 427.6067, 345.6158
2 16 0.540000 430.3571, 333.9673, 450.2569, 336.0079, 449.0464, 347.8129, 429.1466, 345.7723
2 17 0.570000 431.4551, 334.2796, 451.3765, 336.0769, 450.3214, 347.7717, 430.4000, 345.9744
2 18 0.610000 433.0350, 334.6729, 452.9941, 336.2435, 452.0920, 347.7075, 432.1329, 346.1369
2 19 0.640000 434.3136, 334.9016, 454.3118, 336.4270, 453.4558, 347.6494, 433.4576, 346.1241
2 20 0.670000 435.5725, 335.1847, 455.5914, 336.3582, 454.9418, 347.4387, 434.9229, 346.2651
2 21 0.700000 436.9240, 335.3406, 456.9852, 336.3888, 456.4182, 347.2403, 436.3570, 346.1921
2 22 0.740000 438.7513, 335.5176, 458.8489, 336.2596, 458.4602, 346.7853, 438.3627, 346.0433
2 23 0.770000 440.0956, 335.6507, 460.2002, 335.9063, 460.0687, 346.2482, 439.9641, 345.9926
2 24 0.800000 441.5441, 335.4994, 461.7142, 335.7367, 461.5958, 345.8011, 441.4257, 345.5639
2 25 0.840000 443.4028, 335.1907, 463.7069, 335.2026, 463.7012, 344.9894, 443.3971, 344.9775
2 26 0.870000 444.7241, 334.9780, 465.0884, 334.4668, 465.3298, 344.0841, 444.9655, 344.5954
2 27 0.900000 446.2022, 334.2320, 466.7229, 334.1635, 466.7539, 343.4763, 446.2332, 343.5448
2 28 0.940000 447.9669, 333.4242, 468.5967, 332.9885, 468.7889, 342.0882, 448.1591, 342.5239
2 29 0.970000 449.2205, 332.7670, 469.8852, 331.8000, 470.3086, 340.8501, 449.6440, 341.8171
2 30 1.000000 450.5487, 331.7344, 471.3225, 330.9287, 471.6679, 339.8338, 450.8940, 340.6395
2 31 1.040000 452.1972, 330.4478, 473.0591, 329.4866, 473.4659, 338.3149, 452.6040, 339.2762
2 32 1.070000 453.3435, 329.6083, 474.2457, 328.2945, 474.7985, 337.0898, 453.8964, 338.4036
2 33 1.110000 454.8916, 328.2970, 475.9216, 327.1199, 476.4047, 335.7500, 455.3746, 336.9272
2 34 1.140000 456.0347, 327.2391, 477.1781, 326.3985, 477.5155, 334.8838, 456.3720, 335.7245
2 35 1.170000 457.0364, 326.4356, 478.2343, 325.3303, 478.6754, 333.7886, 457.4774, 334.8940
2 36 1.210000 458.3484, 325.2273, 479.6446, 324.0949, 480.0904, 332.4779, 458.7942, 333.6103
2 37 1.240000 459.3186, 324.0769, 480.7143, 323.2461, 481.0393, 331.6154, 459.6435, 332.4461
2 38 1.270000 460.1449, 323.2386, 481.5850, 322.1015, 482.0297, 330.4856, 460.5895, 331.6227
2 39 1.310000 461.2226, 321.8248, 482.7557, 320.6919, 483.1979, 329.0962, 461.6648, 330.2291
2 40 1.340000 462.0210, 320.5008, 483.6473, 319.7220, 483.9522, 328.1897, 462.3260, 328.9685
2 41 1.370000 462.6667, 319.4842, 484.3362, 318.4434, 484.7426, 326.9040, 463.0730, 327.9448
2 42 1.410000 463.5267, 317.7006, 485.2889, 316.8473, 485.6243, 325.3999, 463.8621, 326.2532
2 43 1.440000 464.1935, 316.0078, 486.0412, 315.7521, 486.1431, 324.4553, 464.2954, 324.7110
2 44 1.470000 464.7003, 314.6445, 486.5960, 314.3166, 486.7265, 323.0312, 464.8308, 323.3591
2 45 1.510000 465.3830, 312.5554, 487.3484, 312.4633, 487.3853, 321.2570, 465.4199, 321.3491
2 46 1.540000 465.8953, 310.8840, 487.9089, 311.1316, 487.8090, 320.0080, 465.7955, 319.7604
2 47 1.570000 466.2503, 309.6180, 488.3027, 309.5505, 488.3297, 318.3726, 466.2773, 318.4401
2 48 1.610000 466.7359, 307.8015, 488.8390, 307.5882, 488.9238, 316.3782, 466.8207, 316.5915
2 49 1.640000 467.1121, 306.3058, 489.2578, 306.2364, 489.2854, 315.0437, 467.1397, 315.1132
2 50 1.670000 467.3395, 305.1784, 489.5082, 304.6370, 489.7204, 313.3298, 467.5518, 313.8712
2 51 1.710000 467.6433, 303.4618, 489.8447, 302.6110, 490.1742, 311.2066, 467.9727, 312.0575
2 52 1.740000 467.8553, 301.9859, 490.0948, 301.1450, 490.4191, 309.7216, 468.1796, 310.5624
2 53 1.770000 467.9077, 300.8755, 490.1272, 299.3521, 490.7124, 307.8882, 468.4929, 309.4115
2 54 1.810000 467.9485, 298.9507, 490.1761, 297.0234, 490.9178, 305.5775, 468.6902, 307.5047
2 55 1.840000 467.9383, 297.1615, 490.2156, 295.3358, 490.9163, 303.8860, 468.6390, 305.7117
2 56 1.870000 467.7485, 295.5198, 489.9877, 293.1393, 490.9155, 301.8066, 468.6762, 304.1871
2 57 1.910000 467.4221, 292.9190, 489.6822, 290.3624, 490.6806, 299.0560, 468.4205, 301.6126
2 58 1.940000 467.1181, 290.6591, 489.4604, 288.4132, 490.3257, 297.0208, 467.9834, 299.2667
2 59 1.970000 466.6198, 288.6047, 488.9303, 285.9284, 489.9696, 294.5917, 467.6590, 297.2680
2 60 2.010000 465.9009, 285.6102, 488.2676, 283.0020, 489.2698, 291.5963, 466.9031, 294.2045
2 61 2.040000 465.3284, 283.2705, 487.7828, 281.1136, 488.6027, 289.6495, 466.1484, 291.8063
2 62 2.070000 464.6672, 281.2886, 487.1587, 279.2832, 487.9202, 287.8235, 465.4286, 289.8289
2 63 2.110000 463.7609, 278.8750, 486.3160, 277.3566, 486.8935, 285.9347, 464.3384, 287.4531
2 64 2.140000 463.0618, 277.3138, 485.6535, 276.2642, 486.0572, 284.9544, 463.4656, 286.0040
2 65 2.170000 462.2817, 276.2326, 484.8720, 275.3060, 485.2287, 284.0016, 462.6384, 284.9282
2 66 2.210000 461.2223, 275.1007, 483.8055, 274.4770, 484.0463, 283.1956, 461.4631, 283.8194
2 67 2.240000 460.4218, 274.4714, 482.9924, 274.1910, 483.1011, 282.9396, 460.5305, 283.2201
2 68 2.270000 459.5382, 274.3025, 482.0773, 274.0172, 482.1872, 282.7010, 459.6481, 282.9863
2 69 2.310000 458.3607, 274.3611, 480.8528, 274.2352, 480.9011, 282.8551, 458.4090, 282.9810
2 70 2.340000 457.4807, 274.6262, 479.9321, 274.7403, 479.8885, 283.3258, 457.4370, 283.2117
2 71 2.370000 456.5242, 275.3480, 478.9235, 275.3705, 478.9149, 283.9555, 456.5155, 283.9329
2 72 2.410000 455.2571, 276.5853, 477.5863, 276.6587, 477.5580, 285.2743, 455.2288, 285.2010
2 73 2.440000 454.3132, 277.6472, 476.5809, 277.8611, 476.4971, 286.5840, 454.2294, 286.3701
2 74 2.470000 453.2986, 279.0268, 475.4916, 279.0604, 475.4781, 287.9753, 453.2851, 287.9417
2 75 2.510000 451.9514, 280.9982, 474.0397, 280.9374, 474.0649, 290.0700, 451.9766, 290.1309
2 76 2.540000 450.9682, 282.3550, 472.9921, 282.4864, 472.9368, 291.7516, 450.9129, 291.6202
2 77 2.570000 449.8550, 283.8906, 471.8115, 283.6665, 471.9074, 293.0665, 449.9510, 293.2906
2 78 2.610000 448.3737, 285.6732, 470.2355, 285.1479, 470.4655, 294.7188, 448.6037, 295.2441
2 79 2.640000 447.2813, 286.7817, 469.0965, 286.3157, 469.3018, 295.9263, 447.4866, 296.3923
2 80 2.670000 446.0430, 288.0381, 467.7682, 287.0393, 468.2154, 296.7672, 446.4902, 297.7660
2 81 2.710000 444.4301, 289.3415, 466.0905, 288.2228, 466.5943, 297.9775, 444.9339, 299.0962
2 82 2.740000 443.2050, 290.1249, 464.8455, 289.1464, 465.2862, 298.8936, 443.6457, 299.8720
2 83 2.770000 441.8320, 291.0849, 463.3857, 289.6749, 464.0276, 299.4862, 442.4738, 300.8961
2 84 2.800000 440.5068, 291.7233, 462.0562, 290.5073, 462.6079, 300.2850, 441.0585, 301.5010
2 85 2.840000 438.6069, 292.6068, 460.1185, 291.3941, 460.6684, 301.1476, 439.1567, 302.3603
2 86 2.870000 437.0503, 293.3704, 458.4910, 291.7958, 459.2094, 301.5785, 437.7687, 303.1530
2 87 2.900000 435.5553, 293.7873, 457.0228, 292.5882, 457.5642, 302.2812, 436.0967, 303.4803
2 88 2.940000 433.3904, 294.4731, 454.8373, 293.3101, 455.3608, 302.9639, 433.9139, 304.1269
2 89 2.970000 431.6616, 295.0421, 453.0679, 293.6876, 453.6783, 303.3349, 432.2720, 304.6893
2 90 3.000000 429.9705, 295.3404, 451.4081, 294.3664, 451.8418, 303.9124, 430.4042, 304.8864
2 91 3.040000 427.5626, 295.8571, 448.9897, 294.9789, 449.3777, 304.4446, 427.9506, 305.3228
2 92 3.070000 425.6653, 296.2612, 447.0595, 295.2692, 447.4986, 304.7383, 426.1044, 305.7304
2 93 3.100000 423.8063, 296.4185, 445.2083, 295.7966, 445.4819, 305.2097, 424.0799, 305.8317
2 94 3.140000 421.1953, 296.7208, 442.5633, 296.2142, 442.7865, 305.6275, 421.4185, 306.1341
2 95 3.170000 419.1280, 297.0461, 440.4402, 296.2900, 440.7761, 305.7568, 419.4638, 306.5129
2 96 3.200000 417.1367, 297.0752, 438.4399, 296.7046, 438.6037, 306.1252, 417.3006, 306.4958
2 97 3.240000 414.3571, 297.2143, 435.6097, 296.9808, 435.7134, 306.4171, 414.4608, 306.6506
2 98 3.270000 412.1847, 297.3938, 433.3790, 297.0061, 433.5525, 306.4926, 412.3582, 306.8803
2 99 3.300000 410.0960, 297.3021, 431.2635, 297.3492, 431.2424, 306.7967, 410.0750, 306.7495
2 100 3.340000 407.2115, 297.2832, 428.3148, 297.5778, 428.1829, 307.0266, 407.0796, 306.7320
2 101 3.370000 404.9660, 297.3743, 426.0040, 297.5490, 425.9252, 307.0470, 404.8871, 306.8723
2 102 3.400000 402.8367, 297.1841, 423.8253, 297.8670, 423.5175, 307.3276, 402.5290, 306.6448
2 103 3.440000 399.8982, 297.1041, 420.7978, 298.0175, 420.3840, 307.4866, 399.4844, 306.5732
2 104 3.470000 397.6421, 297.1321, 418.4712, 297.9843, 418.0822, 307.4922, 397.2531, 306.6400
2 105 3.500000 395.5020, 296.9446, 416.2540, 298.2269, 415.6688, 307.6984, 394.9167, 306.4161
2 106 3.540000 392.5939, 296.8053, 413.2395, 298.3318, 412.5388, 307.8091, 391.8932, 306.2826
2 107 3.570000 390.3565, 296.8196, 410.9286, 298.2048, 410.2879, 307.7207, 389.7157, 306.3355
2 108 3.600000 388.2783, 296.5679, 408.7581, 298.3892, 407.9159, 307.8591, 387.4362, 306.0378
2 109 3.640000 385.4562, 296.3712, 405.8235, 298.3854, 404.8904, 307.8205, 384.5232, 305.8063
2 110 3.670000 383.2967, 296.3314, 403.5941, 298.1646, 402.7405, 307.6159, 382.4431, 305.7827
2 111 3.700000 381.3188, 296.0152, 401.5145, 298.2525, 400.4749, 307.6362, 380.2793, 305.3989
2 112 3.740000 378.6374, 295.7327, 398.7158, 298.0723, 397.6269, 307.4172, 377.5485, 305.0776
2 113 3.770000 376.6061, 295.6030, 396.6168, 297.7503, 395.6154, 307.0825, 375.6047, 304.9352
2 114 3.800000 374.7588, 295.2138, 394.6590, 297.6884, 393.5094, 306.9332, 373.6092, 304.4586
2 115 3.840000 372.2801, 294.7869, 392.0582, 297.3429, 390.8753, 306.4956, 371.0973, 303.9396
2 116 3.870000 370.4035, 294.5441, 390.1160, 296.8676, 389.0432, 305.9686, 369.3307, 303.6451
2 117 3.900000 368.7395, 294.0017, 388.3261, 296.6698, 387.1038, 305.6420, 367.5173, 302.9739
2 118 3.940000 366.5211, 293.2864, 385.9726, 296.0356, 384.7136, 304.9433, 365.2621, 302.1940
2 119 3.970000 364.8578, 292.7654, 384.2397, 295.3080, 383.0683, 304.2370, 363.6865, 301.6945
2 120 4.000000 363.4343, 291.9424, 382.6642, 294.8677, 381.2929, 303.8821, 362.0630, 300.9568
2 121 4.040000 361.5281, 291.0551, 380.5973, 294.1540, 379.1042, 303.3416, 360.0350, 300.2427
2 122 4.070000 360.1022, 290.5529, 379.0874, 293.5942, 377.5944, 302.9145, 358.6092, 299.8732
2 123 4.100000 358.8816, 289.9435, 377.7054, 293.3459, 376.0049, 302.7539, 357.1811, 299.3514
2 124 4.140000 357.2297, 289.4256, 375.9124, 292.9393, 374.1172, 302.4846, 355.4345, 298.9709
2 125 4.170000 355.9772, 289.2456, 374.6137, 292.5904, 372.8793, 302.2542, 354.2427, 298.9094
2 126 4.200000 354.9189, 288.9800, 373.4451, 292.5367, 371.5763, 302.2711, 353.0501, 298.7144
2 127 4.240000 353.4035, 288.8963, 371.9500, 292.3983, 370.0895, 302.2516, 351.5430, 298.7496
2 128 4.270000 352.2714, 289.0462, 370.8758, 292.2551, 369.1568, 302.2213, 350.5524, 299.0124
2 129 4.300000 351.3526, 289.0945, 369.9372, 292.4460, 368.1293, 302.4708, 349.5447, 299.1193
2 130 4.340000 350.1544, 289.4247, 368.7527, 292.7230, 366.9586, 302.8391, 348.3603, 299.5408
2 131 4.370000 349.2789, 289.8746, 367.9143, 292.9655, 366.2235, 303.1591, 347.5882, 300.0682
2 132 4.400000 348.6021, 290.2563, 367.2033, 293.5549, 365.3935, 303.7607, 346.7923, 300.4622
2 133 4.440000 347.7273, 291.0488, 366.3366, 294.3947, 364.4975, 304.6231, 345.8883, 301.2772
2 134 4.470000 347.0986, 291.8336, 365.7698, 295.0534, 364.0022, 305.3035, 345.3310, 302.0836
2 135 4.500000 346.6910, 292.4821, 365.3739, 296.0163, 363.4453, 306.2114, 344.7624, 302.6772
2 136 4.540000 346.2576, 293.3578, 364.9594, 297.1689, 362.8925, 307.3115, 344.1907, 303.5003
2 137 4.570000 345.9909, 294.0084, 364.7327, 297.7920, 362.6855, 307.9322, 343.9438, 304.1486
2 138 4.600000 346.0381, 294.3151, 364.7398, 298.6202, 362.4273, 308.6660, 343.7255, 304.3610
2 139 4.640000 346.1572, 294.7512, 364.8662, 299.2610, 362.4569, 309.2559, 343.7480, 304.7461
2 140 4.670000 346.2805, 295.1159, 365.0560, 299.3830, 362.7819, 309.3893, 344.0064, 305.1222
2 141 4.700000 346.7405, 295.1374, 365.4919, 299.7197, 363.0713, 309.6254, 344.3198, 305.0431
2 142 4.740000 347.4053, 295.2059, 366.2085, 299.6829, 363.8624, 309.5362, 345.0592, 305.0592
2 143 4.770000 347.9338, 295.2959, 366.8398, 299.2797, 364.7596, 309.1514, 345.8537, 305.1676
2 144 4.800000 348.7792, 295.0407, 367.7043, 299.0792, 365.6180, 308.8557, 346.6930, 304.8172
2 145 4.840000 349.9453, 294.7150, 368.9627, 298.3428, 367.1117, 308.0458, 348.0943, 304.4179
2 146 4.870000 350.8377, 294.4877, 369.9618, 297.4275, 368.4730, 307.1126, 349.3489, 304.1729
2 147 4.900000 352.0187, 293.8643, 371.1755, 296.7414, 369.7396, 306.3022, 350.5828, 303.4251
2 148 4.940000 353.5830, 293.0441, 372.8225, 295.3850, 371.6730, 304.8329, 352.4335, 302.4920
2 149 4.970000 354.7464, 292.4598, 374.0567, 294.0978, 373.2604, 303.4859, 353.9501, 301.8480
2 150 5.000000 356.1398, 291.5223, 375.4782, 293.1704, 374.6893, 302.4271, 355.3509, 300.7790
2 151 5.040000 357.8572, 290.7069, 377.2485, 291.7175, 376.7730, 300.8410, 357.3817, 299.8304
2 152 5.070000 359.1060, 290.3817, 378.5175, 290.7064, 378.3664, 299.7342, 358.9550, 299.4095
2 153 5.100000 360.4277, 290.0975, 379.8469, 290.0780, 379.8558, 298.9830, 360.4366, 299.0025
2 154 5.140000 362.1431, 290.0328, 381.5506, 289.4722, 381.8073, 298.3586, 362.3997, 298.9191
2 155 5.170000 363.3467, 290.1030, 382.7302, 288.9580, 383.2645, 298.0027, 363.8810, 299.1476
2 156 5.200000 364.6024, 290.0411, 383.9773, 288.8102, 384.5668, 298.0885, 365.1919, 299.3194
2 157 5.240000 366.1233, 290.3421, 385.4777, 288.7157, 386.2831, 298.3003, 366.9287, 299.9266
2 158 5.270000 367.1849, 290.7634, 386.5141, 288.8170, 387.5016, 298.6235, 368.1724, 300.5699
2 159 5.300000 368.2341, 291.1694, 387.5672, 289.1995, 388.5943, 299.2793, 369.2611, 301.2492
2 160 5.340000 369.5131, 291.9997, 388.8395, 289.9421, 389.9524, 300.3954, 370.6260, 302.4530
2 161 5.370000 370.3320, 292.9455, 389.6603, 290.6232, 390.9477, 301.3388, 371.6194, 303.6610
2 162 5.400000 371.1958, 293.8186, 390.5338, 291.6901, 391.7501, 302.7396, 372.4121, 304.8682
2 163 5.440000 372.1742, 295.4222, 391.5339, 293.3247, 392.7751, 304.7804, 373.4153, 306.8779
2 164 5.470000 372.8147, 296.8337, 392.1920, 294.7368, 393.4656, 306.5060, 374.0883, 308.6029
2 165 5.500000 373.4739, 298.1764, 392.8605, 296.3950, 393.9725, 308.4964, 374.5859, 310.2778
2 166 5.540000 374.1746, 299.9937, 393.5640, 298.4881, 394.5349, 310.9917, 375.1455, 312.4973
2 167 5.570000 374.4939, 301.3596, 393.9113, 299.8013, 394.9324, 312.5246, 375.5149, 314.0828
2 168 5.600000 374.8723, 302.3490, 394.2552, 301.1296, 395.0696, 314.0755, 375.6868, 315.2949
2 169 5.640000 374.9489, 303.8404, 394.3971, 302.3693, 395.3851, 315.4319, 375.9370, 316.9029
2 170 5.670000 374.7729, 304.9722, 394.3087, 303.0146, 395.6150, 316.0513, 376.0792, 318.0089
2 171 5.700000 374.8338, 305.4697, 394.3316, 303.9122, 395.3756, 316.9821, 375.8778, 318.5395
2 172 5.740000 374.5728, 306.1781, 394.0813, 304.7009, 395.0671, 317.7186, 375.5585, 319.1958
2 173 5.770000 374.1700, 306.6840, 393.7210, 305.0489, 394.8006, 317.9586, 375.2496, 319.5936
2 174 5.800000 373.9706, 306.6384, 393.4406, 305.6017, 394.1248, 318.4501, 374.6548, 319.4869
2 175 5.840000 373.3562, 306.6944, 392.7934, 305.9019, 393.3087, 318.5387, 373.8715, 319.3312
2 176 5.870000 372.6942, 306.7301, 392.1462, 305.8332, 392.7195, 318.2683, 373.2675, 319.1651
2 177 5.900000 372.1945, 306.3180, 391.5566, 305.8954, 391.8239, 318.1402, 372.4618, 318.5628
2 178 5.940000 371.2639, 305.7992, 390.5700, 305.5688, 390.7123, 317.4986, 371.4062, 317.7290
2 179 5.970000 370.3510, 305.5079, 389.6646, 304.9915, 389.9759, 316.6335, 370.6623, 317.1499
2 180 6.000000 369.6253, 304.7997, 388.8538, 304.6367, 388.9502, 316.0126, 369.7218, 316.1756
2 181 6.040000 368.3875, 304.1402, 387.5790, 303.8827, 387.7266, 314.8867, 368.5351, 315.1441
2 182 6.070000 367.3429, 303.7928, 386.5352, 303.2645, 386.8309, 314.0047, 367.6386, 314.5330
2 183 6.100000 366.3766, 303.3090, 385.5408, 302.8915, 385.7692, 313.3739, 366.6049, 313.7914
2 184 6.140000 364.9547, 302.8317, 384.1201, 302.3952, 384.3513, 312.5440, 365.1859, 312.9805
2 185 6.170000 363.7455, 302.7255, 382.9185, 301.9290, 383.3281, 311.7883, 364.1551, 312.5848
2 186 6.200000 362.6433, 302.3345, 381.8357, 301.8149, 382.0950, 311.3932, 362.9027, 311.9128
2 187 6.240000 360.9643, 302.1617, 380.1762, 301.4554, 380.5136, 310.6337, 361.3018, 311.3400
2 188 6.270000 359.6415, 301.9214, 378.8921, 301.1225, 379.2659, 310.1291, 360.0152, 310.9280
2 189 6.300000 358.2983, 301.4410, 377.5755, 300.6870, 377.9356, 309.8943, 358.6585, 310.6483
2 190 6.340000 356.4148, 300.8009, 375.7646, 300.1346, 376.0993, 309.8553, 356.7496, 310.5217
2 191 6.370000 354.8796, 300.5061, 374.2567, 299.6113, 374.7228, 309.7055, 355.3457, 310.6003
2 192 6.400000 353.3739, 300.0200, 372.8405, 299.3463, 373.2026, 309.8096, 353.7360, 310.4833
2 193 6.440000 351.2267, 299.5901, 370.7928, 298.9278, 371.1622, 309.8393, 351.5960, 310.5017
2 194 6.470000 349.4828, 299.5007, 369.0733, 298.4940, 369.6511, 309.7377, 350.0605, 310.7444
2 195 6.500000 347.8222, 299.1524, 367.5456, 298.4432, 367.9614, 310.0079, 348.2381, 310.7171
2 196 6.540000 345.4556, 299.0745, 365.2621, 298.2967, 365.7306, 310.2249, 345.9241, 311.0028
2 197 6.570000 343.6232, 299.1755, 363.4907, 298.3261, 364.0102, 310.4762, 344.1427, 311.3256
2 198 6.600000 341.8289, 299.2310, 361.8049, 298.6369, 362.1716, 310.9681, 342.1956, 311.5621
2 199 6.640000 339.3506, 299.5740, 359.4229, 299.1529, 359.6851, 311.6488, 339.6128, 312.0699
2 200 6.670000 337.4163, 300.0618, 357.5005, 299.5604, 357.8146, 312.1418, 337.7304, 312.6432
2 201 6.700000 335.5640, 300.4295, 355.7382, 300.3162, 355.8090, 312.9238, 335.6348, 313.0370
2 202 6.740000 333.0218, 301.2081, 353.2394, 301.3759, 353.1349, 313.9658, 332.9173, 313.7980
2 203 6.770000 331.0713, 302.0086, 351.2723, 302.2291, 351.1355, 314.7626, 330.9345, 314.5420
2 204 6.800000 329.2285, 302.7199, 349.4645, 303.4487, 349.0175, 315.8603, 328.7815, 315.1315
2 205 6.840000 326.7398, 304.0005, 346.9470, 305.1985, 346.2243, 317.3890, 326.0170, 316.1910
2 206 6.870000 324.8412, 305.2513, 344.9834, 306.6014, 344.1798, 318.5909, 324.0376, 317.2408
2 207 6.900000 323.0930, 306.4704, 343.1748, 308.4455, 342.0234, 320.1521, 321.9416, 318.1769
2 208 6.940000 320.7457, 308.5294, 340.6833, 311.0748, 339.2420, 322.3646, 319.3044, 319.8193
2 209 6.970000 319.0048, 310.3469, 338.8011, 313.2011, 337.2227, 324.1489, 317.4264, 321.2947
2 210 7.000000 317.4245, 312.1442, 337.0474, 315.6242, 335.1783, 326.1639, 315.5554, 322.6839
2 211 7.040000 315.3709, 314.6571, 334.7543, 318.6603, 332.6910, 328.6510, 313.3076, 324.6478
2 212 7.070000 313.8695, 316.5619, 333.1097, 320.6406, 331.0837, 330.1979, 311.8435, 326.1192
2 213 7.100000 312.6823, 318.0771, 331.6743, 322.6992, 329.4533, 331.8249, 310.4614, 327.2028
2 214 7.140000 311.1932, 319.9873, 329.9497, 324.8707, 327.6090, 333.8611, 308.8525, 328.9777
2 215 7.170000 310.2528, 321.0482, 328.9028, 325.8371, 326.4899, 335.2341, 307.8398, 330.4451
2 216 7.200000 309.7052, 321.7616, 328.0794, 326.9897, 325.3183, 336.6938, 306.9441, 331.4657
2 217 7.240000 309.0310, 322.7892, 327.2003, 328.0686, 324.2474, 338.2311, 306.0781, 332.9518
2 218 7.270000 308.6516, 323.5318, 326.7231, 328.6775, 323.7282, 339.1955, 305.6567, 334.0498
2 219 7.300000 308.5866, 324.0837, 326.5631, 329.4365, 323.3521, 340.2199, 305.3756, 334.8671
2 220 7.340000 308.6842, 324.8035, 326.5832, 330.2425, 323.1921, 341.4020, 305.2931, 335.9630
2 221 7.370000 308.7301, 325.4444, 326.6886, 330.5460, 323.4208, 342.0492, 305.4623, 336.9476
2 222 7.400000 309.2786, 325.8345, 327.1093, 331.2354, 323.5741, 342.9066, 305.7434, 337.5057
2 223 7.440000 309.9224, 326.5497, 327.7637, 331.8009, 324.2461, 343.7521, 306.4049, 338.5009
2 224 7.470000 310.4483, 327.1367, 328.3811, 332.0922, 325.0079, 344.2987, 307.0751, 339.3431
2 225 7.500000 311.2785, 327.5668, 329.2734, 332.6984, 325.7596, 345.0198, 307.7648, 339.8881
2 226 7.540000 312.4470, 328.3100, 330.5584, 333.2362, 327.1276, 345.8501, 309.0161, 340.9239
2 227 7.570000 313.4047, 328.9890, 331.6126, 333.5886, 328.3775, 346.3954, 310.1695, 341.7958
2 228 7.600000 314.5786, 329.5958, 332.8737, 334.1439, 329.6635, 347.0574, 311.3683, 342.5093
2 229 7.640000 316.3003, 330.4587, 334.7297, 334.8766, 331.5968, 347.9455, 313.1674, 343.5276
2 230 7.670000 317.6089, 331.2939, 336.1110, 335.2130, 333.3041, 348.4645, 314.8019, 344.5454
2 231 7.700000 319.2082, 331.9028, 337.8313, 335.9682, 334.9298, 349.2594, 316.3067, 345.1940
2 232 7.740000 321.3384, 332.9912, 340.0825, 336.7061, 337.4262, 350.1088, 318.6821, 346.3938
2 233 7.770000 322.9874, 333.9140, 341.8064, 337.1583, 339.4718, 350.7007, 320.6528, 347.4565
2 234 7.800000 324.8599, 334.6879, 343.8028, 337.9588, 341.4622, 351.5144, 322.5192, 348.2435
2 235 7.840000 327.3857, 335.9240, 346.4610, 338.8975, 344.3377, 352.5179, 325.2625, 349.5443
2 236 7.870000 329.2983, 337.0182, 348.4348, 339.5170, 346.6459, 353.2167, 327.5095, 350.7180
2 237 7.900000 331.3913, 337.9888, 350.6557, 340.4633, 348.8956, 354.1658, 329.6312, 351.6913
2 238 7.940000 334.1666, 339.5555, 353.5406, 341.6036, 352.0855, 355.3683, 332.7115, 353.3202
2 239 7.970000 336.2535, 340.9146, 355.6603, 342.4281, 354.5820, 356.2541, 335.1752, 354.7406
2 240 8.000000 338.4825, 342.1587, 358.0028, 343.5626, 357.0080, 357.3940, 337.4877, 355.9901
2 241 8.040000 341.4543, 343.9901, 361.0775, 345.0357, 360.3402, 358.8737, 340.7169, 357.8281
2 242 8.070000 343.6652, 345.4803, 363.3145, 346.0470, 362.9143, 359.9237, 343.2650, 359.3569
2 243 8.100000 345.9826, 346.8135, 365.7574, 347.3066, 365.4115, 361.1777, 345.6367, 360.6846
2 244 8.140000 349.0546, 348.6835, 368.9549, 348.9258, 368.7857, 362.8248, 348.8854, 362.5825
2 245 8.170000 351.2996, 350.2588, 371.2156, 350.0201, 371.3826, 363.9466, 351.4665, 364.1854
2 246 8.200000 353.6485, 351.6292, 373.7211, 351.4250, 373.8627, 365.3498, 353.7901, 365.5539
2 247 8.240000 356.6927, 353.6878, 376.8752, 353.1770, 377.2280, 367.1171, 357.0455, 367.6279
2 248 8.270000 358.9061, 355.4149, 379.0881, 354.4085, 379.7848, 368.3806, 359.6028, 369.3870
2 249 8.300000 361.1993, 356.9564, 381.5415, 355.9838, 382.2104, 369.9722, 361.8682, 370.9449
2 250 8.340000 364.1797, 359.2234, 384.6795, 358.1175, 385.4359, 372.1389, 364.9361, 373.2448
2 251 8.370000 366.3402, 361.1432, 386.8909, 359.7239, 387.8615, 373.7775, 367.3108, 375.1969
2 252 8.400000 368.5675, 362.9349, 389.3374, 361.7286, 390.1543, 375.7934, 369.3844, 376.9997
2 253 8.440000 371.4415, 365.6526, 392.4251, 364.4761, 393.2150, 378.5651, 372.2315, 379.7416
2 254 8.470000 373.5422, 367.8958, 394.6539, 366.6322, 395.4985, 380.7448, 374.3868, 382.0083
2 255 8.500000 375.6986, 370.0246, 397.0739, 369.1261, 397.6668, 383.2294, 376.2914, 384.1279
2 256 8.540000 378.5011, 372.9327, 400.1706, 372.3510, 400.5491, 386.4482, 378.8796, 387.0299
2 257 8.570000 380.4739, 375.2420, 402.2375, 374.3887, 402.7927, 388.5490, 381.0290, 389.4023
2 258 8.600000 382.5297, 377.2133, 404.5262, 376.6195, 404.9094, 390.8134, 382.9128, 391.4071
2 259 8.640000 385.1572, 379.8859, 407.3645, 379.2375, 407.7815, 393.5221, 385.5743, 394.1705
2 260 8.670000 387.0400, 381.9346, 409.3326, 380.9425, 409.9734, 395.3402, 387.6808, 396.3323
2 261 8.700000 389.0319, 383.6193, 411.5836, 382.9608, 412.0057, 397.4174, 389.4540, 398.0759
2 262 8.740000 391.5947, 385.9251, 414.4175, 385.4113, 414.7456, 399.9835, 391.9227, 400.4972
2 263 8.770000 393.4475, 387.7212, 416.4190, 387.0746, 416.8324, 401.7612, 393.8609, 402.4078
2 264 8.800000 395.4455, 389.1611, 418.7436, 389.1551, 418.7474, 403.8652, 395.4493, 403.8712
2 265 8.840000 398.0540, 391.2054, 421.7088, 391.7609, 421.3622, 406.5213, 397.7074, 405.9658
2 266 8.870000 399.9347, 392.9240, 423.7790, 393.4735, 423.4363, 408.3426, 399.5920, 407.7931
2 267 8.900000 401.9579, 394.4415, 426.0860, 395.5330, 425.4125, 410.4204, 401.2844, 409.3289
2 268 8.940000 404.5740, 396.7550, 428.9877, 397.9822, 428.2327, 413.0023, 403.8190, 411.7752
2 269 8.970000 406.4820, 398.6949, 431.0494, 399.6002, 430.4890, 414.8073, 405.9217, 413.9020
2 270 9.000000 408.5310, 400.4420, 433.3314, 401.5055, 432.6747, 416.8177, 407.8744, 415.7542
2 271 9.040000 411.2463, 402.7985, 436.3147, 403.7549, 435.7239, 419.2395, 410.6555, 418.2830
2 272 9.070000 413.2320, 404.6008, 438.4294, 405.0534, 438.1481, 420.7150, 412.9506, 420.2624
2 273 9.100000 415.4135, 405.9480, 440.8837, 406.6777, 440.4342, 422.3677, 414.9640, 421.6380
2 274 9.140000 418.2256, 407.7923, 443.9490, 408.2467, 443.6696, 424.0646, 417.9462, 423.6103
2 275 9.170000 420.2557, 409.2158, 446.0731, 408.9701, 446.2252, 424.9571, 420.4079, 425.2027
2 276 9.200000 422.4596, 410.1689, 448.5413, 410.0354, 448.6232, 426.0456, 422.5416, 426.1790
2 277 9.240000 425.2736, 411.4663, 451.5877, 410.8806, 451.9467, 427.0107, 425.6326, 427.5964
2 278 9.270000 427.2757, 412.4776, 453.6385, 411.0659, 454.5099, 427.3382, 428.1471, 428.7500
2 279 9.300000 429.4119, 412.9603, 456.0469, 411.6008, 456.8777, 427.8774, 430.2427, 429.2369
2 280 9.340000 432.0705, 413.6230, 458.8994, 411.6905, 460.0772, 428.0423, 433.2483, 429.9748
2 281 9.370000 433.9202, 414.1164, 460.7394, 411.2882, 462.4743, 427.7400, 435.6551, 430.5681
2 282 9.400000 435.8308, 414.0172, 462.9295, 411.2035, 464.6351, 427.6298, 437.5364, 430.4435
2 283 9.440000 438.1286, 413.8306, 465.3892, 410.4233, 467.4447, 426.8691, 440.1841, 430.2763
2 284 9.470000 439.6422, 413.6969, 466.8016, 409.2949, 469.4749, 425.7887, 442.3155, 430.1907
2 285 9.500000 441.1424, 412.9875, 468.5449, 408.5056, 471.2354, 424.9558, 443.8329, 429.4376
2 286 9.540000 442.8298, 412.2606, 470.2250, 406.9058, 473.4448, 423.3781, 446.0496, 428.7329
2 287 9.570000 443.9243, 411.7111, 471.2763, 405.6835, 474.9101, 422.1732, 447.5582, 428.2007
2 288 9.600000 444.9348, 410.8000, 472.5876, 404.8686, 476.1201, 421.3372, 448.4673, 427.2686
2 289 9.640000 445.9679, 409.7124, 473.8485, 403.5661, 477.4777, 420.0289, 449.5971, 426.1751
2 290 9.670000 446.4777, 409.0246, 474.3362, 402.3261, 478.3012, 418.8162, 450.4428, 425.5148
2 291 9.700000 446.8642, 407.8668, 475.0925, 401.4764, 478.8249, 417.9634, 450.5966, 424.3538
2 292 9.740000 447.0030, 406.3682, 475.5211, 399.9945, 479.2108, 416.5037, 450.6927, 422.8774
2 293 9.770000 446.8061, 405.2987, 475.3550, 398.5503, 479.2640, 415.0874, 450.7152, 421.8358
2 294 9.800000 446.4762, 403.6381, 475.4945, 397.5184, 478.9717, 414.0069, 449.9534, 420.1265
2 295 9.840000 445.6106, 401.4293, 474.9721, 395.5721, 478.2543, 412.0252, 448.8928, 417.8824
2 296 9.870000 444.6420, 399.7160, 474.0873, 393.6706, 477.4637, 410.1159, 448.0185, 416.1614
2 297 9.900000 443.5448, 397.3248, 473.4560, 392.1000, 476.3088, 408.4319, 446.3976, 413.6567
2 298 9.940000 441.6553, 394.0256, 471.9076, 389.2762, 474.4511, 405.4773, 444.1988, 410.2267
2 299 9.970000 439.9046, 391.5522, 470.1764, 386.5172, 472.8628, 402.6688, 442.5910, 407.7038
2 300 10.000000 438.0830, 388.4782, 468.7030, 384.1995, 470.9352, 400.1736, 440.3151, 404.4523
2 301 10.040000 435.3616, 384.6631, 466.2701, 380.9765, 468.1531, 396.7637, 437.2447, 400.4503
2 302 10.070000 433.1840, 382.0294, 464.2976, 378.8431, 465.9000, 394.4902, 434.7864, 397.6765
2 303 10.100000 430.9799, 379.4163, 462.3866, 377.2612, 463.4462, 392.7028, 432.0396, 394.8580
2 304 10.140000 427.8505, 376.4455, 459.5081, 375.3073, 460.0548, 390.5142, 428.3972, 391.6524
2 305 10.170000 425.3467, 374.6075, 457.1029, 373.8481, 457.4640, 388.9482, 425.7078, 389.7076
2 306 10.200000 422.8805, 372.7001, 454.7858, 372.9262, 454.6803, 387.8189, 422.7750, 387.5928
2 307 10.240000 419.4065, 370.6277, 451.4044, 371.5938, 450.9598, 386.3196, 418.9619, 385.3536
2 308 10.270000 416.6687, 369.4005, 448.6925, 370.5082, 448.1847, 385.1884, 416.1609, 384.0807
2 309 10.300000 414.0158, 368.0619, 446.0829, 369.9203, 445.2416, 384.4373, 413.1745, 382.5789
2 310 10.340000 410.3543, 366.6362, 442.4340, 369.0348, 441.3571, 383.4372, 409.2774, 381.0386
2 311 10.370000 407.5091, 365.8510, 439.5859, 368.2581, 438.5055, 382.6559, 406.4287, 380.2489
2 312 10.400000 404.8265, 364.8635, 436.8816, 368.0310, 435.4710, 382.3060, 403.4159, 379.1385
2 313 10.440000 401.1318, 363.9456, 433.1503, 367.5320, 431.5587, 381.7418, 399.5401, 378.1554
2 314 10.470000 398.2897, 363.5175, 430.2911, 367.0233, 428.7313, 381.2613, 396.7299, 377.7556
2 315 10.500000 395.6402, 362.8794, 427.5817, 367.0081, 425.7552, 381.1387, 393.8138, 377.0101
2 316 10.540000 392.0811, 362.2161, 423.9493, 366.7578, 421.9422, 380.8409, 390.0741, 376.2992
2 317 10.570000 389.3196, 361.9594, 421.1782, 366.1697, 419.3077, 380.3239, 387.4491, 376.1137
2 318 10.600000 386.8544, 361.2967, 418.6198, 366.1044, 416.4914, 380.1670, 384.7260, 375.3593
2 319 10.640000 383.5209, 360.6136, 415.2085, 365.5881, 413.0066, 379.6143, 381.3190, 374.6398
2 320 10.670000 381.0004, 360.2213, 412.6703, 364.8855, 410.5975, 378.9598, 378.9275, 374.2955
2 321 10.700000 378.7988, 359.4152, 410.3517, 364.6654, 408.0275, 378.6336, 376.4746, 373.3834
2 322 10.740000 375.8643, 358.4384, 407.3155, 363.8578, 404.9035, 377.8559, 373.4523, 372.4365
2 323 10.770000 373.6902, 357.7806, 405.1055, 362.9995, 402.7710, 377.0521, 371.3558, 371.8332
2 324 10.800000 371.8661, 356.6662, 403.1288, 362.4896, 400.5145, 376.5242, 369.2519, 370.7008
2 325 10.840000 369.4921, 355.2795, 400.6093, 361.4428, 397.8277, 375.4865, 366.7105, 369.3232
2 326 10.870000 367.7048, 354.3890, 398.7936, 360.2539, 396.1338, 374.3531, 365.0450, 368.4883
2 327 10.900000 366.3714, 352.9225, 397.2690, 359.4763, 394.2877, 373.5313, 363.3901, 366.9775
2 328 10.940000 364.6623, 351.0649, 395.3951, 357.9223, 392.2604, 371.9710, 361.5276, 365.1135
2 329 10.970000 363.3893, 349.8234, 394.1060, 356.3154, 391.1252, 370.4186, 360.4086, 363.9266
2 330 11.000000 362.5863, 348.1082, 393.1070, 355.1829, 389.8495, 369.2358, 359.3288, 362.1610
2 331 11.040000 361.5470, 346.2606, 391.9171, 353.5382, 388.5516, 367.5825, 358.1816, 360.3049
2 332 11.070000 360.8933, 345.1435, 391.1753, 352.5315, 387.7495, 366.5733, 357.4674, 359.1853
2 333 11.100000 360.5908, 343.9896, 390.6421, 352.1557, 386.8502, 366.1100, 356.7989, 357.9440
2 334 11.140000 360.2230, 343.0958, 390.0975, 351.7824, 386.0567, 365.6793, 356.1822, 356.9928
2 335 11.170000 359.9859, 342.8976, 389.8372, 351.6109, 385.7788, 365.5145, 355.9276, 356.8012
2 336 11.200000 360.0792, 342.7432, 389.7949, 351.9708, 385.4961, 365.8144, 355.7803, 356.5869
2 337 11.240000 360.2838, 343.1225, 389.9811, 352.5356, 385.5829, 366.4112, 355.8857, 356.9982
2 338 11.270000 360.4964, 343.8590, 390.3054, 353.0413, 386.0005, 367.0167, 356.1914, 357.8344
2 339 11.300000 361.0487, 344.6702, 390.8506, 354.1293, 386.4140, 368.1074, 356.6120, 358.6483
2 340 11.340000 361.8543, 346.3927, 391.8142, 355.7299, 387.4258, 369.8108, 357.4660, 360.4737
2 341 11.370000 362.5123, 348.1799, 392.7020, 357.0812, 388.5069, 371.3093, 358.3172, 362.4080
2 342 11.400000 363.4627, 350.1248, 393.7840, 359.0477, 389.5819, 373.3269, 359.2606, 364.4041
2 343 11.440000 364.7689, 353.4427, 395.4062, 361.9262, 391.4089, 376.3619, 360.7717, 367.8784
2 344 11.470000 365.7832, 356.4505, 396.7434, 364.2508, 393.0608, 378.8675, 362.1006, 371.0672
2 345 11.500000 367.0714, 359.5055, 398.2778, 367.0325, 394.7282, 381.7489, 363.5218, 374.2219
2 346 11.540000 369.0164, 363.5819, 400.5793, 370.5094, 397.3151, 385.3820, 365.7521, 378.4545
2 347 11.570000 370.6088, 366.4801, 402.4575, 372.4592, 399.6011, 387.6740, 367.7524, 381.6949
2 348 11.600000 372.6598, 368.7167, 404.6686, 374.7364, 401.7857, 390.0654, 369.7770, 384.0457
2 349 11.640000 375.6400, 371.2999, 407.8633, 377.3413, 404.9667, 392.7908, 372.7434, 386.7493
2 350 11.670000 377.8470, 373.2578, 410.2856, 378.4774, 407.7530, 394.2169, 375.3144, 388.9973
2 351 11.700000 380.5306, 374.4952, 413.0786, 380.1811, 410.3255, 395.9411, 377.7774, 390.2551
2 352 11.740000 384.0109, 376.2877, 416.7749, 381.4323, 414.2630, 397.4297, 381.4990, 392.2851
2 353 11.770000 386.6341, 377.5884, 419.5706, 381.8518, 417.4637, 398.1281, 384.5273, 393.8648
2 354 11.800000 389.5817, 378.3818, 422.6351, 382.6711, 420.5178, 398.9865, 387.4644, 394.6972
2 355 11.840000 393.4854, 379.3856, 426.6989, 383.0999, 424.8511, 399.6224, 391.6377, 395.9081
2 356 11.870000 396.3651, 380.1714, 429.6698, 382.9370, 428.2816, 399.6539, 394.9769, 396.8883
2 357 11.900000 399.4856, 380.4413, 432.8844, 383.1362, 431.5329, 399.8861, 398.1341, 397.1911
2 358 11.940000 403.5642, 380.7662, 437.0614, 382.8782, 435.9995, 399.7189, 402.5024, 397.6068
2 359 11.970000 406.4826, 381.1142, 439.9678, 382.0562, 439.4874, 399.1347, 406.0021, 398.1927
2 360 12.000000 409.6414, 380.8591, 443.2130, 381.9138, 442.6775, 398.9589, 409.1059, 397.9041
2 361 12.040000 413.6173, 380.8423, 447.1935, 381.1164, 447.0536, 398.2477, 413.4774, 397.9736
2 362 12.070000 416.4590, 381.0324, 449.9445, 380.2476, 450.3488, 397.4989, 416.8633, 398.2837
2 363 12.100000 419.4130, 380.8150, 452.9489, 379.9840, 453.3752, 397.1891, 419.8393, 398.0201
2 364 12.140000 423.1418, 380.7283, 456.6514, 379.3713, 457.3478, 396.5674, 423.8382, 397.9244
2 365 12.170000 425.7729, 380.8074, 459.1795, 378.7115, 460.2607, 395.9444, 426.8541, 398.0404
2 366 12.200000 428.4438, 380.5184, 461.9133, 378.5717, 462.9095, 395.7002, 429.4401, 397.6469
2 367 12.240000 431.7257, 380.4025, 465.1296, 377.9998, 466.3581, 395.0787, 432.9542, 397.4814
2 368 12.270000 433.9590, 380.5645, 467.1550, 377.2231, 468.8785, 394.3463, 435.6825, 397.6876
2 369 12.300000 436.1676, 380.4149, 469.3129, 376.8704, 471.1387, 393.9438, 437.9934, 397.4884
2 370 12.340000 438.8400, 380.3574, 471.8170, 376.2462, 473.9404, 393.2778, 440.9634, 397.3891
2 371 12.370000 440.6228, 380.4421, 473.3689, 375.6280, 475.8742, 392.6694, 443.1281, 397.4835
2 372 12.400000 442.3683, 380.1026, 475.1744, 375.6059, 477.4949, 392.5357, 444.6889, 397.0324
2 373 12.440000 444.3813, 379.8361, 477.1287, 375.3663, 479.4283, 392.2143, 446.6809, 396.6841
2 374 12.470000 445.6564, 379.7795, 478.2561, 375.0251, 480.7112, 391.8587, 448.1114, 396.6131
2 375 12.500000 446.8887, 379.3216, 479.6103, 375.2349, 481.6961, 391.9350, 448.9744, 396.0217
2 376 12.540000 448.2208, 378.9031, 480.9299, 375.1851, 482.8164, 391.7819, 450.1073, 395.4998
2 377 12.570000 448.9880, 378.7229, 481.5600, 374.8562, 483.5300, 391.4506, 450.9579, 395.3172
2 378 12.600000 449.7480, 378.1014, 482.4262, 375.0577, 483.9585, 391.5084, 451.2802, 394.5521
2 379 12.640000 450.4808, 377.4696, 483.1146, 374.9000, 484.4032, 391.2649, 451.7694, 393.8345
2 380 12.670000 450.8392, 377.1089, 483.3396, 374.5018, 484.6533, 390.8796, 452.1529, 393.4867
2 381 12.700000 451.2255, 376.3687, 483.7669, 374.5750, 484.6624, 390.8207, 452.1210, 392.6144
2 382 12.740000 451.5246, 375.5404, 483.9780, 374.2724, 484.6108, 390.4678, 452.1573, 391.7358
2 383 12.770000 451.5918, 375.0555, 483.8850, 373.7290, 484.5526, 389.9820, 452.2594, 391.3085
2 384 12.800000 451.7378, 374.2081, 484.0127, 373.6649, 484.2845, 389.8119, 452.0095, 390.3551
2 385 12.840000 451.7589, 373.2725, 483.8884, 373.1567, 483.9465, 389.2936, 451.8170, 389.4094
2 386 12.870000 451.6436, 372.7338, 483.5817, 372.4295, 483.7365, 388.6791, 451.7984, 388.9834
2 387 12.900000 451.6603, 371.8333, 483.5354, 372.2364, 483.3309, 388.4058, 451.4558, 388.0027
2 388 12.940000 451.5583, 370.8225, 483.2596, 371.6051, 482.8599, 387.7971, 451.1586, 387.0145
2 389 12.970000 451.4045, 370.1819, 482.9275, 370.8776, 482.5678, 387.1722, 451.0449, 386.4765
2 390 13.000000 451.4203, 369.1765, 482.8622, 370.6399, 482.1085, 386.8334, 450.6666, 385.3700
2 391 13.040000 451.3446, 367.9128, 482.5881, 369.7053, 481.6559, 385.9539, 450.4124, 384.1614
2 392 13.070000 451.1890, 366.9824, 482.2777, 368.4930, 481.4791, 384.9275, 450.3905, 383.4169
2 393 13.100000 451.2776, 365.5185, 482.3097, 367.7166, 481.1500, 384.0876, 450.1180, 381.8894
2 394 13.140000 451.2905, 363.6015, 482.1933, 365.8739, 480.9795, 382.3808, 450.0767, 380.1084
2 395 13.170000 451.2337, 362.1870, 481.9927, 363.9156, 481.0520, 380.6551, 450.2929, 378.9265
2 396 13.200000 451.4278, 360.2601, 482.1203, 362.3568, 480.9773, 379.0888, 450.2848, 376.9921
2 397 13.240000 451.6236, 357.6563, 482.1769, 359.5678, 481.1219, 376.4308, 450.5686, 374.5193
2 398 13.270000 451.6886, 355.7231, 482.0593, 356.8113, 481.4458, 373.9345, 451.0751, 372.8463
2 399 13.300000 452.0365, 353.1494, 482.3692, 354.5675, 481.5702, 371.6573, 451.2376, 370.2392
2 400 13.340000 452.3744, 349.7003, 482.5390, 350.6320, 482.0066, 367.8704, 451.8419, 366.9387
2 401 13.370000 452.5635, 347.0004, 482.5161, 347.0564, 482.4834, 364.4983, 452.5309, 364.4422
2 402 13.400000 452.9804, 343.5982, 482.9032, 343.8269, 482.7702, 361.2286, 452.8474, 360.9999
2 403 13.440000 453.4155, 338.7975, 483.1901, 338.5784, 483.3189, 356.0798, 453.5443, 356.2989
2 404 13.470000 453.6587, 335.0243, 483.2143, 334.0119, 483.8180, 351.6369, 454.2625, 352.6493
2 405 13.500000 454.1756, 330.4500, 483.8703, 330.2033, 484.0152, 347.6521, 454.3206, 347.8988
2 406 13.540000 454.5734, 325.2410, 484.1084, 324.4724, 484.5617, 341.8878, 455.0267, 342.6565
2 407 13.570000 454.7543, 321.9838, 484.0111, 320.2273, 485.0640, 337.7650, 455.8072, 339.5215
2 408 13.600000 454.9844, 318.9309, 484.0795, 316.6410, 485.4652, 334.2475, 456.3701, 336.5373
2 409 13.640000 455.1998, 315.5266, 483.9809, 312.2788, 485.9844, 330.0340, 457.2033, 333.2817
2 410 13.670000 455.2895, 313.4150, 483.7575, 309.3147, 486.3330, 327.1962, 457.8650, 331.2965
2 411 13.700000 455.3769, 311.4008, 483.6859, 306.8830, 486.5544, 324.8572, 458.2455, 329.3751
2 412 13.740000 455.3575, 309.1936, 483.3844, 303.9870, 486.7468, 322.0864, 458.7199, 327.2931
2 413 13.770000 455.2167, 307.9278, 482.8947, 301.9786, 486.8082, 320.1862, 459.1303, 326.1353
2 414 13.800000 455.0312, 306.6204, 482.6508, 300.5024, 486.7037, 318.7988, 459.0841, 324.9169
2 415 13.840000 454.5730, 305.3900, 481.8974, 298.6823, 486.4189, 317.1010, 459.0946, 323.8087
2 416 13.870000 454.0743, 304.7694, 481.0934, 297.5089, 486.0635, 316.0044, 459.0444, 323.2650
2 417 13.900000 453.4729, 304.1403, 480.4374, 296.7457, 485.5322, 315.3239, 458.5676, 322.7185
2 418 13.940000 452.4228, 303.7120, 479.1684, 295.9221, 484.6080, 314.5981, 457.8624, 322.3880
2 419 13.970000 451.4391, 303.7337, 477.8413, 295.4182, 483.7374, 314.1387, 457.3351, 322.4542
2 420 14.000000 450.3070, 303.7162, 476.6674, 295.2982, 482.6682, 314.0891, 456.3077, 322.5071
2 421 14.040000 448.5040, 304.1685, 474.5218, 295.2698, 480.9522, 314.0709, 454.9343, 322.9695
2 422 14.070000 446.9244, 304.7595, 472.5892, 295.4230, 479.4111, 314.1754, 453.7462, 323.5119
2 423 14.100000 445.1425, 305.2086, 470.9074, 295.9788, 477.6267, 314.7355, 451.8618, 323.9653
2 424 14.140000 442.4165, 306.1225, 468.1838, 296.9092, 474.8693, 315.6068, 449.1021, 324.8202
2 425 14.170000 440.0957, 307.0896, 465.7022, 297.7072, 472.5151, 316.3009, 446.9085, 325.6833
2 426 14.200000 437.5545, 307.8659, 463.4983, 298.9305, 469.8912, 317.4923, 443.9474, 326.4277
2 427 14.240000 433.8005, 309.2811, 459.9883, 300.7344, 466.0070, 319.1762, 439.8192, 327.7229
2 428 14.270000 430.7142, 310.6565, 456.9373, 302.2285, 462.8189, 320.5285, 436.5957, 328.9565
2 429 14.300000 427.4488, 311.9324, 454.1051, 304.2244, 459.3638, 322.4107, 432.7075, 330.1186
2 430 14.340000 422.7756, 314.2186, 449.7433, 307.1617, 454.4424, 325.1193, 427.4747, 332.1761
2 431 14.370000 419.0592, 316.3585, 446.1811, 309.7088, 450.5361, 327.4715, 423.4143, 334.1213
2 432 14.400000 415.2281, 318.6907, 442.6991, 312.8689, 446.4245, 330.4478, 418.9535, 336.2696
2 433 14.440000 409.9127, 322.6285, 437.7115, 317.7927, 440.7246, 335.1141, 412.9259, 339.9499
2 434 14.470000 405.7865, 326.2414, 433.7771, 322.1110, 436.3035, 339.2321, 408.3129, 343.3625
2 435 14.500000 401.5810, 330.2021, 429.8244, 327.0605, 431.7050, 343.9680, 403.4617, 347.1096
2 436 14.540000 395.7332, 335.7937, 424.2096, 333.8543, 425.3404, 350.4576, 396.8641, 352.3970
2 437 14.570000 391.1301, 339.9460, 419.7252, 338.7116, 420.4324, 355.0958, 391.8374, 356.3302
2 438 14.600000 386.4431, 343.7404, 415.2213, 343.5218, 415.3439, 359.6605, 386.5657, 359.8791
2 439 14.640000 379.9809, 348.5194, 408.8981, 349.3338, 408.4514, 365.1960, 379.5342, 364.3816
2 440 14.670000 374.9764, 351.9078, 403.9379, 353.1400, 403.2693, 368.8551, 374.3078, 367.6229
2 441 14.700000 370.0370, 354.7694, 399.0522, 356.8752, 397.9232, 372.4307, 368.9081, 370.3249
2 442 14.740000 363.3152, 358.2831, 392.3418, 361.0512, 390.8690, 376.4956, 361.8423, 373.7274
2 443 14.770000 358.1691, 360.7245, 387.1851, 363.5374, 385.6883, 378.9774, 356.6723, 376.1645
2 444 14.800000 353.2023, 362.5566, 382.1987, 366.0204, 380.3560, 381.4460, 351.3596, 377.9822
2 445 14.840000 346.4901, 364.7554, 375.4475, 368.5028, 373.4411, 384.0072, 344.4837, 380.2598
2 446 14.870000 341.3861, 366.2518, 370.3166, 369.7484, 368.4282, 385.3723, 339.4978, 381.8757
2 447 14.900000 336.5296, 367.1183, 365.4120, 371.0759, 363.2569, 386.8035, 334.3745, 382.8459
2 448 14.940000 329.9879, 368.0916, 358.8117, 372.0879, 356.6046, 388.0062, 327.7809, 384.0098
2 449 14.970000 325.0311, 368.7156, 353.8143, 372.3163, 351.8031, 388.3933, 323.0199, 384.7926
