68 0 0.010000 53.9459, 198.1391, 90.2854, 199.4927, 89.7286, 214.4390, 53.3891, 213.0854
68 1 0.040000 53.9028, 198.8378, 90.2456, 200.1908, 89.6901, 215.1104, 53.3474, 213.7574
68 2 0.070000 53.8071, 200.3922, 90.1571, 201.7440, 89.6044, 216.6044, 53.2545, 215.2527
68 3 0.110000 53.5973, 203.7976, 89.9632, 205.1465, 89.4168, 219.8771, 53.0509, 218.5282
68 4 0.140000 53.3784, 207.3527, 89.7608, 208.6987, 89.2208, 223.2937, 52.8384, 221.9477
68 5 0.170000 53.1064, 211.7679, 89.5095, 213.1102, 88.9775, 227.5366, 52.5744, 226.1942
68 6 0.200000 52.7814, 217.0452, 89.2092, 218.3832, 88.6867, 232.6079, 52.2589, 231.2699
68 7 0.240000 52.2651, 225.4273, 88.7323, 226.7584, 88.2248, 240.6623, 51.7576, 239.3313
68 8 0.270000 51.8217, 232.6931, 88.3289, 234.0649, 87.8162, 247.7083, 51.3091, 246.3366
68 9 0.310000 51.3756, 241.4667, 88.2651, 244.4118, 87.0663, 259.4282, 50.1768, 256.4831
68 10 0.340000 51.2092, 248.0866, 88.2201, 251.9575, 86.5954, 267.4917, 49.5845, 263.6208
68 11 0.370000 51.2621, 254.3773, 88.2991, 259.0266, 86.3182, 274.8065, 49.2812, 270.1572
68 12 0.400000 51.5209, 260.5163, 88.4988, 265.7099, 86.3016, 281.3533, 49.3238, 276.1597
68 13 0.440000 52.2012, 268.4603, 89.0165, 274.2542, 86.6250, 289.4498, 49.8097, 283.6560
68 14 0.470000 52.9569, 274.3201, 89.5928, 280.5682, 87.0756, 295.3284, 50.4396, 289.0803
68 15 0.500000 53.8153, 280.4485, 90.2458, 286.8512, 87.7917, 300.8148, 51.3611, 294.4121
68 16 0.540000 55.2891, 288.4031, 91.4057, 294.9993, 89.0493, 307.9011, 52.9327, 301.3049
68 17 0.570000 56.6700, 294.0551, 92.5251, 300.8421, 90.1371, 313.4574, 54.2821, 306.6705
68 18 0.610000 58.9447, 300.5401, 94.4496, 307.3609, 91.8439, 320.9245, 56.3390, 314.1037
68 19 0.640000 60.8721, 305.1221, 96.0999, 311.8146, 93.3378, 326.3539, 58.1099, 319.6614
68 20 0.670000 62.9650, 309.6969, 97.9136, 316.5398, 94.9793, 331.5258, 60.0308, 324.6829
68 21 0.700000 65.2058, 314.0943, 99.8529, 320.8122, 96.7732, 336.6954, 62.1261, 329.9775
68 22 0.740000 68.3483, 320.0755, 102.6385, 326.7992, 99.4149, 343.2397, 65.1247, 336.5160
68 23 0.770000 70.7732, 324.6599, 104.8534, 331.3025, 101.6084, 347.9512, 67.5281, 341.3085
68 24 0.800000 73.3744, 329.0464, 107.1779, 335.5454, 103.8516, 352.8467, 70.0480, 346.3477
68 25 0.840000 76.8186, 335.0999, 110.4770, 341.3853, 107.1450, 359.2284, 73.4865, 352.9431
68 26 0.870000 79.4770, 339.8587, 112.9922, 345.9476, 109.7265, 363.9225, 76.2113, 357.8335
68 27 0.900000 82.1860, 344.4473, 115.6576, 350.3352, 112.3811, 368.9614, 78.9095, 363.0735
68 28 0.940000 85.8642, 350.9322, 119.2263, 356.4953, 116.0396, 375.6058, 82.6775, 370.0427
68 29 0.970000 88.6603, 356.0230, 121.9146, 361.2817, 118.8745, 380.5063, 85.6202, 375.2476
68 30 1.000000 91.4975, 360.9282, 124.7065, 365.8791, 121.7825, 385.4925, 88.5734, 380.5416
68 31 1.040000 95.4674, 367.0992, 128.5238, 371.7568, 125.7196, 391.6594, 92.6631, 387.0019
68 32 1.070000 98.5150, 371.4275, 131.4477, 375.8109, 128.8157, 395.5851, 95.8831, 391.2017
68 33 1.110000 102.6984, 376.1305, 135.5631, 380.1903, 133.0597, 400.4555, 100.1950, 396.3957
68 34 1.140000 105.8989, 379.0315, 138.7590, 382.8723, 136.3225, 403.7177, 103.4624, 399.8769
68 35 1.170000 109.1904, 381.9880, 141.8934, 385.6355, 139.6090, 406.1166, 106.9060, 402.4690
68 36 1.210000 113.6278, 385.1368, 146.2031, 388.5472, 144.0665, 408.9553, 111.4911, 405.5448
68 37 1.240000 116.9789, 386.9316, 149.5214, 390.1609, 147.4697, 410.8364, 114.9272, 407.6071
68 38 1.270000 120.3923, 388.7992, 152.7868, 391.8435, 150.8959, 411.9639, 118.5015, 408.9195
68 39 1.310000 124.9859, 390.5865, 157.2474, 393.3933, 155.5306, 413.1265, 123.2691, 410.3197
68 40 1.340000 128.4615, 391.3028, 160.6899, 393.9464, 159.0589, 413.8310, 126.8305, 411.1874
68 41 1.370000 132.0428, 392.1432, 164.0799, 394.6697, 162.5786, 413.7059, 130.5416, 411.1794
68 42 1.410000 136.8261, 392.3419, 168.7451, 394.6651, 167.3839, 413.3671, 135.4649, 411.0440
68 43 1.440000 140.4365, 391.9148, 172.3375, 394.0860, 171.0577, 412.8910, 139.1567, 410.7198
68 44 1.470000 144.1137, 391.5535, 175.8901, 393.5716, 174.7364, 411.7382, 142.9600, 409.7202
68 45 1.510000 149.0483, 390.4151, 180.7600, 392.2556, 179.7133, 410.2898, 148.0016, 408.4493
68 46 1.540000 152.7654, 389.5223, 184.4308, 391.1833, 183.4815, 409.2811, 151.8161, 407.6201
68 47 1.570000 156.4428, 389.0870, 188.1170, 390.6342, 187.2667, 408.0413, 155.5925, 406.4940
68 48 1.610000 161.3584, 388.6640, 193.0286, 389.9645, 192.3366, 406.8156, 160.6664, 405.5151
68 49 1.640000 165.0772, 388.4289, 196.7117, 389.5529, 196.1191, 406.2320, 164.4845, 405.1079
68 50 1.670000 168.7715, 388.5899, 200.4117, 389.5469, 199.9266, 405.5821, 168.2864, 404.6250
68 51 1.710000 173.7501, 388.8064, 205.3354, 389.5537, 204.9650, 405.2130, 173.3796, 404.4658
68 52 1.740000 177.5103, 388.9799, 209.0107, 389.5561, 208.7230, 405.2853, 177.2226, 404.7091
68 53 1.770000 181.2376, 389.5331, 212.7019, 389.9398, 212.5037, 405.2707, 181.0394, 404.8641
68 54 1.810000 186.2267, 390.3252, 217.5928, 390.4976, 217.5093, 405.6841, 186.1432, 405.5117
68 55 1.840000 189.9628, 390.9810, 221.2362, 390.9594, 221.2468, 406.3170, 189.9734, 406.3386
68 56 1.870000 193.6651, 392.0359, 224.8758, 391.8180, 224.9811, 406.8889, 193.7703, 407.1069
68 57 1.910000 198.5718, 393.5699, 229.6778, 393.0525, 229.9279, 408.0862, 198.8219, 408.6036
68 58 1.940000 202.2361, 394.7594, 233.2321, 394.0259, 233.5947, 409.3471, 202.5987, 410.0806
68 59 1.970000 205.8514, 396.3093, 236.7780, 395.3661, 237.2394, 410.4977, 206.3128, 411.4409
68 60 2.010000 210.6271, 398.2061, 241.4224, 397.0015, 242.0195, 412.2643, 211.2242, 413.4690
68 61 2.040000 214.1712, 399.2448, 244.8276, 397.8886, 245.5225, 413.5966, 214.8661, 414.9528
68 62 2.070000 217.6416, 400.3316, 248.2009, 398.8274, 248.9618, 414.2871, 218.4025, 415.7912
68 63 2.110000 222.1128, 401.1773, 252.5215, 399.3077, 253.4730, 414.7831, 223.0643, 416.6527
68 64 2.140000 225.3877, 401.1438, 255.6289, 399.0498, 256.7354, 415.0299, 226.4942, 417.1239
68 65 2.170000 228.5497, 401.2790, 258.6900, 398.9251, 259.8993, 414.4100, 229.7590, 416.7639
68 66 2.210000 232.6224, 400.4802, 262.5486, 397.8588, 263.9200, 413.5150, 233.9937, 416.1364
68 67 2.240000 235.5166, 399.3302, 265.2427, 396.4535, 266.8053, 412.6008, 237.0792, 415.4774
68 68 2.270000 238.2657, 398.2562, 267.8522, 395.0924, 269.5419, 410.8941, 239.9554, 414.0579
68 69 2.310000 241.6813, 396.0212, 271.0240, 392.4438, 272.9552, 408.2837, 243.6125, 411.8612
68 70 2.340000 244.0321, 393.6045, 273.1553, 389.7560, 275.3231, 406.1607, 246.1999, 410.0092
68 71 2.370000 246.2137, 391.3120, 275.1689, 387.1499, 277.4571, 403.0686, 248.5019, 407.2307
68 72 2.410000 248.7868, 387.1853, 277.4696, 382.6755, 279.9846, 398.6711, 251.3017, 403.1809
68 73 2.440000 250.4399, 383.3537, 278.8714, 378.6025, 281.6297, 395.1088, 253.1983, 399.8600
68 74 2.470000 251.8934, 379.6979, 280.1516, 374.6676, 282.9889, 390.6069, 254.7308, 395.6371
68 75 2.510000 253.4718, 374.0301, 281.4199, 368.6905, 284.4933, 384.7768, 256.5452, 390.1165
68 76 2.540000 254.4317, 369.6930, 282.1641, 364.1908, 285.4389, 380.6965, 257.7064, 386.1987
68 77 2.570000 255.3043, 366.0471, 282.8631, 360.3865, 286.1651, 376.4627, 258.6064, 382.1233
68 78 2.610000 256.2480, 361.4697, 283.6023, 355.7238, 286.9172, 371.5053, 259.5630, 377.2512
68 79 2.640000 256.7873, 358.2948, 283.9836, 352.5259, 287.3132, 368.2226, 260.1168, 373.9915
68 80 2.670000 257.1964, 355.5327, 284.2740, 349.7639, 287.5307, 365.0502, 260.4531, 370.8190
68 81 2.710000 257.5082, 352.0827, 284.4373, 346.4217, 287.5647, 361.2987, 260.6356, 366.9597
68 82 2.740000 257.5272, 349.5320, 284.3560, 343.9979, 287.4324, 358.9119, 260.6036, 364.4460
68 83 2.770000 257.4363, 347.4752, 284.1896, 342.0746, 287.0743, 356.3644, 260.3210, 361.7650
68 84 2.800000 257.1358, 345.1804, 283.8225, 340.0011, 286.6101, 354.3639, 259.9234, 359.5432
68 85 2.840000 256.5542, 342.6178, 283.1756, 337.8060, 285.6695, 351.6035, 259.0480, 356.4152
68 86 2.870000 255.9379, 340.8253, 282.5514, 336.3568, 284.7880, 349.6774, 258.1745, 354.1459
68 87 2.900000 255.1692, 338.9524, 281.7520, 334.8698, 283.7769, 348.0541, 257.1940, 352.1367
68 88 2.940000 253.9460, 336.7218, 280.5225, 333.1923, 282.2160, 345.9439, 255.6395, 349.4735
68 89 2.970000 252.8924, 335.1792, 279.4795, 332.1116, 280.8903, 344.3391, 254.3032, 347.4066
68 90 3.000000 251.7376, 333.4907, 278.3244, 330.9694, 279.4850, 343.2078, 252.8982, 345.7291
68 91 3.040000 250.0562, 331.3420, 276.6759, 329.5765, 277.4974, 341.9628, 250.8777, 343.7282
68 92 3.070000 248.7100, 329.7873, 275.3421, 328.5280, 275.9599, 341.5933, 249.3278, 342.8525
68 93 3.100000 247.3432, 328.7637, 273.9844, 328.0130, 274.3517, 341.0492, 247.7105, 341.7999
68 94 3.140000 245.4614, 327.4270, 272.0939, 327.3005, 272.1579, 340.7773, 245.5254, 340.9038
68 95 3.170000 244.0186, 326.5334, 270.6581, 326.8398, 270.4977, 340.7827, 243.8583, 340.4763
68 96 3.200000 242.5881, 326.0341, 269.1946, 326.7567, 268.8175, 340.6402, 242.2111, 339.9177
68 97 3.240000 240.6738, 325.3945, 267.2548, 326.6122, 266.6066, 340.7624, 240.0256, 339.5448
68 98 3.270000 239.2626, 324.9654, 265.8048, 326.4888, 264.9694, 341.0438, 238.4272, 339.5205
68 99 3.300000 237.8632, 324.9285, 264.3618, 326.7251, 263.3844, 341.1404, 236.8858, 339.3438
68 100 3.340000 236.0541, 324.9667, 262.4738, 327.0467, 261.3355, 341.5054, 234.9157, 339.4254
68 101 3.370000 234.7515, 325.0173, 261.1109, 327.2693, 259.8513, 342.0128, 233.4919, 339.7608
68 102 3.400000 233.4807, 325.5126, 259.7565, 327.9135, 258.4406, 342.3153, 232.1647, 339.9144
68 103 3.440000 231.8650, 326.2353, 258.0295, 328.7646, 256.6501, 343.0345, 230.4855, 340.5052
68 104 3.470000 230.7184, 326.8924, 256.7865, 329.4676, 255.3775, 343.7308, 229.3094, 341.1556
68 105 3.500000 229.6102, 327.8856, 255.5741, 330.4825, 254.1950, 344.2706, 228.2311, 341.6736
68 106 3.540000 228.2528, 329.1571, 254.0605, 331.7452, 252.7191, 345.1217, 226.9114, 342.5336
68 107 3.570000 227.3302, 329.8822, 253.0300, 332.4262, 251.6918, 345.9445, 225.9920, 343.4004
68 108 3.600000 226.4628, 330.9561, 252.0299, 333.4645, 250.7638, 346.3696, 225.1967, 343.8612
68 109 3.640000 225.4165, 332.1476, 250.8155, 334.5258, 249.6382, 347.0993, 224.2392, 344.7210
68 110 3.670000 224.7228, 332.9249, 249.9876, 335.1991, 248.8603, 347.7226, 223.5955, 345.4483
68 111 3.700000 224.0733, 333.9763, 249.1950, 336.1449, 248.1664, 348.0610, 223.0446, 345.8924
68 112 3.740000 223.3200, 335.1866, 248.2491, 337.2394, 247.3049, 348.7050, 222.3758, 346.6522
68 113 3.770000 222.8175, 335.9992, 247.6025, 337.9337, 246.7145, 349.3108, 221.9295, 347.3763
68 114 3.800000 222.3481, 337.0563, 246.9850, 338.8726, 246.1554, 350.1264, 221.5185, 348.3101
68 115 3.840000 221.8264, 338.0048, 246.2598, 339.6747, 245.4674, 351.2690, 221.0340, 349.5992
68 116 3.870000 221.4575, 338.9333, 245.7457, 340.4913, 245.0049, 352.0410, 220.7166, 350.4831
68 117 3.900000 221.1450, 339.6561, 245.2728, 341.1128, 244.5445, 353.1758, 220.4167, 351.7191
68 118 3.940000 220.7434, 340.9106, 244.6691, 342.2267, 243.9866, 354.6327, 220.0610, 353.3165
68 119 3.970000 220.4654, 341.9727, 244.2375, 343.1935, 243.5939, 355.7269, 219.8218, 354.5061
68 120 4.000000 220.2333, 342.7834, 243.8425, 343.9334, 243.2047, 357.0274, 219.5955, 355.8774
68 121 4.040000 219.9794, 343.6965, 243.3630, 344.8050, 242.7207, 358.3534, 219.3371, 357.2449
68 122 4.070000 219.7820, 344.4194, 243.0311, 345.4697, 242.4374, 358.6129, 219.1883, 357.5626
68 123 4.100000 219.6459, 344.4815, 242.7447, 345.4807, 242.1646, 358.8906, 219.0658, 357.8914
68 124 4.140000 219.4864, 344.2491, 242.4020, 345.1563, 241.8713, 358.5623, 218.9557, 357.6551
68 125 4.170000 219.3836, 343.9494, 242.1786, 344.8055, 241.6944, 357.6988, 218.8994, 356.8427
68 126 4.200000 219.3459, 342.8723, 241.9927, 343.6927, 241.5102, 357.0102, 218.8635, 356.1898
68 127 4.240000 219.2990, 341.2677, 241.7783, 342.0366, 241.3244, 355.3065, 218.8451, 354.5377
68 128 4.270000 219.2690, 339.8713, 241.6332, 340.5841, 241.2215, 353.5025, 218.8572, 352.7897
68 129 4.300000 219.2720, 337.7913, 241.5140, 338.4416, 241.1247, 351.7599, 218.8827, 351.1096
68 130 4.340000 219.2736, 334.7391, 241.3671, 335.2885, 241.0341, 348.6772, 218.9406, 348.1278
68 131 4.370000 219.2688, 332.2616, 241.2736, 332.7439, 240.9891, 345.7250, 218.9843, 345.2428
68 132 4.400000 219.2905, 329.0007, 241.1835, 329.4043, 240.9363, 342.8190, 219.0432, 342.4155
68 133 4.440000 219.2971, 324.3506, 241.0710, 324.6590, 240.8812, 338.0562, 219.1073, 337.7477
68 134 4.470000 219.2664, 320.7084, 240.9811, 320.9230, 240.8537, 333.8215, 219.1390, 333.6069
68 135 4.500000 219.2313, 316.4211, 240.8622, 316.5068, 240.8096, 329.7812, 219.1787, 329.6955
68 136 4.540000 219.1059, 311.0833, 240.6708, 310.9754, 240.7362, 324.0520, 219.1713, 324.1599
68 137 4.570000 218.9887, 307.3372, 240.4994, 307.0808, 240.6520, 319.8870, 219.1413, 320.1434
68 138 4.600000 218.8329, 303.6476, 240.2951, 303.2780, 240.5161, 316.1106, 219.0539, 316.4803
68 139 4.640000 218.5987, 299.1436, 239.9870, 298.6542, 240.2749, 311.2364, 218.8865, 311.7258
68 140 4.670000 218.3864, 296.0255, 239.7164, 295.4539, 240.0436, 307.6658, 218.7136, 308.2374
68 141 4.700000 218.1228, 292.8247, 239.4052, 292.1768, 239.7773, 304.3984, 218.4949, 305.0464
68 142 4.740000 217.7151, 288.7766, 238.9308, 288.0502, 239.3412, 300.0394, 218.1256, 300.7658
68 143 4.770000 217.3739, 285.9014, 238.5161, 285.1252, 238.9405, 296.6848, 217.7983, 297.4610
68 144 4.800000 216.9558, 282.7656, 238.0650, 281.9547, 238.5118, 293.5874, 217.4027, 294.3983
68 145 4.840000 216.3441, 278.6932, 237.3763, 277.8469, 237.8336, 289.2141, 216.8014, 290.0603
68 146 4.870000 215.8413, 275.6347, 236.8136, 274.8095, 237.2439, 285.7451, 216.2716, 286.5703
68 147 4.900000 215.2707, 272.1885, 236.1979, 271.4106, 236.6076, 282.4304, 215.6804, 283.2084
68 148 4.940000 214.4532, 267.4714, 235.3214, 266.8383, 235.6503, 277.6782, 214.7821, 278.3112
68 149 4.970000 213.8084, 263.9306, 234.6060, 263.4398, 234.8500, 273.7793, 214.0524, 274.2702
68 150 5.000000 213.1036, 259.9646, 233.8730, 259.6751, 234.0190, 270.1496, 213.2496, 270.4391
68 151 5.040000 212.1344, 255.0613, 232.8322, 255.0361, 232.8445, 265.1394, 212.1467, 265.1647
68 152 5.070000 211.3725, 251.5475, 232.0343, 251.7438, 231.9404, 261.6199, 211.2786, 261.4236
68 153 5.100000 210.5822, 248.0728, 231.2187, 248.4786, 231.0229, 258.4346, 210.3864, 258.0288
68 154 5.140000 209.4993, 243.7198, 230.1184, 244.4101, 229.7837, 254.4082, 209.1646, 253.7179
68 155 5.170000 208.6718, 240.7615, 229.2627, 241.6341, 228.8497, 251.3786, 208.2589, 250.5060
68 156 5.200000 207.8216, 237.6502, 228.4272, 238.6821, 227.9257, 248.6966, 207.3200, 247.6647
68 157 5.240000 206.6986, 233.7889, 227.2975, 235.0428, 226.6898, 245.0253, 206.0910, 243.7713
68 158 5.270000 205.8619, 230.9944, 226.4595, 232.4309, 225.7751, 242.2446, 205.1775, 240.8080
68 159 5.300000 205.0410, 228.0071, 225.6529, 229.6184, 224.8676, 239.6642, 204.2557, 238.0530
68 160 5.340000 203.9707, 224.0809, 224.6079, 225.9338, 223.6974, 236.0749, 203.0601, 234.2219
68 161 5.370000 203.1999, 221.2033, 223.8355, 223.2454, 222.8532, 233.1709, 202.2176, 231.1287
68 162 5.400000 202.4603, 217.9670, 223.1401, 220.1777, 222.0423, 230.4469, 201.3625, 228.2362
68 163 5.440000 201.5399, 213.6559, 222.2520, 216.1072, 221.0272, 226.4552, 200.3152, 224.0038
68 164 5.470000 200.8879, 210.4822, 221.6129, 213.1176, 220.3382, 223.1419, 199.6132, 220.5065
68 165 5.500000 200.2906, 206.9829, 221.0618, 209.7778, 219.6788, 220.0554, 198.9077, 217.2604
68 166 5.540000 199.5419, 202.6600, 220.3482, 205.7166, 218.8558, 215.8754, 198.0495, 212.8188
68 167 5.570000 199.0074, 199.6627, 219.8322, 202.9155, 218.2691, 212.9228, 197.4443, 209.6700
68 168 5.600000 198.5107, 196.6582, 219.3848, 200.0952, 217.6936, 210.3662, 196.8196, 206.9292
68 169 5.640000 197.8936, 193.0150, 218.8175, 196.6963, 216.9836, 207.1199, 196.0597, 203.4386
68 170 5.670000 197.4717, 190.5363, 218.4175, 194.4115, 216.5044, 204.7519, 195.5586, 200.8768
68 171 5.700000 197.1078, 188.0221, 218.0986, 192.0736, 216.0599, 202.6360, 195.0691, 198.5845
68 172 5.740000 196.6889, 184.9417, 217.7261, 189.2242, 215.5759, 199.7868, 194.5387, 195.5043
68 173 5.770000 196.4270, 182.8176, 217.4902, 187.2641, 215.3112, 197.5865, 194.2479, 193.1400
68 174 5.800000 196.2486, 180.5661, 217.3672, 185.1522, 215.1042, 195.5736, 193.9855, 190.9875
68 175 5.840000 196.1037, 177.7511, 217.2831, 182.5122, 214.9886, 192.7189, 193.8093, 187.9578
68 176 5.870000 196.0744, 175.7700, 217.2811, 180.6596, 215.0335, 190.4078, 193.8267, 185.5182
68 177 5.900000 196.1486, 173.5663, 217.4331, 178.5291, 215.1661, 188.2520, 193.8816, 183.2892
68 178 5.940000 196.3753, 170.7330, 217.7471, 175.7702, 215.5409, 185.1307, 194.1691, 180.0936
68 179 5.970000 196.6379, 168.7114, 218.0635, 173.7736, 215.9760, 182.6087, 194.5505, 177.5464
68 180 6.000000 197.0209, 166.4347, 218.5615, 171.4749, 216.4734, 180.3990, 194.9328, 175.3588
68 181 6.040000 197.6421, 163.6883, 219.2938, 168.6069, 217.2999, 177.3843, 195.6482, 172.4657
68 182 6.070000 198.2372, 161.6324, 219.9455, 166.4176, 217.8622, 175.8687, 196.1539, 171.0835
68 183 6.100000 198.8201, 159.9973, 220.6065, 164.6076, 218.5231, 174.4530, 196.7367, 169.8426
68 184 6.140000 199.6484, 158.1134, 221.5943, 162.4786, 219.4931, 173.0424, 197.5472, 168.6772
68 185 6.170000 200.3034, 156.9627, 222.3893, 161.1018, 220.2949, 172.2772, 198.2090, 168.1381
68 186 6.200000 200.9845, 156.1715, 223.1836, 160.0344, 221.1695, 171.6092, 198.9703, 167.7464
68 187 6.240000 201.9640, 155.4608, 224.2855, 158.9021, 222.4106, 171.0630, 200.0891, 167.6216
68 188 6.270000 202.7509, 155.1063, 225.1637, 158.2180, 223.3906, 170.9892, 200.9778, 167.8775
68 189 6.300000 203.5689, 155.1899, 226.0123, 157.9385, 224.4207, 170.9344, 201.9773, 168.1857
68 190 6.340000 204.7028, 155.5562, 227.1887, 157.7769, 225.8484, 171.3477, 203.3626, 169.1270
68 191 6.370000 205.5809, 156.1599, 228.0532, 157.9351, 226.9478, 171.9277, 204.4756, 170.1525
68 192 6.400000 206.4635, 157.1212, 228.9030, 158.4235, 228.0743, 172.7046, 205.6348, 171.4024
68 193 6.440000 207.6641, 158.8618, 230.0010, 159.5113, 229.5742, 174.1905, 207.2373, 173.5409
68 194 6.470000 208.5605, 160.4441, 230.7983, 160.5857, 230.7021, 175.6937, 208.4643, 175.5521
68 195 6.500000 209.4578, 162.3918, 231.5458, 161.9977, 231.8185, 177.2810, 209.7305, 177.6751
68 196 6.540000 210.6609, 165.0405, 232.5483, 164.0468, 233.2533, 179.5771, 211.3659, 180.5708
68 197 6.570000 211.5391, 166.8797, 233.3057, 165.5348, 234.2835, 181.3612, 212.5170, 182.7061
68 198 6.600000 212.4031, 168.8041, 234.0403, 167.1565, 235.2406, 182.9194, 213.6035, 184.5671
68 199 6.640000 213.4543, 171.1567, 234.9000, 169.0856, 236.4360, 184.9910, 214.9903, 187.0620
68 200 6.670000 214.1505, 172.6906, 235.4697, 170.3472, 237.2604, 186.6386, 215.9412, 188.9820
68 201 6.700000 214.8119, 174.4077, 236.0186, 171.8576, 237.9623, 188.0219, 216.7556, 190.5720
68 202 6.740000 215.5550, 176.5619, 236.6285, 173.7781, 238.7629, 189.9356, 217.6894, 192.7194
68 203 6.770000 216.0016, 178.0967, 237.0173, 175.2010, 239.2557, 191.4459, 218.2400, 194.3416
68 204 6.800000 216.3955, 179.8307, 237.3588, 176.8673, 239.6099, 192.7920, 218.6466, 195.7553
68 205 6.840000 216.7624, 182.0965, 237.7165, 179.1191, 239.9388, 194.7583, 218.9847, 197.7357
68 206 6.870000 216.9190, 183.7361, 237.8955, 180.8038, 240.0819, 196.4438, 219.1054, 199.3761
68 207 6.900000 217.0250, 185.6809, 238.0304, 182.8219, 240.0968, 198.0043, 219.0914, 200.8633
68 208 6.940000 217.0274, 188.2748, 238.1032, 185.5972, 239.9863, 200.4197, 218.9105, 203.0972
68 209 6.970000 216.9297, 190.3225, 238.0740, 187.8041, 239.8094, 202.3743, 218.6651, 204.8927
68 210 7.000000 216.7807, 192.5320, 237.9764, 190.2087, 239.5176, 204.2701, 218.3220, 206.5934
68 211 7.040000 216.4171, 195.3077, 237.6581, 193.1838, 239.0108, 206.7120, 217.7698, 208.8360
68 212 7.070000 216.0242, 197.0360, 237.3064, 195.0864, 238.5332, 208.4787, 217.2510, 210.4282
68 213 7.100000 215.5848, 198.6412, 236.9185, 196.9785, 237.9304, 209.9612, 216.5966, 211.6239
68 214 7.140000 214.8657, 200.3874, 236.2714, 199.1104, 237.0229, 211.7092, 215.6172, 212.9862
68 215 7.170000 214.2411, 201.2580, 235.7030, 200.2892, 236.2769, 213.0055, 214.8151, 213.9743
68 216 7.200000 213.5982, 202.4016, 235.0606, 201.6910, 235.4569, 213.6610, 213.9945, 214.3717
68 217 7.240000 212.6798, 203.1938, 234.1698, 202.9514, 234.3021, 214.6796, 212.8121, 214.9220
68 218 7.270000 211.9463, 203.5751, 233.4659, 203.6542, 233.4234, 215.2205, 211.9038, 215.1415
68 219 7.300000 211.2254, 203.9991, 232.7060, 204.3837, 232.5098, 215.3402, 211.0292, 214.9556
68 220 7.340000 210.2262, 204.0438, 231.6747, 204.7603, 231.3193, 215.3988, 209.8708, 214.6822
68 221 7.370000 209.4808, 203.7138, 230.9212, 204.6804, 230.4415, 215.3202, 209.0011, 214.3535
68 222 7.400000 208.7685, 203.4349, 230.1428, 204.6411, 229.5716, 214.7624, 208.1973, 213.5561
68 223 7.440000 207.8256, 202.6075, 229.1396, 204.0365, 228.4858, 213.7878, 207.1718, 212.3588
68 224 7.470000 207.1493, 201.5172, 228.4418, 203.0922, 227.7053, 213.0493, 206.4128, 211.4744
68 225 7.500000 206.4836, 200.6385, 227.7362, 202.3247, 226.9815, 211.8367, 205.7289, 210.1505
68 226 7.540000 205.6208, 199.3527, 226.8465, 201.1741, 226.0549, 210.3981, 204.8293, 208.5768
68 227 7.570000 204.9876, 198.5271, 226.1939, 200.4332, 225.3822, 209.4633, 204.1759, 207.5572
68 228 7.600000 204.3459, 197.9012, 225.5561, 199.8769, 224.7175, 208.8795, 203.5073, 206.9038
68 229 7.640000 203.5529, 196.9236, 224.7488, 198.9706, 223.8451, 208.3288, 202.6491, 206.2817
68 230 7.670000 202.9682, 196.4493, 224.1433, 198.5358, 223.2150, 207.9562, 202.0399, 205.8697
68 231 7.700000 202.3999, 195.9178, 223.5790, 198.0373, 222.5935, 207.8846, 201.4144, 205.7651
68 232 7.740000 201.6569, 195.4920, 222.8331, 197.6456, 221.7939, 207.8630, 200.6178, 205.7093
68 233 7.770000 201.1082, 195.4312, 222.2698, 197.6067, 221.2167, 207.8506, 200.0551, 205.6751
68 234 7.800000 200.5749, 195.3361, 221.7419, 197.5333, 220.6447, 208.1029, 199.4777, 205.9056
68 235 7.840000 199.8719, 195.5500, 221.0327, 197.7750, 219.9090, 208.4624, 198.7481, 206.2374
68 236 7.870000 199.3492, 195.9644, 220.4970, 198.2089, 219.3767, 208.7647, 198.2289, 206.5202
68 237 7.900000 198.8406, 196.3616, 219.9950, 198.6287, 218.8463, 209.3469, 197.6920, 207.0798
68 238 7.940000 198.1690, 197.2455, 219.3203, 199.5460, 218.1626, 210.1899, 197.0113, 207.8893
68 239 7.970000 197.6717, 198.1652, 218.8116, 200.4950, 217.6677, 210.8738, 196.5279, 208.5440
68 240 8.000000 197.1922, 199.0756, 218.3371, 201.4423, 217.1795, 211.7841, 196.0347, 209.4174
68 241 8.040000 196.5842, 200.4043, 217.7314, 202.8303, 216.5614, 213.0292, 195.4142, 210.6031
68 242 8.070000 196.1442, 201.5187, 217.2857, 203.9568, 216.1437, 213.8597, 195.0022, 211.4217
68 243 8.100000 195.7278, 202.4585, 216.8996, 204.8872, 215.7544, 214.8695, 194.5826, 212.4407
68 244 8.140000 195.1968, 203.8631, 216.3964, 206.2239, 215.2978, 216.0886, 194.0983, 213.7279
68 245 8.170000 194.8195, 205.1055, 216.0247, 207.4116, 214.9976, 216.8560, 193.7924, 214.5499
68 246 8.200000 194.4693, 206.1241, 215.7148, 208.3468, 214.7140, 217.9128, 193.4685, 215.6901
68 247 8.240000 194.0146, 207.7827, 215.2978, 209.8513, 214.3939, 219.1517, 193.1107, 217.0830
68 248 8.270000 193.6921, 209.1730, 214.9864, 211.0890, 214.1789, 220.0645, 192.8846, 218.1485
68 249 8.300000 193.3757, 210.4721, 214.7184, 212.2179, 213.9824, 221.2153, 192.6397, 219.4695
68 250 8.340000 192.9749, 212.4409, 214.3516, 213.9442, 213.7312, 222.7665, 192.3545, 221.2633
68 251 8.370000 192.6942, 213.8225, 214.0835, 215.1055, 213.5454, 224.0765, 192.1561, 222.7935
68 252 8.400000 192.3827, 215.5270, 213.8078, 216.5796, 213.3661, 225.5699, 191.9410, 224.5173
68 253 8.440000 191.9596, 217.9370, 213.4144, 218.6405, 213.1105, 227.9096, 191.6557, 227.2061
68 254 8.470000 191.6060, 219.8579, 213.1129, 220.2875, 212.9209, 229.8948, 191.4141, 229.4652
68 255 8.500000 191.2379, 222.0118, 212.7735, 222.1435, 212.7143, 231.8151, 191.1788, 231.6834
68 256 8.540000 190.7353, 224.6610, 212.3088, 224.5027, 212.3809, 234.3285, 190.8074, 234.4867
68 257 8.570000 190.3112, 226.3285, 211.9269, 225.9437, 212.1070, 236.0597, 190.4912, 236.4445
68 258 8.600000 189.8802, 228.0932, 211.4917, 227.4801, 211.7687, 237.2432, 190.1571, 237.8563
68 259 8.640000 189.2134, 229.9039, 210.8476, 228.9959, 211.2537, 238.6717, 189.6195, 239.5797
68 260 8.670000 188.6351, 230.8300, 210.3170, 229.7592, 210.8073, 239.6867, 189.1253, 240.7574
68 261 8.700000 188.0331, 231.8090, 209.7297, 230.6176, 210.2593, 240.2632, 188.5627, 241.4545
68 262 8.740000 187.1060, 232.5632, 208.8685, 231.3018, 209.4307, 241.0004, 187.6682, 242.2619
68 263 8.770000 186.3056, 232.7336, 208.1560, 231.4625, 208.7415, 241.5275, 186.8911, 242.7985
68 264 8.800000 185.4888, 233.0158, 207.3818, 231.7934, 207.9292, 241.5973, 186.0362, 242.8198
68 265 8.840000 184.2586, 232.8547, 206.2648, 231.7535, 206.7615, 241.6786, 184.7553, 242.7798
68 266 8.870000 183.2537, 232.3316, 205.3754, 231.4006, 205.8099, 241.7250, 183.6882, 242.6560
68 267 8.900000 182.2345, 231.9155, 204.4382, 231.2075, 204.7604, 241.3094, 182.5566, 242.0174
68 268 8.940000 180.7952, 230.8488, 203.1363, 230.5263, 203.2833, 240.7090, 180.9422, 241.0315
68 269 8.970000 179.6630, 229.6836, 202.1498, 229.7093, 202.1378, 240.2538, 179.6509, 240.2282
68 270 9.000000 178.5569, 228.7438, 201.1131, 229.1652, 200.9218, 239.4030, 178.3656, 238.9817
68 271 9.040000 177.0488, 227.3039, 199.7498, 228.3435, 199.2788, 238.6284, 176.5778, 237.5888
68 272 9.070000 175.9050, 226.3274, 198.7156, 227.8043, 198.0354, 238.3089, 175.2249, 236.8320
68 273 9.100000 174.7583, 225.7957, 197.6387, 227.6768, 196.7972, 237.9119, 173.9168, 236.0307
68 274 9.140000 173.2372, 225.2339, 196.2204, 227.6308, 195.1616, 237.7839, 172.1783, 235.3871
68 275 9.170000 172.1172, 224.9738, 195.1816, 227.7567, 193.9551, 237.9215, 170.8907, 235.1385
68 276 9.200000 171.0198, 225.0303, 194.1282, 228.1737, 192.7816, 238.0733, 169.6732, 234.9299
68 277 9.240000 169.6047, 225.2961, 192.7831, 228.9017, 191.2762, 238.5886, 168.0978, 234.9831
68 278 9.270000 168.5916, 225.6040, 191.8354, 229.5276, 190.1945, 239.2483, 166.9508, 235.3247
68 279 9.300000 167.6048, 226.3054, 190.8740, 230.5087, 189.1845, 239.8618, 165.9153, 235.6585
68 280 9.340000 166.3695, 227.4169, 189.6898, 231.9654, 187.8899, 241.1932, 164.5697, 236.6447
68 281 9.370000 165.5067, 228.4334, 188.8740, 233.2342, 186.9778, 242.4638, 163.6105, 237.6630
68 282 9.400000 164.7509, 229.5089, 188.1265, 234.5321, 186.0710, 244.0975, 162.6954, 239.0744
68 283 9.440000 163.8310, 231.2770, 187.2274, 236.5878, 184.9631, 246.5634, 161.5667, 241.2526
68 284 9.470000 163.1783, 232.9171, 186.6261, 238.4227, 184.2328, 248.6158, 160.7849, 243.1103
68 285 9.500000 162.6219, 234.5625, 186.1545, 240.2675, 183.5619, 250.9620, 160.0292, 245.2570
68 286 9.540000 162.0360, 236.8616, 185.6764, 242.7377, 182.9026, 253.8971, 159.2622, 248.0210
68 287 9.570000 161.7821, 238.5512, 185.4522, 244.6169, 182.5891, 255.7894, 158.9190, 249.7236
68 288 9.600000 161.6970, 239.9141, 185.4422, 246.0916, 182.4272, 257.6805, 158.6820, 251.5030
68 289 9.640000 161.7647, 241.6822, 185.6299, 247.8781, 182.5397, 259.7808, 158.6745, 253.5849
68 290 9.670000 162.0185, 242.9206, 185.9179, 249.1524, 182.7930, 261.1365, 158.8936, 254.9046
68 291 9.700000 162.4255, 243.8877, 186.4262, 250.1367, 183.1962, 262.5426, 159.1954, 256.2937
68 292 9.740000 163.1739, 245.1968, 187.2668, 251.4073, 183.9968, 264.0928, 159.9040, 257.8823
68 293 9.770000 163.8625, 246.3168, 187.9898, 252.4713, 184.8161, 264.9133, 160.6887, 258.7589
68 294 9.800000 164.7281, 247.0570, 188.9541, 253.1302, 185.7376, 265.9608, 161.5116, 259.8877
68 295 9.840000 166.0294, 248.2903, 190.3453, 254.1947, 187.2646, 266.8819, 162.9487, 260.9775
68 296 9.870000 167.1350, 249.2424, 191.5116, 254.9293, 188.6062, 267.3833, 164.2295, 261.6964
68 297 9.900000 168.3868, 249.9943, 192.8626, 255.4713, 190.0695, 267.9534, 165.5937, 262.4765
68 298 9.940000 170.2469, 251.0172, 194.8206, 256.1464, 192.2427, 268.4967, 167.6691, 263.3675
68 299 9.970000 171.7492, 251.9385, 196.3739, 256.7202, 194.0612, 268.6298, 169.4365, 263.8481
68 300 10.000000 173.3828, 252.5659, 198.1149, 256.9791, 195.9656, 269.0243, 171.2334, 264.6112
68 301 10.040000 175.6765, 253.7526, 200.5037, 257.5968, 198.6855, 269.3395, 173.8583, 265.4953
68 302 10.070000 177.4819, 254.9198, 202.3743, 258.3890, 200.8243, 269.5109, 175.9319, 266.0416
68 303 10.100000 179.3925, 255.8988, 204.3694, 258.9979, 202.9939, 270.0834, 178.0171, 266.9843
68 304 10.140000 182.0026, 257.5727, 207.1236, 260.1827, 206.0193, 270.8120, 180.8982, 268.2021
68 305 10.170000 184.0539, 258.7696, 209.2781, 261.0191, 208.3511, 271.4140, 183.1269, 269.1645
68 306 10.200000 186.1863, 259.9930, 211.4781, 261.8970, 210.6869, 272.4068, 185.3952, 270.5029
68 307 10.240000 189.1072, 261.6739, 214.4935, 263.1601, 213.8474, 274.1956, 188.4611, 272.7094
68 308 10.270000 191.3309, 263.0147, 216.7950, 264.1696, 216.2679, 275.7899, 190.8038, 274.6349
68 309 10.300000 193.5838, 264.7038, 219.1021, 265.5276, 218.7200, 277.3644, 193.2017, 276.5407
68 310 10.340000 196.6128, 267.2006, 222.1952, 267.5485, 222.0286, 279.8036, 196.4462, 279.4557
68 311 10.370000 198.8958, 269.1923, 224.5375, 269.2119, 224.5277, 282.0267, 198.8860, 282.0072
68 312 10.400000 201.1934, 271.6645, 226.8670, 271.3468, 227.0272, 284.2923, 201.3536, 284.6100
68 313 10.440000 204.2430, 275.2561, 229.9755, 274.5045, 230.3677, 287.9334, 204.6353, 288.6850
68 314 10.470000 206.5133, 278.2638, 232.2827, 277.1704, 232.8720, 291.0588, 207.1026, 292.1522
68 315 10.500000 208.7702, 281.6592, 234.5630, 280.1962, 235.3608, 294.2614, 209.5680, 295.7244
68 316 10.540000 211.7463, 286.1244, 237.5747, 284.2495, 238.6191, 298.6363, 212.7907, 300.5112
68 317 10.570000 213.9352, 289.1148, 239.8307, 287.0798, 240.9993, 301.9512, 215.1038, 303.9862
68 318 10.600000 216.0794, 292.2125, 242.0007, 289.9254, 243.3159, 304.8311, 217.3946, 307.1182
68 319 10.640000 218.8381, 295.9228, 244.7915, 293.3526, 246.3040, 308.6263, 220.3507, 311.1964
68 320 10.670000 220.8155, 298.4668, 246.8035, 295.7148, 248.4675, 311.4281, 222.4795, 314.1802
68 321 10.700000 222.7641, 301.2669, 248.7763, 298.3542, 250.5047, 313.7891, 224.4924, 316.7018
68 322 10.740000 225.2184, 304.7170, 251.2742, 301.6283, 253.0970, 317.0047, 227.0411, 320.0934
68 323 10.770000 226.9527, 307.1226, 253.0658, 303.9736, 254.9371, 319.4912, 228.8240, 322.6402
68 324 10.800000 228.6451, 309.7763, 254.8092, 306.6058, 256.6371, 321.6902, 230.4730, 324.8607
68 325 10.840000 230.7531, 313.1724, 257.0217, 310.0645, 258.7627, 324.7800, 232.4942, 327.8879
68 326 10.870000 232.2172, 315.5526, 258.5736, 312.5497, 260.2590, 327.3428, 233.9026, 330.3457
68 327 10.900000 233.6441, 318.3733, 260.0812, 315.4865, 261.6226, 329.6022, 235.1854, 332.4890
68 328 10.940000 235.4147, 321.9522, 261.9743, 319.3597, 263.3132, 333.0765, 236.7536, 335.6690
68 329 10.970000 236.6557, 324.6987, 263.3223, 322.3892, 264.4871, 335.8384, 237.8204, 338.1479
68 330 11.000000 237.8653, 327.6545, 264.6051, 325.6865, 265.5451, 338.4582, 238.8053, 340.4261
68 331 11.040000 239.3292, 331.3240, 266.1531, 329.7329, 266.8684, 341.7922, 240.0445, 343.3833
68 332 11.070000 240.3238, 333.3613, 267.2164, 332.1028, 267.7923, 344.4096, 240.8997, 345.6681
68 333 11.100000 241.2958, 335.5535, 268.1999, 334.5819, 268.6263, 346.3876, 241.7222, 347.3591
68 334 11.140000 242.5082, 337.8299, 269.4378, 337.2891, 269.6753, 349.1142, 242.7457, 349.6550
68 335 11.170000 243.3655, 339.0343, 270.3109, 338.7914, 270.4176, 350.6231, 243.4722, 350.8660
68 336 11.200000 244.2171, 340.3017, 271.1359, 340.3158, 271.1295, 352.4025, 244.2107, 352.3883
68 337 11.240000 245.3262, 341.4915, 272.1989, 341.8311, 272.0438, 354.0998, 245.1712, 353.7602
68 338 11.270000 246.1351, 342.2638, 272.9860, 342.8199, 272.7321, 355.0764, 245.8812, 354.5202
68 339 11.300000 246.9633, 342.6216, 273.7380, 343.3258, 273.4009, 356.1434, 246.6262, 355.4392
68 340 11.340000 248.0558, 343.0537, 274.7498, 343.9498, 274.3081, 357.1077, 247.6141, 356.2116
68 341 11.370000 248.8589, 343.4265, 275.5052, 344.4320, 275.0152, 357.4173, 248.3689, 356.4118
68 342 11.400000 249.7006, 343.2787, 276.2595, 344.3558, 275.7077, 357.9616, 249.1489, 356.8845
68 343 11.440000 250.8108, 343.1622, 277.2684, 344.3122, 276.6671, 358.1448, 250.2096, 356.9948
68 344 11.470000 251.6294, 343.0683, 278.0323, 344.2453, 277.4207, 357.9662, 251.0177, 356.7893
68 345 11.500000 252.4753, 342.5926, 278.7898, 343.7420, 278.1682, 357.9704, 251.8538, 356.8209
68 346 11.540000 253.5900, 342.0609, 279.8204, 343.1778, 279.2035, 357.6664, 252.9731, 356.5496
68 347 11.570000 254.4233, 341.7292, 280.5923, 342.8455, 279.9755, 357.3045, 253.8065, 356.1882
68 348 11.600000 255.2638, 341.1101, 281.3895, 342.2451, 280.7397, 357.2013, 254.6140, 356.0662
68 349 11.640000 256.3719, 340.4163, 282.4386, 341.5680, 281.7627, 356.8666, 255.6959, 355.7148
68 350 11.670000 257.2089, 340.0627, 283.2037, 341.2268, 282.5246, 356.3916, 256.5298, 355.2276
68 351 11.700000 258.0258, 339.3348, 284.0003, 340.5003, 283.2937, 356.2501, 257.3191, 355.0847
68 352 11.740000 259.1472, 338.5958, 285.0401, 339.8216, 284.2866, 355.7376, 258.3937, 354.5118
68 353 11.770000 259.9871, 338.1075, 285.8172, 339.3903, 285.0312, 355.2165, 259.2011, 353.9337
68 354 11.800000 260.8335, 337.3182, 286.6154, 338.6700, 285.7625, 354.9372, 259.9806, 353.5854
68 355 11.840000 261.9571, 336.4284, 287.6686, 337.8621, 286.7529, 354.2818, 261.0415, 352.8481
68 356 11.870000 262.8207, 335.8242, 288.4548, 337.3468, 287.4882, 353.6196, 261.8541, 352.0970
68 357 11.900000 263.6947, 334.8674, 289.2839, 336.4926, 288.2223, 353.2084, 262.6330, 351.5831
68 358 11.940000 264.8983, 333.6367, 290.3941, 335.4235, 289.2026, 352.4240, 263.7068, 350.6372
68 359 11.970000 265.8057, 332.7577, 291.2423, 334.6601, 289.9702, 351.6685, 264.5337, 349.7661
68 360 12.000000 266.7505, 331.6034, 292.1263, 333.6269, 290.7261, 351.1855, 265.3503, 349.1620
68 361 12.040000 268.0056, 330.5726, 293.2979, 332.7465, 291.7819, 350.3846, 266.4896, 348.2107
68 362 12.070000 268.9341, 330.1850, 294.1709, 332.4437, 292.6131, 349.8503, 267.3762, 347.5916
68 363 12.100000 269.8779, 329.8532, 295.0741, 332.1924, 293.4502, 349.6842, 268.2539, 347.3450
68 364 12.140000 271.1348, 329.8852, 296.2873, 332.3070, 294.6192, 349.6321, 269.4667, 347.2103
68 365 12.170000 272.0831, 330.2636, 297.2061, 332.7347, 295.5366, 349.7086, 270.4136, 347.2376
68 366 12.200000 273.0455, 330.6695, 298.1660, 333.1630, 296.4788, 350.1602, 271.3583, 347.6668
68 367 12.240000 274.3387, 331.6779, 299.4636, 334.1737, 297.8000, 350.9197, 272.6752, 348.4239
68 368 12.270000 275.3154, 332.7907, 300.4502, 335.2621, 298.8424, 351.6143, 273.7076, 349.1429
68 369 12.300000 276.3149, 333.9494, 301.4802, 336.3770, 299.9054, 352.7018, 274.7402, 350.2742
68 370 12.340000 277.6596, 336.0106, 302.8693, 338.3488, 301.3838, 354.3645, 276.1741, 352.0263
68 371 12.370000 278.6771, 337.9706, 303.9210, 340.2201, 302.5326, 355.8013, 277.2886, 353.5519
68 372 12.400000 279.7089, 340.0667, 305.0049, 342.2055, 303.6958, 357.6883, 278.3999, 355.5496
68 373 12.440000 281.0902, 343.5053, 306.4526, 345.4687, 305.2847, 360.5552, 279.9223, 358.5918
68 374 12.470000 282.1319, 346.5328, 307.5419, 348.3414, 306.4982, 363.0058, 281.0882, 361.1972
68 375 12.500000 283.1887, 349.6453, 308.6595, 351.2852, 307.7226, 365.8365, 282.2519, 364.1965
68 376 12.540000 284.6526, 353.7970, 310.1935, 355.2452, 309.3858, 369.4897, 283.8449, 368.0415
68 377 12.570000 285.7997, 356.7982, 311.3856, 358.2132, 310.6301, 371.8745, 285.0442, 370.4595
68 378 12.600000 286.9993, 359.2581, 312.6153, 360.5390, 311.9287, 374.2713, 286.3126, 372.9904
68 379 12.640000 288.6293, 362.1802, 314.2745, 363.2405, 313.7018, 377.0907, 288.0567, 376.0303
68 380 12.670000 289.8941, 364.2429, 315.5360, 365.2012, 315.0280, 378.7930, 289.3861, 377.8347
68 381 12.700000 291.1993, 365.7758, 316.8333, 366.6431, 316.3609, 380.6060, 290.7269, 379.7387
68 382 12.740000 292.9559, 367.7299, 318.5546, 368.4936, 318.1376, 382.4693, 292.5389, 381.7055
68 383 12.770000 294.2793, 369.1808, 319.8467, 369.8965, 319.4683, 383.4150, 293.9008, 382.6993
68 384 12.800000 295.6494, 370.0529, 321.1590, 370.7582, 320.7770, 384.5716, 295.2675, 383.8662
68 385 12.840000 297.4801, 371.2593, 322.9056, 372.0007, 322.5126, 385.4789, 297.0871, 384.7375
68 386 12.870000 298.8351, 372.2871, 324.1926, 373.0300, 323.8241, 385.6089, 298.4666, 384.8659
68 387 12.900000 300.2368, 372.6968, 325.5067, 373.4708, 325.1236, 385.9817, 299.8537, 385.2078
68 388 12.940000 302.1197, 372.9544, 327.2545, 373.7775, 326.8522, 386.0639, 301.7173, 385.2407
68 389 12.970000 303.5419, 372.6552, 328.5638, 373.4756, 328.1524, 386.0249, 303.1304, 385.2045
68 390 13.000000 304.9789, 372.6448, 329.9172, 373.4965, 329.4978, 385.7784, 304.5595, 384.9267
68 391 13.040000 306.8816, 372.4241, 331.8079, 373.2787, 331.3871, 385.5520, 306.4608, 384.6973
68 392 13.070000 308.3127, 372.2628, 333.2231, 373.1347, 332.7939, 385.3979, 307.8835, 384.5261
68 393 13.100000 309.7406, 372.2667, 334.6261, 373.1631, 334.1776, 385.6150, 309.2920, 384.7186
68 394 13.140000 311.6569, 371.9779, 336.5027, 372.9426, 336.0036, 385.7967, 311.1578, 384.8321
68 395 13.170000 313.0828, 371.9249, 337.8957, 372.9174, 337.3771, 385.8830, 312.5641, 384.8905
68 396 13.200000 314.5177, 371.6547, 339.2904, 372.6917, 338.7208, 386.2974, 313.9482, 385.2604
68 397 13.240000 316.4174, 371.5103, 341.1341, 372.5650, 340.5268, 386.7957, 315.8101, 385.7410
68 398 13.270000 317.7451, 371.6903, 342.4924, 372.7392, 341.8877, 387.0050, 317.1405, 385.9562
68 399 13.300000 319.0621, 371.5836, 343.8602, 372.6249, 343.2297, 387.6398, 318.4317, 386.5985
68 400 13.340000 320.7958, 371.8529, 345.6303, 372.8028, 345.0379, 388.2907, 320.2034, 387.3408
68 401 13.370000 322.0789, 372.2090, 346.9480, 373.0731, 346.4009, 388.8180, 321.5318, 387.9538
68 402 13.400000 323.3703, 372.4881, 348.2596, 373.2655, 347.7485, 389.6284, 322.8592, 388.8510
68 403 13.440000 325.0657, 373.1960, 349.9887, 373.8405, 349.5526, 390.7060, 324.6296, 390.0615
68 404 13.470000 326.3078, 373.9938, 351.2366, 374.4787, 350.9050, 391.5250, 325.9762, 391.0401
68 405 13.500000 327.5343, 374.7331, 352.4540, 375.0274, 352.2461, 392.6307, 327.3264, 392.3363
68 406 13.540000 329.1229, 375.9422, 354.0305, 375.9579, 354.0191, 394.0969, 329.1114, 394.0813
68 407 13.570000 330.2920, 377.1305, 355.1698, 376.9368, 355.3105, 395.0131, 330.4327, 395.2068
68 408 13.600000 331.4166, 377.9955, 356.3022, 377.6074, 356.5946, 396.3485, 331.7089, 396.7367
68 409 13.640000 332.8695, 379.5454, 357.7125, 378.8609, 358.2370, 397.8961, 333.3940, 398.5807
68 410 13.670000 333.8923, 380.8676, 358.7147, 379.9292, 359.4375, 399.0494, 334.6150, 399.9877
68 411 13.700000 334.8754, 382.0537, 359.6591, 380.8828, 360.5857, 400.4961, 335.8020, 401.6669
68 412 13.740000 336.0850, 383.9580, 360.8245, 382.4411, 362.0470, 402.3783, 337.3075, 403.8952
68 413 13.770000 336.9422, 385.6089, 361.6397, 383.8613, 363.0510, 403.8069, 338.3535, 405.5545
68 414 13.800000 337.7107, 387.1667, 362.3927, 385.1985, 364.0170, 405.5682, 339.3351, 407.5364
68 415 13.840000 338.6551, 389.5784, 363.3248, 387.3793, 365.1643, 408.0139, 340.4945, 410.2130
68 416 13.870000 339.2776, 391.7118, 363.9291, 389.3088, 365.9368, 409.9053, 341.2854, 412.3083
68 417 13.900000 339.8120, 393.8208, 364.4592, 391.2472, 366.6480, 412.2093, 342.0008, 414.7829
68 418 13.940000 340.4126, 397.1424, 365.0522, 394.3323, 367.4611, 415.4541, 342.8215, 418.2642
68 419 13.970000 340.7829, 399.9408, 365.4559, 397.0141, 367.9561, 418.0917, 343.2831, 421.0184
68 420 14.000000 341.0500, 402.7361, 365.7763, 399.7267, 368.3655, 421.0004, 343.6392, 424.0098
68 421 14.040000 341.2281, 406.3855, 366.0368, 403.2889, 368.6994, 424.6212, 343.8908, 427.7178
68 422 14.070000 341.1806, 409.0688, 366.0063, 405.7817, 368.7841, 426.7607, 343.9584, 430.0478
68 423 14.100000 340.9483, 410.8848, 365.8424, 407.5436, 368.7468, 429.1837, 343.8528, 432.5249
68 424 14.140000 340.4362, 413.2917, 365.4636, 409.9025, 368.3999, 431.5853, 343.3725, 434.9745
68 425 14.170000 339.9017, 414.8859, 365.0487, 411.5290, 367.9160, 433.0088, 342.7690, 436.3657
68 426 14.200000 339.1713, 416.0209, 364.4591, 412.6960, 367.3145, 434.4126, 342.0267, 437.7375
68 427 14.240000 337.9804, 417.3610, 363.4289, 414.0681, 366.2305, 435.7199, 340.7821, 439.0128
68 428 14.270000 336.9361, 418.3431, 362.5305, 415.1062, 365.1942, 436.1687, 339.5999, 439.4055
68 429 14.300000 335.7074, 418.6842, 361.5111, 415.6059, 364.0365, 436.7749, 338.2328, 439.8532
68 430 14.340000 333.8987, 418.8568, 360.0119, 416.1477, 362.1821, 437.0673, 336.0689, 439.7764
68 431 14.370000 332.3821, 418.9313, 358.6945, 416.4503, 360.6039, 436.6998, 334.2914, 439.1808
68 432 14.400000 330.7019, 418.2533, 357.2295, 416.0602, 358.9194, 436.5018, 332.3918, 438.6949
68 433 14.440000 328.2818, 417.1894, 355.0814, 415.3750, 356.4377, 435.4086, 329.6381, 437.2230
68 434 14.470000 326.3618, 416.1106, 353.3462, 414.6526, 354.3991, 434.1386, 327.4147, 435.5966
68 435 14.500000 324.3018, 414.3208, 351.4915, 413.2050, 352.3104, 433.1583, 325.1207, 434.2741
68 436 14.540000 321.4651, 412.4619, 348.8893, 411.8206, 349.3487, 431.4668, 321.9246, 432.1081
68 437 14.570000 319.2540, 411.5085, 346.8290, 411.1974, 347.0440, 430.2580, 319.4690, 430.5690
68 438 14.600000 316.9720, 410.5648, 344.6939, 410.5707, 344.6899, 429.5049, 316.9680, 429.4991
68 439 14.640000 313.8319, 409.7376, 341.7226, 410.1206, 341.4678, 428.6776, 313.5771, 428.2947
68 440 14.670000 311.4107, 409.4156, 339.4117, 410.0600, 338.9958, 428.1320, 310.9948, 427.4876
68 441 14.700000 308.9410, 408.9641, 337.0519, 409.8306, 336.4920, 427.9928, 308.3811, 427.1263
68 442 14.740000 305.5738, 408.7070, 333.8155, 409.8225, 333.1049, 427.8105, 304.8633, 426.6949
68 443 14.770000 302.9962, 408.7644, 331.3253, 410.0308, 330.5375, 427.6521, 302.2084, 426.3857
68 444 14.800000 300.3965, 408.6133, 328.8173, 409.9973, 327.9457, 427.8974, 299.5248, 426.5135
68 445 14.840000 296.7813, 408.7267, 325.4078, 410.2308, 324.4653, 428.1694, 295.8388, 426.6653
68 446 14.870000 293.9823, 409.0607, 322.8054, 410.6287, 321.8431, 428.3177, 293.0200, 426.7497
68 447 14.900000 291.1719, 409.1655, 320.2006, 410.7780, 319.1947, 428.8856, 290.1660, 427.2731
68 448 14.940000 287.3771, 409.6484, 316.6770, 411.2952, 315.6494, 429.5789, 286.3495, 427.9322
68 449 14.970000 284.4982, 410.2739, 314.0007, 411.9346, 312.9813, 430.0440, 283.4788, 428.3833
