1 0 0.010000 65.1291, 398.7034, 107.5915, 400.2204, 106.8696, 420.4268, 64.4072, 418.9097
1 1 0.040000 65.1641, 399.3602, 107.8674, 401.6219, 107.0336, 417.3654, 64.3303, 415.1038
1 2 0.070000 65.9152, 394.7571, 108.5123, 397.6383, 107.2644, 416.0888, 64.6673, 413.2077
1 3 0.110000 67.7467, 386.9722, 109.9642, 390.3989, 108.2884, 411.0456, 66.0709, 407.6189
1 4 0.140000 69.5900, 380.1378, 111.3895, 383.4918, 109.6179, 405.5712, 67.8184, 402.2172
1 5 0.170000 71.8746, 373.2562, 113.1927, 377.1228, 111.1280, 399.1859, 69.8099, 395.3193
1 6 0.200000 74.3689, 366.2420, 115.2486, 370.6998, 112.8149, 393.0179, 71.9352, 388.5601
1 7 0.240000 77.8100, 358.1218, 118.0368, 363.3469, 115.2351, 384.9165, 75.0084, 379.6914
1 8 0.270000 80.3687, 353.0195, 120.1160, 358.7566, 117.1335, 379.4198, 77.3862, 373.6828
1 9 0.310000 83.7632, 347.3860, 122.8278, 353.7143, 119.6393, 373.3971, 80.5746, 367.0688
1 10 0.340000 86.2801, 344.1148, 124.8222, 350.9010, 121.4851, 369.8542, 82.9429, 363.0680
1 11 0.370000 88.7487, 341.7412, 126.7554, 348.9475, 123.3257, 367.0359, 85.3190, 359.8297
1 12 0.400000 91.1968, 340.0994, 128.6626, 347.6881, 125.1524, 365.0177, 87.6867, 357.4290
1 13 0.440000 94.4393, 339.0566, 131.1693, 347.0908, 127.6185, 363.3244, 90.8884, 355.2902
1 14 0.470000 96.8899, 339.0206, 133.0532, 347.3478, 129.5269, 362.6620, 93.3636, 354.3348
1 15 0.500000 99.3986, 339.3742, 135.0145, 347.8876, 131.5308, 362.4617, 95.9150, 353.9483
1 16 0.540000 102.9177, 340.3020, 137.8011, 348.9596, 134.4333, 362.5290, 99.5499, 353.8714
1 17 0.570000 105.8849, 340.7309, 140.1640, 349.5379, 136.5985, 363.4157, 102.3194, 354.6087
1 18 0.610000 110.2279, 340.8329, 143.7462, 349.6595, 139.8688, 364.3840, 106.3504, 355.5574
1 19 0.640000 113.5665, 341.1124, 146.6211, 349.7071, 142.6978, 364.7958, 109.6433, 356.2011
1 20 0.670000 117.2376, 341.0783, 149.7203, 349.6083, 145.5713, 365.4080, 113.0886, 356.8780
1 21 0.700000 120.8765, 341.3245, 152.9374, 349.5132, 148.8281, 365.6021, 116.7672, 357.4134
1 22 0.740000 126.0003, 341.4784, 157.4839, 349.2242, 153.3975, 365.8338, 121.9139, 358.0879
1 23 0.770000 130.0462, 341.4369, 161.0683, 348.8878, 156.9538, 366.0185, 125.9317, 358.5675
1 24 0.800000 133.9561, 341.7379, 164.7080, 348.5873, 160.8875, 365.7405, 130.1355, 358.8911
1 25 0.840000 139.4358, 341.8676, 169.7423, 348.0547, 166.1858, 365.4756, 135.8793, 359.2885
1 26 0.870000 143.6741, 341.8169, 173.6205, 347.5382, 170.2242, 365.3145, 140.2779, 359.5932
1 27 0.900000 147.8755, 341.9466, 177.5262, 347.1407, 174.4181, 364.8829, 144.7674, 359.6887
1 28 0.940000 153.4858, 342.0751, 182.8018, 346.4827, 180.1367, 364.2090, 150.8207, 359.8014
1 29 0.970000 157.7233, 342.0219, 186.8074, 345.8890, 184.4299, 363.7702, 155.3458, 359.9031
1 30 1.000000 161.9537, 342.1768, 190.7735, 345.4614, 188.7720, 363.0229, 159.9523, 359.7383
1 31 1.040000 167.6030, 342.1569, 196.0833, 344.7015, 194.5344, 362.0372, 166.0541, 359.4926
1 32 1.070000 171.8136, 341.8934, 200.0608, 343.8784, 198.8338, 361.3404, 170.5865, 359.3555
1 33 1.110000 177.3876, 341.5859, 205.2754, 342.8445, 204.4995, 360.0383, 176.6117, 358.7798
1 34 1.140000 181.5271, 341.3669, 209.1084, 342.0802, 208.6766, 358.7785, 181.0953, 358.0653
1 35 1.170000 185.5874, 340.6183, 212.9241, 340.8481, 212.7816, 357.8060, 185.4448, 357.5762
1 36 1.210000 190.8834, 339.5718, 217.8616, 339.1536, 218.1251, 356.1495, 191.1468, 356.5677
1 37 1.240000 194.7949, 338.8137, 221.4612, 337.9932, 221.9708, 354.5578, 195.3045, 355.3783
1 38 1.270000 198.5670, 337.5417, 224.9751, 336.3603, 225.7283, 353.1970, 199.3202, 354.3784
1 39 1.310000 203.4572, 335.8449, 229.4777, 334.2394, 230.5059, 350.9037, 204.4853, 352.5092
1 40 1.340000 207.0149, 334.5633, 232.7139, 332.6778, 233.8975, 348.8098, 208.1985, 350.6953
1 41 1.370000 210.4143, 332.7442, 235.8346, 330.6639, 237.1643, 346.9119, 211.7440, 348.9922
1 42 1.410000 214.7848, 330.2624, 239.7979, 327.9895, 241.2419, 343.8801, 216.2288, 346.1531
1 43 1.440000 217.9400, 328.3498, 242.6621, 326.0109, 244.1066, 341.2794, 219.3845, 343.6183
1 44 1.470000 220.9259, 325.8786, 245.3642, 323.5454, 246.8312, 338.9110, 222.3929, 341.2443
1 45 1.510000 224.7484, 322.6167, 248.8128, 320.3539, 250.2301, 335.4268, 226.1658, 337.6896
1 46 1.540000 227.4667, 320.3406, 251.2933, 318.1460, 252.6282, 332.6388, 228.8017, 334.8335
1 47 1.570000 230.0745, 317.8597, 253.6493, 315.7711, 254.9253, 330.1736, 231.3505, 332.2622
1 48 1.610000 233.3980, 314.7893, 256.6673, 312.8718, 257.8195, 326.8543, 234.5503, 328.7718
1 49 1.640000 235.7727, 312.7026, 258.8291, 310.8948, 259.8783, 324.2764, 236.8219, 326.0842
1 50 1.670000 238.0441, 310.4123, 260.8871, 308.7352, 261.8593, 321.9773, 239.0163, 323.6545
1 51 1.710000 240.9281, 307.5223, 263.5038, 305.9994, 264.3657, 318.7759, 241.7899, 320.2987
1 52 1.740000 242.9938, 305.4256, 265.3799, 304.0290, 266.1432, 316.2626, 243.7570, 317.6592
1 53 1.770000 244.9655, 302.9397, 267.1620, 301.6875, 267.8601, 314.0623, 245.6636, 315.3146
1 54 1.810000 247.4698, 299.6602, 269.5293, 298.5747, 270.1345, 310.8735, 248.0750, 311.9590
1 55 1.840000 249.2590, 297.2111, 271.2566, 296.2279, 271.7941, 308.2540, 249.7965, 309.2371
1 56 1.870000 250.9677, 294.3060, 272.9020, 293.4342, 273.3966, 305.8789, 251.4623, 306.7507
1 57 1.910000 253.1378, 290.4351, 274.9915, 289.6685, 275.4357, 302.3301, 253.5820, 303.0967
1 58 1.940000 254.6831, 287.5837, 276.4773, 286.8496, 276.8982, 299.3471, 255.1040, 300.0811
1 59 1.970000 256.1521, 284.3298, 277.8912, 283.6101, 278.3219, 296.6191, 256.5828, 297.3388
1 60 2.010000 258.0049, 280.2903, 279.6723, 279.5143, 280.1448, 292.7076, 258.4773, 293.4835
1 61 2.040000 259.3259, 277.4491, 280.9534, 276.6462, 281.4465, 289.9284, 259.8190, 290.7314
1 62 2.070000 260.5523, 274.6078, 282.1856, 273.7937, 282.7061, 287.6276, 261.0729, 288.4416
1 63 2.110000 262.1310, 271.3136, 283.7652, 270.5068, 284.3000, 284.8478, 262.6658, 285.6547
1 64 2.140000 263.2722, 269.1873, 284.9064, 268.4046, 285.4337, 282.9780, 263.7995, 283.7607
1 65 2.170000 264.3683, 267.1102, 285.9991, 266.3550, 286.5278, 281.4975, 264.8970, 282.2527
1 66 2.210000 265.7770, 264.7936, 287.4033, 264.0954, 287.9063, 279.6769, 266.2800, 280.3751
1 67 2.240000 266.7948, 263.3878, 288.4174, 262.7437, 288.8835, 278.3887, 267.2609, 279.0329
1 68 2.270000 267.7718, 262.0006, 289.3875, 261.4077, 289.8262, 277.4028, 268.2105, 277.9957
1 69 2.310000 269.0334, 260.5525, 290.6377, 260.0528, 291.0099, 276.1448, 269.4056, 276.6445
1 70 2.340000 269.9440, 259.7391, 291.5386, 259.3125, 291.8535, 275.2516, 270.2590, 275.6783
1 71 2.370000 270.8219, 258.9436, 292.3938, 258.5744, 292.6681, 274.6057, 271.0962, 274.9749
1 72 2.410000 271.9514, 258.2117, 293.4972, 257.9331, 293.7025, 273.8101, 272.1568, 274.0887
1 73 2.440000 272.7797, 257.9553, 294.3033, 257.7769, 294.4312, 273.2018, 272.9076, 273.3802
1 74 2.470000 273.5555, 257.6372, 295.0575, 257.5078, 295.1499, 272.8738, 273.6479, 273.0031
1 75 2.510000 274.4750, 257.5557, 296.0215, 257.4996, 296.0602, 272.3580, 274.5137, 272.4141
1 76 2.540000 275.1383, 257.6452, 296.7275, 257.6536, 296.7219, 271.9303, 275.1328, 271.9219
1 77 2.570000 275.7475, 257.5377, 297.3897, 257.5398, 297.3883, 271.7286, 275.7461, 271.7265
1 78 2.610000 276.5181, 257.5586, 298.2416, 257.5363, 298.2558, 271.2953, 276.5323, 271.3177
1 79 2.640000 277.0657, 257.6934, 298.8542, 257.6375, 298.8880, 270.8354, 277.0996, 270.8913
1 80 2.670000 277.5705, 257.5828, 299.4318, 257.4417, 299.5166, 270.5838, 277.6554, 270.7249
1 81 2.710000 278.2043, 257.5725, 300.1661, 257.3058, 300.3208, 270.0454, 278.3589, 270.3120
1 82 2.740000 278.6511, 257.6845, 300.6899, 257.3220, 300.8895, 269.4598, 278.8507, 269.8222
1 83 2.770000 279.0378, 257.4941, 301.1600, 256.9662, 301.4497, 269.1036, 279.3274, 269.6315
1 84 2.800000 279.3976, 257.5447, 301.6390, 256.8594, 301.9960, 268.4438, 279.7545, 269.1291
1 85 2.840000 279.7884, 257.3867, 302.2082, 256.4292, 302.6875, 267.6497, 280.2676, 268.6073
1 86 2.870000 280.0124, 257.0705, 302.5573, 255.8848, 303.1500, 267.1550, 280.6052, 268.3407
1 87 2.900000 280.1821, 256.8795, 302.8526, 255.4723, 303.5246, 266.2991, 280.8542, 267.7063
1 88 2.940000 280.2717, 256.1752, 303.0935, 254.4370, 303.9287, 265.4026, 281.1069, 267.1408
1 89 2.970000 280.2506, 255.7484, 303.1803, 253.7417, 304.1402, 264.7104, 281.2106, 266.7171
1 90 3.000000 280.1115, 255.0268, 303.1395, 252.7425, 304.2787, 264.2270, 281.2507, 266.5113
1 91 3.040000 279.7808, 254.1415, 302.9424, 251.5158, 304.2910, 263.4113, 281.1293, 266.0370
1 92 3.070000 279.4297, 253.6233, 302.6796, 250.7506, 304.1430, 262.5942, 280.8931, 265.4670
1 93 3.100000 278.9079, 252.7006, 302.2631, 249.6182, 303.9123, 262.1144, 280.5571, 265.1968
1 94 3.140000 278.0394, 251.6614, 301.5226, 248.2995, 303.3661, 261.1767, 279.8829, 264.5386
1 95 3.170000 277.2464, 250.9547, 300.8302, 247.4127, 302.7658, 260.3007, 279.1820, 263.8427
1 96 3.200000 276.2438, 249.8498, 299.9358, 246.1369, 302.0633, 259.7123, 278.3713, 263.4252
1 97 3.240000 274.6980, 248.4213, 298.5408, 244.5484, 300.8388, 258.6959, 276.9960, 262.5688
1 98 3.270000 273.3789, 247.4043, 297.3507, 243.4658, 299.6922, 257.7175, 275.7204, 261.6560
1 99 3.300000 271.8343, 245.9594, 295.9473, 241.9882, 298.4203, 257.0038, 274.3073, 260.9751
1 100 3.340000 269.5486, 244.0613, 293.8820, 240.1261, 296.4092, 255.7536, 272.0758, 259.6888
1 101 3.370000 267.6635, 242.6342, 292.1724, 238.7750, 294.6645, 254.6018, 270.1556, 258.4610
1 102 3.400000 265.5525, 240.7977, 290.2559, 237.0263, 292.7965, 253.6673, 268.0931, 257.4388
1 103 3.440000 262.5418, 238.4482, 287.5162, 234.8545, 289.9928, 252.0650, 265.0183, 255.6587
1 104 3.470000 260.1516, 236.7635, 285.3536, 233.3870, 287.6689, 250.6687, 262.4669, 254.0452
1 105 3.500000 257.5944, 234.8479, 283.0542, 231.7235, 285.2413, 249.5458, 259.7815, 252.6702
1 106 3.540000 254.0567, 232.5785, 279.8714, 229.8767, 281.7904, 248.2123, 255.9757, 250.9142
1 107 3.570000 251.3073, 231.2371, 277.3844, 228.8476, 279.0838, 247.3931, 253.0067, 249.7827
1 108 3.600000 248.4601, 229.9735, 274.7959, 227.8858, 276.3128, 247.0207, 249.9770, 249.1084
1 109 3.640000 244.5782, 228.9185, 271.2394, 227.2126, 272.4878, 246.7232, 245.8266, 248.4291
1 110 3.670000 241.6200, 228.5101, 268.5289, 227.1393, 269.5268, 246.7285, 242.6179, 248.0993
1 111 3.700000 238.6038, 228.2617, 265.7440, 227.1982, 266.5236, 247.0945, 239.3834, 248.1580
1 112 3.740000 234.5463, 228.4679, 261.9736, 227.8368, 262.4343, 247.8566, 235.0070, 248.4877
1 113 3.770000 231.4827, 229.0591, 259.1046, 228.7578, 259.3212, 248.6167, 231.6993, 248.9180
1 114 3.800000 228.3984, 229.8125, 256.1966, 229.8230, 256.1891, 249.7762, 228.3909, 249.7657
1 115 3.840000 224.2877, 231.4406, 252.2890, 231.8810, 251.9785, 251.6216, 223.9772, 251.1813
1 116 3.870000 221.2120, 233.1429, 249.3393, 233.9184, 248.8061, 253.2587, 220.6787, 252.4832
1 117 3.900000 218.1424, 235.0782, 246.3740, 236.1708, 245.6329, 255.3197, 217.4013, 254.2271
1 118 3.940000 214.0800, 238.3228, 242.4102, 239.8566, 241.4055, 258.4152, 213.0753, 256.8814
1 119 3.970000 211.0655, 241.2150, 239.4324, 243.0892, 238.2523, 260.9507, 209.8854, 259.0765
1 120 4.000000 208.0947, 244.1932, 236.4785, 246.3935, 235.1313, 263.7719, 206.7476, 261.5717
1 121 4.040000 204.2295, 248.3105, 232.5673, 250.8460, 231.0872, 267.3870, 202.7495, 264.8515
1 122 4.070000 201.4690, 251.3649, 229.7247, 254.2458, 228.1387, 269.8019, 199.8829, 266.9210
1 123 4.100000 198.7689, 254.0497, 226.9419, 257.0267, 225.3381, 272.2046, 197.1651, 269.2276
1 124 4.140000 195.3550, 257.4215, 223.3994, 260.5929, 221.7678, 275.0212, 193.7234, 271.8498
1 125 4.170000 192.8903, 259.8733, 220.8454, 263.1232, 219.2541, 276.8120, 191.2989, 273.5622
1 126 4.200000 190.5365, 261.9680, 218.4077, 265.2147, 216.8407, 278.6658, 188.9696, 275.4191
1 127 4.240000 187.5437, 264.6922, 215.3068, 267.9372, 213.7993, 280.8357, 186.0361, 277.5907
1 128 4.270000 185.3936, 266.9032, 213.0374, 270.1002, 211.6515, 282.0836, 184.0077, 278.8865
1 129 4.300000 183.3253, 268.7520, 210.9013, 271.8355, 209.5917, 283.5474, 182.0157, 280.4639
1 130 4.340000 180.6748, 271.2144, 208.1564, 274.0657, 206.9388, 285.8018, 179.4571, 282.9505
1 131 4.370000 178.8344, 272.5091, 206.2250, 275.1962, 205.0013, 287.6696, 177.6107, 284.9824
1 132 4.400000 176.9762, 274.1626, 204.3376, 276.6721, 203.1922, 289.1607, 175.8308, 286.6512
1 133 4.440000 174.6499, 276.0209, 201.9110, 278.3381, 200.7895, 291.5328, 173.5284, 289.2156
1 134 4.470000 172.9202, 277.4329, 200.1288, 279.5231, 199.0703, 293.3020, 171.8617, 291.2119
1 135 4.500000 171.1841, 279.0080, 198.3721, 280.8557, 197.4231, 294.8206, 170.2350, 292.9730
1 136 4.540000 168.8804, 280.9609, 196.0863, 282.4765, 195.2972, 296.6421, 168.0913, 295.1265
1 137 4.570000 167.1866, 281.9729, 194.4351, 283.3088, 193.7106, 298.0872, 166.4621, 296.7514
1 138 4.600000 165.5094, 283.2369, 192.7614, 284.3754, 192.1543, 298.9065, 164.9023, 297.7680
1 139 4.640000 163.2767, 284.4209, 190.5709, 285.3323, 190.0832, 299.9380, 162.7890, 299.0267
1 140 4.670000 161.5751, 284.8915, 188.9552, 285.6420, 188.5418, 300.7241, 161.1618, 299.9736
1 141 4.700000 159.8927, 285.4991, 187.3050, 286.1287, 186.9627, 301.0307, 159.5504, 300.4011
1 142 4.740000 157.6037, 285.7531, 185.1220, 286.2750, 184.8334, 301.4943, 157.3150, 300.9725
1 143 4.770000 155.8428, 285.5023, 183.4869, 285.9797, 183.2117, 301.9159, 155.5676, 301.4385
1 144 4.800000 154.0863, 285.3553, 181.8125, 285.8537, 181.5238, 301.9173, 153.7976, 301.4190
1 145 4.840000 151.6891, 284.8258, 179.5373, 285.3930, 179.2037, 301.7734, 151.3556, 301.2062
1 146 4.870000 149.8473, 284.0467, 177.8226, 284.7349, 177.4056, 301.6846, 149.4303, 300.9964
1 147 4.900000 148.0109, 283.5014, 176.0389, 284.3645, 175.5253, 301.0443, 147.4973, 300.1812
1 148 4.940000 145.5445, 282.2113, 173.6683, 283.4782, 172.9118, 300.2709, 144.7880, 299.0040
1 149 4.970000 143.6742, 280.9504, 171.8770, 282.5687, 170.8966, 299.6535, 142.6939, 298.0353
1 150 5.000000 141.8209, 279.8377, 170.0483, 281.8944, 168.8261, 298.6689, 140.5986, 296.6121
1 151 5.040000 139.3222, 278.1185, 167.6116, 280.7580, 166.0542, 297.4506, 137.7647, 294.8111
1 152 5.070000 137.4443, 276.7416, 165.7976, 279.8124, 163.9774, 296.6181, 135.6241, 293.5472
1 153 5.100000 135.5649, 275.6869, 163.9351, 279.1674, 161.9346, 295.4732, 133.5645, 291.9927
1 154 5.140000 133.0842, 274.0982, 161.5214, 278.1007, 159.2656, 294.1274, 130.8285, 290.1250
1 155 5.170000 131.2548, 272.7878, 159.7783, 277.1428, 157.3254, 293.2081, 128.8019, 288.8531
1 156 5.200000 129.4593, 271.7223, 158.0248, 276.4113, 155.4681, 291.9871, 126.9025, 287.2982
1 157 5.240000 127.1446, 270.1048, 155.8201, 275.1754, 153.1227, 290.4297, 124.4473, 285.3591
1 158 5.270000 125.4950, 268.6967, 154.2958, 274.0233, 151.4657, 289.3254, 122.6650, 283.9989
1 159 5.300000 123.9087, 267.5580, 152.7710, 273.1057, 149.9469, 287.7985, 121.0846, 282.2508
1 160 5.340000 121.9358, 265.7151, 150.9861, 271.5520, 148.1169, 285.8317, 119.0667, 279.9948
1 161 5.370000 120.5934, 264.0739, 149.8079, 270.0476, 146.8875, 284.3299, 117.6730, 278.3562
1 162 5.400000 119.2620, 262.6371, 148.7258, 268.7285, 145.9095, 282.3511, 116.4457, 276.2597
1 163 5.440000 117.7490, 260.3227, 147.5238, 266.4607, 144.8025, 279.6613, 115.0277, 273.5233
1 164 5.470000 116.8413, 258.2755, 146.8003, 264.3869, 144.0851, 277.6975, 114.1261, 271.5861
1 165 5.500000 115.9442, 256.5246, 146.1638, 262.5633, 143.6180, 275.3033, 113.3984, 269.2646
1 166 5.540000 114.9601, 254.1415, 145.4943, 260.0173, 143.1178, 272.3668, 112.5837, 266.4909
1 167 5.570000 114.3442, 252.4778, 145.0968, 258.2130, 142.8239, 270.4007, 112.0713, 264.6656
1 168 5.600000 113.8386, 250.8044, 144.8224, 256.4276, 142.6480, 268.4083, 111.6643, 262.7851
1 169 5.640000 113.3239, 248.6934, 144.5944, 254.0970, 142.4288, 266.6293, 111.1583, 261.2257
1 170 5.670000 113.0308, 247.4386, 144.4802, 252.6745, 142.3631, 265.3908, 110.9137, 260.1549
1 171 5.700000 112.8418, 246.0749, 144.5038, 251.1326, 142.3596, 264.5554, 110.6976, 259.4977
1 172 5.740000 112.7119, 244.7252, 144.5983, 249.5291, 142.5055, 263.4202, 110.6191, 258.6163
1 173 5.770000 112.7066, 244.0677, 144.7182, 248.6691, 142.7249, 262.5365, 110.7133, 257.9351
1 174 5.800000 112.7919, 243.3279, 144.9539, 247.6918, 143.0129, 261.9973, 110.8508, 257.6334
1 175 5.840000 113.0143, 242.7922, 145.3266, 246.8050, 143.5330, 261.2479, 111.2207, 257.2352
1 176 5.870000 113.2628, 242.7335, 145.6463, 246.4642, 144.0108, 260.6612, 111.6273, 256.9305
1 177 5.900000 113.5780, 242.5731, 146.0646, 245.9922, 144.5436, 260.4432, 112.0570, 257.0240
1 178 5.940000 114.0854, 242.8403, 146.6507, 245.8210, 145.3438, 260.1002, 112.7785, 257.1196
1 179 5.970000 114.5200, 243.3494, 147.1176, 245.9753, 146.0008, 259.8390, 113.4033, 257.2131
1 180 6.000000 114.9894, 243.7826, 147.6367, 246.0059, 146.6928, 259.8665, 114.0454, 257.6432
1 181 6.040000 115.6726, 244.5118, 148.3845, 246.2692, 147.6489, 259.9615, 114.9370, 258.2041
1 182 6.070000 116.2255, 245.2713, 148.9525, 246.7067, 148.3734, 259.9098, 115.6465, 258.4744
1 183 6.100000 116.7712, 245.7472, 149.5693, 246.8744, 149.1120, 260.1823, 116.3139, 259.0551
1 184 6.140000 117.5003, 246.5667, 150.3762, 247.2896, 150.0873, 260.4297, 117.2113, 259.7069
1 185 6.170000 118.0514, 247.3621, 150.9729, 247.8439, 150.7798, 261.0338, 117.8584, 260.5520
1 186 6.200000 118.5730, 247.8551, 151.5828, 248.1616, 151.4598, 261.4099, 118.4500, 261.1033
1 187 6.240000 119.2258, 248.2611, 152.3579, 248.3471, 152.3217, 262.2602, 119.1897, 262.1742
1 188 6.270000 119.6572, 248.4787, 152.9196, 248.4894, 152.9150, 263.0787, 119.6525, 263.0681
1 189 6.300000 120.0665, 249.0268, 153.4560, 249.0221, 153.4580, 263.6395, 120.0685, 263.6442
1 190 6.340000 120.5246, 249.6958, 154.1195, 249.6912, 154.1216, 264.6164, 120.5266, 264.6210
1 191 6.370000 120.8097, 250.0882, 154.5967, 250.1617, 154.5631, 265.6163, 120.7761, 265.5427
1 192 6.400000 121.0985, 250.8989, 155.0143, 251.1097, 154.9196, 266.3489, 121.0038, 266.1381
1 193 6.440000 121.4239, 251.9202, 155.5419, 252.4195, 155.3188, 267.6626, 121.2009, 267.1634
1 194 6.470000 121.6153, 252.6357, 155.9210, 253.3844, 155.5827, 268.8842, 121.2771, 268.1356
1 195 6.500000 121.7985, 253.7516, 156.2972, 254.8704, 155.8125, 269.8174, 121.3138, 268.6986
1 196 6.540000 121.9457, 254.7978, 156.7853, 256.2624, 156.1620, 271.0899, 121.3224, 269.6253
1 197 6.570000 122.1660, 255.1265, 157.1387, 256.9860, 156.3283, 272.2273, 121.3556, 270.3678
1 198 6.600000 122.2547, 255.7238, 157.5243, 257.7908, 156.6599, 272.5400, 121.3903, 270.4730
1 199 6.640000 122.5272, 255.8883, 158.0761, 258.3596, 157.0568, 273.0218, 121.5080, 270.5505
1 200 6.670000 122.8202, 255.5653, 158.5377, 258.3112, 157.3832, 273.3278, 121.6658, 270.5819
1 201 6.700000 123.1289, 255.3068, 159.0708, 258.4130, 157.8165, 272.9265, 121.8746, 269.8203
1 202 6.740000 123.6758, 254.2139, 159.8962, 257.6065, 158.5257, 272.2384, 122.3053, 268.8458
1 203 6.770000 124.1757, 253.2970, 160.5868, 256.8472, 159.1512, 271.5708, 122.7401, 268.0205
1 204 6.800000 124.7814, 251.6599, 161.4341, 255.3153, 159.8618, 271.0809, 123.2091, 267.4255
1 205 6.840000 125.7479, 249.3684, 162.6774, 253.0886, 161.0057, 269.6824, 124.0762, 265.9621
1 206 6.870000 126.6031, 247.5858, 163.6819, 251.2660, 162.0217, 267.9918, 124.9430, 264.3116
1 207 6.900000 127.5830, 244.9764, 164.8667, 248.5388, 163.1546, 266.4573, 125.8709, 262.8949
1 208 6.940000 129.0699, 241.3835, 166.5267, 244.6434, 164.8879, 263.4735, 127.4311, 260.2136
1 209 6.970000 130.3019, 238.6624, 167.8305, 241.5878, 166.3555, 260.5090, 128.8269, 257.5835
1 210 7.000000 131.6340, 235.2289, 169.2222, 237.6888, 167.9094, 257.7490, 130.3212, 255.2891
1 211 7.040000 133.4891, 231.0409, 171.0735, 232.7765, 170.1201, 253.4233, 132.5357, 251.6878
1 212 7.070000 134.9426, 228.1750, 172.4782, 229.3875, 171.8130, 249.9802, 134.2774, 248.7677
1 213 7.100000 136.4104, 224.8810, 173.9344, 225.6044, 173.5206, 247.0748, 135.9965, 246.3515
1 214 7.140000 138.3836, 220.9048, 175.8262, 220.9523, 175.7983, 242.9388, 138.3557, 242.8913
1 215 7.170000 139.8558, 218.0841, 177.2232, 217.6394, 177.4862, 239.7330, 140.1188, 240.1776
1 216 7.200000 141.2873, 214.9280, 178.5855, 214.0124, 179.1463, 236.8555, 141.8480, 237.7711
1 217 7.240000 143.1396, 210.8564, 180.3394, 209.3808, 181.2683, 232.7971, 144.0684, 234.2727
1 218 7.270000 144.4687, 207.9552, 181.5534, 206.0373, 182.7656, 229.4771, 145.6810, 231.3950
1 219 7.300000 145.6790, 204.5847, 182.6757, 202.2566, 184.1986, 226.4574, 147.2020, 228.7856
1 220 7.340000 147.1340, 200.0857, 183.9848, 197.1958, 185.9364, 222.0812, 149.0856, 224.9711
1 221 7.370000 148.1150, 196.7985, 184.8358, 193.5154, 187.0541, 218.3270, 150.3334, 221.6101
1 222 7.400000 148.8900, 192.7598, 185.5684, 189.1971, 188.0731, 214.9830, 151.3947, 218.5457
1 223 7.440000 149.7196, 187.4769, 186.2920, 183.5254, 189.1250, 209.7459, 152.5526, 213.6974
1 224 7.470000 150.1722, 183.5372, 186.6823, 179.3371, 189.6795, 205.3913, 153.1694, 209.5913
1 225 7.500000 150.4487, 179.1319, 186.9678, 174.8692, 190.0760, 201.4968, 153.5568, 205.7596
1 226 7.540000 150.6190, 173.8036, 187.1640, 169.4777, 190.3614, 196.4893, 153.8165, 200.8152
1 227 7.570000 150.5917, 170.2862, 187.1550, 165.9060, 190.4304, 193.2467, 153.8670, 197.6268
1 228 7.600000 150.4101, 167.0587, 186.9953, 162.6290, 190.3897, 190.6637, 153.8045, 195.0934
1 229 7.640000 149.9982, 163.6381, 186.6082, 159.1364, 190.1306, 187.7827, 153.5206, 192.2844
1 230 7.670000 149.5700, 161.7112, 186.2083, 157.1821, 189.7726, 186.0152, 153.1342, 190.5443
1 231 7.700000 149.0055, 160.0654, 185.7032, 155.5600, 189.2974, 184.8356, 152.5997, 189.3410
1 232 7.740000 148.0812, 158.6487, 184.8608, 154.1964, 188.4331, 183.7071, 151.6536, 188.1594
1 233 7.770000 147.2561, 158.2037, 184.0873, 153.7763, 187.6149, 183.1220, 150.7837, 187.5494
1 234 7.800000 146.3014, 157.9344, 183.2350, 153.6326, 186.6771, 183.1845, 149.7434, 187.4864
1 235 7.840000 144.8482, 158.3953, 181.9137, 154.2234, 185.2185, 183.5843, 148.1529, 187.7562
1 236 7.870000 143.6381, 159.2965, 180.8041, 155.2390, 183.9685, 184.2247, 146.8025, 188.2822
1 237 7.900000 142.2926, 160.4767, 179.5938, 156.5519, 182.6294, 185.4019, 145.3282, 189.3267
1 238 7.940000 140.3710, 162.8329, 177.8334, 159.1150, 180.6461, 187.4554, 143.1836, 191.1733
1 239 7.970000 138.8409, 165.2054, 176.4167, 161.6698, 179.0142, 189.2751, 141.4384, 192.8107
1 240 8.000000 137.1937, 167.6527, 174.9298, 164.3744, 177.2941, 191.5903, 139.5580, 194.8686
1 241 8.040000 134.8610, 171.2167, 172.7741, 168.2855, 174.8136, 194.6650, 136.9005, 197.5962
1 242 8.070000 133.0175, 174.0219, 170.9921, 171.3077, 172.8090, 196.7286, 134.8344, 199.4427
1 243 8.100000 131.0374, 176.2990, 169.1504, 173.8989, 170.7391, 199.1283, 132.6262, 201.5283
1 244 8.140000 128.3218, 179.4292, 166.5599, 177.4871, 167.8019, 201.9405, 129.5638, 203.8827
1 245 8.170000 126.2507, 181.9494, 164.5127, 180.3585, 165.4827, 203.6863, 127.2206, 205.2772
1 246 8.200000 124.0945, 183.9644, 162.4633, 182.8423, 163.1344, 205.7878, 124.7656, 206.9099
1 247 8.240000 121.2258, 186.7338, 159.6592, 186.3324, 159.8889, 208.3244, 121.4554, 208.7259
1 248 8.270000 119.0678, 189.0337, 157.4778, 189.1449, 157.4177, 209.9033, 119.0077, 209.7921
1 249 8.300000 116.8695, 190.8201, 155.2853, 191.4392, 154.9552, 211.9227, 116.5394, 211.3036
1 250 8.340000 113.9682, 193.6794, 152.2860, 194.9085, 151.6701, 214.1074, 113.3523, 212.8783
1 251 8.370000 111.8397, 195.8569, 150.0223, 197.5973, 149.1959, 215.7277, 111.0133, 213.9873
1 252 8.400000 109.7018, 197.8993, 147.7904, 200.1182, 146.7758, 217.5335, 108.6873, 215.3146
1 253 8.440000 106.9119, 200.7825, 144.7902, 203.5638, 143.5901, 219.9083, 105.7117, 217.1270
1 254 8.470000 104.8021, 203.3025, 142.5526, 206.4157, 141.3156, 221.4156, 103.5651, 218.3023
1 255 8.500000 102.7413, 205.4224, 140.3562, 208.7510, 139.0538, 223.4692, 101.4389, 220.1406
1 256 8.540000 100.1077, 207.5784, 137.6116, 211.3207, 136.0971, 226.4987, 98.5932, 222.7565
1 257 8.570000 98.2586, 208.4534, 135.6971, 212.5248, 133.9476, 228.6122, 96.5091, 224.5408
1 258 8.600000 96.5044, 209.5818, 133.7708, 214.0039, 131.8838, 229.9066, 94.6173, 225.4844
1 259 8.640000 94.2667, 210.2684, 131.4306, 215.0708, 129.2915, 231.6242, 92.1276, 226.8218
1 260 8.670000 92.7383, 210.2714, 129.8434, 215.4672, 127.4131, 232.8228, 90.3080, 227.6270
1 261 8.700000 91.3185, 210.4178, 128.2774, 216.0277, 125.6441, 233.3764, 88.6852, 227.7664
1 262 8.740000 89.6597, 209.8823, 126.4543, 216.1861, 123.3848, 234.1023, 86.5902, 227.7984
1 263 8.770000 88.5435, 209.0926, 125.2557, 215.8189, 121.8355, 234.4864, 85.1233, 227.7601
1 264 8.800000 87.5083, 208.5407, 124.0822, 215.6825, 120.4765, 234.1477, 83.9026, 227.0059
1 265 8.840000 86.3271, 207.2176, 122.7937, 214.8219, 118.8970, 233.5087, 82.4304, 225.9044
1 266 8.870000 85.6186, 205.7661, 122.0694, 213.7226, 117.8900, 232.8692, 81.4392, 224.9127
1 267 8.900000 85.0175, 204.4543, 121.3898, 212.7097, 117.1202, 231.5212, 80.7478, 223.2658
1 268 8.940000 84.4497, 202.2043, 120.7966, 210.8278, 116.4076, 229.3272, 80.0606, 220.7037
1 269 8.970000 84.2053, 199.9547, 120.6575, 208.7357, 116.1041, 227.6380, 79.6520, 218.8570
1 270 9.000000 84.0443, 198.1231, 120.5110, 207.0540, 116.0617, 225.2215, 79.5950, 216.2906
1 271 9.040000 83.9582, 195.5843, 120.5849, 204.4998, 116.2392, 222.3527, 79.6126, 213.4372
1 272 9.070000 83.9723, 194.0793, 120.7112, 202.9630, 116.5008, 220.3754, 79.7619, 211.4917
1 273 9.100000 84.0497, 193.0580, 120.8471, 201.8638, 116.8676, 218.4936, 80.0701, 209.6877
1 274 9.140000 84.2933, 192.0332, 121.1993, 200.7179, 117.4760, 216.5403, 80.5700, 207.8555
1 275 9.170000 84.5826, 191.4226, 121.6232, 199.9593, 118.0285, 215.5569, 80.9878, 207.0202
1 276 9.200000 84.9508, 191.3456, 122.0475, 199.7130, 118.6998, 214.5548, 81.6031, 206.1874
1 277 9.240000 85.5805, 191.4886, 122.8184, 199.5230, 119.7443, 213.7706, 82.5064, 205.7362
1 278 9.270000 86.1688, 191.7618, 123.5516, 199.5241, 120.6251, 213.6180, 83.2423, 205.8557
1 279 9.300000 86.8816, 192.0048, 124.4589, 199.5410, 121.6577, 213.5082, 84.0805, 205.9720
1 280 9.340000 87.9540, 192.8051, 125.7718, 199.9437, 123.0524, 214.3501, 85.2346, 207.2115
1 281 9.370000 88.8300, 193.8773, 126.8062, 200.6528, 124.1924, 215.3030, 86.2162, 208.5275
1 282 9.400000 89.7800, 195.0944, 127.9528, 201.5061, 125.3885, 216.7726, 87.2158, 210.3608
1 283 9.440000 91.1265, 197.4240, 129.5189, 203.2982, 127.0977, 219.1226, 88.7053, 213.2484
1 284 9.470000 92.2106, 199.6784, 130.7236, 205.1460, 128.4511, 221.1534, 89.9381, 215.6858
1 285 9.500000 93.3684, 201.9482, 132.0430, 206.9989, 129.8745, 223.6034, 91.2000, 218.5527
1 286 9.540000 95.1145, 204.9927, 133.9525, 209.6100, 131.9145, 226.7521, 93.0765, 222.1347
1 287 9.570000 96.5932, 207.2285, 135.4817, 211.5309, 133.5850, 228.6746, 94.6966, 224.3722
1 288 9.600000 98.2128, 208.8551, 137.2005, 212.8667, 135.3677, 230.6790, 96.3800, 226.6673
1 289 9.640000 100.5231, 211.2006, 139.5241, 214.5739, 137.9826, 232.3962, 98.9817, 229.0230
1 290 9.670000 102.4121, 212.9497, 141.3314, 215.8671, 140.0371, 233.1336, 101.1178, 230.2162
1 291 9.700000 104.3602, 213.8085, 143.3437, 216.3299, 142.1827, 234.2801, 103.1992, 231.7587
1 292 9.740000 107.1197, 215.0843, 146.0275, 217.0798, 145.1085, 234.9992, 106.2006, 233.0037
1 293 9.770000 109.2518, 215.8764, 148.0896, 217.4635, 147.3649, 235.1968, 108.5271, 233.6097
1 294 9.800000 111.4243, 216.0968, 150.2239, 217.3220, 149.6492, 235.5221, 110.8496, 234.2969
1 295 9.840000 114.3677, 216.1172, 153.1091, 216.8993, 152.7327, 235.5435, 113.9914, 234.7614
1 296 9.870000 116.6529, 216.1424, 155.2574, 216.6484, 155.0165, 235.0268, 116.4120, 234.5208
1 297 9.900000 118.9070, 215.4086, 157.4855, 215.7138, 157.3346, 234.7878, 118.7562, 234.4826
1 298 9.940000 121.9764, 214.3859, 160.4165, 214.4653, 160.3765, 233.7893, 121.9364, 233.7099
1 299 9.970000 124.3076, 213.6014, 162.5976, 213.5486, 162.6239, 232.5569, 124.3338, 232.6097
1 300 10.000000 126.5913, 212.1534, 164.8060, 212.0109, 164.8794, 231.6759, 126.6647, 231.8184
1 301 10.040000 129.6213, 210.3796, 167.7036, 210.1097, 167.8468, 230.3106, 129.7645, 230.5805
1 302 10.070000 131.9010, 209.2004, 169.8610, 208.9111, 170.0167, 229.3401, 132.0567, 229.6295
1 303 10.100000 134.1356, 207.9081, 172.0138, 207.6012, 172.1848, 228.7130, 134.3067, 229.0199
1 304 10.140000 137.1285, 206.6217, 174.8379, 206.3194, 175.0101, 227.8039, 137.3008, 228.1061
1 305 10.170000 139.3758, 205.9834, 176.9189, 205.6836, 177.0895, 227.0474, 139.5464, 227.3473
1 306 10.200000 141.5923, 205.2132, 178.9935, 204.9265, 179.1597, 226.6145, 141.7585, 226.9012
1 307 10.240000 144.5508, 204.5708, 181.7191, 204.3159, 181.8673, 225.9321, 144.6990, 226.1870
1 308 10.270000 146.7783, 204.4087, 183.7314, 204.2002, 183.8504, 225.2948, 146.8973, 225.5032
1 309 10.300000 148.9544, 204.0468, 185.7209, 203.8480, 185.8353, 225.0064, 149.0687, 225.2051
1 310 10.340000 151.8472, 203.9675, 188.3105, 203.7710, 188.4219, 224.4482, 151.9586, 224.6447
1 311 10.370000 154.0052, 204.1769, 190.2056, 203.9818, 190.3131, 223.9271, 154.1127, 224.1223
1 312 10.400000 156.1014, 204.1760, 192.0793, 203.9664, 192.1945, 223.7495, 156.2167, 223.9591
1 313 10.440000 158.8758, 204.5717, 194.5038, 204.3601, 194.6165, 223.3385, 158.9885, 223.5500
1 314 10.470000 160.9206, 205.1455, 196.2575, 204.9134, 196.3758, 222.9215, 161.0389, 223.1536
1 315 10.500000 162.8867, 205.5142, 197.9717, 205.2371, 198.1106, 222.8367, 163.0256, 223.1137
1 316 10.540000 165.4454, 206.2490, 200.1807, 205.9448, 200.3270, 222.6475, 165.5917, 222.9517
1 317 10.570000 167.3053, 206.9816, 201.7613, 206.6406, 201.9174, 222.4079, 167.4614, 222.7490
1 318 10.600000 169.0595, 207.3607, 203.3216, 206.9965, 203.4868, 222.5464, 169.2248, 222.9106
1 319 10.640000 171.2538, 208.0385, 205.3159, 207.6257, 205.4969, 222.5552, 171.4347, 222.9680
1 320 10.670000 172.8081, 208.6934, 206.7663, 208.2891, 206.9348, 222.4451, 172.9766, 222.8494
1 321 10.700000 174.3200, 208.9705, 208.1275, 208.5851, 208.2885, 222.7080, 174.4810, 223.0934
1 322 10.740000 176.1959, 209.5479, 209.8713, 209.2099, 210.0141, 223.4339, 176.3387, 223.7720
1 323 10.770000 177.4934, 209.2850, 211.1112, 208.9938, 211.2430, 224.2150, 177.6253, 224.5062
1 324 10.800000 178.7611, 209.4771, 212.2666, 209.2483, 212.3711, 224.5374, 178.8655, 224.7663
1 325 10.840000 180.3256, 209.6021, 213.7203, 209.4776, 213.7787, 225.1416, 180.3839, 225.2660
1 326 10.870000 181.4105, 209.6354, 214.7430, 209.5964, 214.7619, 225.7071, 181.4293, 225.7461
1 327 10.900000 182.4482, 210.0917, 215.6897, 210.1312, 215.6710, 225.9027, 182.4295, 225.8633
1 328 10.940000 183.7197, 210.5915, 216.8772, 210.7530, 216.8010, 226.4051, 183.6434, 226.2437
1 329 10.970000 184.5924, 210.9097, 217.7152, 211.1637, 217.5940, 226.9658, 184.4712, 226.7118
1 330 11.000000 185.4279, 211.6456, 218.4870, 211.9897, 218.3284, 227.2333, 185.2693, 226.8892
1 331 11.040000 186.4443, 212.5895, 219.4553, 213.0376, 219.2539, 227.8743, 186.2429, 227.4262
1 332 11.070000 187.1389, 213.2653, 220.1448, 213.7834, 219.9124, 228.5864, 186.9065, 228.0682
1 333 11.100000 187.8119, 214.3280, 220.7780, 214.9204, 220.5237, 229.0733, 187.5576, 228.4809
1 334 11.140000 188.6323, 215.3925, 221.5895, 216.0504, 221.3102, 230.0450, 188.3530, 229.3871
1 335 11.170000 189.1855, 216.3827, 222.1697, 217.0658, 221.8796, 231.0740, 188.8954, 230.3908
1 336 11.200000 189.7397, 217.1376, 222.7125, 217.8366, 222.4104, 232.0883, 189.4375, 231.3893
1 337 11.240000 190.3922, 218.5570, 223.4122, 219.2684, 223.0974, 233.8815, 190.0774, 233.1702
1 338 11.270000 190.8331, 219.9416, 223.9014, 220.6156, 223.6049, 235.1654, 190.5366, 234.4914
1 339 11.300000 191.2262, 221.1599, 224.3893, 221.7908, 224.1024, 236.8754, 190.9392, 236.2445
1 340 11.340000 191.7155, 223.2826, 224.9780, 223.8239, 224.7284, 239.1617, 191.4659, 238.6205
1 341 11.370000 192.0551, 225.2602, 225.3737, 225.7110, 225.1677, 240.9396, 191.8491, 240.4888
1 342 11.400000 192.3447, 227.1951, 225.7603, 227.5516, 225.5934, 243.1983, 192.1778, 242.8417
1 343 11.440000 192.6901, 230.3570, 226.2133, 230.5682, 226.1136, 246.4013, 192.5904, 246.1901
1 344 11.470000 192.9160, 233.1104, 226.5111, 233.2052, 226.4666, 248.9710, 192.8715, 248.8763
1 345 11.500000 193.0907, 235.7798, 226.7852, 235.7452, 226.8018, 251.8763, 193.1073, 251.9109
1 346 11.540000 193.3045, 239.2369, 227.1286, 239.1386, 227.1760, 255.4570, 193.3519, 255.5553
1 347 11.570000 193.4286, 241.7128, 227.3133, 241.4798, 227.4240, 257.5632, 193.5392, 257.7962
1 348 11.600000 193.4813, 243.3252, 227.4865, 242.9683, 227.6636, 259.8409, 193.6584, 260.1978
1 349 11.640000 193.5187, 245.4699, 227.6113, 244.8648, 227.9133, 261.8786, 193.8207, 262.4836
1 350 11.670000 193.5291, 246.9861, 227.6638, 246.2320, 228.0295, 262.7821, 193.8948, 263.5362
1 351 11.700000 193.4692, 247.7692, 227.6802, 246.8950, 228.1126, 263.8145, 193.9016, 264.6887
1 352 11.740000 193.3495, 248.7786, 227.6344, 247.7885, 228.1123, 264.3357, 193.8274, 265.3257
1 353 11.770000 193.2473, 249.5560, 227.5143, 248.4906, 227.9979, 264.0460, 193.7309, 265.1114
1 354 11.800000 193.0233, 249.5820, 227.3650, 248.4747, 227.8628, 263.9142, 193.5211, 265.0214
1 355 11.840000 192.6553, 249.2635, 227.0512, 248.1608, 227.5324, 263.1735, 193.1366, 264.2762
1 356 11.870000 192.3189, 248.9267, 226.7280, 247.8388, 227.1836, 262.2497, 192.7745, 263.3376
1 357 11.900000 191.8248, 247.5642, 226.3463, 246.5009, 226.7995, 261.2162, 192.2780, 262.2794
1 358 11.940000 191.0996, 245.6035, 225.7325, 244.6515, 226.1355, 259.3109, 191.5026, 260.2629
1 359 11.970000 190.5025, 243.9204, 225.1833, 243.0969, 225.5262, 257.5393, 190.8454, 258.3628
1 360 12.000000 189.7885, 241.5650, 224.6098, 240.9305, 224.8792, 255.7182, 190.0579, 256.3527
1 361 12.040000 188.7722, 238.5153, 223.7345, 238.1247, 223.9045, 253.3436, 188.9423, 253.7342
1 362 12.070000 187.9699, 236.3366, 223.0499, 236.2240, 223.0997, 251.7249, 188.0196, 251.8375
1 363 12.100000 187.1129, 233.9837, 222.3637, 234.1992, 222.2637, 250.5555, 187.0128, 250.3399
1 364 12.140000 185.9693, 231.1691, 221.4288, 231.9074, 221.0712, 249.0838, 185.6116, 248.3456
1 365 12.170000 185.1145, 229.4916, 220.6804, 230.5911, 220.1478, 247.8190, 184.5818, 246.7194
1 366 12.200000 184.2431, 227.5058, 219.9713, 228.9754, 219.2281, 247.0444, 183.4999, 245.5749
1 367 12.240000 183.1227, 225.4004, 219.0026, 227.3330, 218.0111, 245.7409, 182.1313, 243.8084
1 368 12.270000 182.3453, 223.9359, 218.3176, 226.2957, 217.1025, 244.8173, 181.1302, 242.4575
1 369 12.300000 181.6140, 222.3060, 217.7091, 225.1044, 216.2304, 244.1777, 180.1353, 241.3794
1 370 12.340000 180.7746, 220.3858, 216.9726, 223.8334, 215.1247, 243.2354, 178.9267, 239.7878
1 371 12.370000 180.2369, 219.2509, 216.4577, 223.1589, 214.3902, 242.3218, 178.1693, 238.4138
1 372 12.400000 179.8209, 217.7701, 216.0961, 222.1636, 213.7181, 241.7983, 177.4428, 237.4049
1 373 12.440000 179.4502, 216.1498, 215.7214, 221.1839, 212.9981, 240.8053, 176.7270, 235.7712
1 374 12.470000 179.3399, 215.1173, 215.5451, 220.6623, 212.5950, 239.9250, 176.3897, 234.3800
1 375 12.500000 179.3902, 213.8464, 215.5588, 219.8935, 212.2998, 239.3862, 176.1311, 233.3390
1 376 12.540000 179.6524, 212.7101, 215.6848, 219.4003, 212.1247, 238.5748, 176.0923, 231.8847
1 377 12.570000 179.9662, 212.3225, 215.8510, 219.4183, 212.1770, 237.9982, 176.2922, 230.9024
1 378 12.600000 180.4360, 211.9039, 216.2003, 219.3698, 212.3340, 237.8908, 176.5697, 230.4248
1 379 12.640000 181.2466, 211.9129, 216.8015, 219.7827, 212.8000, 237.8607, 177.2451, 229.9910
1 380 12.670000 181.9963, 212.3404, 217.3575, 220.4454, 213.3546, 237.9098, 177.9933, 229.8047
1 381 12.700000 182.9216, 212.7158, 218.1303, 221.0046, 214.0331, 238.4085, 178.8244, 230.1198
1 382 12.740000 184.3498, 213.7699, 219.3155, 222.2043, 215.2280, 239.1495, 180.2623, 230.7151
1 383 12.770000 185.5611, 214.9744, 220.3213, 223.4357, 216.3459, 239.7670, 181.5857, 231.3057
1 384 12.800000 186.9471, 216.1345, 221.5501, 224.5704, 217.5848, 240.8355, 182.9818, 232.3995
1 385 12.840000 188.9640, 218.2584, 223.3351, 226.5513, 219.5176, 242.3736, 185.1464, 234.0808
1 386 12.870000 190.5939, 220.2976, 224.7771, 228.4028, 221.1640, 243.6406, 186.9809, 235.5354
1 387 12.900000 192.3658, 222.3534, 226.4140, 230.2232, 222.9062, 245.3994, 188.8580, 237.5296
1 388 12.940000 194.8502, 225.7230, 228.7089, 233.1733, 225.4515, 247.9770, 191.5928, 240.5268
1 389 12.970000 196.8019, 228.6885, 230.5177, 235.7434, 227.5159, 250.0893, 193.8000, 243.0344
1 390 13.000000 198.8734, 231.6125, 232.4980, 238.1963, 229.6807, 252.5850, 196.0560, 246.0013
1 391 13.040000 201.8701, 235.5376, 235.3452, 241.5745, 232.7859, 255.7662, 199.3108, 249.7293
1 392 13.070000 204.3066, 238.5113, 237.5997, 244.1669, 235.2594, 257.9435, 201.9663, 252.2879
1 393 13.100000 206.9114, 240.8421, 240.1100, 246.1138, 237.9237, 259.8817, 204.7251, 254.6100
1 394 13.140000 210.5383, 244.0040, 243.5548, 248.6078, 241.6355, 262.3722, 208.6189, 257.7683
1 395 13.170000 213.3519, 246.3155, 246.2429, 250.3547, 244.5528, 264.1164, 211.6619, 260.0771
1 396 13.200000 216.2687, 248.2705, 249.0283, 251.7086, 247.5844, 265.4659, 214.8249, 262.0278
1 397 13.240000 220.2507, 250.8136, 252.8274, 253.5190, 251.6822, 267.3094, 219.1055, 264.6041
1 398 13.270000 223.3155, 252.2750, 255.7117, 254.3710, 254.7785, 268.7951, 222.3823, 266.6990
1 399 13.300000 226.3332, 253.9980, 258.5973, 255.4903, 257.9351, 269.8067, 225.6710, 268.3144
1 400 13.340000 230.3243, 256.0671, 262.4142, 256.6584, 262.1470, 271.1616, 230.0571, 270.5702
1 401 13.370000 233.2609, 257.2801, 265.2698, 257.2575, 265.2805, 272.3862, 233.2716, 272.4088
1 402 13.400000 236.2015, 258.9179, 268.0374, 258.3091, 268.3200, 273.0814, 236.4840, 273.6902
1 403 13.440000 240.0003, 260.7149, 271.6618, 259.4237, 272.2691, 274.3142, 240.6075, 275.6054
1 404 13.470000 242.7284, 261.9296, 274.2680, 260.1082, 275.1477, 275.3411, 243.6081, 277.1626
1 405 13.500000 245.3958, 263.3603, 276.7952, 261.0772, 277.8897, 276.1304, 246.4903, 278.4135
1 406 13.540000 248.7597, 265.0896, 279.9920, 262.2358, 281.3734, 277.3541, 250.1411, 280.2079
1 407 13.570000 251.0928, 266.2154, 282.2506, 262.9549, 283.8711, 278.4400, 252.7133, 281.7005
1 408 13.600000 253.3630, 267.6373, 284.3912, 264.0295, 286.1567, 279.2134, 255.1285, 282.8212
1 409 13.640000 256.0821, 269.2576, 287.0239, 265.1988, 289.0360, 280.5373, 258.0941, 284.5961
1 410 13.670000 257.9012, 270.2087, 288.8150, 265.8954, 291.0369, 281.8204, 260.1231, 286.1336
1 411 13.700000 259.6258, 271.4621, 290.5101, 266.9869, 292.8047, 282.8223, 261.9204, 287.2975
1 412 13.740000 261.6409, 272.8987, 292.5284, 268.3464, 294.9067, 284.4832, 264.0192, 289.0356
1 413 13.770000 262.9073, 273.8500, 293.8405, 269.2563, 296.3202, 285.9540, 265.3870, 290.5477
1 414 13.800000 264.0978, 275.2144, 295.0507, 270.6584, 297.4717, 287.1068, 266.5189, 291.6628
1 415 13.840000 265.3784, 276.8330, 296.4166, 272.4226, 298.7826, 289.0734, 267.7444, 293.4837
1 416 13.870000 266.1378, 277.9990, 297.2759, 273.7772, 299.5853, 290.8103, 268.4472, 295.0321
1 417 13.900000 266.8235, 279.4958, 298.0453, 275.5787, 300.1595, 292.4303, 268.9377, 296.3474
1 418 13.940000 267.5016, 281.4804, 298.8716, 278.0700, 300.7144, 295.0210, 269.3444, 298.4314
1 419 13.970000 267.8480, 282.9797, 299.3557, 280.0108, 300.9849, 297.3010, 269.4772, 300.2699
1 420 14.000000 268.1431, 284.8473, 299.7642, 282.4214, 301.0729, 299.4801, 269.4518, 301.9060
1 421 14.040000 268.3339, 287.3189, 300.1073, 285.5755, 301.0463, 302.6889, 269.2729, 304.4323
1 422 14.070000 268.3509, 289.0837, 300.2459, 287.8526, 300.9205, 305.3301, 269.0255, 306.5612
1 423 14.100000 268.3302, 291.2097, 300.2970, 290.5076, 300.6754, 307.7337, 268.7086, 308.4358
1 424 14.140000 268.1693, 294.0161, 300.2409, 293.9614, 300.2703, 311.2415, 268.1988, 311.2962
1 425 14.170000 267.9755, 296.1356, 300.1311, 296.5321, 299.9143, 314.1138, 267.7588, 313.7174
1 426 14.200000 267.7542, 298.7080, 299.9523, 299.5219, 299.5160, 316.7844, 267.3179, 315.9705
1 427 14.240000 267.3910, 302.2266, 299.6599, 303.5355, 298.9620, 320.7407, 266.6931, 319.4318
1 428 14.270000 267.0833, 304.9713, 299.4168, 306.6056, 298.5363, 324.0259, 266.2028, 322.3917
1 429 14.300000 266.7592, 308.2269, 299.1221, 310.1333, 298.1160, 327.2125, 265.7530, 325.3060
1 430 14.340000 266.2987, 312.8161, 298.7188, 315.0163, 297.5666, 331.9932, 265.1465, 329.7930
1 431 14.370000 265.9392, 316.5240, 298.4133, 318.8932, 297.1646, 336.0093, 264.6904, 333.6401
1 432 14.400000 265.5640, 320.8437, 298.0642, 323.3122, 296.7883, 340.1105, 264.2881, 337.6420
1 433 14.440000 265.0442, 327.1113, 297.5972, 329.6326, 296.3044, 346.3240, 263.7514, 343.8027
1 434 14.470000 264.6382, 332.2397, 297.2422, 334.7282, 295.9623, 351.4968, 263.3583, 349.0082
1 435 14.500000 264.1997, 337.8419, 296.8614, 340.2357, 295.6548, 356.6989, 262.9931, 354.3051
1 436 14.540000 263.6890, 344.9352, 296.4359, 347.1877, 295.3102, 363.5533, 262.5633, 361.3008
1 437 14.570000 263.4263, 349.5482, 296.2208, 351.7591, 295.0975, 368.4211, 262.3030, 366.2102
1 438 14.600000 263.1583, 354.0263, 296.0183, 356.1040, 294.9843, 372.4570, 262.1243, 370.3793
1 439 14.640000 262.9577, 359.0569, 295.8622, 361.0139, 294.8867, 377.4163, 261.9822, 375.4593
1 440 14.670000 262.9406, 362.0473, 295.8574, 364.0788, 294.8102, 381.0464, 261.8934, 379.0149
1 441 14.700000 262.8798, 365.1675, 295.8273, 367.0796, 294.8606, 383.7369, 261.9130, 381.8247
1 442 14.740000 262.9061, 368.5393, 295.8926, 370.3593, 294.9671, 387.1328, 261.9806, 385.3128
1 443 14.770000 263.0220, 370.4473, 296.0206, 372.3006, 295.0469, 389.6368, 262.0484, 387.7835
1 444 14.800000 263.1154, 372.5018, 296.1397, 374.2819, 295.2216, 391.3133, 262.1974, 389.5332
1 445 14.840000 263.3289, 374.5494, 296.3786, 376.2817, 295.4792, 393.4404, 262.4295, 391.7081
1 446 14.870000 263.5697, 375.5433, 296.6229, 377.3139, 295.6758, 394.9941, 262.6226, 393.2235
1 447 14.900000 263.7810, 376.7094, 296.8551, 378.4197, 295.9582, 395.7642, 262.8841, 394.0539
1 448 14.940000 264.1550, 377.5917, 297.2398, 379.2839, 296.3488, 396.7049, 263.2639, 395.0127
1 449 14.970000 264.5197, 377.7359, 297.5912, 379.4951, 296.6397, 397.3817, 263.5682, 395.6225
