60 0 0.010000 333.2736, 400.8895, 352.0794, 400.9533, 352.0384, 413.0228, 333.2326, 412.9590
60 1 0.040000 333.0806, 398.1610, 351.7250, 397.3071, 352.2390, 408.5281, 333.5945, 409.3821
60 2 0.070000 332.9260, 392.4989, 351.5189, 391.4277, 352.1439, 402.2757, 333.5510, 403.3469
60 3 0.110000 332.6588, 383.3678, 351.2725, 382.4872, 351.7800, 393.2145, 333.1663, 394.0951
60 4 0.140000 332.3312, 376.8785, 350.9398, 375.8481, 351.5157, 386.2486, 332.9071, 387.2790
60 5 0.170000 332.0601, 370.5625, 350.6620, 369.6979, 351.1426, 380.0365, 332.5406, 380.9011
60 6 0.200000 331.7608, 364.8434, 350.3489, 364.1059, 350.7564, 374.3791, 332.1684, 375.1166
60 7 0.240000 331.3433, 358.0859, 349.9129, 357.5652, 350.2000, 367.8027, 331.6304, 368.3234
60 8 0.270000 331.0095, 353.6458, 349.5636, 353.2970, 349.7560, 363.5324, 331.2020, 363.8813
60 9 0.310000 330.5378, 348.4665, 349.0692, 348.3633, 349.1264, 358.6301, 330.5950, 358.7333
60 10 0.340000 330.1655, 345.0736, 348.6786, 345.1677, 348.6262, 355.4831, 330.1131, 355.3889
60 11 0.370000 329.7795, 342.0550, 348.2732, 342.3565, 348.1039, 352.7402, 329.6102, 352.4387
60 12 0.400000 329.3825, 339.3761, 347.8556, 339.8933, 347.5625, 350.3629, 329.0894, 349.8457
60 13 0.440000 328.8440, 336.2865, 347.2886, 337.1047, 346.8182, 347.7107, 328.3736, 346.8925
60 14 0.470000 328.4336, 334.3050, 346.8601, 335.3458, 346.2545, 346.0666, 327.8281, 345.0258
60 15 0.500000 328.0232, 332.5960, 346.4314, 333.8570, 345.6886, 344.6999, 327.2805, 343.4389
60 16 0.540000 327.4801, 330.7281, 345.8641, 332.2664, 344.9421, 343.2853, 326.5581, 341.7470
60 17 0.570000 327.0795, 329.6245, 345.4462, 331.3523, 344.3964, 342.5113, 326.0297, 340.7835
60 18 0.610000 326.5608, 328.5285, 344.9064, 330.4791, 343.6994, 341.8314, 325.3538, 339.8809
60 19 0.640000 326.1876, 327.9753, 344.5193, 330.0670, 343.2072, 341.5666, 324.8754, 339.4749
60 20 0.670000 325.8307, 327.6449, 344.1503, 329.8522, 342.7471, 341.4984, 324.4275, 339.2912
60 21 0.700000 325.4927, 327.5319, 343.8023, 329.8290, 342.3228, 341.6213, 324.0132, 339.3242
60 22 0.740000 325.0735, 327.7198, 343.3728, 330.0941, 341.8178, 342.0783, 323.5186, 339.7040
60 23 0.770000 324.7835, 328.1188, 343.0770, 330.5189, 341.4861, 342.6449, 323.1925, 340.2447
60 24 0.800000 324.5147, 328.7446, 342.8042, 331.1459, 341.1936, 343.4136, 322.9041, 341.0123
60 25 0.840000 324.1870, 329.9491, 342.4731, 332.3131, 340.8628, 344.7694, 322.5767, 342.4054
60 26 0.870000 323.9627, 331.1411, 342.2470, 333.4501, 340.6560, 346.0486, 322.3717, 343.7396
60 27 0.900000 323.7564, 332.5830, 342.0397, 334.8185, 340.4815, 347.5626, 322.1983, 345.3271
60 28 0.940000 323.5084, 334.8859, 341.7896, 336.9924, 340.2985, 349.9330, 322.0173, 347.8265
60 29 0.970000 323.3451, 336.8620, 341.6234, 338.8487, 340.2008, 351.9366, 321.9226, 349.9499
60 30 1.000000 323.2087, 338.9754, 341.4829, 340.8269, 340.1421, 354.0609, 321.8678, 352.2094
60 31 1.040000 323.0792, 341.8289, 341.3429, 343.4615, 340.1448, 356.8635, 321.8811, 355.2309
60 32 1.070000 323.0262, 343.8867, 341.2777, 345.3275, 340.2119, 358.8283, 321.9604, 357.3875
60 33 1.110000 323.0108, 346.4551, 341.2436, 347.6201, 340.3745, 361.2214, 322.1417, 360.0564
60 34 1.140000 323.0331, 348.2431, 341.2517, 349.1954, 340.5379, 362.8523, 322.3192, 361.9000
60 35 1.170000 323.0722, 349.9305, 341.2739, 350.6560, 340.7283, 364.3449, 322.5266, 363.6194
60 36 1.210000 323.1417, 352.0213, 341.3241, 352.4502, 341.0006, 366.1616, 322.8183, 365.7326
60 37 1.240000 323.1971, 353.4769, 341.3704, 353.6964, 341.2047, 367.4146, 323.0314, 367.1950
60 38 1.270000 323.2404, 354.8663, 341.4012, 354.8624, 341.4042, 368.5619, 323.2433, 368.5658
60 39 1.310000 323.2750, 356.5899, 341.4292, 356.3125, 341.6380, 369.9777, 323.4837, 370.2551
60 40 1.340000 323.2626, 357.7832, 341.4368, 357.3306, 341.7765, 370.9711, 323.6023, 371.4237
60 41 1.370000 323.1752, 358.9430, 341.3952, 358.2846, 341.8859, 371.8644, 323.6659, 372.5229
60 42 1.410000 323.0130, 360.3702, 341.2992, 359.4801, 341.9565, 372.9837, 323.6704, 373.8738
60 43 1.440000 322.8576, 361.3407, 341.1994, 360.3306, 341.9409, 373.7952, 323.5992, 374.8053
60 44 1.470000 322.6149, 362.3310, 341.0092, 361.1308, 341.8814, 374.4980, 323.4871, 375.6982
60 45 1.510000 322.2273, 363.5576, 340.7000, 362.1756, 341.6926, 375.4438, 323.2199, 376.8257
60 46 1.540000 321.8983, 364.3982, 340.4402, 362.9747, 341.4574, 376.2231, 322.9154, 377.6466
60 47 1.570000 321.4231, 365.4137, 340.0200, 363.7580, 341.1863, 376.8567, 322.5893, 378.5124
60 48 1.610000 320.7243, 366.7097, 339.4077, 364.8652, 340.6871, 377.8239, 322.0037, 379.6684
60 49 1.640000 320.1850, 367.5449, 338.9556, 365.7621, 340.1884, 378.7413, 321.4178, 380.5241
60 50 1.670000 319.4499, 368.6424, 338.2808, 366.6281, 339.6533, 379.4596, 320.8224, 381.4738
60 51 1.710000 318.4167, 369.9773, 337.3528, 367.8799, 338.7667, 380.6443, 319.8305, 382.7417
60 52 1.740000 317.6097, 370.8811, 336.6475, 368.9254, 337.9614, 381.7155, 318.9237, 383.6713
60 53 1.770000 316.5787, 372.0738, 335.6837, 369.9016, 337.1272, 382.5974, 318.0223, 384.7697
60 54 1.810000 315.1162, 373.6023, 334.3297, 371.3174, 335.8382, 384.0015, 316.6246, 386.2864
60 55 1.840000 314.0390, 374.6345, 333.3727, 372.6289, 334.6879, 385.3074, 315.3543, 387.3131
60 56 1.870000 312.6678, 376.0341, 332.0688, 373.7628, 333.5492, 386.4081, 314.1482, 388.6794
60 57 1.910000 310.8236, 377.8114, 330.3542, 375.5629, 331.8092, 388.2009, 312.2786, 390.4494
60 58 1.940000 309.4136, 379.0975, 329.0658, 377.1129, 330.3438, 389.7673, 310.6915, 391.7519
60 59 1.970000 307.7623, 380.6667, 327.5596, 378.5431, 328.9156, 391.1844, 309.1183, 393.3080
60 60 2.010000 305.5103, 382.6260, 325.4978, 380.6250, 326.7627, 393.2601, 306.7752, 395.2611
60 61 2.040000 303.7856, 383.8973, 323.9010, 382.2440, 324.9402, 394.8876, 304.8248, 396.5409
60 62 2.070000 301.7275, 385.4260, 322.0266, 383.4606, 323.2463, 396.0576, 302.9472, 398.0231
60 63 2.110000 298.9892, 386.9890, 319.5023, 385.1242, 320.6455, 397.6997, 300.1324, 399.5646
60 64 2.140000 296.9316, 387.8226, 317.5791, 386.3897, 318.4518, 398.9644, 297.8043, 400.3973
60 65 2.170000 294.5594, 388.8676, 315.3979, 387.2398, 316.3769, 399.7725, 295.5384, 401.4003
60 66 2.210000 291.4099, 389.8141, 312.4668, 388.4138, 313.2968, 400.8952, 292.2399, 402.2954
60 67 2.240000 289.0647, 390.1756, 310.2530, 389.3111, 310.7620, 401.7863, 289.5737, 402.6508
60 68 2.270000 286.4342, 390.7486, 307.8145, 389.8106, 308.3592, 402.2244, 286.9789, 403.1625
60 69 2.310000 282.9537, 391.0922, 304.5466, 390.4573, 304.9103, 402.8257, 283.3174, 403.4607
60 70 2.340000 280.4308, 390.9708, 302.1285, 391.0300, 302.0948, 403.3451, 280.3972, 403.2859
60 71 2.370000 277.5731, 391.1663, 299.4728, 391.0685, 299.5274, 403.3002, 277.6278, 403.3980
60 72 2.410000 273.9319, 390.8731, 296.0208, 391.2416, 295.8184, 403.3724, 273.7296, 403.0039
60 73 2.440000 271.2417, 390.3987, 293.4307, 391.2957, 292.9423, 403.3783, 270.7533, 402.4814
60 74 2.470000 268.3476, 390.0986, 290.7222, 390.9808, 290.2489, 402.9845, 267.8743, 402.1023
60 75 2.510000 264.5879, 389.4174, 287.1533, 390.5595, 286.5516, 402.4472, 263.9863, 401.3051
60 76 2.540000 261.9359, 388.5933, 284.5624, 390.3927, 283.6217, 402.2226, 260.9951, 400.4232
60 77 2.570000 259.0784, 388.0635, 281.8698, 389.8828, 280.9304, 401.6509, 258.1390, 399.8316
60 78 2.610000 255.4444, 387.1004, 278.3772, 389.3015, 277.2510, 401.0358, 254.3182, 398.8346
60 79 2.640000 252.8799, 386.1708, 275.8468, 388.9627, 274.4228, 400.6765, 251.4560, 397.8846
60 80 2.670000 250.1273, 385.5290, 273.2595, 388.2347, 271.8913, 399.9319, 248.7591, 397.2262
60 81 2.710000 246.7175, 384.3406, 269.9691, 387.3478, 268.4559, 399.0477, 245.2043, 396.0405
60 82 2.740000 244.3936, 383.1577, 267.6363, 386.7502, 265.8243, 398.4730, 242.5817, 394.8804
60 83 2.770000 241.9028, 382.2265, 265.2917, 385.7109, 263.5411, 397.4615, 240.1522, 393.9771
60 84 2.800000 239.7902, 380.8179, 263.1384, 384.8921, 261.0803, 396.6868, 237.7321, 392.6126
60 85 2.840000 236.9874, 378.9687, 260.3766, 383.3736, 258.1433, 395.2320, 234.7541, 390.8272
60 86 2.870000 234.8786, 377.6157, 258.4012, 381.8698, 256.2470, 393.7811, 232.7244, 389.5269
60 87 2.900000 233.2309, 375.7233, 256.6528, 380.5892, 254.1677, 392.5511, 230.7458, 387.6853
60 88 2.940000 231.0309, 373.2740, 254.4754, 378.3676, 251.8622, 390.3953, 228.4177, 385.3017
60 89 2.970000 229.3462, 371.5562, 252.9562, 376.3239, 250.5168, 388.4038, 226.9068, 383.6361
60 90 3.000000 228.1132, 369.4423, 251.6492, 374.6121, 248.9884, 386.7256, 225.4524, 381.5558
60 91 3.040000 226.4646, 366.9988, 250.0204, 372.3056, 247.2831, 384.4561, 223.7273, 379.1493
60 92 3.070000 225.3105, 365.4377, 248.8908, 370.8022, 246.1196, 382.9837, 222.5392, 377.6192
60 93 3.100000 224.4493, 363.9022, 247.8872, 369.7840, 244.8259, 381.9829, 221.3879, 376.1011
60 94 3.140000 223.3215, 362.3990, 246.6507, 368.6909, 243.3539, 380.9145, 220.0247, 374.6226
60 95 3.170000 222.4624, 361.7006, 245.8087, 368.0268, 242.4876, 380.2829, 219.1413, 373.9567
60 96 3.200000 221.8743, 361.0895, 245.0941, 367.7850, 241.5561, 380.0548, 218.3363, 373.3592
60 97 3.240000 221.0987, 360.8247, 244.2765, 367.6710, 240.6420, 379.9754, 217.4642, 373.1291
60 98 3.270000 220.5286, 361.0346, 243.7690, 367.7511, 240.2016, 380.0949, 216.9613, 373.3785
60 99 3.300000 220.2376, 361.3448, 243.3929, 368.2608, 239.7005, 380.6231, 216.5452, 373.7070
60 100 3.340000 219.8572, 362.3341, 243.0264, 369.1913, 239.3540, 381.5996, 216.1848, 374.7424
60 101 3.370000 219.5853, 363.5110, 242.8486, 370.1082, 239.3158, 382.5657, 216.0525, 375.9685
60 102 3.400000 219.5602, 364.8425, 242.7866, 371.4699, 239.2228, 383.9596, 215.9964, 377.3322
60 103 3.440000 219.5552, 367.1823, 242.8281, 373.5967, 239.3688, 386.1478, 216.0959, 379.7334
60 104 3.470000 219.5843, 369.3088, 242.9616, 375.3690, 239.6935, 387.9757, 216.3162, 381.9155
60 105 3.500000 219.9149, 371.3914, 243.2557, 377.4235, 239.9883, 390.0664, 216.6475, 384.0343
60 106 3.540000 220.5442, 374.1035, 243.9152, 379.8630, 240.7859, 392.5609, 217.4150, 386.8015
60 107 3.570000 221.0468, 376.0105, 244.6233, 381.0424, 241.8781, 393.9051, 218.3016, 388.8732
60 108 3.600000 222.3989, 376.9517, 245.6799, 382.5555, 242.5662, 395.4912, 219.2852, 389.8874
60 109 3.640000 224.2192, 378.0296, 247.3561, 383.6872, 244.1758, 396.6930, 221.0389, 391.0353
60 110 3.670000 225.6020, 378.6725, 248.8237, 383.8526, 245.8994, 396.9621, 222.6777, 391.7820
60 111 3.700000 227.5976, 378.6005, 250.5923, 384.0803, 247.4531, 397.2531, 224.4584, 391.7733
60 112 3.740000 230.2256, 378.3311, 253.1977, 383.4621, 250.2218, 396.7853, 227.2498, 391.6543
60 113 3.770000 232.1862, 377.9855, 255.3140, 382.3521, 252.7761, 395.7945, 229.6483, 391.4279
60 114 3.800000 234.7376, 376.8937, 257.7107, 381.3241, 255.1058, 394.8317, 232.1327, 390.4014
60 115 3.840000 238.1601, 375.1343, 261.0897, 379.1418, 258.7161, 392.7229, 235.7865, 388.7154
60 116 3.870000 240.6209, 373.6680, 263.7059, 376.7398, 261.8871, 390.4082, 238.8021, 387.3364
60 117 3.900000 243.7770, 371.2179, 266.6195, 374.5588, 264.6148, 388.2656, 241.7723, 384.9247
60 118 3.940000 247.7365, 367.8200, 270.5370, 370.6135, 268.8520, 384.3662, 246.0515, 381.5726
60 119 3.970000 250.7317, 365.0014, 273.5271, 367.1951, 272.2036, 380.9479, 249.4082, 378.7541
60 120 4.000000 254.2413, 361.4863, 276.7562, 364.1172, 275.1541, 377.8285, 252.6391, 375.1976
60 121 4.040000 258.5463, 357.3757, 280.9376, 359.6274, 279.5609, 373.3168, 257.1696, 371.0651
60 122 4.070000 261.5946, 354.7998, 283.9985, 356.3382, 283.0601, 370.0039, 260.6562, 368.4655
60 123 4.100000 264.7887, 352.3309, 287.1067, 353.4974, 286.3925, 367.1621, 264.0745, 365.9956
60 124 4.140000 268.9715, 349.5401, 291.1888, 350.0872, 290.8524, 363.7477, 268.6351, 363.2005
60 125 4.170000 272.0153, 347.8048, 294.1747, 347.7199, 294.2272, 361.4237, 272.0678, 361.5086
60 126 4.200000 275.2111, 346.0311, 297.2275, 345.8021, 297.3707, 359.5776, 275.3544, 359.8065
60 127 4.240000 279.2812, 344.1080, 301.1592, 343.3932, 301.6134, 357.2956, 279.7353, 358.0104
60 128 4.270000 282.2474, 342.9128, 304.0249, 341.7758, 304.7545, 355.7499, 282.9769, 356.8869
60 129 4.300000 285.2554, 341.7119, 306.9072, 340.4494, 307.7279, 354.5245, 286.0761, 355.7870
60 130 4.340000 289.1366, 340.3652, 310.6271, 338.8832, 311.6070, 353.0917, 290.1165, 354.5738
60 131 4.370000 291.8404, 339.6715, 313.2563, 337.7316, 314.5508, 352.0216, 293.1348, 353.9616
60 132 4.400000 294.6710, 338.8050, 315.9542, 336.9624, 317.2016, 351.3704, 295.9184, 353.2130
60 133 4.440000 298.1517, 338.0633, 319.3213, 335.9548, 320.7672, 350.4714, 299.5976, 352.5800
60 134 4.470000 300.5923, 337.7351, 321.6990, 335.2676, 323.4033, 349.8459, 302.2965, 352.3134
60 135 4.500000 303.1047, 337.2908, 324.1103, 334.8967, 325.7819, 349.5638, 304.7763, 351.9579
60 136 4.540000 306.1914, 337.0454, 327.1022, 334.4714, 328.9175, 349.2191, 308.0067, 351.7931
60 137 4.570000 308.3032, 337.1219, 329.1729, 334.2033, 331.2401, 348.9843, 310.3704, 351.9029
60 138 4.600000 310.4946, 337.0570, 331.2945, 334.2545, 333.2964, 349.1120, 312.4965, 351.9146
60 139 4.640000 313.1193, 337.3445, 333.8856, 334.3725, 336.0191, 349.2795, 315.2528, 352.2516
60 140 4.670000 314.8386, 337.8750, 335.5460, 334.4859, 337.9843, 349.3833, 317.2768, 352.7724
60 141 4.700000 316.6048, 338.2942, 337.2996, 334.8842, 339.7605, 349.8187, 319.0656, 353.2287
60 142 4.740000 318.6927, 339.1829, 339.3544, 335.5509, 341.9819, 350.4982, 321.3202, 354.1302
60 143 4.770000 320.0610, 340.1071, 340.6962, 336.1693, 343.5453, 351.0999, 322.9101, 355.0376
60 144 4.800000 321.4997, 340.9029, 342.1573, 337.1471, 344.8821, 352.1341, 324.2245, 355.8899
60 145 4.840000 323.1545, 342.3714, 343.8390, 338.6583, 346.5381, 353.6941, 325.8535, 357.4072
60 146 4.870000 324.2141, 343.7840, 344.9010, 339.9850, 347.6669, 355.0468, 326.9801, 358.8457
60 147 4.900000 325.3330, 345.1739, 346.0976, 341.6956, 348.6365, 356.8516, 327.8719, 360.3300
60 148 4.940000 326.6000, 347.4761, 347.4402, 344.2633, 349.7945, 359.5353, 328.9543, 362.7480
60 149 4.970000 327.3965, 349.4717, 348.2833, 346.3793, 350.5579, 361.7424, 329.6711, 364.8348
60 150 5.000000 328.2370, 351.3503, 349.2194, 348.7245, 351.1607, 364.2376, 330.1784, 366.8634
60 151 5.040000 329.0756, 353.8517, 350.1514, 351.6180, 351.8064, 367.2341, 330.7306, 369.4678
60 152 5.070000 329.4232, 355.6453, 350.5400, 353.4138, 352.1830, 368.9624, 331.0662, 371.1939
60 153 5.100000 329.8525, 356.8721, 351.0626, 355.1022, 352.3582, 370.6279, 331.1481, 372.3978
60 154 5.140000 329.9533, 358.3817, 351.2264, 356.5876, 352.5257, 371.9928, 331.2525, 373.7870
60 155 5.170000 329.8268, 359.2193, 351.1381, 357.2664, 352.5417, 372.5842, 331.2304, 374.5370
60 156 5.200000 329.8525, 359.4256, 351.2608, 357.9040, 352.3468, 373.1838, 330.9384, 374.7053
60 157 5.240000 329.6424, 359.2712, 351.2076, 358.2500, 351.9271, 373.4452, 330.3620, 374.4663
60 158 5.270000 329.1532, 359.1350, 350.7214, 357.7856, 351.6667, 372.8946, 330.0985, 374.2440
60 159 5.300000 328.9225, 358.1032, 350.7003, 357.5478, 351.0833, 372.5658, 329.3055, 373.1212
60 160 5.340000 328.2939, 356.4966, 350.2163, 356.2714, 350.3696, 371.1968, 328.4473, 371.4221
60 161 5.370000 327.6786, 355.0213, 349.6117, 354.6463, 349.8656, 369.4962, 327.9325, 369.8712
60 162 5.400000 327.2530, 352.6426, 349.4109, 353.1234, 349.0914, 367.8521, 326.9334, 367.3713
60 163 5.440000 326.4585, 349.2190, 348.7268, 349.9556, 348.2455, 364.5020, 325.9773, 363.7653
60 164 5.470000 325.7153, 346.4293, 347.9780, 346.7776, 347.7521, 361.2135, 325.4894, 360.8652
60 165 5.500000 325.1700, 342.9348, 347.5580, 343.7348, 347.0476, 358.0196, 324.6595, 357.2196
60 166 5.540000 324.2945, 338.4139, 346.7686, 339.2652, 346.2338, 353.3839, 323.7597, 352.5326
60 167 5.570000 323.6598, 335.0633, 346.2113, 336.0890, 345.5746, 350.0866, 323.0231, 349.0608
60 168 5.600000 323.1701, 331.5780, 345.8506, 333.3658, 344.7601, 347.2000, 322.0796, 345.4121
60 169 5.640000 322.4433, 327.2955, 345.2359, 329.7047, 343.7942, 343.3442, 321.0016, 340.9351
60 170 5.670000 321.8329, 324.3531, 344.6945, 326.8673, 343.2091, 340.3738, 320.3475, 337.8596
60 171 5.700000 321.4116, 321.2332, 344.3408, 324.3667, 342.5207, 337.6847, 319.5916, 334.5513
60 172 5.740000 320.8069, 317.3154, 343.8210, 320.7935, 341.8429, 333.8823, 318.8288, 330.4042
60 173 5.770000 320.3297, 314.5136, 343.4257, 317.8769, 341.5399, 330.8263, 318.4439, 327.4630
60 174 5.800000 320.1031, 311.4098, 343.2528, 315.2181, 341.1578, 327.9530, 318.0081, 324.1447
60 175 5.840000 319.8011, 307.3445, 343.0556, 311.2357, 340.9673, 323.7157, 317.7128, 319.8245
60 176 5.870000 319.5594, 304.3440, 342.9400, 307.8371, 341.1017, 320.1417, 317.7210, 316.6485
60 177 5.900000 319.6437, 300.8530, 343.0883, 304.6635, 341.1319, 316.7009, 317.6873, 312.8905
60 178 5.940000 319.7649, 296.1385, 343.3554, 299.8112, 341.5352, 311.5033, 317.9446, 307.8306
60 179 5.970000 319.8555, 292.5666, 343.6138, 295.6972, 342.1057, 307.1426, 318.3473, 304.0121
60 180 6.000000 320.3655, 288.1013, 344.1817, 291.6131, 342.4935, 303.0617, 318.6773, 299.5499
60 181 6.040000 320.8660, 282.6015, 344.8896, 285.6690, 343.3755, 297.5275, 319.3518, 294.4601
60 182 6.070000 321.1388, 278.8288, 345.3905, 281.0786, 344.2533, 293.3374, 320.0015, 291.0877
60 183 6.100000 321.6455, 274.9013, 346.0394, 276.9534, 344.9785, 289.5642, 320.5846, 287.5121
60 184 6.140000 322.1941, 270.0516, 346.8455, 271.3602, 346.1510, 284.4435, 321.4996, 283.1349
60 185 6.170000 322.5696, 266.5749, 347.4172, 267.1749, 347.0934, 280.5858, 322.2457, 279.9857
60 186 6.200000 323.0954, 262.8867, 348.0975, 263.2710, 347.8865, 276.9991, 322.8844, 276.6148
60 187 6.240000 323.6823, 258.0727, 348.9050, 257.9041, 348.9996, 272.0647, 323.7769, 272.2333
60 188 6.270000 323.9618, 254.5820, 349.3778, 253.6463, 349.9104, 268.1134, 324.4944, 269.0490
60 189 6.300000 324.4189, 250.6433, 349.9683, 249.6448, 350.5464, 264.4374, 324.9970, 265.4359
60 190 6.340000 324.7868, 245.3864, 350.5381, 243.9087, 351.4100, 259.1030, 325.6587, 260.5807
60 191 6.370000 324.7972, 241.4711, 350.7230, 239.1550, 352.1057, 254.6333, 326.1799, 256.9494
60 192 6.400000 325.0095, 236.8261, 351.0433, 234.6227, 352.3834, 250.4562, 326.3496, 252.6596
60 193 6.440000 324.9040, 230.5152, 351.1050, 227.9125, 352.7227, 244.1975, 326.5217, 246.8002
60 194 6.470000 324.5403, 225.6924, 350.8795, 222.4551, 352.9166, 239.0291, 326.5774, 242.2664
60 195 6.500000 324.4732, 220.0766, 350.8484, 217.4378, 352.5478, 234.4239, 326.1726, 237.0627
60 196 6.540000 323.8573, 213.3573, 350.3490, 210.4938, 352.2271, 227.8683, 325.7353, 230.7318
60 197 6.570000 323.1235, 208.8985, 349.7451, 205.4329, 352.0375, 223.0417, 325.4158, 226.5074
60 198 6.600000 322.4536, 204.5536, 349.1480, 200.8955, 351.5970, 218.7668, 324.9026, 222.4249
60 199 6.640000 321.2871, 199.4036, 348.0990, 195.2093, 350.9407, 213.3751, 324.1288, 217.5693
60 200 6.670000 320.1844, 196.0164, 347.0851, 191.1756, 350.3804, 209.4874, 323.4796, 214.3283
60 201 6.700000 319.1462, 192.5664, 346.0838, 187.6299, 349.4772, 206.1472, 322.5397, 211.0837
60 202 6.740000 317.4192, 188.4566, 344.4048, 183.1111, 348.1127, 201.8293, 321.1271, 207.1749
60 203 6.770000 315.8483, 185.7082, 342.8668, 179.8444, 346.9493, 198.6553, 319.9309, 204.5192
60 204 6.800000 314.3534, 182.7014, 341.3465, 177.0324, 345.3389, 196.0423, 318.3458, 201.7113
60 205 6.840000 311.9569, 179.0463, 338.9089, 173.3556, 342.9636, 192.5593, 316.0116, 198.2500
60 206 6.870000 309.8406, 176.5462, 336.7631, 170.6193, 341.0096, 189.9089, 314.0871, 195.8358
60 207 6.900000 307.8170, 173.6832, 334.6264, 168.2854, 338.5487, 187.7665, 311.7394, 193.1643
60 208 6.940000 304.6686, 170.1725, 331.3250, 165.1058, 335.0575, 184.7426, 308.4011, 189.8093
60 209 6.970000 301.9588, 167.7721, 328.5177, 162.6536, 332.3126, 182.3451, 305.7537, 187.4635
60 210 7.000000 299.3763, 165.0702, 325.7183, 160.6003, 329.0825, 180.4263, 302.7405, 184.8962
60 211 7.040000 295.3621, 161.9421, 321.6393, 157.9862, 324.6412, 177.9262, 298.3641, 181.8822
60 212 7.070000 292.0645, 159.9419, 318.3837, 156.2297, 321.2055, 176.2359, 294.8863, 179.9481
60 213 7.100000 288.7082, 157.9313, 315.1211, 154.9164, 317.4146, 175.0103, 291.0018, 178.0252
60 214 7.140000 284.0365, 155.7607, 310.6447, 153.3471, 312.4726, 173.4986, 285.8644, 175.9121
60 215 7.170000 280.3768, 154.5445, 307.2121, 152.2473, 308.9380, 172.4087, 282.1027, 174.7059
60 216 7.200000 276.7378, 153.2494, 304.0155, 151.6060, 305.2299, 171.7631, 277.9522, 173.4064
60 217 7.240000 271.7124, 152.0376, 299.3782, 150.8364, 300.2517, 170.9564, 272.5860, 172.1576
60 218 7.270000 267.8375, 151.4673, 295.6864, 150.3439, 296.4962, 170.4221, 268.6474, 171.5454
60 219 7.300000 264.0186, 150.8301, 292.2150, 150.2806, 292.6048, 170.2805, 264.4083, 170.8300
60 220 7.340000 258.8156, 150.4413, 287.3253, 150.2974, 287.4255, 170.1660, 258.9159, 170.3098
60 221 7.370000 254.8248, 150.5102, 283.4635, 150.3481, 283.5755, 170.1271, 254.9368, 170.2892
60 222 7.400000 250.9401, 150.4975, 279.8536, 150.8723, 279.5990, 170.5068, 250.6855, 170.1319
60 223 7.440000 245.6878, 150.9291, 274.8474, 151.6728, 274.3515, 171.1177, 245.1919, 170.3740
60 224 7.470000 241.6850, 151.6060, 270.9386, 152.2926, 270.4851, 171.6146, 241.2315, 170.9280
60 225 7.500000 237.8342, 152.1433, 267.3066, 153.3897, 266.4986, 172.4955, 237.0262, 171.2492
60 226 7.540000 232.6423, 153.1608, 262.2901, 154.6945, 261.3148, 173.5481, 231.6670, 172.0144
60 227 7.570000 228.6600, 154.1881, 258.3275, 155.3547, 257.5908, 174.0891, 227.9233, 172.9224
60 228 7.600000 224.9041, 154.8425, 254.7324, 156.4682, 253.7246, 174.9583, 223.8964, 173.3325
60 229 7.640000 219.8320, 155.9427, 249.7666, 157.6072, 248.7518, 175.8586, 218.8172, 174.1941
60 230 7.670000 215.9960, 156.9157, 245.9485, 158.2431, 245.1452, 176.3709, 215.1926, 175.0436
60 231 7.700000 212.3867, 157.5352, 242.4749, 159.3387, 241.4037, 177.2114, 211.3154, 175.4080
60 232 7.740000 207.5177, 158.6067, 237.6957, 160.4803, 236.6018, 178.0997, 206.4238, 176.2261
60 233 7.770000 203.8338, 159.5757, 234.0300, 161.1237, 233.1330, 178.6219, 202.9368, 177.0739
60 234 7.800000 200.3853, 160.2088, 230.6931, 162.2579, 229.5281, 179.4894, 199.2203, 177.4403
60 235 7.840000 195.7652, 161.2676, 226.1614, 163.5500, 224.8885, 180.5029, 194.4923, 178.2205
60 236 7.870000 192.2933, 162.2172, 222.7263, 164.3784, 221.5330, 181.1811, 191.1001, 179.0199
60 237 7.900000 189.0760, 162.8629, 219.6003, 165.7420, 218.0457, 182.2238, 187.5214, 179.3446
60 238 7.940000 184.7446, 164.0401, 215.3337, 167.2536, 213.6333, 183.4398, 183.0441, 180.2262
60 239 7.970000 181.4518, 165.1768, 212.0686, 168.1046, 210.5309, 184.1844, 179.9141, 181.2565
60 240 8.000000 178.3948, 166.0501, 209.0525, 169.3337, 207.3563, 185.1707, 176.6986, 181.8872
60 241 8.040000 174.3467, 167.2464, 205.0456, 170.5506, 203.3625, 186.1883, 172.6636, 182.8841
60 242 8.070000 171.3209, 168.1204, 202.0460, 171.0260, 200.5693, 186.6419, 169.8441, 183.7363
60 243 8.100000 168.6154, 168.4640, 199.3761, 171.9013, 197.6566, 187.2894, 166.8959, 183.8521
60 244 8.140000 164.9653, 168.9694, 195.7674, 172.3072, 194.1080, 187.6214, 163.3058, 184.2836
60 245 8.170000 162.1934, 169.3879, 193.0202, 172.0403, 191.6921, 187.4758, 160.8653, 184.8233
60 246 8.200000 159.7315, 169.2838, 190.5946, 172.1939, 189.1486, 187.5292, 158.2855, 184.6191
60 247 8.240000 156.3947, 169.1818, 187.2933, 171.6766, 186.0485, 187.0948, 155.1498, 184.6000
60 248 8.270000 153.8383, 169.1480, 184.7284, 170.7211, 183.9316, 186.3677, 153.0415, 184.7946
60 249 8.300000 151.5401, 168.5948, 182.4656, 170.1526, 181.6766, 185.8171, 150.7510, 184.2593
60 250 8.340000 148.3565, 167.9042, 179.2627, 168.5997, 178.9047, 184.5076, 147.9985, 183.8121
60 251 8.370000 145.9196, 167.3166, 176.7414, 166.9783, 176.9191, 183.1659, 146.0973, 183.5042
60 252 8.400000 143.7220, 166.0525, 174.6157, 165.8704, 174.7112, 182.0814, 143.8175, 182.2635
60 253 8.440000 140.6750, 164.2494, 171.5904, 163.7414, 171.8595, 180.1197, 140.9442, 180.6277
60 254 8.470000 138.2754, 162.8756, 169.1109, 161.5972, 169.8006, 178.2324, 138.9651, 179.5108
60 255 8.500000 136.0519, 160.9527, 167.0019, 159.9582, 167.5375, 176.6283, 136.5876, 177.6229
60 256 8.540000 132.9822, 158.6160, 163.9952, 157.5833, 164.5531, 174.3402, 133.5401, 175.3729
60 257 8.570000 130.6772, 156.9796, 161.7372, 155.9898, 162.2725, 172.7875, 131.2125, 173.7772
60 258 8.600000 128.4779, 155.2631, 159.6820, 154.9084, 159.8715, 171.5814, 128.6674, 171.9361
60 259 8.640000 125.5278, 153.2625, 156.8489, 153.5709, 156.6864, 170.0758, 125.3653, 169.7673
60 260 8.670000 123.2188, 152.1218, 154.5341, 152.3440, 154.4171, 168.8375, 123.1018, 168.6153
60 261 8.700000 121.1391, 150.7220, 152.5424, 151.8295, 151.9717, 168.0104, 120.5685, 166.9029
60 262 8.740000 118.2658, 149.2452, 149.6777, 150.7568, 148.9091, 166.7280, 117.4973, 165.2164
60 263 8.770000 116.1109, 148.3029, 147.4882, 149.8419, 146.7098, 165.7126, 115.3324, 164.1736
60 264 8.800000 114.1768, 147.1362, 145.5494, 149.4545, 144.4029, 164.9696, 113.0303, 162.6513
60 265 8.840000 111.5696, 145.8484, 142.8675, 148.5772, 141.5441, 163.7549, 110.2463, 161.0261
60 266 8.870000 109.6267, 144.9919, 140.8503, 147.6943, 139.5496, 162.7234, 108.3259, 160.0210
60 267 8.900000 107.9145, 143.8893, 139.0574, 147.2166, 137.4903, 161.8846, 106.3473, 158.5573
60 268 8.940000 105.6956, 142.5022, 136.6965, 146.3127, 134.9415, 160.5904, 103.9407, 156.7799
60 269 8.970000 103.9439, 141.7216, 134.8582, 145.0700, 133.3147, 159.3212, 102.4004, 155.9729
60 270 9.000000 102.5560, 140.5849, 133.3211, 144.6606, 131.4928, 158.4620, 100.7277, 154.3863
60 271 9.040000 100.6099, 139.5607, 131.2119, 143.7946, 129.3426, 157.3056, 98.7406, 153.0717
60 272 9.070000 99.2461, 139.0240, 129.7038, 143.5169, 127.7523, 156.7459, 97.2946, 152.2529
60 273 9.100000 98.0194, 138.6323, 128.2919, 143.7443, 126.1326, 156.5314, 95.8601, 151.4194
60 274 9.140000 96.4172, 138.5873, 126.4325, 144.2722, 124.1141, 156.5128, 94.0988, 150.8279
60 275 9.170000 95.1914, 138.9526, 125.0597, 144.6843, 122.7668, 156.6325, 92.8985, 150.9008
60 276 9.200000 94.1753, 139.3632, 123.7944, 145.7100, 121.3459, 157.1366, 91.7268, 150.7898
60 277 9.240000 92.7527, 140.3582, 122.2293, 147.1575, 119.7221, 158.0267, 90.2455, 151.2274
60 278 9.270000 91.6995, 141.4532, 121.1141, 148.3168, 118.6563, 158.8499, 89.2417, 151.9863
60 279 9.300000 90.8360, 142.6376, 120.0755, 150.0738, 117.5179, 160.1304, 88.2784, 152.6942
60 280 9.340000 89.7712, 144.4022, 118.8546, 152.2245, 116.0931, 162.4917, 87.0097, 154.6695
60 281 9.370000 89.0545, 145.9289, 118.0474, 153.8862, 115.1430, 164.4685, 86.1501, 156.5112
60 282 9.400000 88.5544, 147.4907, 117.3357, 155.9907, 114.0954, 166.9626, 85.3141, 158.4627
60 283 9.440000 87.9267, 150.1635, 116.4561, 159.1722, 112.8383, 170.6293, 84.3089, 161.6206
60 284 9.470000 87.4850, 152.5902, 115.8569, 161.8425, 112.0068, 173.6488, 83.6348, 164.3965
60 285 9.500000 87.3067, 155.0407, 115.3593, 164.9121, 111.0681, 177.1067, 83.0156, 167.2353
60 286 9.540000 87.1507, 158.6442, 114.8564, 169.0243, 110.1320, 181.6341, 82.4264, 171.2541
60 287 9.570000 87.0120, 161.5532, 114.6501, 171.8840, 109.8333, 184.7702, 82.1952, 174.4394
60 288 9.600000 87.3578, 164.1520, 114.6138, 175.0290, 109.3919, 188.1143, 82.1359, 177.2373
60 289 9.640000 87.8725, 167.8262, 114.8005, 178.9953, 109.2858, 192.2909, 82.3578, 181.1218
60 290 9.670000 88.2349, 170.8181, 115.1100, 181.8433, 109.6289, 195.2041, 82.7537, 184.1788
60 291 9.700000 89.0856, 173.5830, 115.5894, 184.9853, 109.8155, 198.4066, 83.3116, 187.0043
60 292 9.740000 90.1650, 177.6644, 116.4535, 189.0663, 110.6225, 202.5105, 84.3339, 191.1085
60 293 9.770000 90.8978, 181.0743, 117.2619, 192.0659, 111.6634, 205.4944, 85.2993, 194.5028
60 294 9.800000 92.0648, 184.3991, 118.2120, 195.4440, 112.5523, 208.8424, 86.4051, 197.7975
60 295 9.840000 93.4979, 189.4076, 119.6525, 200.0026, 114.2538, 213.3297, 88.0992, 202.7347
60 296 9.870000 94.5233, 193.6118, 120.8391, 203.5618, 115.8290, 216.8126, 89.5132, 206.8626
60 297 9.900000 95.8394, 197.9435, 122.1133, 207.5774, 117.2842, 220.7475, 91.0103, 211.1136
60 298 9.940000 97.5149, 204.4375, 123.8931, 213.2957, 119.5165, 226.3285, 93.1383, 217.4703
60 299 9.970000 98.7555, 209.8186, 125.2806, 217.8890, 121.3538, 230.7954, 94.8286, 222.7250
60 300 10.000000 100.1998, 215.3193, 126.7603, 222.7939, 123.1552, 235.6045, 96.5947, 228.1299
60 301 10.040000 102.3351, 222.6426, 128.9412, 229.3120, 125.7902, 241.8822, 99.1841, 235.2128
60 302 10.070000 104.0428, 227.9834, 130.7587, 233.7980, 128.0631, 246.1832, 101.3472, 240.3686
60 303 10.100000 106.1642, 232.7868, 132.7767, 238.3206, 130.2540, 250.4529, 103.6414, 244.9191
60 304 10.140000 109.0825, 238.9775, 135.6725, 243.7618, 133.5474, 255.5730, 106.9573, 250.7888
60 305 10.170000 111.3346, 243.5291, 137.9606, 247.4773, 136.2520, 258.9997, 109.6260, 255.0515
60 306 10.200000 113.8875, 247.5582, 140.4482, 251.2842, 138.8640, 262.5768, 112.3034, 258.8509
60 307 10.240000 117.2779, 252.8598, 143.8503, 255.7931, 142.6162, 266.9725, 116.0438, 264.0392
60 308 10.270000 119.7938, 256.9598, 146.4077, 258.9007, 145.6060, 269.8928, 118.9922, 267.9519
60 309 10.300000 122.6204, 260.4249, 149.1490, 262.3082, 148.3696, 273.2873, 121.8410, 271.4040
60 310 10.340000 126.2667, 265.3825, 152.7385, 266.5218, 152.2710, 277.3860, 125.7991, 276.2467
60 311 10.370000 128.9501, 269.3056, 155.3756, 269.5435, 155.2788, 280.2899, 128.8533, 280.0520
60 312 10.400000 131.7677, 272.9255, 158.1122, 272.8623, 158.1379, 283.6067, 131.7935, 283.6699
60 313 10.440000 135.3952, 278.1890, 161.6221, 277.2191, 162.0174, 287.9098, 135.7905, 288.8797
60 314 10.470000 138.0215, 282.4603, 164.1194, 280.4548, 164.9356, 291.0755, 138.8377, 293.0810
60 315 10.500000 140.6805, 286.4541, 166.6621, 283.9413, 167.6924, 294.5944, 141.7108, 297.1072
60 316 10.540000 144.0537, 291.6327, 169.8836, 288.3718, 171.2188, 298.9478, 145.3889, 302.2088
60 317 10.570000 146.3603, 295.3829, 172.0080, 291.1263, 173.7573, 301.6663, 148.1096, 305.9229
60 318 10.600000 148.6416, 298.1534, 174.2575, 294.0552, 175.9655, 304.7316, 150.3496, 308.8297
60 319 10.640000 151.3333, 301.5644, 176.8805, 297.3199, 178.6696, 308.0884, 153.1225, 312.3330
60 320 10.670000 153.0606, 304.1309, 178.4664, 299.2003, 180.5470, 309.9204, 155.1411, 314.8510
60 321 10.700000 154.6787, 305.9150, 180.0945, 301.1486, 182.1244, 311.9727, 156.7087, 316.7391
60 322 10.740000 156.3985, 308.5433, 181.6427, 302.9498, 184.0193, 313.6760, 158.7752, 319.2695
60 323 10.770000 157.3932, 310.5204, 182.3861, 303.8650, 185.1902, 314.3949, 160.1973, 321.0503
60 324 10.800000 158.2042, 311.5384, 183.2526, 305.0272, 186.0021, 315.6044, 160.9537, 322.1156
60 325 10.840000 158.8220, 312.9032, 183.8065, 306.0338, 186.6951, 316.5398, 161.7105, 323.4092
60 326 10.870000 158.9409, 313.7401, 183.8641, 306.5069, 186.8892, 316.9306, 161.9660, 324.1637
60 327 10.900000 158.8085, 313.8717, 183.9026, 307.0856, 186.7421, 317.5856, 161.6481, 324.3718
60 328 10.940000 158.1489, 313.7994, 183.4244, 307.3745, 186.1153, 317.9605, 160.8398, 324.3854
60 329 10.970000 157.2845, 313.7725, 182.5575, 307.0860, 185.3591, 317.6751, 160.0860, 324.3616
60 330 11.000000 156.2470, 313.0331, 181.7984, 307.1204, 184.2761, 317.8276, 158.7247, 323.7403
60 331 11.040000 154.4772, 312.1272, 180.2773, 306.8033, 182.5077, 317.6119, 156.7077, 322.9358
60 332 11.070000 152.8907, 311.5229, 178.8201, 306.3838, 180.9721, 317.2418, 155.0427, 322.3809
60 333 11.100000 151.2181, 310.4893, 177.4218, 306.3005, 179.1752, 317.2692, 152.9716, 321.4581
60 334 11.140000 148.6882, 309.2976, 175.1398, 305.8787, 176.5699, 316.9427, 150.1183, 320.3616
60 335 11.170000 146.5724, 308.5250, 173.1524, 305.3075, 174.4969, 316.4151, 147.9170, 319.6326
60 336 11.200000 144.4476, 307.3294, 171.2307, 305.0408, 172.1866, 316.2276, 145.4036, 318.5162
60 337 11.240000 141.3854, 305.8526, 168.3637, 304.3273, 169.0001, 315.5841, 142.0218, 317.1094
60 338 11.270000 138.9196, 304.7967, 166.0166, 303.4567, 166.5768, 314.7851, 139.4798, 316.1251
60 339 11.300000 136.5471, 303.1583, 163.7739, 302.8181, 163.9178, 314.3339, 136.6909, 314.6741
60 340 11.340000 133.2213, 301.1186, 160.5809, 301.5429, 160.3992, 313.2578, 133.0396, 312.8335
60 341 11.370000 130.6029, 299.6965, 158.0691, 300.2516, 157.8304, 312.0644, 130.3642, 311.5092
60 342 11.400000 128.1768, 297.6916, 155.6944, 299.1631, 155.0528, 311.1616, 127.5351, 309.6901
60 343 11.440000 124.8252, 295.1363, 152.4296, 297.1999, 151.5189, 309.3820, 123.9145, 307.3184
60 344 11.470000 122.2048, 293.3424, 149.9253, 295.3144, 149.0520, 307.5907, 121.3315, 305.6188
60 345 11.500000 119.8539, 291.0059, 147.5910, 293.6978, 146.3847, 306.1270, 118.6477, 303.4352
60 346 11.540000 116.6328, 288.2224, 144.4482, 291.3856, 143.0210, 303.9347, 115.2057, 300.7715
60 347 11.570000 114.2338, 286.3006, 142.1266, 289.7640, 140.5600, 302.3813, 112.6672, 298.9179
60 348 11.600000 112.0450, 284.2382, 139.9231, 288.5068, 137.9798, 301.1990, 110.1016, 296.9304
60 349 11.640000 109.1190, 281.8609, 137.0353, 286.8671, 134.7547, 299.5846, 106.8384, 294.5784
60 350 11.670000 106.8700, 280.4197, 134.9150, 285.5534, 132.5927, 298.2402, 104.5477, 293.1064
60 351 11.700000 104.9713, 278.6934, 132.9738, 284.6517, 130.2829, 297.2982, 102.2804, 291.3399
60 352 11.740000 102.3917, 276.8151, 130.4998, 283.2238, 127.6350, 295.7883, 99.5269, 289.3796
60 353 11.770000 100.4704, 275.6548, 128.7675, 282.0292, 125.9589, 294.4967, 97.6618, 288.1222
60 354 11.800000 98.9480, 274.1743, 127.2459, 281.1711, 124.1844, 293.5527, 95.8866, 286.5559
60 355 11.840000 96.9457, 272.5381, 125.4152, 279.7776, 122.3090, 291.9930, 93.8394, 284.7535
60 356 11.870000 95.4879, 271.4882, 124.2360, 278.5149, 121.2879, 290.5763, 92.5398, 283.5496
60 357 11.900000 94.5271, 270.0327, 123.2859, 277.6275, 120.1294, 289.5801, 91.3705, 281.9854
60 358 11.940000 93.3654, 268.3185, 122.2844, 276.1723, 119.0858, 287.9502, 90.1668, 280.0965
60 359 11.970000 92.6111, 267.1842, 121.7465, 274.9022, 118.6698, 286.5165, 89.5344, 278.7985
60 360 12.000000 92.4723, 265.4949, 121.4726, 274.1063, 118.0456, 285.6473, 89.0453, 277.0360
60 361 12.040000 92.3565, 263.5687, 121.4292, 272.6095, 117.8461, 284.1318, 88.7734, 275.0910
60 362 12.070000 92.3137, 262.4342, 121.6255, 271.1827, 118.1725, 282.7521, 88.8607, 274.0037
60 363 12.100000 92.7434, 261.1277, 122.0273, 270.3395, 118.3982, 281.8763, 89.1143, 272.6646
60 364 12.140000 93.4177, 259.7763, 122.8736, 268.8842, 119.2967, 280.4525, 89.8407, 271.3446
60 365 12.170000 94.0882, 258.9573, 123.7431, 267.7097, 120.2835, 279.4315, 90.6286, 270.6791
60 366 12.200000 95.1570, 258.0181, 124.8299, 266.9183, 121.3172, 278.6296, 91.6443, 269.7293
60 367 12.240000 96.7803, 256.9962, 126.5954, 265.6514, 123.1616, 277.4799, 93.3465, 268.8247
60 368 12.270000 98.0602, 256.4959, 128.1290, 264.3658, 124.9657, 276.4520, 94.8968, 268.5821
60 369 12.300000 99.8087, 255.7526, 129.8841, 263.6469, 126.7169, 275.7132, 96.6415, 267.8189
60 370 12.340000 102.2626, 255.0365, 132.4740, 262.3738, 129.5203, 274.5360, 99.3089, 267.1987
60 371 12.370000 104.2137, 254.6610, 134.5828, 261.1909, 131.9290, 273.5330, 101.5599, 267.0031
60 372 12.400000 106.5724, 253.9942, 136.9153, 260.5090, 134.2724, 272.8183, 103.9295, 266.3034
60 373 12.440000 109.7226, 253.4134, 140.1703, 259.0459, 137.8522, 271.5771, 107.4045, 265.9446
60 374 12.470000 112.1875, 253.0713, 142.7191, 257.8184, 140.7361, 270.5720, 110.2045, 265.8249
60 375 12.500000 114.9838, 252.4769, 145.4599, 257.1315, 143.5114, 269.8897, 113.0352, 265.2350
60 376 12.540000 118.6757, 252.1237, 149.1415, 256.0397, 147.4824, 268.9477, 117.0165, 265.0318
60 377 12.570000 121.4178, 252.2455, 151.8746, 255.1881, 150.6091, 268.2866, 120.1523, 265.3440
60 378 12.600000 124.3620, 252.2960, 154.7497, 254.9262, 153.6127, 268.0619, 123.2250, 265.4317
60 379 12.640000 128.2290, 252.8371, 158.5145, 254.6040, 157.7409, 267.8644, 127.4554, 266.0975
60 380 12.670000 131.1057, 253.5164, 161.2950, 254.4576, 160.8774, 267.8523, 130.6881, 266.9111
60 381 12.700000 134.1095, 254.1359, 164.1903, 254.8301, 163.8811, 268.2266, 133.8003, 267.5324
60 382 12.740000 138.0280, 255.3330, 167.9480, 255.4088, 167.9139, 268.8820, 137.9938, 268.8063
60 383 12.770000 140.8928, 256.5378, 170.6646, 255.9288, 170.9416, 269.4702, 141.1698, 270.0791
60 384 12.800000 143.8218, 257.6959, 173.4758, 256.9230, 173.8285, 270.4533, 144.1745, 271.2262
60 385 12.840000 147.6019, 259.6621, 177.0760, 258.4195, 177.6466, 271.9534, 148.1724, 273.1960
60 386 12.870000 150.3212, 261.5149, 179.6227, 259.6427, 180.4898, 273.2127, 151.1882, 275.0850
60 387 12.900000 153.0711, 263.3824, 182.2625, 261.4104, 183.1762, 274.9351, 153.9847, 276.9070
60 388 12.940000 156.5628, 266.4606, 185.5584, 263.9851, 186.7100, 277.4740, 157.7144, 279.9495
60 389 12.970000 159.0644, 269.1457, 187.8851, 266.1333, 189.2912, 279.5853, 160.4705, 282.5978
60 390 13.000000 161.5414, 271.7488, 190.2631, 268.6525, 191.7055, 282.0320, 162.9838, 285.1283
60 391 13.040000 164.6202, 275.0358, 193.1925, 271.7098, 194.7385, 284.9902, 166.1661, 288.3162
60 392 13.070000 166.7435, 277.2031, 195.1600, 273.5812, 196.8286, 286.6727, 168.4121, 290.2946
60 393 13.100000 168.7673, 278.7284, 197.1262, 275.2901, 198.6877, 288.1694, 170.3288, 291.6077
60 394 13.140000 171.1224, 280.4309, 199.2790, 276.6961, 200.9462, 289.2649, 172.7896, 292.9997
60 395 13.170000 172.5982, 281.4907, 200.5149, 277.0524, 202.4816, 289.4228, 174.5649, 293.8611
60 396 13.200000 174.0573, 281.5683, 201.9543, 277.6822, 203.6433, 289.8068, 175.7463, 293.6929
60 397 13.240000 175.6905, 281.2011, 203.5027, 277.8891, 204.9083, 289.6933, 177.0961, 293.0053
60 398 13.270000 176.5874, 280.9203, 204.2244, 277.2342, 205.7912, 288.9812, 178.1542, 292.6673
60 399 13.300000 177.6123, 279.2655, 205.2516, 277.0475, 206.2158, 289.0625, 178.5765, 291.2806
60 400 13.340000 178.4653, 277.1885, 205.9547, 275.2203, 206.8427, 287.6234, 179.3534, 289.5916
60 401 13.370000 179.0530, 275.0368, 206.4116, 273.6002, 207.0803, 286.3341, 179.7216, 287.7707
60 402 13.400000 179.6164, 272.3688, 206.8638, 271.7464, 207.1633, 284.8552, 179.9159, 285.4777
60 403 13.440000 180.2818, 268.3638, 207.3004, 268.6636, 207.1497, 282.2478, 180.1311, 281.9480
60 404 13.470000 180.4175, 265.5547, 207.3827, 265.4985, 207.4115, 279.3178, 180.4463, 279.3741
60 405 13.500000 180.8190, 262.0798, 207.6266, 262.6351, 207.3356, 276.6858, 180.5280, 276.1305
60 406 13.540000 181.1584, 257.8804, 207.8121, 258.7588, 207.3432, 272.9860, 180.6895, 272.1075
60 407 13.570000 181.4834, 254.8755, 207.9794, 256.2565, 207.2298, 270.6381, 180.7338, 269.2571
60 408 13.600000 181.8966, 251.9848, 208.2003, 254.1299, 207.0122, 268.6983, 180.7085, 266.5532
60 409 13.640000 182.4394, 248.5574, 208.4759, 251.5823, 206.7548, 266.3960, 180.7184, 263.3711
60 410 13.670000 182.6944, 246.4199, 208.6454, 249.6645, 206.7687, 264.6744, 180.8178, 261.4299
60 411 13.700000 183.2358, 244.1873, 208.9340, 248.2024, 206.5629, 263.3784, 180.8647, 259.3633
60 412 13.740000 183.7963, 241.6751, 209.3426, 246.1009, 206.6813, 261.4622, 181.1350, 257.0364
60 413 13.770000 184.1531, 240.0418, 209.6948, 244.4504, 207.0223, 259.9341, 181.4805, 255.5255
60 414 13.800000 184.9196, 238.1639, 210.2300, 243.2161, 207.1296, 258.7486, 181.8191, 253.6964
60 415 13.840000 186.0153, 235.7942, 211.0861, 241.4615, 207.5722, 257.0060, 182.5014, 251.3387
60 416 13.870000 186.7784, 234.1726, 211.8367, 239.9055, 208.2779, 255.4609, 183.2196, 249.7281
60 417 13.900000 187.9972, 232.2595, 212.8122, 238.5840, 208.8703, 254.0506, 184.0553, 247.7262
60 418 13.940000 189.4735, 229.9290, 214.2931, 236.2823, 210.3597, 251.6480, 185.5402, 245.2946
60 419 13.970000 190.5597, 228.2778, 215.5643, 234.2390, 211.9156, 249.5436, 186.9110, 243.5824
60 420 14.000000 192.2760, 226.2613, 217.0929, 232.6829, 213.1755, 247.8224, 188.3585, 241.4008
60 421 14.040000 194.1732, 224.4406, 219.1697, 230.4934, 215.5242, 245.5481, 190.5278, 239.4953
60 422 14.070000 195.5076, 223.7545, 220.7473, 229.2272, 217.4886, 244.2560, 192.2489, 238.7833
60 423 14.100000 197.0007, 223.4838, 222.3889, 228.5981, 219.3723, 243.5732, 193.9840, 238.4590
60 424 14.140000 198.9840, 223.9981, 224.6039, 228.5077, 221.9804, 243.4125, 196.3605, 238.9029
60 425 14.170000 200.4681, 225.0429, 226.2785, 229.0094, 223.9975, 243.8519, 198.1872, 239.8854
60 426 14.200000 202.0823, 226.5114, 228.0071, 230.1768, 225.9207, 244.9337, 199.9959, 241.2683
60 427 14.240000 204.2035, 229.3909, 230.3210, 232.4882, 228.5849, 247.1274, 202.4674, 244.0301
60 428 14.270000 205.7824, 232.2673, 232.0493, 234.8935, 230.5948, 249.4422, 204.3278, 246.8160
60 429 14.300000 207.4417, 235.6755, 233.8155, 238.0253, 232.5273, 252.4835, 206.1536, 250.1337
60 430 14.340000 209.6117, 241.3449, 236.1459, 243.2487, 235.1154, 257.6119, 208.5812, 255.7080
60 431 14.370000 211.2308, 246.4994, 237.8823, 248.1088, 237.0173, 262.4331, 210.3658, 260.8237
60 432 14.400000 212.8511, 252.4708, 239.6213, 253.8652, 238.8764, 268.1674, 212.1061, 266.7731
60 433 14.440000 214.9633, 261.7936, 241.9165, 262.8803, 241.3393, 277.1976, 214.3861, 276.1109
60 434 14.470000 216.5249, 269.8225, 243.6193, 270.6891, 243.1597, 285.0548, 216.0654, 284.1882
60 435 14.500000 218.0918, 278.5481, 245.3287, 279.2721, 244.9435, 293.7639, 217.7066, 293.0400
60 436 14.540000 220.1902, 290.1614, 247.6222, 290.6785, 247.3464, 305.3102, 219.9144, 304.7931
60 437 14.570000 221.7872, 298.2028, 249.3653, 298.5482, 249.1812, 313.2489, 221.6030, 312.9035
60 438 14.600000 223.4015, 305.5523, 251.1232, 305.7144, 251.0370, 320.4550, 223.3153, 320.2929
60 439 14.640000 225.5751, 314.2970, 253.4802, 314.2238, 253.5190, 329.0052, 225.6139, 329.0784
60 440 14.670000 227.2129, 320.1156, 255.2479, 319.8822, 255.3713, 334.6998, 227.3362, 334.9332
60 441 14.700000 228.8458, 325.3546, 257.0043, 324.9669, 257.2087, 339.8187, 229.0503, 340.2064
60 442 14.740000 231.0106, 331.4664, 259.3213, 330.9072, 259.6161, 345.8311, 231.3053, 346.3903
60 443 14.770000 232.6175, 335.4239, 261.0330, 334.7650, 261.3809, 349.7673, 232.9654, 350.4263
60 444 14.800000 234.2001, 338.8849, 262.7130, 338.1350, 263.1097, 353.2164, 234.5968, 353.9663
60 445 14.840000 236.2720, 342.7264, 264.9019, 341.8934, 265.3446, 357.1099, 236.7147, 357.9429
60 446 14.870000 237.7925, 345.0423, 266.5006, 344.1741, 266.9644, 359.5114, 238.2563, 360.3795
60 447 14.900000 239.2762, 346.9028, 268.0552, 346.0025, 268.5384, 361.4479, 239.7594, 362.3483
60 448 14.940000 241.2001, 348.6542, 270.0610, 347.7376, 270.5564, 363.3348, 241.6954, 364.2514
60 449 14.970000 242.5993, 349.4512, 271.5550, 348.5358, 272.0516, 364.2446, 243.0960, 365.1600
