27 0 0.010000 170.4303, 270.1108, 192.6122, 270.8959, 192.2975, 279.7870, 170.1156, 279.0019
27 1 0.040000 170.4057, 270.6033, 192.5889, 271.3881, 192.2743, 280.2800, 170.0911, 279.4952
27 2 0.070000 170.3508, 271.6990, 192.5371, 272.4833, 192.2227, 281.3770, 170.0364, 280.5928
27 3 0.110000 170.2304, 274.0484, 192.4255, 274.8261, 192.1120, 283.7745, 169.9168, 282.9968
27 4 0.140000 170.1076, 276.4811, 192.3096, 277.2575, 191.9940, 286.2825, 169.7919, 285.5060
27 5 0.170000 169.9551, 279.5016, 192.1657, 280.2764, 191.8476, 289.3964, 169.6369, 288.6216
27 6 0.200000 169.7728, 283.1108, 191.9937, 283.8837, 191.6726, 293.1174, 169.4516, 292.3445
27 7 0.240000 169.4834, 288.8411, 191.7207, 289.6110, 191.3948, 299.0253, 169.1575, 298.2555
27 8 0.270000 169.2315, 293.8292, 191.4830, 294.5964, 191.1530, 304.1682, 168.9014, 303.4010
27 9 0.310000 168.8515, 301.4024, 191.1220, 302.1715, 190.7831, 311.9837, 168.5126, 311.2147
27 10 0.340000 168.6103, 307.6474, 190.8840, 308.7551, 190.3923, 318.6430, 168.1186, 317.5354
27 11 0.370000 168.4681, 313.9112, 190.7016, 315.6937, 189.9083, 325.5890, 167.6748, 323.8065
27 12 0.400000 168.3410, 320.0047, 190.5293, 322.2498, 189.5219, 332.2059, 167.3336, 329.9608
27 13 0.440000 168.2260, 327.9140, 190.3624, 330.5240, 189.1691, 340.6450, 167.0327, 338.0350
27 14 0.470000 168.1787, 333.8425, 190.2869, 336.5898, 189.0075, 346.8851, 166.8994, 344.1379
27 15 0.500000 168.1640, 339.7883, 190.2598, 342.5632, 188.9430, 353.0479, 166.8472, 350.2730
27 16 0.540000 168.2848, 347.1811, 190.3819, 349.8523, 189.0765, 360.6516, 166.9794, 357.9804
27 17 0.570000 168.5162, 352.0841, 190.6218, 354.6011, 189.3605, 365.6786, 167.2549, 363.1615
27 18 0.610000 168.9861, 357.8457, 191.1130, 360.0849, 189.9551, 371.5268, 167.8282, 369.2876
27 19 0.640000 169.4373, 361.6630, 191.5866, 363.6589, 190.5338, 375.3414, 168.3846, 373.3454
27 20 0.670000 169.9770, 365.0334, 192.1368, 366.7982, 191.1831, 378.7735, 169.0232, 377.0087
27 21 0.700000 170.5627, 368.0722, 192.7435, 369.5875, 191.9118, 381.7625, 169.7310, 380.2472
27 22 0.740000 171.4318, 371.5288, 193.6263, 372.7476, 192.9420, 385.2082, 170.7476, 383.9894
27 23 0.770000 172.1439, 373.6657, 194.3297, 374.7084, 193.7314, 387.4382, 171.5456, 386.3955
27 24 0.800000 172.8510, 375.5763, 195.0531, 376.4231, 194.5647, 389.2283, 172.3626, 388.3814
27 25 0.840000 173.8426, 377.5575, 196.0426, 378.2151, 195.6584, 391.1856, 173.4584, 390.5280
27 26 0.870000 174.6606, 378.4805, 196.8142, 379.1575, 196.4068, 392.4902, 174.2532, 391.8133
27 27 0.900000 175.3627, 379.4980, 197.5327, 379.9425, 197.2690, 393.0921, 175.0990, 392.6476
27 28 0.940000 176.3872, 380.0912, 198.5464, 380.5059, 198.2995, 393.7001, 176.1403, 393.2855
27 29 0.970000 177.0795, 380.0313, 199.2911, 380.3314, 199.1070, 393.9581, 176.8954, 393.6580
27 30 1.000000 177.7785, 380.0197, 199.9976, 380.2305, 199.8701, 393.6732, 177.6510, 393.4624
27 31 1.040000 178.6397, 379.7886, 200.8887, 379.8266, 200.8657, 393.3440, 178.6166, 393.3061
27 32 1.070000 179.2813, 379.6506, 201.5555, 379.6667, 201.5457, 393.2147, 179.2715, 393.1985
27 33 1.110000 180.1393, 379.6565, 202.3827, 379.6961, 202.3588, 393.0938, 180.1154, 393.0541
27 34 1.140000 180.7570, 379.7871, 202.9813, 379.8758, 202.9288, 393.0433, 180.7044, 392.9546
27 35 1.170000 181.3471, 379.8268, 203.5613, 379.9821, 203.4688, 393.2215, 181.2545, 393.0662
27 36 1.210000 182.1108, 380.0630, 204.3050, 380.3445, 204.1384, 393.4806, 181.9442, 393.1991
27 37 1.240000 182.6447, 380.3959, 204.8473, 380.7777, 204.6256, 393.6706, 182.4230, 393.2889
27 38 1.270000 183.1936, 380.5571, 205.3652, 381.0597, 205.0680, 394.1724, 182.8963, 393.6699
27 39 1.310000 183.8954, 381.0350, 206.0507, 381.7328, 205.6395, 394.7896, 183.4842, 394.0918
27 40 1.340000 184.4028, 381.5373, 206.5637, 382.4004, 206.0624, 395.2716, 183.9015, 394.4085
27 41 1.370000 184.9393, 381.9377, 207.0592, 382.9734, 206.4490, 396.0072, 184.3291, 394.9716
27 42 1.410000 185.6355, 382.7102, 207.7274, 383.9804, 206.9788, 397.0010, 184.8869, 395.7308
27 43 1.440000 186.1603, 383.4694, 208.2388, 384.9456, 207.3806, 397.7814, 185.3021, 396.3052
27 44 1.470000 186.7222, 384.1852, 208.7547, 385.8679, 207.7667, 398.8034, 185.7342, 397.1207
27 45 1.510000 187.5000, 385.3091, 209.4831, 387.3159, 208.3158, 400.1021, 186.3328, 398.0954
27 46 1.540000 188.0803, 386.1260, 210.0640, 388.2851, 208.8385, 400.7627, 186.8549, 398.6036
27 47 1.570000 188.7794, 386.4691, 210.7182, 388.8043, 209.3763, 401.4109, 187.4375, 399.0758
27 48 1.610000 189.7570, 386.7908, 211.6797, 389.2847, 210.2764, 401.6202, 188.3537, 399.1263
27 49 1.640000 190.5574, 386.8965, 212.4904, 389.5256, 211.0761, 401.3248, 189.1431, 398.6957
27 50 1.670000 191.5299, 386.3756, 213.4016, 389.1178, 211.8912, 401.1649, 190.0194, 398.4227
27 51 1.710000 192.9191, 385.5346, 214.7501, 388.4103, 213.1841, 400.2992, 191.3530, 397.4235
27 52 1.740000 194.0347, 384.7290, 215.8610, 387.6429, 214.3165, 399.2124, 192.4902, 396.2985
27 53 1.770000 195.3126, 383.3635, 217.0902, 386.2796, 215.5001, 398.1545, 193.7225, 395.2384
27 54 1.810000 197.1279, 381.2795, 218.8677, 384.1289, 217.2939, 396.1367, 195.5541, 393.2873
27 55 1.840000 198.5597, 379.5832, 220.3059, 382.3604, 218.8100, 394.0745, 197.0637, 391.2973
27 56 1.870000 200.1923, 377.1476, 221.8649, 379.8393, 220.3359, 392.1503, 198.6633, 389.4587
27 57 1.910000 202.4323, 373.7035, 224.0715, 376.2356, 222.6080, 388.7430, 200.9688, 386.2110
27 58 1.940000 204.1829, 370.8476, 225.8157, 373.2216, 224.4570, 385.6028, 202.8241, 383.2288
27 59 1.970000 206.0654, 367.2909, 227.6711, 369.4920, 226.3559, 382.4018, 204.7502, 380.2007
27 60 2.010000 208.5589, 362.7115, 230.1742, 364.6046, 229.0799, 377.0998, 207.4646, 375.2068
27 61 2.040000 210.4396, 359.3305, 232.0755, 360.9191, 231.1668, 373.2949, 209.5309, 371.7063
27 62 2.070000 212.3305, 355.9600, 234.0000, 357.2415, 233.2436, 370.0323, 211.5741, 368.7508
27 63 2.110000 214.8345, 351.9547, 236.5508, 352.8711, 235.9993, 365.9414, 214.2830, 365.0251
27 64 2.140000 216.7020, 349.2801, 238.4359, 349.9188, 238.0515, 363.0003, 216.3176, 362.3616
27 65 2.170000 218.5457, 346.6438, 240.3135, 347.0093, 240.0897, 360.3339, 218.3219, 359.9683
27 66 2.210000 220.9624, 343.4630, 242.7573, 343.4345, 242.7748, 356.8271, 220.9799, 356.8556
27 67 2.240000 222.7631, 341.2837, 244.5516, 340.9931, 244.7280, 354.2123, 222.9394, 354.5029
27 68 2.270000 224.5020, 338.9803, 246.3126, 338.4164, 246.6604, 351.8669, 224.8497, 352.4309
27 69 2.310000 226.7927, 336.1933, 248.5945, 335.3302, 249.1199, 348.6034, 227.3181, 349.4665
27 70 2.340000 228.4271, 334.2340, 250.2151, 333.0576, 250.9187, 346.0894, 229.1307, 347.2658
27 71 2.370000 229.9906, 332.1989, 251.7880, 330.7359, 252.6559, 343.6668, 230.8584, 345.1297
27 72 2.410000 231.9615, 329.5173, 253.7398, 327.6135, 254.8536, 340.3560, 233.0754, 342.2597
27 73 2.440000 233.3989, 327.6844, 255.1335, 325.5049, 256.3461, 337.5973, 234.6115, 339.7769
27 74 2.470000 234.6690, 325.4488, 256.3978, 322.9376, 257.8072, 335.1328, 236.0784, 337.6440
27 75 2.510000 236.2322, 322.6862, 257.9320, 319.6878, 259.5733, 331.5667, 237.8736, 334.5651
27 76 2.540000 237.3519, 320.8972, 258.9841, 317.5508, 260.7358, 328.8748, 239.1036, 332.2211
27 77 2.570000 238.3655, 319.1674, 259.9544, 315.5011, 261.8176, 326.4723, 240.2286, 330.1386
27 78 2.610000 239.5789, 317.0859, 261.1166, 313.0580, 263.0704, 323.5052, 241.5327, 327.5331
27 79 2.640000 240.3638, 315.7295, 261.9129, 311.4685, 263.8688, 321.3604, 242.3197, 325.6214
27 80 2.670000 241.0063, 314.2225, 262.5347, 309.7584, 264.5670, 319.5596, 243.0386, 324.0237
27 81 2.710000 241.6790, 312.4261, 263.2059, 307.7319, 265.2641, 317.1705, 243.7372, 321.8647
27 82 2.740000 242.0044, 311.0598, 263.5513, 306.2317, 265.5957, 315.3555, 244.0488, 320.1836
27 83 2.770000 242.1791, 309.6155, 263.7304, 304.6982, 265.8137, 313.8284, 244.2623, 318.7457
27 84 2.800000 242.1254, 307.9193, 263.7217, 302.9415, 265.9366, 312.5510, 244.3403, 317.5287
27 85 2.840000 241.8489, 305.7681, 263.5112, 300.7703, 265.8404, 310.8659, 244.1781, 315.8637
27 86 2.870000 241.5048, 304.2841, 263.2162, 299.3200, 265.5347, 309.4603, 243.8233, 314.4245
27 87 2.900000 240.9438, 302.5573, 262.7458, 297.6676, 265.1197, 308.2523, 243.3177, 313.1419
27 88 2.940000 240.0108, 300.3588, 261.9370, 295.6460, 264.2536, 306.4239, 242.3274, 311.1368
27 89 2.970000 239.1767, 298.8034, 261.1937, 294.2696, 263.3706, 304.8414, 241.3536, 309.3751
27 90 3.000000 238.1138, 296.8383, 260.2825, 292.5588, 262.4083, 303.5709, 240.2396, 307.8504
27 91 3.040000 236.5807, 294.5392, 258.9141, 290.6289, 260.8348, 301.5987, 238.5014, 305.5090
27 92 3.070000 235.3261, 292.9947, 257.7554, 289.3632, 259.4844, 300.0420, 237.0551, 303.6734
27 93 3.100000 233.9070, 291.2651, 256.4597, 287.9090, 258.0700, 298.7299, 235.5173, 302.0860
27 94 3.140000 231.8863, 289.1150, 254.5700, 286.1302, 255.9826, 296.8657, 233.2989, 299.8505
27 95 3.170000 230.2781, 287.6291, 253.0352, 284.9161, 254.2767, 295.3303, 231.5196, 298.0432
27 96 3.200000 228.5261, 285.8638, 251.3854, 283.4162, 252.5213, 294.0248, 229.6620, 296.4724
27 97 3.240000 226.0914, 283.6278, 249.0544, 281.5379, 250.0111, 292.0499, 227.0481, 294.1398
27 98 3.270000 224.2021, 282.0307, 247.2118, 280.2241, 248.0080, 290.3655, 224.9984, 292.1721
27 99 3.300000 222.1929, 280.0807, 245.2880, 278.5463, 245.9752, 288.8900, 222.8801, 290.4244
27 100 3.340000 219.4499, 277.4855, 242.6253, 276.3439, 243.1334, 286.6588, 219.9580, 287.8004
27 101 3.370000 217.3529, 275.5479, 240.5607, 274.7215, 240.9177, 284.7466, 217.7099, 285.5729
27 102 3.400000 215.1712, 273.1650, 238.4583, 272.6398, 238.6929, 283.0379, 215.4057, 283.5631
27 103 3.440000 212.2484, 269.9358, 235.6054, 269.8474, 235.6453, 280.3841, 212.2882, 280.4725
27 104 3.470000 210.0633, 267.4793, 233.4378, 267.7615, 233.3133, 278.0710, 209.9388, 277.7888
27 105 3.500000 207.8550, 264.5896, 231.2923, 265.2531, 230.9900, 275.9317, 207.5527, 275.2682
27 106 3.540000 204.9529, 260.9933, 228.4210, 262.2229, 227.8632, 272.8703, 204.3950, 271.6408
27 107 3.570000 202.7901, 258.4009, 226.2723, 260.0419, 225.5291, 270.6764, 202.0469, 269.0354
27 108 3.600000 200.6388, 255.7018, 224.1734, 257.7209, 223.2288, 268.7311, 199.6942, 266.7120
27 109 3.640000 197.8373, 252.3235, 221.4069, 254.8152, 220.2189, 266.0527, 196.6493, 263.5610
27 110 3.670000 195.7931, 249.9520, 219.3694, 252.7781, 218.0336, 263.9219, 194.4573, 261.0959
27 111 3.700000 193.8258, 247.3406, 217.4403, 250.4793, 215.9072, 262.0131, 192.2928, 258.8744
27 112 3.740000 191.3281, 243.9986, 214.9653, 247.5355, 213.2130, 259.2464, 189.5758, 255.7096
27 113 3.770000 189.5645, 241.5873, 213.1870, 245.4074, 211.3170, 256.9706, 187.6946, 253.1505
27 114 3.800000 187.9286, 238.8798, 211.5739, 242.9658, 209.5190, 254.8574, 185.8737, 250.7713
27 115 3.840000 185.9332, 235.3495, 209.5669, 239.7576, 207.3383, 251.7066, 183.7045, 247.2986
27 116 3.870000 184.5877, 232.7588, 208.1781, 237.3961, 205.8869, 249.0515, 182.2965, 244.4142
27 117 3.900000 183.4256, 229.7847, 207.0082, 234.6334, 204.5636, 246.5233, 180.9810, 241.6746
27 118 3.940000 182.1187, 225.8126, 205.6441, 230.9043, 203.0957, 242.6787, 179.5703, 237.5869
27 119 3.970000 181.3369, 222.8049, 204.7765, 228.0670, 202.2304, 239.4087, 178.7907, 234.1466
27 120 4.000000 180.7786, 219.2150, 204.2107, 224.5886, 201.4923, 236.4424, 178.0602, 231.0687
27 121 4.040000 180.1330, 215.1402, 203.4736, 220.5858, 200.7950, 232.0668, 177.4544, 226.6213
27 122 4.070000 179.7300, 212.5225, 202.9572, 218.0027, 200.3972, 228.8529, 177.1701, 223.3727
27 123 4.100000 179.4300, 209.9073, 202.5906, 215.3934, 200.0716, 226.0279, 176.9110, 220.5418
27 124 4.140000 179.1592, 206.8132, 202.1981, 212.2701, 199.8066, 222.3672, 176.7676, 216.9102
27 125 4.170000 179.0542, 204.7208, 201.9944, 210.1186, 199.7425, 219.6890, 176.8022, 214.2911
27 126 4.200000 179.0617, 202.5681, 201.9411, 207.8681, 199.7647, 217.2632, 176.8853, 211.9632
27 127 4.240000 179.2097, 199.8859, 202.0082, 205.0205, 199.9696, 214.0726, 177.1710, 208.9381
27 128 4.270000 179.3953, 197.8786, 202.2224, 202.8791, 200.2083, 212.0734, 177.3812, 207.0729
27 129 4.300000 179.6954, 195.8742, 202.5225, 200.6895, 200.5894, 209.8530, 177.7624, 205.0377
27 130 4.340000 180.2306, 193.0415, 203.1143, 197.5403, 201.2358, 207.0955, 178.3521, 202.5967
27 131 4.370000 180.7253, 190.8482, 203.6709, 195.1081, 201.8198, 205.0787, 178.8742, 200.8188
27 132 4.400000 181.2705, 188.8831, 204.2293, 192.8696, 202.5105, 202.7688, 179.5517, 198.7823
27 133 4.440000 182.1333, 185.9420, 205.1361, 189.6182, 203.5035, 199.8336, 180.5008, 196.1574
27 134 4.470000 182.8206, 183.6444, 205.8836, 187.0149, 204.3457, 197.5377, 181.2828, 194.1673
27 135 4.500000 183.5421, 181.5762, 206.6053, 184.6228, 205.2473, 194.9037, 182.1841, 191.8571
27 136 4.540000 184.5061, 178.8282, 207.6299, 181.3439, 206.4993, 191.7366, 183.3754, 189.2209
27 137 4.570000 185.2535, 176.8310, 208.4230, 179.0035, 207.4140, 189.7646, 184.2445, 187.5921
27 138 4.600000 185.9902, 175.2195, 209.1732, 177.0420, 208.3305, 187.7615, 185.1475, 185.9390
27 139 4.640000 186.9691, 173.1231, 210.1769, 174.5297, 209.5133, 185.4785, 186.3055, 184.0719
27 140 4.670000 187.6736, 171.6498, 210.9075, 172.7432, 210.3814, 183.9212, 187.1476, 182.8278
27 141 4.700000 188.3560, 170.4008, 211.5873, 171.1765, 211.2158, 182.3016, 187.9845, 181.5259
27 142 4.740000 189.2138, 168.7589, 212.4554, 169.1598, 212.2631, 180.3067, 189.0215, 179.9058
27 143 4.770000 189.8065, 167.4467, 213.0668, 167.5992, 212.9921, 178.9905, 189.7318, 178.8380
27 144 4.800000 190.3657, 166.3871, 213.6138, 166.3086, 213.6514, 177.4731, 190.4034, 177.5516
27 145 4.840000 191.0209, 164.8823, 214.2698, 164.5349, 214.4350, 175.5904, 191.1861, 175.9379
27 146 4.870000 191.4341, 163.6644, 214.6991, 163.1435, 214.9485, 174.2822, 191.6835, 174.8031
27 147 4.900000 191.8081, 162.6935, 215.0566, 162.0226, 215.3652, 172.7194, 192.1168, 173.3903
27 148 4.940000 192.1845, 161.2807, 215.4291, 160.4069, 215.8172, 170.7299, 192.5726, 171.6037
27 149 4.970000 192.3801, 160.0911, 215.6381, 159.1143, 216.0676, 169.3414, 192.8096, 170.3181
27 150 5.000000 192.5256, 159.1050, 215.7727, 158.0315, 216.2210, 167.7392, 192.9739, 168.8127
27 151 5.040000 192.5995, 157.5391, 215.8421, 156.3820, 216.3072, 165.7235, 193.0645, 166.8805
27 152 5.070000 192.5539, 156.2121, 215.8416, 155.0647, 216.3108, 164.5878, 193.0232, 165.7353
27 153 5.100000 192.4541, 154.6732, 215.7290, 153.5223, 216.2377, 163.8097, 192.9628, 164.9607
27 154 5.140000 192.2186, 152.8237, 215.5566, 151.8021, 216.0315, 162.6515, 192.6935, 163.6731
27 155 5.170000 191.9684, 151.5211, 215.3734, 150.6205, 215.8016, 161.7480, 192.3965, 162.6486
27 156 5.200000 191.6732, 150.0343, 215.1281, 149.2867, 215.5027, 161.0402, 192.0478, 161.7877
27 157 5.240000 191.1401, 148.2575, 214.7747, 147.6789, 215.0746, 159.9265, 191.4400, 160.5051
27 158 5.270000 190.7096, 146.9763, 214.4816, 146.6095, 214.6734, 159.0416, 190.9015, 159.4085
27 159 5.300000 190.2231, 145.5118, 214.1881, 145.3999, 214.2484, 158.3253, 190.2835, 158.4371
27 160 5.340000 189.5614, 143.6559, 213.7558, 143.9285, 213.6058, 157.2440, 189.4114, 156.9713
27 161 5.370000 189.0555, 142.4394, 213.3912, 142.9933, 213.0900, 156.2262, 188.7543, 155.6723
27 162 5.400000 188.5125, 140.8754, 213.0493, 141.7066, 212.5817, 155.5078, 188.0450, 154.6765
27 163 5.440000 187.8038, 139.0106, 212.5740, 140.2087, 211.8949, 154.2481, 187.1248, 153.0500
27 164 5.470000 187.3086, 137.7046, 212.2167, 139.2146, 211.3728, 153.1346, 186.4647, 151.6246
27 165 5.500000 186.8138, 136.1463, 211.9219, 137.9709, 210.8866, 152.2184, 185.7785, 150.3939
27 166 5.540000 186.2160, 134.2773, 211.5372, 136.5350, 210.2592, 150.8685, 184.9380, 148.6108
27 167 5.570000 185.7871, 133.0211, 211.2522, 135.5300, 209.8426, 149.8365, 184.3775, 147.3276
27 168 5.600000 185.3881, 131.6373, 211.0316, 134.3658, 209.4713, 149.0298, 183.8278, 146.3013
27 169 5.640000 184.9020, 130.0757, 210.7393, 132.9608, 209.0810, 147.8117, 183.2438, 144.9266
27 170 5.670000 184.5940, 129.0760, 210.5542, 132.0542, 208.8603, 146.8197, 182.9001, 143.8416
27 171 5.700000 184.3370, 127.8967, 210.4561, 130.9224, 208.7007, 146.0759, 182.5816, 143.0502
27 172 5.740000 184.0770, 126.5615, 210.3786, 129.6092, 208.5997, 144.9606, 182.2981, 141.9130
27 173 5.770000 183.9385, 125.7624, 210.3251, 128.7150, 208.6137, 144.0094, 182.2270, 141.0568
27 174 5.800000 183.8359, 124.8161, 210.3596, 127.6127, 208.7080, 143.2767, 182.1843, 140.4801
27 175 5.840000 183.7695, 123.8346, 210.3987, 126.2818, 208.9407, 142.1483, 182.3115, 139.7011
27 176 5.870000 183.7574, 123.2749, 210.4471, 125.3833, 209.1955, 141.2279, 182.5057, 139.1195
27 177 5.900000 183.7794, 122.5891, 210.5318, 124.3011, 209.4936, 140.5243, 182.7412, 138.8124
27 178 5.940000 183.8469, 121.9408, 210.6414, 123.0695, 209.9502, 139.4807, 183.1556, 138.3521
27 179 5.970000 183.9152, 121.6581, 210.6846, 122.2614, 210.3157, 138.6296, 183.5463, 138.0263
27 180 6.000000 183.9571, 121.2681, 210.7164, 121.2851, 210.7058, 138.0310, 183.9465, 138.0140
27 181 6.040000 184.0049, 121.0631, 210.6934, 120.2842, 211.1894, 137.2769, 184.5009, 138.0559
27 182 6.070000 184.0285, 121.1419, 210.6448, 119.8093, 211.4955, 136.8009, 184.8792, 138.1335
27 183 6.100000 184.0000, 121.1771, 210.5535, 119.3267, 211.7604, 136.6460, 185.2069, 138.4964
27 184 6.140000 183.9023, 121.5334, 210.3651, 119.0685, 211.9952, 136.5681, 185.5324, 139.0330
27 185 6.170000 183.7840, 122.0516, 210.1688, 119.1934, 212.0540, 136.5957, 185.6692, 139.4539
27 186 6.200000 183.5554, 122.5212, 209.9033, 119.3112, 212.0548, 136.9702, 185.7068, 140.1802
27 187 6.240000 183.1522, 123.4851, 209.4584, 119.9024, 211.8723, 137.6268, 185.5661, 141.2095
27 188 6.270000 182.7646, 124.4778, 209.0552, 120.6821, 211.5909, 138.2449, 185.3003, 142.0406
27 189 6.300000 182.2396, 125.4524, 208.5600, 121.4917, 211.2310, 139.2412, 184.9106, 143.2019
27 190 6.340000 181.4099, 127.1505, 207.8002, 123.0646, 210.5428, 140.7789, 184.1525, 144.8647
27 191 6.370000 180.6875, 128.7069, 207.1572, 124.6139, 209.8685, 142.1477, 183.3988, 146.2408
27 192 6.400000 179.8209, 130.3260, 206.4248, 126.2746, 209.1140, 143.9334, 182.5101, 147.9848
27 193 6.440000 178.5428, 132.9704, 205.3599, 129.0944, 207.9050, 146.7036, 181.0879, 150.5796
27 194 6.470000 177.4965, 135.3574, 204.5016, 131.7068, 206.8549, 149.1154, 179.8498, 152.7660
27 195 6.500000 176.3310, 137.8128, 203.5918, 134.5022, 205.7099, 151.9433, 178.4491, 155.2539
27 196 6.540000 174.5734, 140.9299, 202.1422, 138.0533, 203.9558, 155.4347, 176.3871, 158.3113
27 197 6.570000 173.0774, 142.9153, 200.8098, 140.2504, 202.4704, 157.5315, 174.7380, 160.1964
27 198 6.600000 171.4037, 144.3864, 199.3457, 141.9280, 200.8810, 159.3787, 172.9391, 161.8371
27 199 6.640000 169.0208, 145.8292, 197.2498, 143.7732, 198.5236, 161.2637, 170.2947, 163.3197
27 200 6.670000 167.1394, 146.7453, 195.5676, 145.0314, 196.5948, 162.0711, 168.1667, 163.7850
27 201 6.700000 165.1124, 146.8741, 193.7937, 145.5396, 194.6068, 163.0151, 165.9255, 164.3496
27 202 6.740000 162.3462, 146.8296, 191.3772, 146.1426, 191.7882, 163.5123, 162.7573, 164.1994
27 203 6.770000 160.2730, 146.5108, 189.5068, 146.4401, 189.5479, 163.4437, 160.3141, 163.5144
27 204 6.800000 158.1177, 145.5861, 187.6563, 146.1581, 187.3233, 163.3548, 157.7846, 162.7828
27 205 6.840000 155.3226, 143.9350, 185.1657, 145.4868, 184.2713, 162.6874, 154.4282, 161.1356
27 206 6.870000 153.2534, 142.7429, 183.2410, 144.9591, 182.0248, 161.4153, 152.0372, 159.1991
27 207 6.900000 151.2536, 140.6228, 181.4524, 143.5791, 179.8051, 160.4067, 149.6063, 157.4504
27 208 6.940000 148.7350, 137.6426, 179.1411, 141.6052, 176.9850, 158.1496, 146.5789, 154.1870
27 209 6.970000 147.0271, 135.1358, 177.4722, 139.8792, 174.9778, 155.8891, 144.5328, 151.1458
27 210 7.000000 145.4562, 131.7341, 176.1061, 137.2569, 173.1067, 153.9026, 142.4568, 148.3799
27 211 7.040000 143.5531, 127.7801, 174.2700, 134.3097, 170.8091, 150.5904, 140.0923, 144.0609
27 212 7.070000 142.2185, 125.2315, 172.8964, 132.4214, 169.2504, 147.9784, 138.5725, 140.7885
27 213 7.100000 141.0146, 122.5060, 171.7185, 130.2725, 167.8041, 145.7474, 137.1002, 137.9809
27 214 7.140000 139.5881, 119.1990, 170.2756, 127.5595, 166.1596, 142.6674, 135.4721, 134.3069
27 215 7.170000 138.6892, 116.9021, 169.3224, 125.6441, 165.1484, 140.2703, 134.5152, 131.5283
27 216 7.200000 137.9803, 114.3859, 168.6377, 123.4164, 164.3075, 138.1169, 133.6501, 129.0864
27 217 7.240000 137.3015, 111.2567, 167.9279, 120.5767, 163.5352, 135.0114, 132.9088, 125.6913
27 218 7.270000 136.9698, 109.0697, 167.5673, 118.4626, 163.2663, 132.4731, 132.6688, 123.0801
27 219 7.300000 136.8424, 106.6400, 167.4989, 115.9942, 163.2004, 130.0819, 132.5438, 120.7277
27 220 7.340000 136.9096, 103.4331, 167.7104, 112.5506, 163.5308, 126.6703, 132.7300, 117.5528
27 221 7.370000 137.0835, 101.2205, 168.0520, 110.1490, 164.1351, 123.7348, 133.1666, 114.8064
27 222 7.400000 137.6317, 98.4702, 168.6769, 107.0284, 164.7931, 121.1167, 133.7480, 112.5584
27 223 7.440000 138.5097, 94.9882, 169.7246, 102.9952, 166.1262, 117.0232, 134.9114, 109.0162
27 224 7.470000 139.3285, 92.2938, 170.7081, 99.7773, 167.3983, 113.6562, 136.0186, 106.1727
27 225 7.500000 140.4733, 89.0262, 171.8763, 95.8251, 168.6734, 110.6187, 137.2704, 103.8197
27 226 7.540000 141.9652, 85.3212, 173.4626, 91.0695, 170.6771, 106.3324, 139.1797, 100.5840
27 227 7.570000 143.1216, 83.0366, 174.6888, 88.1087, 172.2439, 103.3250, 140.6767, 98.2530
27 228 7.600000 144.3825, 80.8365, 175.9548, 85.2463, 173.7858, 100.7755, 142.2135, 96.3657
27 229 7.640000 146.1022, 78.3505, 177.6731, 81.9317, 175.8882, 97.6669, 144.3173, 94.0857
27 230 7.670000 147.4109, 76.8234, 178.9820, 79.8444, 177.4856, 95.4830, 145.9145, 92.4620
27 231 7.700000 148.7825, 75.2218, 180.3014, 77.6989, 179.0413, 93.7327, 147.5224, 91.2556
27 232 7.740000 150.6119, 73.4060, 182.0685, 75.2676, 181.1020, 91.5986, 149.6454, 89.7370
27 233 7.770000 151.9719, 72.2897, 183.3931, 73.7634, 182.6263, 90.1114, 151.2051, 88.6377
27 234 7.800000 153.3489, 71.0195, 184.6956, 72.1306, 184.0957, 89.0541, 152.7491, 87.9430
27 235 7.840000 155.1387, 69.6423, 186.4206, 70.3895, 186.0058, 87.7586, 154.7239, 87.0114
27 236 7.870000 156.4542, 68.7916, 187.7060, 69.3700, 187.3812, 86.9222, 156.1293, 86.3438
27 237 7.900000 157.7512, 67.8283, 188.9642, 68.2790, 188.7016, 86.4681, 157.4886, 86.0175
27 238 7.940000 159.4317, 66.8047, 190.6194, 67.1992, 190.3807, 86.0647, 159.1930, 85.6701
27 239 7.970000 160.6503, 66.3200, 191.8626, 66.7791, 191.5820, 85.8588, 160.3696, 85.3997
27 240 8.000000 161.8584, 65.6734, 193.0706, 66.2181, 192.7230, 86.1377, 161.5107, 85.5930
27 241 8.040000 163.4202, 65.1688, 194.6793, 65.9313, 194.1755, 86.5865, 162.9164, 85.8241
27 242 8.070000 164.5307, 65.1491, 195.8719, 66.0962, 195.2443, 86.8633, 163.9031, 85.9161
27 243 8.100000 165.6277, 64.9983, 197.0306, 66.0966, 196.2807, 87.5384, 164.8778, 86.4401
27 244 8.140000 167.0393, 65.2435, 198.5787, 66.6011, 197.6368, 88.4825, 166.0974, 87.1249
27 245 8.170000 168.0568, 65.7622, 199.7166, 67.3019, 198.6481, 89.2726, 166.9883, 87.7329
27 246 8.200000 169.0713, 66.2705, 200.8413, 67.9624, 199.6425, 90.4711, 167.8726, 88.7791
27 247 8.240000 170.3790, 67.4772, 202.3190, 69.3520, 200.9747, 92.2551, 169.0347, 90.3803
27 248 8.270000 171.3258, 68.7982, 203.4071, 70.7804, 201.9859, 93.7824, 169.9046, 91.8003
27 249 8.300000 172.2824, 70.2175, 204.4928, 72.2846, 202.9844, 95.7889, 170.7739, 93.7217
27 250 8.340000 173.5099, 72.8001, 205.9055, 74.9201, 204.3433, 98.7916, 171.9477, 96.6716
27 251 8.370000 174.3915, 75.2958, 206.9337, 77.3994, 205.3860, 101.3417, 172.8439, 99.2382
27 252 8.400000 175.2749, 78.0752, 207.9488, 80.1276, 206.4216, 104.4404, 173.7477, 102.3880
27 253 8.440000 176.3861, 82.7351, 209.2426, 84.6267, 207.8318, 109.1323, 174.9753, 107.2407
27 254 8.470000 177.1673, 86.9909, 210.1617, 88.6834, 208.9055, 113.1731, 175.9111, 111.4806
27 255 8.500000 177.9279, 91.6616, 211.0430, 93.0930, 209.9778, 117.7366, 176.8627, 116.3052
27 256 8.540000 178.9450, 97.8839, 212.2314, 99.0021, 211.4017, 123.7003, 178.1153, 122.5821
27 257 8.570000 179.7087, 102.2390, 213.1250, 103.1362, 212.4660, 127.6787, 179.0498, 126.7815
27 258 8.600000 180.5429, 105.8449, 214.1603, 106.8160, 213.4409, 131.7214, 179.8235, 130.7503
27 259 8.640000 181.5428, 110.5620, 215.3782, 111.3385, 214.8043, 136.3442, 180.9689, 135.5677
27 260 8.670000 182.2930, 114.2166, 216.2069, 114.7347, 215.8337, 139.1621, 181.9198, 138.6440
27 261 8.700000 183.0229, 117.2117, 217.0489, 117.5748, 216.7858, 142.2335, 182.7598, 141.8704
27 262 8.740000 183.9574, 121.1641, 218.0712, 121.2403, 218.0162, 145.8532, 183.9024, 145.7770
27 263 8.770000 184.6250, 124.1193, 218.8306, 124.0356, 218.8899, 148.2604, 184.6843, 148.3441
27 264 8.800000 185.2511, 126.5280, 219.5231, 126.3114, 219.6790, 150.9892, 185.4071, 151.2058
27 265 8.840000 186.0166, 129.8288, 220.4306, 129.5147, 220.6568, 154.3023, 186.2429, 154.6164
27 266 8.870000 186.5818, 132.3995, 221.0360, 132.0333, 221.2970, 156.5799, 186.8428, 156.9462
27 267 8.900000 187.0330, 134.6526, 221.5969, 134.2322, 221.8997, 159.1311, 187.3358, 159.5515
27 268 8.940000 187.6276, 137.8497, 222.2739, 137.4548, 222.5578, 162.3662, 187.9115, 162.7611
27 269 8.970000 187.9950, 140.5028, 222.7294, 140.1150, 223.0029, 164.6184, 188.2685, 165.0061
27 270 9.000000 188.3301, 142.8316, 223.1276, 142.5302, 223.3416, 167.2400, 188.5442, 167.5414
27 271 9.040000 188.6672, 145.9835, 223.5639, 145.7502, 223.7294, 170.5180, 188.8328, 170.7512
27 272 9.070000 188.8892, 148.3399, 223.8739, 148.2541, 223.9340, 172.7645, 188.9493, 172.8503
27 273 9.100000 189.0324, 150.3095, 224.1133, 150.3418, 224.0903, 175.2478, 189.0094, 175.2154
27 274 9.140000 189.1701, 153.2145, 224.3672, 153.3952, 224.2401, 178.1518, 189.0429, 177.9711
27 275 9.170000 189.2443, 155.5904, 224.5246, 155.9088, 224.3063, 180.0948, 189.0260, 179.7763
27 276 9.200000 189.2680, 157.6453, 224.6476, 158.1185, 224.3233, 182.3618, 188.9438, 181.8887
27 277 9.240000 189.2715, 160.6957, 224.7677, 161.3917, 224.3014, 185.1706, 188.8053, 184.4746
27 278 9.270000 189.2443, 163.2943, 224.8181, 164.1373, 224.2740, 187.0988, 188.7001, 186.2558
27 279 9.300000 189.1857, 165.6160, 224.8416, 166.6156, 224.2015, 189.4499, 188.5456, 188.4503
27 280 9.340000 189.0813, 169.1754, 224.8320, 170.3645, 224.0973, 192.4553, 188.3466, 191.2663
27 281 9.370000 189.0330, 172.2154, 224.8542, 173.6323, 224.0183, 194.7660, 188.1971, 193.3491
27 282 9.400000 188.8998, 175.1103, 224.7839, 176.6127, 223.9126, 197.4228, 188.0286, 195.9204
27 283 9.440000 188.6569, 179.5800, 224.6038, 181.0547, 223.7884, 200.9316, 187.8415, 199.4569
27 284 9.470000 188.4098, 183.4330, 224.4271, 184.8134, 223.7067, 203.6095, 187.6894, 202.2290
27 285 9.500000 188.1436, 187.3496, 224.2410, 188.6088, 223.6104, 206.6843, 187.5130, 205.4251
27 286 9.540000 187.7765, 192.5962, 224.0077, 193.8074, 223.4385, 210.8322, 187.2074, 209.6210
27 287 9.570000 187.4538, 196.5786, 223.8024, 197.7028, 223.3038, 213.8241, 186.9552, 212.6999
27 288 9.600000 187.1556, 199.9814, 223.5836, 201.0425, 223.1136, 217.1788, 186.6856, 216.1177
27 289 9.640000 186.6662, 204.7932, 223.2475, 205.7137, 222.8408, 221.8755, 186.2595, 220.9550
27 290 9.670000 186.2612, 207.7082, 222.9906, 208.5319, 222.6080, 225.5915, 185.8786, 224.7678
27 291 9.700000 185.8271, 211.0189, 222.6797, 211.7435, 222.3413, 228.9536, 185.4887, 228.2290
27 292 9.740000 185.1490, 215.2130, 222.2254, 215.7873, 221.9456, 233.8550, 184.8691, 233.2807
27 293 9.770000 184.5570, 218.3588, 221.8304, 218.7776, 221.6170, 237.7647, 184.3436, 237.3458
27 294 9.800000 183.9155, 222.0868, 221.3719, 222.3458, 221.2404, 241.3613, 183.7840, 241.1023
27 295 9.840000 182.9262, 227.2073, 220.6698, 227.1879, 220.6798, 246.5936, 182.9361, 246.6130
27 296 9.870000 182.0797, 231.2304, 220.0784, 230.9869, 220.2060, 250.8968, 182.2074, 251.1403
27 297 9.900000 181.1830, 235.8998, 219.4103, 235.4390, 219.6480, 255.1527, 181.4206, 255.6135
27 298 9.940000 179.8436, 242.5628, 218.4214, 241.8100, 218.8075, 261.6003, 180.2298, 262.3531
27 299 9.970000 178.7347, 248.0696, 217.5940, 247.0902, 218.0963, 267.0164, 179.2369, 267.9958
27 300 10.000000 177.5587, 254.1864, 216.6826, 252.9854, 217.2853, 272.6182, 178.1613, 273.8193
27 301 10.040000 175.8038, 262.0837, 215.3172, 260.6107, 216.0410, 280.0273, 176.5276, 281.5002
27 302 10.070000 174.3023, 267.4031, 214.1508, 265.7043, 214.9843, 285.2561, 175.1359, 286.9548
27 303 10.100000 172.7207, 272.6366, 212.9356, 270.8751, 213.7647, 289.8045, 173.5498, 291.5660
27 304 10.140000 170.2580, 278.8257, 211.0232, 276.6959, 212.0131, 295.6423, 171.2479, 297.7721
27 305 10.170000 168.2216, 282.7287, 209.3832, 280.2892, 210.5535, 300.0355, 169.3920, 302.4751
27 306 10.200000 166.0633, 286.9603, 207.6902, 284.3847, 208.8836, 303.6734, 167.2568, 306.2490
27 307 10.240000 162.9064, 291.9805, 205.1689, 289.2077, 206.4276, 308.3939, 164.1652, 311.1666
27 308 10.270000 160.3595, 295.2239, 203.0755, 292.3791, 204.3823, 312.0012, 161.6662, 314.8460
27 309 10.300000 157.6037, 298.8700, 200.9158, 295.9623, 202.1794, 314.7848, 158.8673, 317.6926
27 310 10.340000 153.7413, 302.9763, 197.7815, 300.2399, 198.9373, 318.8414, 154.8971, 321.5778
27 311 10.370000 150.6876, 305.6151, 195.2460, 303.1206, 196.3043, 322.0246, 151.7459, 324.5191
27 312 10.400000 147.4795, 308.5461, 192.6608, 306.4288, 193.5160, 324.6781, 148.3347, 326.7953
27 313 10.440000 143.0415, 311.6202, 188.9851, 310.1775, 189.5625, 328.5654, 143.6189, 330.0081
27 314 10.470000 139.6337, 314.0245, 186.1233, 313.2177, 186.4449, 331.7460, 139.9552, 332.5528
27 315 10.500000 136.1177, 315.7961, 183.2345, 315.7809, 183.2405, 334.4470, 136.1237, 334.4623
27 316 10.540000 131.4171, 318.1452, 179.2941, 319.2459, 178.8588, 338.1795, 130.9818, 337.0788
27 317 10.570000 127.9160, 320.0400, 176.2671, 321.9556, 175.5158, 340.9188, 127.1646, 339.0031
27 318 10.600000 124.4203, 321.0480, 173.3215, 323.7975, 172.2242, 343.3129, 123.3230, 340.5634
27 319 10.640000 119.8576, 322.4673, 169.3941, 326.1415, 167.9055, 346.2107, 118.3690, 342.5365
27 320 10.670000 116.5816, 323.5366, 166.5170, 327.9806, 164.7474, 347.8649, 114.8120, 343.4209
27 321 10.700000 113.4419, 324.1245, 163.7739, 329.2721, 161.6991, 349.5587, 111.3671, 344.4111
27 322 10.740000 109.5066, 324.8002, 160.2913, 330.8220, 157.8662, 351.2742, 107.0815, 345.2524
27 323 10.770000 106.7505, 325.3646, 157.7974, 331.9036, 155.2185, 352.0358, 104.1716, 345.4968
27 324 10.800000 104.2148, 325.2620, 155.5798, 332.2600, 152.7472, 353.0506, 101.3823, 346.0527
27 325 10.840000 101.1596, 325.4205, 152.8134, 332.8886, 149.8294, 353.5277, 98.1756, 346.0597
27 326 10.870000 99.1200, 325.7449, 150.8994, 333.4695, 147.9483, 353.2512, 96.1690, 345.5266
27 327 10.900000 97.3337, 325.3942, 149.3064, 333.2247, 146.2894, 353.2493, 94.3167, 345.4188
27 328 10.940000 95.3036, 325.0993, 147.4371, 332.9109, 144.4747, 352.6817, 92.3412, 344.8701
27 329 10.970000 94.0427, 325.0106, 146.2184, 332.6578, 143.3174, 352.4512, 91.1417, 344.8040
27 330 11.000000 93.0170, 324.0765, 145.3648, 331.4371, 142.5799, 351.2430, 90.2321, 343.8824
27 331 11.040000 91.8637, 323.7326, 144.3145, 330.5697, 141.7294, 350.4017, 89.2785, 343.5646
27 332 11.070000 91.2916, 323.0687, 143.7185, 329.5167, 141.1513, 350.3902, 88.7244, 343.9422
27 333 11.100000 90.7176, 323.1079, 143.2075, 329.1847, 140.7740, 350.2041, 88.2842, 344.1273
27 334 11.140000 90.1743, 323.3214, 142.6558, 328.8957, 140.3454, 350.6486, 87.8639, 345.0744
27 335 11.170000 89.8821, 323.6903, 142.3264, 328.8766, 140.0986, 351.4044, 87.6543, 346.2181
27 336 11.200000 89.5778, 324.6708, 142.0528, 329.4798, 139.9824, 352.0722, 87.5073, 347.2632
27 337 11.240000 89.3086, 326.1981, 141.7689, 330.5298, 139.8616, 353.6285, 87.4014, 349.2968
27 338 11.270000 89.2013, 327.4989, 141.5885, 331.4784, 139.7765, 355.3328, 87.3892, 351.3533
27 339 11.300000 89.0297, 329.4650, 141.4516, 333.1075, 139.7939, 356.9647, 87.3719, 353.3222
27 340 11.340000 88.8804, 332.3579, 141.2796, 335.5534, 139.7958, 359.8852, 87.3965, 356.6897
27 341 11.370000 88.8048, 334.7719, 141.1471, 337.6368, 139.7786, 362.6400, 87.4363, 359.7751
27 342 11.400000 88.6428, 337.8813, 141.0297, 340.4190, 139.8180, 365.4319, 87.4311, 362.8943
27 343 11.440000 88.4300, 342.4890, 140.8336, 344.5724, 139.8220, 370.0196, 87.4183, 367.9363
27 344 11.470000 88.2537, 346.3891, 140.6463, 348.1334, 139.7813, 374.1158, 87.3887, 372.3716
27 345 11.500000 87.9747, 350.9322, 140.4553, 352.3206, 139.7679, 378.3050, 87.2873, 376.9167
27 346 11.540000 87.6122, 356.6048, 140.1777, 357.5934, 139.6853, 383.7746, 87.1199, 382.7860
27 347 11.570000 87.3907, 360.0720, 139.9444, 360.8679, 139.5401, 387.5633, 86.9864, 386.7674
27 348 11.600000 87.0530, 363.4607, 139.7371, 364.0441, 139.4443, 390.4871, 86.7602, 389.9037
27 349 11.640000 86.7001, 366.8275, 139.3821, 367.3141, 139.1331, 394.2703, 86.4511, 393.7837
27 350 11.670000 86.4121, 368.7354, 139.0215, 369.0925, 138.8328, 396.8783, 86.2234, 396.5211
27 351 11.700000 85.9065, 371.0037, 138.7152, 371.2144, 138.6068, 398.3947, 85.7981, 398.1840
27 352 11.740000 85.2445, 373.1255, 138.1680, 373.1744, 138.1429, 400.3366, 85.2194, 400.2877
27 353 11.770000 84.7427, 374.0986, 137.6851, 374.1077, 137.6804, 401.6970, 84.7380, 401.6879
27 354 11.800000 84.0786, 375.3466, 137.2315, 375.3366, 137.2365, 402.1608, 84.0837, 402.1708
27 355 11.840000 83.1929, 376.2019, 136.5186, 376.2313, 136.5039, 402.6958, 83.1783, 402.6663
27 356 11.870000 82.5301, 376.2479, 135.8987, 376.3250, 135.8601, 403.0325, 82.4915, 402.9554
27 357 11.900000 81.7231, 376.5905, 135.3265, 376.7437, 135.2530, 402.4605, 81.6496, 402.3073
27 358 11.940000 80.6837, 376.2047, 134.4759, 376.5015, 134.3374, 401.5948, 80.5452, 401.2979
27 359 11.970000 79.9513, 375.1962, 133.7779, 375.6160, 133.5805, 400.9247, 79.7539, 400.5049
27 360 12.000000 79.1177, 374.4997, 133.1392, 375.0758, 132.8797, 399.4085, 78.8582, 398.8324
27 361 12.040000 78.0523, 373.3174, 132.2106, 374.0975, 131.8669, 397.9588, 77.7086, 397.1787
27 362 12.070000 77.2298, 372.7755, 131.4904, 373.7012, 131.0890, 397.2303, 76.8284, 396.3047
27 363 12.100000 76.3481, 372.8549, 130.7902, 373.9402, 130.3410, 396.4703, 75.8990, 395.3850
27 364 12.140000 75.2240, 373.1193, 129.8237, 374.3978, 129.3132, 396.1983, 74.7135, 394.9198
27 365 12.170000 74.4279, 373.4294, 129.0900, 374.8347, 128.5321, 396.5348, 73.8700, 395.1295
27 366 12.200000 73.6036, 374.3709, 128.3960, 375.9120, 127.8096, 396.7607, 73.0173, 395.2197
27 367 12.240000 72.5909, 375.8121, 127.4836, 377.5056, 126.8590, 397.7497, 71.9663, 396.0562
27 368 12.270000 71.9122, 376.9904, 126.8188, 378.7845, 126.1560, 399.0686, 71.2494, 397.2746
27 369 12.300000 71.2664, 378.2908, 126.2186, 380.2194, 125.5115, 400.3669, 70.5592, 398.4382
27 370 12.340000 70.4988, 380.7169, 125.4421, 382.7681, 124.6906, 402.8952, 69.7474, 400.8440
27 371 12.370000 69.9947, 383.1730, 124.8744, 385.2871, 124.0997, 405.3978, 69.2200, 403.2838
27 372 12.400000 69.5264, 385.6377, 124.3833, 387.8275, 123.5814, 407.9176, 68.7244, 405.7278
27 373 12.440000 68.9886, 389.8604, 123.7432, 392.1204, 122.9152, 412.1827, 68.1606, 409.9227
27 374 12.470000 68.6479, 393.2017, 123.2994, 395.4595, 122.4491, 416.0431, 67.7975, 413.7853
27 375 12.500000 68.3391, 397.0497, 122.9015, 399.3151, 122.0435, 419.9801, 67.4811, 417.7147
27 376 12.540000 68.1496, 401.7273, 122.5088, 404.0002, 121.6253, 425.1307, 67.2661, 422.8579
27 377 12.570000 68.2119, 404.5000, 122.3398, 406.7099, 121.4445, 428.6389, 67.3166, 426.4290
27 378 12.600000 68.3620, 407.2518, 122.3423, 409.5125, 121.4333, 431.2175, 67.4530, 428.9568
27 379 12.640000 68.8843, 410.0295, 122.4754, 412.4786, 121.4781, 434.3014, 67.8870, 431.8522
27 380 12.670000 69.4302, 411.2908, 122.6350, 413.5916, 121.6382, 436.6416, 68.4334, 434.3408
27 381 12.700000 69.9558, 413.0881, 122.9272, 415.3146, 121.9848, 437.7365, 69.0133, 435.5100
27 382 12.740000 70.8592, 414.4307, 123.3640, 416.3210, 122.5338, 439.3811, 70.0290, 437.4908
27 383 12.770000 71.6904, 415.0233, 123.7795, 416.8485, 122.9544, 440.3958, 70.8653, 438.5707
27 384 12.800000 72.4959, 415.8300, 124.2808, 417.5681, 123.5050, 440.6832, 71.7201, 438.9451
27 385 12.840000 73.7296, 416.2332, 124.9845, 417.8716, 124.2431, 441.0646, 72.9882, 439.4262
27 386 12.870000 74.7564, 415.9353, 125.4966, 417.3913, 124.8047, 441.5029, 74.0644, 440.0468
27 387 12.900000 75.7317, 416.0191, 126.1106, 417.4285, 125.4469, 441.1517, 75.0680, 439.7422
27 388 12.940000 77.1773, 415.3706, 126.9111, 416.7740, 126.2288, 440.9538, 76.4950, 439.5504
27 389 12.970000 78.3346, 414.5070, 127.4967, 415.9539, 126.7641, 440.8443, 77.6020, 439.3974
27 390 13.000000 79.4237, 413.8159, 128.1275, 415.3378, 127.3496, 440.2321, 78.6458, 438.7102
27 391 13.040000 80.9358, 412.3076, 128.9264, 413.9540, 128.0602, 439.2012, 80.0696, 437.5548
27 392 13.070000 82.0644, 410.7452, 129.4926, 412.4223, 128.5784, 438.2760, 81.1502, 436.5990
27 393 13.100000 83.0861, 409.2801, 130.1251, 411.0713, 129.1506, 436.6631, 82.1116, 434.8719
27 394 13.140000 84.4637, 406.7175, 130.9776, 408.7090, 129.8822, 434.2925, 83.3683, 432.3010
27 395 13.170000 85.3266, 404.1327, 131.6878, 406.2510, 130.4874, 432.5233, 84.1262, 430.4051
27 396 13.200000 86.3060, 401.7948, 132.2563, 404.1092, 130.9549, 429.9479, 85.0046, 427.6335
27 397 13.240000 87.4487, 397.9621, 133.0600, 400.4523, 131.6433, 426.4017, 86.0320, 423.9116
27 398 13.270000 88.2600, 394.4512, 133.7097, 397.1533, 132.1287, 423.7468, 86.6789, 421.0447
27 399 13.300000 89.1514, 391.1044, 134.2476, 394.1019, 132.5022, 420.3608, 87.4060, 417.3633
27 400 13.340000 90.2939, 385.9314, 134.9925, 389.4078, 132.9491, 415.6818, 88.2504, 412.2054
27 401 13.370000 91.0509, 381.5694, 135.5635, 385.3136, 133.3211, 411.9721, 88.8085, 408.2279
27 402 13.400000 91.8507, 377.4457, 135.9988, 381.4628, 133.6410, 407.3751, 89.4930, 403.3580
27 403 13.440000 92.8239, 371.1767, 136.6292, 375.4842, 134.1314, 400.8859, 90.3261, 396.5784
27 404 13.470000 93.5112, 365.7731, 137.1763, 370.2744, 134.5492, 395.7587, 90.8841, 391.2574
27 405 13.500000 94.2789, 360.5145, 137.6249, 365.2604, 134.9363, 389.8159, 91.5903, 385.0699
27 406 13.540000 95.3253, 353.2558, 138.3367, 358.5027, 135.3806, 382.7353, 92.3692, 377.4884
27 407 13.570000 96.1223, 348.5362, 138.7976, 354.1888, 135.6669, 377.8243, 92.9917, 372.1717
27 408 13.600000 96.9263, 344.3695, 139.2218, 350.4455, 135.9429, 373.2706, 93.6473, 367.1945
27 409 13.640000 97.9986, 339.3001, 139.8292, 345.9156, 136.3469, 367.9341, 94.5164, 361.3187
27 410 13.670000 98.8380, 335.6996, 140.3768, 342.7507, 136.6799, 364.5299, 95.1411, 357.4789
27 411 13.700000 99.7492, 332.6333, 140.8860, 340.1230, 137.0509, 361.1867, 95.9141, 353.6969
27 412 13.740000 101.0809, 328.7037, 141.7404, 336.8369, 137.6255, 357.4078, 96.9660, 349.2745
27 413 13.770000 102.1832, 325.8577, 142.5328, 334.4795, 138.1411, 355.0321, 97.7915, 346.4103
27 414 13.800000 103.3894, 323.5245, 143.3100, 332.6032, 138.7718, 352.5588, 98.8511, 343.4801
27 415 13.840000 105.1785, 320.4937, 144.6016, 330.1614, 139.7923, 349.7728, 100.3692, 340.1051
27 416 13.870000 106.7088, 318.2340, 145.7893, 328.3769, 140.6803, 348.0622, 101.5998, 337.9194
27 417 13.900000 108.3714, 316.3974, 147.0188, 326.9489, 141.7595, 346.2124, 103.1120, 335.6609
27 418 13.940000 110.8799, 313.9195, 149.0007, 325.0091, 143.4308, 344.1557, 105.3100, 333.0661
27 419 13.970000 112.9923, 312.0273, 150.7697, 323.4915, 144.8849, 342.8832, 107.1075, 331.4191
27 420 14.000000 115.2322, 310.6616, 152.5584, 322.3738, 146.6148, 341.3159, 109.2886, 329.6037
27 421 14.040000 118.4804, 308.8899, 155.3500, 320.9044, 149.1333, 339.9818, 112.2637, 327.9673
27 422 14.070000 121.0686, 307.8254, 157.6681, 319.9900, 151.1887, 339.4843, 114.5892, 327.3197
27 423 14.100000 123.7194, 307.3546, 160.0211, 319.5451, 153.4816, 339.0189, 117.1799, 326.8284
27 424 14.140000 127.4492, 307.1081, 163.4368, 319.2229, 156.7989, 338.9412, 120.8113, 326.8264
27 425 14.170000 130.3902, 307.2078, 166.2042, 319.1907, 159.4866, 339.2682, 123.6725, 327.2853
27 426 14.200000 133.3823, 307.8833, 169.0004, 319.6074, 162.4241, 339.5864, 126.8060, 327.8623
27 427 14.240000 137.5527, 309.1524, 172.9898, 320.4486, 166.5814, 340.5522, 131.1444, 329.2560
27 428 14.270000 140.7978, 310.3898, 176.1635, 321.2844, 169.8733, 341.7035, 134.5076, 330.8089
27 429 14.300000 144.0707, 312.2327, 179.3440, 322.6191, 173.3746, 342.8918, 138.1013, 332.5053
27 430 14.340000 148.5565, 315.1313, 183.7806, 324.7471, 178.2201, 345.1162, 142.9960, 335.5004
27 431 14.370000 152.0010, 317.6773, 187.2253, 326.6721, 181.9593, 347.2940, 146.7351, 338.2992
27 432 14.400000 155.4627, 320.8547, 190.6535, 329.1606, 185.8118, 349.6742, 150.6209, 341.3682
27 433 14.440000 160.1365, 325.7076, 195.3227, 333.0566, 191.0072, 353.7186, 155.8210, 346.3696
27 434 14.470000 163.6451, 329.9355, 198.8515, 336.5201, 194.9435, 357.4149, 159.7372, 350.8304
27 435 14.500000 167.1603, 334.7507, 202.3586, 340.5366, 198.9219, 361.4437, 163.7236, 355.6577
27 436 14.540000 171.9831, 341.0440, 207.1698, 345.7876, 204.3366, 366.8031, 169.1499, 362.0594
27 437 14.570000 175.7379, 345.2705, 210.9058, 349.2942, 208.4789, 370.5055, 173.3111, 366.4819
27 438 14.600000 179.5648, 349.3340, 214.6726, 352.6370, 212.6936, 373.6719, 177.5858, 370.3690
27 439 14.640000 184.7872, 354.1061, 219.8000, 356.5713, 218.3221, 377.5629, 183.3092, 375.0978
27 440 14.670000 188.7834, 357.1507, 223.7120, 359.1350, 222.5078, 380.3324, 187.5792, 378.3482
27 441 14.700000 192.7646, 360.2019, 227.5824, 361.6323, 226.7238, 382.5324, 191.9060, 381.1020
27 442 14.740000 198.1254, 363.5786, 232.7878, 364.4758, 232.2482, 385.3218, 197.5858, 384.4246
27 443 14.770000 202.1909, 365.5259, 236.7257, 366.2473, 236.2838, 387.3989, 201.7490, 386.6775
27 444 14.800000 206.1713, 367.6270, 240.5715, 367.9892, 240.3520, 388.8288, 205.9519, 388.4666
27 445 14.840000 211.4912, 369.7297, 245.7124, 369.8564, 245.6352, 390.7127, 211.4139, 390.5860
27 446 14.870000 215.4903, 370.7795, 249.5755, 370.9295, 249.4822, 392.1415, 215.3970, 391.9915
27 447 14.900000 219.3733, 372.0666, 253.3280, 372.0001, 253.3690, 392.9133, 219.4142, 392.9799
27 448 14.940000 224.5484, 373.1162, 258.3347, 373.0068, 258.4026, 393.9811, 224.6163, 394.0905
27 449 14.970000 228.4257, 373.4178, 262.0867, 373.4441, 262.0700, 394.7998, 228.4090, 394.7735
