73 0 0.010000 216.1053, 339.8015, 238.2253, 339.9914, 238.1274, 351.4043, 216.0073, 351.2144
73 1 0.040000 215.6077, 341.1847, 237.8546, 339.6784, 238.5882, 350.5127, 216.3413, 352.0190
73 2 0.070000 215.2381, 342.2429, 237.4676, 339.4166, 238.7902, 349.8192, 216.5607, 352.6455
73 3 0.110000 214.6958, 342.9190, 236.8058, 338.7476, 238.6942, 348.7566, 216.5842, 352.9281
73 4 0.140000 214.1365, 342.8923, 236.1340, 337.9384, 238.3436, 347.7501, 216.3462, 352.7040
73 5 0.170000 213.4195, 342.2572, 235.3642, 336.9794, 237.7261, 346.8002, 215.7814, 352.0779
73 6 0.200000 212.4832, 341.4083, 234.3696, 335.7941, 236.8967, 345.6458, 215.0103, 351.2599
73 7 0.240000 210.9387, 339.7006, 232.8358, 334.0949, 235.4327, 344.2393, 213.5356, 349.8450
73 8 0.270000 209.5869, 338.0452, 231.5618, 332.8239, 234.0639, 343.3544, 212.0889, 348.5757
73 9 0.310000 207.4899, 335.9399, 229.5384, 331.0375, 231.9617, 341.9364, 209.9133, 346.8387
73 10 0.340000 205.6071, 334.7629, 227.6350, 329.4328, 230.2964, 340.4316, 208.2685, 345.7618
73 11 0.370000 203.7095, 332.9745, 225.8544, 328.2056, 228.2917, 339.5236, 206.1468, 344.2925
73 12 0.400000 201.5678, 331.5265, 223.7696, 326.8139, 226.2062, 338.2932, 204.0044, 343.0058
73 13 0.440000 198.5106, 329.4658, 220.8661, 325.1323, 223.1304, 336.8134, 200.7750, 341.1469
73 14 0.470000 196.1460, 327.6856, 218.6453, 324.0713, 220.5631, 336.0101, 198.0638, 339.6244
73 15 0.500000 193.5055, 326.4057, 216.1270, 322.8290, 218.0243, 334.8293, 195.4029, 338.4060
73 16 0.540000 189.9919, 324.4162, 212.7845, 321.6219, 214.2835, 333.8494, 191.4910, 336.6438
73 17 0.570000 187.3162, 322.9409, 210.2205, 320.9567, 211.2983, 333.3978, 188.3940, 335.3820
73 18 0.610000 183.5888, 321.3440, 206.6152, 320.2143, 207.2342, 332.8307, 184.2078, 333.9605
73 19 0.640000 180.6302, 320.4696, 203.7697, 319.6879, 204.1977, 332.3566, 181.0582, 333.1383
73 20 0.670000 177.7536, 319.4807, 200.9442, 319.4326, 200.9706, 332.1894, 177.7801, 332.2376
73 21 0.700000 174.7016, 318.8220, 197.9958, 319.1047, 197.8409, 331.8647, 174.5468, 331.5820
73 22 0.740000 170.7281, 317.8472, 194.0854, 318.9351, 193.4891, 331.7360, 170.1319, 330.6481
73 23 0.770000 167.8566, 317.0299, 191.1763, 318.9981, 190.0914, 331.8526, 166.7717, 329.8844
73 24 0.800000 164.7493, 316.6335, 188.1630, 318.8623, 186.9455, 331.6516, 163.5319, 329.4227
73 25 0.840000 160.8453, 315.9185, 184.2420, 318.9800, 182.5783, 331.6937, 159.1816, 328.6322
73 26 0.870000 158.0298, 315.3613, 181.3560, 319.1765, 179.2842, 331.8437, 155.9580, 328.0286
73 27 0.900000 155.0708, 315.0862, 178.4703, 319.2429, 176.2408, 331.7934, 152.8413, 327.6367
73 28 0.940000 151.3108, 314.7220, 174.7371, 319.4874, 172.2192, 331.8651, 148.7929, 327.0997
73 29 0.970000 148.7871, 314.3000, 172.0671, 319.9271, 169.1036, 332.1874, 145.8236, 326.5603
73 30 1.000000 146.0360, 314.3161, 169.4164, 320.1154, 166.4160, 332.2122, 143.0355, 326.4130
73 31 1.040000 142.7168, 314.2569, 166.0772, 320.6209, 162.8224, 332.5681, 139.4621, 326.2040
73 32 1.070000 140.5244, 314.1773, 163.7189, 321.2726, 160.1079, 333.0770, 136.9134, 325.9817
73 33 1.110000 137.5095, 314.5506, 160.7228, 322.0427, 156.9931, 333.5988, 133.7798, 326.1068
73 34 1.140000 135.3104, 315.0580, 158.6242, 322.6367, 154.9230, 334.0225, 131.6092, 326.4438
73 35 1.170000 133.4477, 315.5038, 156.6824, 323.5166, 152.8110, 334.7427, 129.5763, 326.7299
73 36 1.210000 131.0680, 316.4322, 154.3118, 324.7526, 150.3618, 335.7873, 127.1180, 327.4669
73 37 1.240000 129.2730, 317.4984, 152.6918, 325.6855, 148.8928, 336.5524, 125.4740, 328.3653
73 38 1.270000 127.9020, 318.4585, 151.2389, 327.0114, 147.3050, 337.7454, 123.9681, 329.1925
73 39 1.310000 126.0758, 320.2632, 149.5136, 328.8419, 145.6525, 339.3908, 122.2146, 330.8121
73 40 1.340000 124.7809, 321.9494, 148.3842, 330.3376, 144.6777, 340.7672, 121.0744, 332.3790
73 41 1.370000 123.8099, 323.6673, 147.4026, 332.2023, 143.6610, 342.5448, 120.0684, 334.0098
73 42 1.410000 122.6029, 326.4427, 146.3015, 334.8888, 142.6489, 345.1375, 118.9503, 336.6915
73 43 1.440000 121.7554, 328.9033, 145.6300, 337.0419, 142.1587, 347.2252, 118.2841, 339.0865
73 44 1.470000 121.2460, 331.3508, 145.1193, 339.5431, 141.6308, 349.7091, 117.7575, 341.5168
73 45 1.510000 120.6961, 334.9683, 144.6980, 342.8952, 141.3432, 353.0532, 117.3413, 345.1263
73 46 1.540000 120.4399, 337.8199, 144.6135, 345.3320, 141.4683, 355.4529, 117.2948, 347.9408
73 47 1.570000 120.7902, 340.1778, 144.7941, 348.0388, 141.4639, 358.2075, 117.4600, 350.3465
73 48 1.610000 121.4084, 343.4723, 145.3897, 351.2645, 142.0743, 361.4679, 118.0930, 353.6757
73 49 1.640000 121.9848, 346.0536, 146.0992, 353.3990, 142.9893, 363.6086, 118.8749, 356.2633
73 50 1.670000 123.0298, 348.2869, 147.0617, 355.6715, 143.9053, 365.9435, 119.8733, 358.5589
73 51 1.710000 124.5756, 351.4026, 148.6562, 358.3888, 145.6508, 368.7482, 121.5702, 361.7620
73 52 1.740000 125.7389, 353.9814, 150.0470, 360.1133, 147.4185, 370.5331, 123.1104, 364.4012
73 53 1.770000 127.4266, 356.1134, 151.6507, 362.1714, 149.0116, 372.7244, 124.7875, 366.6664
73 54 1.810000 129.6534, 359.3200, 153.9703, 364.6462, 151.6317, 375.3232, 127.3148, 369.9970
73 55 1.840000 131.3898, 361.8925, 155.8232, 366.4169, 153.8283, 377.1903, 129.3948, 372.6658
73 56 1.870000 133.4540, 364.2093, 157.8216, 368.4774, 155.9048, 379.4210, 131.5372, 375.1528
73 57 1.910000 136.1508, 367.6764, 160.5468, 371.0741, 158.9884, 382.2644, 134.5924, 378.8667
73 58 1.940000 138.1826, 370.4857, 162.6215, 373.0235, 161.4453, 384.3501, 137.0064, 381.8123
73 59 1.970000 140.3983, 373.1235, 164.7834, 375.1638, 163.8197, 386.6820, 139.4345, 384.6417
73 60 2.010000 143.4022, 376.6140, 167.6934, 377.9215, 167.0609, 389.6732, 142.7696, 388.3657
73 61 2.040000 145.5330, 379.2757, 169.8226, 379.5449, 169.6906, 391.4527, 145.4010, 391.1835
73 62 2.070000 148.0069, 381.0424, 172.1183, 381.2915, 171.9917, 393.5451, 147.8803, 393.2960
73 63 2.110000 151.0485, 383.3243, 175.0352, 382.8453, 175.2868, 395.4450, 151.3001, 395.9241
73 64 2.140000 153.2823, 384.6903, 177.1581, 383.6440, 177.7208, 396.4867, 153.8450, 397.5330
73 65 2.170000 155.6127, 385.4632, 179.3397, 384.3679, 179.9467, 397.5166, 156.2196, 398.6118
73 66 2.210000 158.5914, 386.0950, 182.1078, 384.8663, 182.8156, 398.4138, 159.2992, 399.6425
73 67 2.240000 160.5098, 386.6568, 183.9655, 384.7190, 185.0946, 398.3853, 161.6389, 400.3232
73 68 2.270000 162.6236, 386.4578, 185.9185, 384.6764, 186.9832, 398.5995, 163.6883, 400.3809
73 69 2.310000 165.1834, 386.0431, 188.3225, 384.2039, 189.4410, 398.2760, 166.3019, 400.1151
73 70 2.340000 166.7524, 385.8427, 189.8446, 383.3032, 191.3921, 397.3745, 168.2999, 399.9140
73 71 2.370000 168.6148, 384.6699, 191.5426, 382.6568, 192.7989, 396.9642, 169.8710, 398.9773
73 72 2.410000 170.5526, 383.3561, 193.3910, 381.0361, 194.8558, 395.4555, 172.0174, 397.7755
73 73 2.440000 171.7369, 382.3349, 194.5692, 379.5047, 196.3503, 393.8739, 173.5180, 396.7040
73 74 2.470000 173.1445, 380.5489, 195.8633, 378.1746, 197.3800, 392.6879, 174.6613, 395.0621
73 75 2.510000 174.6032, 378.4015, 197.2741, 376.0124, 198.8019, 390.5096, 176.1309, 392.8987
73 76 2.540000 175.4384, 376.9743, 198.1290, 374.2241, 199.8760, 388.6377, 177.1854, 391.3878
73 77 2.570000 176.3824, 375.2177, 199.0179, 372.6932, 200.6307, 387.1542, 177.9951, 389.6786
73 78 2.610000 177.2758, 373.2840, 199.9165, 370.5089, 201.6823, 384.9147, 179.0415, 387.6898
73 79 2.640000 177.7198, 372.0512, 200.4085, 368.8223, 202.4409, 383.1032, 179.7521, 386.3321
73 80 2.670000 178.2487, 370.4877, 200.9098, 367.3732, 202.8715, 381.6462, 180.2104, 384.7608
73 81 2.710000 178.6574, 368.5754, 201.3292, 365.3464, 203.3468, 379.5125, 180.6749, 382.7415
73 82 2.740000 178.7012, 367.3183, 201.4154, 363.6827, 203.6534, 377.6649, 180.9392, 381.3006
73 83 2.770000 178.8581, 365.5246, 201.5512, 362.2641, 203.5577, 376.2292, 180.8646, 379.4898
73 84 2.800000 178.6674, 364.0601, 201.4012, 360.5461, 203.5292, 374.3131, 180.7953, 377.8271
73 85 2.840000 178.3561, 361.6242, 201.1107, 358.3009, 203.0984, 371.9114, 180.3439, 375.2346
73 86 2.870000 178.1133, 359.3777, 200.8472, 356.6809, 202.4549, 370.2332, 179.7209, 372.9301
73 87 2.900000 177.4615, 357.5342, 200.2540, 354.6021, 201.9633, 367.8884, 179.1707, 370.8206
73 88 2.940000 176.6194, 354.4548, 199.4408, 351.9167, 200.8908, 364.9550, 178.0695, 367.4931
73 89 2.970000 175.9167, 351.8989, 198.7596, 349.8577, 199.9127, 362.7621, 177.0698, 364.8034
73 90 3.000000 174.9060, 349.6953, 197.8451, 347.5238, 199.0404, 360.1507, 176.1013, 362.3222
73 91 3.040000 173.5849, 346.5577, 196.6211, 344.7346, 197.6028, 357.1403, 174.5667, 358.9633
73 92 3.070000 172.6499, 344.1261, 195.7303, 343.0345, 196.3140, 355.3757, 173.2336, 356.4674
73 93 3.100000 171.4948, 342.2328, 194.6533, 341.3020, 195.1431, 353.4876, 171.9846, 354.4184
73 94 3.140000 170.0051, 339.7413, 193.2283, 339.4360, 193.3874, 351.5388, 170.1641, 351.8440
73 95 3.170000 168.8793, 338.0248, 192.1273, 338.2814, 191.9943, 350.3336, 168.7463, 350.0770
73 96 3.200000 167.5766, 336.7251, 190.9080, 337.0773, 190.7277, 349.0273, 167.3963, 348.6751
73 97 3.240000 165.8879, 335.0555, 189.2961, 335.7781, 188.9299, 347.6403, 165.5217, 346.9177
73 98 3.270000 164.6750, 333.8156, 188.1040, 335.0080, 187.5007, 346.8625, 164.0717, 345.6702
73 99 3.300000 163.2989, 332.9492, 186.8250, 334.1378, 186.2293, 345.9277, 162.7032, 344.7391
73 100 3.340000 161.5554, 331.7802, 185.1641, 333.2149, 184.4491, 344.9818, 160.8404, 343.5471
73 101 3.370000 160.3518, 330.8426, 183.9703, 332.7298, 183.0279, 344.5244, 159.4094, 342.6372
73 102 3.400000 158.9761, 330.2827, 182.7032, 332.0823, 181.8107, 343.8490, 158.0836, 342.0493
73 103 3.440000 157.2992, 329.4333, 181.0997, 331.4728, 180.0893, 343.2643, 156.2887, 341.2248
73 104 3.470000 156.1829, 328.6950, 179.9692, 331.2120, 178.7136, 343.0787, 154.9273, 340.5618
73 105 3.500000 154.8824, 328.3565, 178.7803, 330.7588, 177.5862, 342.6369, 153.6884, 340.2346
73 106 3.540000 153.3586, 327.7760, 177.3100, 330.4466, 175.9778, 342.3944, 152.0264, 339.7238
73 107 3.570000 152.3472, 327.3055, 176.2841, 330.4003, 174.7303, 342.4189, 150.7934, 339.3242
73 108 3.600000 151.1727, 327.2163, 175.2254, 330.1950, 173.7362, 342.2203, 149.6835, 339.2416
73 109 3.640000 149.8508, 326.9667, 173.9500, 330.2288, 172.3146, 342.3103, 148.2155, 339.0483
73 110 3.670000 149.0763, 326.6601, 173.1026, 330.5052, 171.1564, 342.6657, 147.1302, 338.8206
73 111 3.700000 148.1591, 326.7151, 172.2519, 330.6378, 170.2683, 342.8211, 146.1755, 338.8984
73 112 3.740000 147.1433, 326.7882, 171.2541, 331.0382, 169.0968, 343.2771, 144.9859, 339.0271
73 113 3.770000 146.5533, 326.8454, 170.6141, 331.5192, 168.2256, 343.8153, 144.1648, 339.1414
73 114 3.800000 145.7710, 327.3384, 169.9833, 331.8104, 167.7110, 344.1135, 143.4987, 339.6416
73 115 3.840000 144.9795, 327.9974, 169.2998, 332.4794, 167.0261, 344.8169, 142.7058, 340.3349
73 116 3.870000 144.5656, 328.5089, 168.9022, 333.1886, 166.5204, 345.5750, 142.1838, 340.8954
73 117 3.900000 143.9824, 329.4468, 168.5179, 333.7536, 166.3433, 346.1421, 141.8078, 341.8354
73 118 3.940000 143.4348, 330.7351, 168.1490, 334.7911, 166.1115, 347.2060, 141.3973, 343.1500
73 119 3.970000 143.1903, 331.7108, 167.9794, 335.7647, 165.9419, 348.2238, 141.1528, 344.1699
73 120 4.000000 142.7792, 333.0870, 167.8087, 336.5517, 166.0885, 348.9783, 141.0590, 345.5136
73 121 4.040000 142.5155, 334.7146, 167.7399, 337.7790, 166.2332, 350.1809, 141.0088, 347.1165
73 122 4.070000 142.6075, 335.5803, 167.8447, 338.8635, 166.2255, 351.3100, 140.9883, 348.0268
73 123 4.100000 142.4760, 336.8348, 167.9144, 339.5557, 166.5915, 351.9238, 141.1531, 349.2029
73 124 4.140000 142.6174, 338.0809, 168.1844, 340.5923, 166.9716, 352.9384, 141.4047, 350.4270
73 125 4.170000 142.9193, 338.7468, 168.5052, 341.4360, 167.2052, 353.8041, 141.6194, 351.1148
73 126 4.200000 143.0101, 339.7965, 168.7737, 341.9104, 167.7676, 354.1714, 142.0041, 352.0574
73 127 4.240000 143.4110, 340.7899, 169.2890, 342.6950, 168.3923, 354.8767, 142.5142, 352.9717
73 128 4.270000 143.8448, 341.3322, 169.7610, 343.3114, 168.8318, 355.4781, 142.9157, 353.4989
73 129 4.300000 144.1018, 342.2092, 170.1734, 343.6100, 169.5269, 355.6427, 143.4553, 354.2419
73 130 4.340000 144.6815, 342.9788, 170.8503, 344.1598, 170.3110, 356.1108, 144.1421, 354.9299
73 131 4.370000 145.2716, 343.2649, 171.4519, 344.6839, 170.8041, 356.6359, 144.6238, 355.2169
73 132 4.400000 145.6591, 343.9583, 171.9575, 344.8674, 171.5494, 356.6739, 145.2509, 355.7648
73 133 4.440000 146.3692, 344.5057, 172.7444, 345.2683, 172.4059, 356.9730, 146.0308, 356.2104
73 134 4.470000 147.0252, 344.6648, 173.4103, 345.6833, 172.9586, 357.3857, 146.5735, 356.3672
73 135 4.500000 147.4927, 345.2537, 173.9715, 345.8191, 173.7244, 357.3880, 147.2456, 356.8225
73 136 4.540000 148.2433, 345.8772, 174.7927, 346.2505, 174.6314, 357.7223, 148.0820, 357.3490
73 137 4.570000 148.8723, 346.3050, 175.4507, 346.7889, 175.2423, 358.2330, 148.6640, 357.7491
73 138 4.600000 149.3431, 347.2104, 176.0033, 347.2121, 176.0026, 358.5023, 149.3424, 358.5007
73 139 4.640000 150.0677, 348.3481, 176.7975, 348.1373, 176.8855, 359.3067, 150.1558, 359.5175
73 140 4.670000 150.6649, 349.1723, 177.4278, 349.0942, 177.4603, 360.2368, 150.6975, 360.3149
73 141 4.700000 151.1232, 350.4542, 177.9515, 349.9872, 178.1430, 360.9902, 151.3147, 361.4571
73 142 4.740000 151.7951, 352.1563, 178.6868, 351.5549, 178.9306, 362.4563, 152.0389, 363.0578
73 143 4.770000 152.3343, 353.4516, 179.2624, 353.0244, 179.4351, 363.9124, 152.5070, 364.3396
73 144 4.800000 152.7395, 355.2428, 179.7259, 354.4805, 180.0299, 365.2412, 153.0434, 366.0035
73 145 4.840000 153.3196, 357.7215, 180.3698, 356.8728, 180.7048, 367.5501, 153.6546, 368.3988
73 146 4.870000 153.7731, 359.6944, 180.8648, 359.0176, 181.1315, 369.6936, 154.0398, 370.3704
73 147 4.900000 154.1129, 362.1200, 181.2588, 361.2003, 181.6190, 371.8332, 154.4731, 372.7529
73 148 4.940000 154.5843, 365.5510, 181.7962, 364.6060, 182.1662, 375.2578, 154.9542, 376.2028
73 149 4.970000 154.9510, 368.2941, 182.2073, 367.5349, 182.5046, 378.2072, 155.2482, 378.9664
73 150 5.000000 155.2119, 371.3362, 182.5223, 370.3720, 182.8993, 381.0522, 155.5889, 382.0164
73 151 5.040000 155.5797, 375.2077, 182.9411, 374.1673, 183.3477, 384.8610, 155.9864, 385.9014
73 152 5.070000 155.9766, 377.7083, 183.3323, 377.1802, 183.5392, 387.9007, 156.1836, 388.4287
73 153 5.100000 156.1921, 380.3152, 183.5661, 379.5025, 183.8842, 390.2194, 156.5102, 391.0320
73 154 5.140000 156.6354, 383.1628, 183.9813, 382.6468, 184.1838, 393.3754, 156.8379, 393.8914
73 155 5.170000 157.0565, 384.8497, 184.3482, 384.9048, 184.3264, 395.7508, 157.0346, 395.6957
73 156 5.200000 157.2450, 386.9358, 184.5283, 386.4639, 184.7155, 397.2884, 157.4322, 397.7602
73 157 5.240000 157.6229, 389.1301, 184.8517, 388.4836, 185.1120, 399.4454, 157.8831, 400.0919
73 158 5.270000 158.0011, 390.3848, 185.1401, 389.9892, 185.3027, 401.1441, 158.1637, 401.5397
73 159 5.300000 158.1811, 392.0194, 185.2820, 391.0732, 185.6723, 402.2528, 158.5714, 403.1990
73 160 5.340000 158.5788, 393.5844, 185.5523, 392.6416, 185.9512, 404.0545, 158.9777, 404.9972
73 161 5.370000 158.9471, 394.4442, 185.7975, 393.8803, 186.0425, 405.5463, 159.1921, 406.1102
73 162 5.400000 159.1380, 395.6585, 185.8950, 394.8039, 186.2711, 406.5800, 159.5142, 407.4346
73 163 5.440000 159.4916, 396.8782, 186.0786, 396.1481, 186.4097, 408.2054, 159.8227, 408.9355
73 164 5.470000 159.8686, 397.4426, 186.2664, 397.2533, 186.3552, 409.6500, 159.9575, 409.8393
73 165 5.500000 160.0442, 398.3403, 186.3167, 398.0130, 186.4736, 410.6059, 160.2011, 410.9332
73 166 5.540000 160.3909, 399.0468, 186.4415, 398.9515, 186.4888, 411.8902, 160.4383, 411.9856
73 167 5.570000 160.7520, 399.1837, 186.5869, 399.5681, 186.3904, 412.7731, 160.5555, 412.3887
73 168 5.600000 160.8557, 399.5900, 186.5946, 399.6756, 186.5504, 412.9749, 160.8114, 412.8893
73 169 5.640000 161.1743, 399.5010, 186.7013, 399.7239, 186.5834, 413.2236, 161.0564, 413.0007
73 170 5.670000 161.6308, 398.8821, 186.8828, 399.7781, 186.3962, 413.4920, 161.1442, 412.5960
73 171 5.700000 161.7834, 398.5847, 186.9309, 399.3014, 186.5385, 413.0729, 161.3909, 412.3562
73 172 5.740000 162.2281, 397.5975, 187.1196, 398.6411, 186.5375, 412.5245, 161.6460, 411.4809
73 173 5.770000 162.8016, 396.3608, 187.3691, 398.1375, 186.3536, 412.1799, 161.7861, 410.4033
73 174 5.800000 163.0068, 395.5075, 187.4997, 397.0469, 186.6162, 411.1028, 162.1234, 409.5634
73 175 5.840000 163.7234, 393.5858, 187.8784, 395.6609, 186.6588, 409.8584, 162.5037, 407.7832
73 176 5.870000 164.4527, 391.8014, 188.2696, 394.5264, 186.6348, 408.8148, 162.8179, 406.0899
73 177 5.900000 164.8756, 390.2720, 188.6061, 392.8343, 187.0620, 407.1344, 163.3315, 404.5721
73 178 5.940000 165.8370, 387.6219, 189.2662, 390.5450, 187.4760, 404.8941, 164.0468, 401.9710
73 179 5.970000 166.8835, 385.2168, 189.9182, 388.8313, 187.6581, 403.2344, 164.6234, 399.6199
73 180 6.000000 167.6000, 383.1489, 190.5444, 386.6535, 188.3443, 401.0571, 165.3999, 397.5525
73 181 6.040000 169.0055, 380.1210, 191.5770, 384.1096, 189.0292, 398.5280, 166.4576, 394.5394
73 182 6.070000 170.1430, 378.0068, 192.4276, 382.3687, 189.6081, 396.7732, 167.3235, 392.4113
73 183 6.100000 171.0882, 376.2772, 193.2845, 380.5605, 190.5095, 394.9404, 168.3133, 390.6571
73 184 6.140000 172.5131, 374.1319, 194.5515, 378.4205, 191.7590, 392.7703, 169.7207, 388.4818
73 185 6.170000 173.8339, 372.5222, 195.6209, 377.1007, 192.6106, 391.4249, 170.8237, 386.8463
73 186 6.200000 174.8961, 371.3021, 196.6993, 375.6041, 193.8769, 389.9090, 172.0736, 385.6070
73 187 6.240000 176.6219, 369.6586, 198.2983, 373.9168, 195.4967, 388.1785, 173.8203, 383.9203
73 188 6.270000 178.1049, 368.4312, 199.6130, 372.8255, 196.7059, 387.0542, 175.1979, 382.6599
73 189 6.300000 179.3784, 367.5186, 200.9434, 371.5584, 198.2830, 385.7599, 176.7180, 381.7201
73 190 6.340000 181.3436, 366.2652, 202.8678, 370.0916, 200.3493, 384.2587, 178.8251, 380.4323
73 191 6.370000 183.0231, 365.2774, 204.4245, 369.1635, 201.8558, 383.3098, 180.4544, 379.4236
73 192 6.400000 184.4639, 364.6162, 205.9719, 368.0258, 203.7329, 382.1493, 182.2249, 378.7397
73 193 6.440000 186.6360, 363.6474, 208.1696, 366.7315, 206.1494, 380.8362, 184.6159, 377.7520
73 194 6.470000 188.4541, 362.8465, 209.9208, 365.9283, 207.8951, 380.0389, 186.4284, 376.9571
73 195 6.500000 190.0353, 362.3583, 211.6437, 364.9343, 209.9624, 379.0380, 188.3540, 376.4620
73 196 6.540000 192.3458, 361.6439, 214.0272, 363.8130, 212.6171, 377.9076, 190.9357, 375.7384
73 197 6.570000 194.2402, 361.0182, 215.8821, 363.1396, 214.4994, 377.2454, 192.8575, 375.1240
73 198 6.600000 195.8787, 360.7296, 217.6630, 362.2696, 216.6692, 376.3276, 194.8849, 374.7876
73 199 6.640000 198.2563, 360.1914, 220.1008, 361.3123, 219.3809, 375.3413, 197.5365, 374.2204
73 200 6.670000 200.1816, 359.6369, 221.9785, 360.7532, 221.2593, 374.7955, 199.4624, 373.6792
73 201 6.700000 201.8347, 359.4140, 223.7421, 359.9697, 223.3874, 373.9496, 201.4801, 373.3939
73 202 6.740000 204.2134, 358.8666, 226.1416, 359.1220, 225.9791, 373.0748, 204.0509, 372.8193
73 203 6.770000 206.0757, 358.2990, 227.9568, 358.5848, 227.7743, 372.5586, 205.8933, 372.2728
73 204 6.800000 207.6670, 358.0297, 229.6337, 357.8124, 229.7713, 371.7223, 207.8046, 371.9396
73 205 6.840000 209.8935, 357.4057, 231.8783, 356.9121, 232.1900, 370.7928, 210.2051, 371.2864
73 206 6.870000 211.6028, 356.7574, 233.5551, 356.3007, 233.8442, 370.1973, 211.8919, 370.6540
73 207 6.900000 212.9499, 356.5225, 235.0155, 355.3491, 235.7478, 369.1201, 213.6822, 370.2935
73 208 6.940000 214.8234, 355.8880, 236.9453, 354.2137, 237.9790, 367.8726, 215.8572, 369.5469
73 209 6.970000 216.3153, 355.0725, 238.4080, 353.5242, 239.3663, 367.1988, 217.2735, 368.7470
73 210 7.000000 217.4819, 354.6691, 239.6395, 352.5894, 240.9100, 366.1253, 218.7523, 368.2050
73 211 7.040000 219.1623, 353.7908, 241.3183, 351.7361, 242.5701, 365.2336, 220.4141, 367.2884
73 212 7.070000 220.4464, 353.0525, 242.5623, 351.3587, 243.5998, 364.9049, 221.4839, 366.5987
73 213 7.100000 221.5111, 352.6965, 243.6380, 350.9546, 244.7005, 364.4512, 222.5736, 366.1931
73 214 7.140000 222.9346, 352.2219, 245.0337, 350.7404, 245.9379, 364.2282, 223.8388, 365.7096
73 215 7.170000 224.0198, 351.8572, 246.0580, 350.8268, 246.6900, 364.3434, 224.6518, 365.3739
73 216 7.200000 224.8670, 351.9009, 246.9150, 350.8404, 247.5616, 364.2849, 225.5136, 365.3454
73 217 7.240000 226.0286, 351.9514, 248.0380, 351.1675, 248.5151, 364.5602, 226.5056, 365.3441
73 218 7.270000 226.9348, 351.9884, 248.8697, 351.6493, 249.0766, 365.0298, 227.1416, 365.3688
73 219 7.300000 227.6257, 352.4126, 249.5625, 352.0695, 249.7703, 365.3554, 227.8335, 365.6985
73 220 7.340000 228.6192, 352.9887, 250.4935, 352.9687, 250.5055, 366.1727, 228.6312, 366.1926
73 221 7.370000 229.4000, 353.4894, 251.1871, 353.8824, 250.9497, 367.0415, 229.1626, 366.6484
73 222 7.400000 229.9652, 354.4214, 251.7582, 354.7441, 251.5650, 367.7921, 229.7720, 367.4694
73 223 7.440000 230.7723, 355.7963, 252.5266, 356.2325, 252.2673, 369.1605, 230.5131, 368.7243
73 224 7.470000 231.4061, 356.9379, 253.1044, 357.5790, 252.7246, 370.4320, 231.0263, 369.7909
73 225 7.500000 231.8535, 358.4275, 253.5808, 358.8351, 253.3418, 371.5748, 231.6145, 371.1672
73 226 7.540000 232.5228, 360.3012, 254.2389, 360.6259, 254.0507, 373.2132, 232.3346, 372.8885
73 227 7.570000 233.1246, 361.4466, 254.7799, 362.0123, 254.4533, 374.5184, 232.7980, 373.9527
73 228 7.600000 233.4994, 362.7776, 255.2032, 363.0419, 255.0524, 375.4279, 233.3486, 375.1636
73 229 7.640000 234.1872, 364.0738, 255.8738, 364.4776, 255.6447, 376.7783, 233.9581, 376.3744
73 230 7.670000 234.8236, 364.7259, 256.4324, 365.5619, 255.9569, 377.8540, 234.3480, 377.0180
73 231 7.700000 235.1938, 365.6607, 256.8525, 366.2130, 256.5406, 378.4461, 234.8819, 377.8938
73 232 7.740000 235.8296, 366.5402, 257.4834, 367.0728, 257.1832, 379.2777, 235.5294, 378.7451
73 233 7.770000 236.4155, 366.9278, 258.0106, 367.7222, 257.5613, 379.9355, 235.9662, 379.1411
73 234 7.800000 236.7348, 367.6132, 258.3989, 367.9445, 258.2129, 380.1099, 236.5487, 379.7785
73 235 7.840000 237.2953, 368.1778, 258.9765, 368.2533, 258.9343, 380.3846, 237.2531, 380.3091
73 236 7.870000 237.7947, 368.3529, 259.4480, 368.4892, 259.3717, 380.6099, 237.7183, 380.4736
73 237 7.900000 238.0143, 368.8630, 259.7383, 368.2889, 260.0561, 380.3179, 238.3322, 380.8920
73 238 7.940000 238.4281, 369.1421, 260.1675, 368.0905, 260.7443, 380.0130, 239.0048, 381.0646
73 239 7.970000 238.8181, 369.0081, 260.5266, 368.0103, 261.0722, 379.8792, 239.3636, 380.8771
73 240 8.000000 238.9754, 369.1084, 260.6947, 367.5683, 261.5265, 379.2983, 239.8072, 380.8384
73 241 8.040000 239.2436, 368.7453, 260.9404, 367.0073, 261.8723, 378.6411, 240.1754, 380.3791
73 242 8.070000 239.4817, 368.0801, 261.1470, 366.6213, 261.9292, 378.2391, 240.2639, 379.6979
73 243 8.100000 239.4429, 367.6865, 261.1084, 365.7787, 262.1239, 377.3114, 240.4585, 379.2192
73 244 8.140000 239.4552, 366.5701, 261.1041, 364.7344, 262.0781, 376.2202, 240.4291, 378.0559
73 245 8.170000 239.4610, 365.3821, 261.0872, 363.9106, 261.8688, 375.3985, 240.2426, 376.8699
73 246 8.200000 239.2305, 364.3602, 260.8632, 362.6770, 261.7517, 374.0961, 240.1190, 375.7793
73 247 8.240000 238.9287, 362.5045, 260.5563, 360.9584, 261.3666, 372.2940, 239.7390, 373.8400
73 248 8.270000 238.7666, 360.6098, 260.3739, 359.6897, 260.8546, 370.9787, 239.2473, 371.8988
73 249 8.300000 238.3188, 358.9572, 259.9455, 357.8439, 260.5196, 368.9962, 238.8929, 370.1095
73 250 8.340000 237.8152, 356.0316, 259.4421, 355.2883, 259.8205, 366.2990, 238.1937, 367.0423
73 251 8.370000 237.5189, 353.2993, 259.1138, 353.2780, 259.1245, 364.1618, 237.5297, 364.1832
73 252 8.400000 236.9394, 350.7721, 258.5663, 350.5518, 258.6751, 361.2251, 237.0481, 361.4455
73 253 8.440000 236.3362, 346.5743, 257.9610, 346.7575, 257.8732, 357.1287, 236.2484, 356.9456
73 254 8.470000 235.9646, 342.9229, 257.5605, 343.6862, 257.2011, 353.8528, 235.6053, 353.0895
73 255 8.500000 235.3230, 339.6233, 256.9665, 339.9364, 256.8233, 349.8381, 235.1798, 349.5249
73 256 8.540000 234.7312, 334.5217, 256.3689, 335.2080, 256.0571, 345.0377, 234.4194, 344.3514
73 257 8.570000 234.4004, 330.6299, 256.0099, 332.0251, 255.3755, 341.8512, 233.7660, 340.4560
73 258 8.600000 233.9636, 327.1421, 255.5699, 328.7880, 254.8104, 338.7583, 233.2041, 337.1123
73 259 8.640000 233.4921, 322.6167, 255.0724, 324.8590, 254.0207, 334.9815, 232.4404, 332.7392
73 260 8.670000 233.2417, 319.3038, 254.7732, 322.1699, 253.4193, 332.3406, 231.8879, 329.4745
73 261 8.700000 232.8963, 316.3126, 254.4387, 319.2926, 253.0195, 329.5522, 231.4771, 326.5721
73 262 8.740000 232.6379, 312.2958, 254.1517, 315.7248, 252.5117, 326.0141, 230.9979, 322.5850
73 263 8.770000 232.6205, 309.2199, 254.0700, 313.2068, 252.1632, 323.4657, 230.7136, 319.4788
73 264 8.800000 232.5089, 306.4065, 253.9938, 310.3318, 252.1099, 320.6436, 230.6250, 316.7183
73 265 8.840000 232.6295, 302.4931, 254.1130, 306.6078, 252.1401, 316.9087, 230.6566, 312.7940
73 266 8.870000 232.9570, 299.3730, 254.3886, 303.8928, 252.2325, 314.1163, 230.8010, 309.5965
73 267 8.900000 233.1850, 296.4624, 254.6953, 300.6516, 252.6961, 310.9167, 231.1858, 306.7275
73 268 8.940000 233.8495, 292.2217, 255.3845, 296.3847, 253.4074, 306.6118, 231.8725, 302.4488
73 269 8.970000 234.6585, 288.7213, 256.1270, 293.3120, 253.9674, 303.4117, 232.4989, 298.8210
73 270 9.000000 235.3688, 285.4534, 256.8990, 289.7625, 254.8767, 299.8672, 233.3464, 295.5581
73 271 9.040000 236.5626, 281.0994, 258.1147, 285.2905, 256.1514, 295.3868, 234.5993, 291.1957
73 272 9.070000 237.5372, 278.0535, 259.0997, 282.1094, 257.1988, 292.2155, 235.6362, 288.1596
73 273 9.100000 238.4398, 275.3761, 260.0684, 278.8272, 258.4370, 289.0518, 236.8084, 285.6007
73 274 9.140000 239.8276, 271.9447, 261.4702, 274.8559, 260.0803, 285.1894, 238.4376, 282.2782
73 275 9.170000 241.0178, 269.3931, 262.6250, 272.1862, 261.2833, 282.5653, 239.6761, 279.7722
73 276 9.200000 242.1287, 267.1310, 263.7237, 269.3345, 262.6506, 279.8516, 241.0556, 277.6482
73 277 9.240000 243.7908, 264.0423, 265.3167, 265.8637, 264.4162, 276.5065, 242.8903, 274.6851
73 278 9.270000 245.1537, 261.6483, 266.6054, 263.4592, 265.7021, 274.1594, 244.2504, 272.3485
73 279 9.300000 246.4141, 259.4866, 267.7917, 260.7743, 267.1391, 271.6072, 245.7615, 270.3194
73 280 9.340000 248.2341, 256.4044, 269.4863, 257.3822, 268.9823, 268.3369, 247.7301, 267.3591
73 281 9.370000 249.7027, 253.8838, 270.8605, 254.9662, 270.2975, 265.9717, 249.1397, 264.8893
73 282 9.400000 251.0325, 251.5678, 272.0642, 252.1361, 271.7638, 263.2538, 250.7321, 262.6855
73 283 9.440000 252.9305, 248.1107, 273.7988, 248.4729, 273.6043, 259.6777, 252.7360, 259.3155
73 284 9.470000 254.4600, 245.1886, 275.2317, 245.8525, 274.8729, 257.0801, 254.1011, 256.4162
73 285 9.500000 255.8389, 242.5009, 276.4628, 242.8512, 276.2709, 254.1491, 255.6470, 253.7988
73 286 9.540000 257.7675, 238.8137, 278.2267, 239.2039, 278.0104, 250.5412, 257.5512, 250.1509
73 287 9.570000 259.1836, 236.2407, 279.5198, 236.6194, 279.3082, 247.9759, 258.9721, 247.5972
73 288 9.600000 260.4971, 234.0023, 280.6636, 234.0013, 280.6642, 245.3796, 260.4977, 245.3806
73 289 9.640000 262.2587, 231.1261, 282.2223, 230.8442, 282.3827, 242.2017, 262.4190, 242.4836
73 290 9.670000 263.6079, 228.9586, 283.4541, 228.7527, 283.5714, 240.0572, 263.7252, 240.2631
73 291 9.700000 264.8293, 227.0805, 284.5006, 226.5355, 284.8120, 237.7759, 265.1407, 238.3209
73 292 9.740000 266.4661, 224.5029, 285.9495, 223.8324, 286.3320, 234.9492, 266.8487, 235.6197
73 293 9.770000 267.6960, 222.4749, 287.0811, 221.9721, 287.3665, 232.9724, 267.9813, 233.4753
73 294 9.800000 268.7737, 220.7031, 287.9853, 219.8751, 288.4537, 230.7440, 269.2421, 231.5720
73 295 9.840000 270.1983, 218.1458, 289.2326, 217.2134, 289.7550, 227.8775, 270.7207, 228.8099
73 296 9.870000 271.2579, 216.0306, 290.2049, 215.2956, 290.6123, 225.7965, 271.6653, 226.5316
73 297 9.900000 272.1413, 214.1302, 290.9234, 213.0334, 291.5261, 223.3546, 272.7441, 224.4514
73 298 9.940000 273.2854, 211.2672, 291.9031, 210.0402, 292.5675, 220.1213, 273.9498, 221.3483
73 299 9.970000 274.1424, 208.8166, 292.6954, 207.8877, 293.1916, 217.8004, 274.6387, 218.7292
73 300 10.000000 274.8110, 206.6356, 293.2263, 205.4170, 293.8712, 215.1629, 275.4559, 216.3815
73 301 10.040000 275.6842, 203.6966, 293.9755, 202.4583, 294.6216, 212.0022, 276.3303, 213.2405
73 302 10.070000 276.2532, 201.7751, 294.4381, 200.4035, 295.1473, 209.8071, 276.9625, 211.1786
73 303 10.100000 276.7365, 200.1549, 294.8369, 198.4804, 295.6921, 207.7246, 277.5917, 209.3990
73 304 10.140000 277.3190, 198.1936, 295.3323, 196.2993, 296.2826, 205.3361, 278.2693, 207.2304
73 305 10.170000 277.7224, 196.7963, 295.6971, 194.9780, 296.5953, 203.8572, 278.6205, 205.6754
73 306 10.200000 277.9845, 195.7359, 295.8806, 193.6251, 296.9074, 202.3307, 279.0113, 204.4415
73 307 10.240000 278.2645, 194.3558, 296.0902, 192.1434, 297.1564, 200.7340, 279.3307, 202.9464
73 308 10.270000 278.4144, 193.3303, 296.2165, 191.2542, 297.2170, 199.8340, 279.4149, 201.9100
73 309 10.300000 278.4060, 192.4942, 296.1420, 190.2034, 297.2572, 198.8373, 279.5211, 201.1282
73 310 10.340000 278.3056, 191.3077, 295.9963, 189.0317, 297.1227, 197.7868, 279.4321, 200.0628
73 311 10.370000 278.1713, 190.3902, 295.8599, 188.3497, 296.8789, 197.1831, 279.1902, 199.2236
73 312 10.400000 277.8828, 189.7116, 295.5288, 187.5631, 296.6109, 196.4500, 278.9648, 198.5985
73 313 10.440000 277.4185, 188.7399, 295.0479, 186.7298, 296.0676, 195.6724, 278.4382, 197.6825
73 314 10.470000 277.0345, 187.9020, 294.6848, 186.2824, 295.5093, 195.2681, 277.8590, 196.8877
73 315 10.500000 276.4814, 187.3095, 294.1111, 185.6624, 294.9507, 194.6495, 277.3211, 196.2967
73 316 10.540000 275.6930, 186.3630, 293.3285, 184.9825, 294.0335, 193.9889, 276.3981, 195.3694
73 317 10.570000 275.0714, 185.5384, 292.7268, 184.5691, 293.2221, 193.5908, 275.5667, 194.5601
73 318 10.600000 274.2838, 184.9213, 291.9310, 183.9237, 292.4416, 192.9548, 274.7944, 193.9525
73 319 10.640000 273.2151, 183.9195, 290.8733, 183.1752, 291.2545, 192.2206, 273.5964, 192.9649
73 320 10.670000 272.4285, 182.9913, 290.1049, 182.7180, 290.2450, 191.7832, 272.5687, 192.0565
73 321 10.700000 271.4675, 182.2996, 289.1480, 181.9802, 289.3117, 191.0434, 271.6312, 191.3629
73 322 10.740000 270.2218, 181.1442, 287.9195, 181.1126, 287.9357, 190.1675, 270.2380, 190.1992
73 323 10.770000 269.3174, 180.1173, 287.0267, 180.5266, 286.8178, 189.5627, 269.1085, 189.1533
73 324 10.800000 268.2628, 179.2774, 285.9892, 179.6539, 285.7978, 188.6679, 268.0713, 188.2914
73 325 10.840000 266.9336, 177.8912, 284.6806, 178.5743, 284.3352, 187.5482, 266.5882, 186.8651
73 326 10.870000 266.0123, 176.6300, 283.7611, 177.8196, 283.1618, 186.7613, 265.4130, 185.5717
73 327 10.900000 264.9341, 175.5785, 282.7540, 176.7167, 282.1857, 185.6149, 264.3657, 184.4767
73 328 10.940000 263.6115, 173.8817, 281.5335, 175.2837, 280.8428, 184.1126, 262.9209, 182.7106
73 329 10.970000 262.7220, 172.3826, 280.6982, 174.2565, 279.7843, 183.0239, 261.8081, 181.1499
73 330 11.000000 261.6625, 171.1620, 279.7669, 172.8511, 278.9524, 181.5817, 260.8479, 179.8926
73 331 11.040000 260.4531, 169.3159, 278.6688, 171.3479, 277.7041, 179.9966, 259.4883, 177.9646
73 332 11.070000 259.6492, 167.9098, 277.9157, 170.4616, 276.7186, 179.0303, 258.4521, 176.4785
73 333 11.100000 258.7697, 166.7107, 277.1365, 169.3843, 275.8871, 177.9670, 257.5203, 175.2933
73 334 11.140000 257.7281, 165.1562, 276.1974, 168.2130, 274.7558, 176.9234, 256.2864, 173.8667
73 335 11.170000 257.0637, 164.0099, 275.5799, 167.5267, 273.8956, 176.3949, 255.3793, 172.8781
73 336 11.200000 256.3210, 163.1308, 274.9522, 166.6627, 273.2245, 175.7761, 254.5934, 172.2441
73 337 11.240000 255.5141, 161.9659, 274.2586, 165.7591, 272.3502, 175.1899, 253.6057, 171.3967
73 338 11.270000 255.0494, 161.1102, 273.8525, 165.2609, 271.7221, 174.9121, 252.9190, 170.7615
73 339 11.300000 254.5168, 160.5162, 273.4457, 164.5706, 271.3113, 174.5360, 252.3823, 170.4817
73 340 11.340000 254.0045, 159.7596, 273.0643, 163.8982, 270.8156, 174.2547, 251.7558, 170.1162
73 341 11.370000 253.7821, 159.2150, 272.9146, 163.6149, 270.4733, 174.2303, 251.3409, 169.8303
73 342 11.400000 253.4846, 158.9656, 272.7440, 163.1393, 270.3648, 174.1184, 251.1053, 169.9448
73 343 11.440000 253.2857, 158.6956, 272.6999, 162.8552, 270.2568, 174.2576, 250.8427, 170.0980
73 344 11.470000 253.2649, 158.5732, 272.7966, 162.8403, 270.2433, 174.5276, 250.7116, 170.2605
73 345 11.500000 253.2019, 158.7025, 272.8726, 162.6684, 270.4434, 174.7176, 250.7727, 170.7517
73 346 11.540000 253.3330, 158.8146, 273.1631, 162.5502, 270.8080, 175.0522, 250.9779, 171.3165
73 347 11.570000 253.6312, 158.7387, 273.5816, 162.5543, 271.1360, 175.3421, 251.1855, 171.5265
73 348 11.600000 253.8756, 158.8277, 273.9123, 162.1473, 271.7271, 175.3366, 251.6905, 172.0170
73 349 11.640000 254.5086, 158.6603, 274.6703, 161.8480, 272.5308, 175.3800, 252.3691, 172.1923
73 350 11.670000 255.1594, 158.3802, 275.4239, 161.6807, 273.1900, 175.3964, 252.9255, 172.0960
73 351 11.700000 255.7432, 158.2872, 276.0347, 161.0933, 274.0984, 175.0951, 253.8069, 172.2890
73 352 11.740000 256.7620, 157.9033, 277.1182, 160.4339, 275.3408, 174.7320, 254.9846, 172.2015
73 353 11.770000 257.6674, 157.4715, 278.0929, 159.9827, 276.3154, 174.4402, 255.8900, 171.9290
73 354 11.800000 258.5116, 157.1994, 278.9059, 159.1764, 277.4827, 173.8582, 257.0883, 171.8811
73 355 11.840000 259.7739, 156.6958, 280.1009, 158.0828, 279.0830, 173.0002, 258.7560, 171.6132
73 356 11.870000 260.8900, 155.9949, 281.3067, 157.4749, 280.2177, 172.4965, 259.8010, 171.0165
73 357 11.900000 261.8573, 155.6040, 282.0897, 156.3093, 281.5586, 171.5445, 261.3262, 170.8392
73 358 11.940000 263.3193, 154.6588, 283.5120, 155.0361, 283.2242, 170.4410, 263.0315, 170.0637
73 359 11.970000 264.4408, 153.8424, 284.6002, 154.0337, 284.4530, 169.5529, 264.2935, 169.3616
73 360 12.000000 265.4715, 153.1454, 285.4561, 152.7821, 285.7411, 168.4627, 265.7565, 168.8260
73 361 12.040000 266.8651, 152.1286, 286.6886, 151.2911, 287.3574, 167.1217, 267.5339, 167.9592
73 362 12.070000 267.9058, 151.3513, 287.6948, 150.3655, 288.4865, 166.2594, 268.6975, 167.2451
73 363 12.100000 268.8250, 150.8675, 288.3816, 149.3015, 289.6563, 165.2205, 270.0996, 166.7865
73 364 12.140000 270.0118, 150.1285, 289.4023, 148.1509, 291.0263, 164.0737, 271.6358, 166.0514
73 365 12.170000 270.8477, 149.5020, 290.2296, 147.4588, 291.9073, 163.3729, 272.5254, 165.4161
73 366 12.200000 271.5335, 149.1270, 290.8448, 146.5918, 292.9279, 162.4597, 273.6166, 164.9948
73 367 12.240000 272.3316, 148.4920, 291.5909, 145.6501, 293.9225, 161.4516, 274.6632, 164.2934
73 368 12.270000 272.8447, 147.9105, 292.0795, 145.0825, 294.3962, 160.8391, 275.1614, 163.6671
73 369 12.300000 273.1418, 147.6167, 292.2924, 144.2634, 295.0320, 159.9091, 275.8814, 163.2625
73 370 12.340000 273.3706, 147.1198, 292.4073, 143.2636, 295.5443, 158.7499, 276.5076, 162.6061
73 371 12.370000 273.4110, 146.5810, 292.3936, 142.6270, 295.5996, 158.0185, 276.6170, 161.9725
73 372 12.400000 273.2324, 146.2097, 292.0915, 141.7837, 295.6665, 157.0164, 276.8074, 161.4425
73 373 12.440000 272.7711, 145.4513, 291.5199, 140.7856, 295.2691, 155.8518, 276.5203, 160.5175
73 374 12.470000 272.2688, 144.6261, 291.0143, 140.2025, 294.5544, 155.2042, 275.8090, 159.6278
73 375 12.500000 271.5032, 144.2086, 290.0991, 139.3239, 293.9897, 154.1351, 275.3938, 159.0198
73 376 12.540000 270.3554, 143.4848, 288.9033, 138.7302, 292.6781, 153.4559, 274.1302, 158.2105
73 377 12.570000 269.3982, 143.1100, 287.9604, 138.7167, 291.4336, 153.3913, 272.8714, 157.7846
73 378 12.600000 268.2913, 143.1870, 286.8164, 138.8534, 290.2210, 153.4070, 271.6959, 157.7406
73 379 12.640000 266.6806, 143.5844, 285.4002, 139.5316, 288.5139, 153.9139, 269.7944, 157.9667
73 380 12.670000 265.3880, 144.1247, 284.3805, 140.4119, 287.1634, 154.6476, 268.1709, 158.3604
73 381 12.700000 263.9799, 145.0651, 283.1046, 141.4431, 285.7624, 155.4771, 266.6376, 159.0990
73 382 12.740000 262.0044, 146.6249, 281.4001, 143.3071, 283.7498, 157.0432, 264.3540, 160.3610
73 383 12.770000 260.4663, 148.0245, 280.1250, 145.0956, 282.1325, 158.5704, 262.4739, 161.4993
73 384 12.800000 258.8263, 149.8443, 278.6169, 147.0289, 280.4912, 160.2037, 260.7005, 163.0191
73 385 12.840000 256.5919, 152.6171, 276.6339, 150.1767, 278.1833, 162.9011, 258.1413, 165.3415
73 386 12.870000 254.8820, 155.0201, 275.1303, 152.9687, 276.3813, 165.3164, 256.1330, 167.3678
73 387 12.900000 253.1066, 157.8651, 273.4915, 156.0269, 274.5690, 167.9762, 254.1842, 169.8144
73 388 12.940000 250.7179, 162.1865, 271.3057, 160.7857, 272.0786, 172.1455, 251.4908, 173.5463
73 389 12.970000 248.9114, 165.8249, 269.6457, 164.8426, 270.1610, 175.7179, 249.4266, 176.7002
73 390 13.000000 247.0528, 169.7818, 267.8946, 169.0953, 268.2361, 179.4631, 247.3944, 180.1497
73 391 13.040000 244.5158, 174.9494, 265.5156, 174.7349, 265.6144, 184.4092, 244.6146, 184.6237
73 392 13.070000 242.5949, 178.4580, 263.7322, 178.7399, 263.6105, 187.8621, 242.4733, 187.5802
73 393 13.100000 240.6202, 181.7429, 261.8677, 182.3182, 261.6290, 191.1318, 240.3816, 190.5565
73 394 13.140000 238.0639, 184.9713, 259.4277, 186.1399, 258.9113, 195.5793, 237.5475, 194.4106
73 395 13.170000 236.2475, 186.9205, 257.6532, 188.7363, 256.8024, 198.7660, 235.3967, 196.9502
73 396 13.200000 234.3053, 189.1103, 255.7777, 190.9961, 254.8737, 201.2904, 233.4012, 199.4047
73 397 13.240000 231.8703, 191.5168, 253.3893, 193.8183, 252.2374, 204.5889, 230.7184, 202.2874
73 398 13.270000 230.1920, 192.9778, 251.6810, 195.8376, 250.1917, 207.0287, 228.7027, 204.1690
73 399 13.300000 228.3621, 194.6707, 249.9132, 197.5629, 248.3826, 208.9689, 226.8314, 206.0768
73 400 13.340000 226.1154, 196.5520, 247.6811, 199.8014, 245.9084, 211.5665, 224.3427, 208.3171
73 401 13.370000 224.5509, 197.7908, 246.0805, 201.4499, 244.0389, 213.4623, 222.5093, 209.8032
73 402 13.400000 222.6652, 199.4218, 244.4033, 202.6723, 242.5856, 214.8287, 220.8475, 211.5783
73 403 13.440000 220.6237, 200.9973, 242.3578, 204.6171, 240.2862, 217.0557, 218.5520, 213.4358
73 404 13.470000 219.1707, 202.1359, 240.8716, 206.0941, 238.5779, 218.6692, 216.8770, 214.7109
73 405 13.500000 217.5245, 203.5027, 239.3599, 207.3099, 237.1484, 219.9936, 215.3130, 216.1865
73 406 13.540000 215.5369, 205.1091, 237.4550, 209.0221, 235.1653, 221.8472, 213.2472, 217.9342
73 407 13.570000 214.2561, 206.1004, 236.1186, 210.4126, 233.5662, 223.3531, 211.7037, 219.0408
73 408 13.600000 212.7530, 207.3381, 234.7642, 211.5336, 232.2807, 224.5631, 210.2695, 220.3676
73 409 13.640000 211.0358, 208.7464, 233.0837, 213.2161, 230.4191, 226.3601, 208.3712, 221.8904
73 410 13.670000 209.9910, 209.6263, 231.9204, 214.6463, 228.8929, 227.8716, 206.9635, 222.8516
73 411 13.700000 208.7035, 210.8014, 230.7533, 215.8271, 227.7235, 229.1200, 205.6738, 224.0942
73 412 13.740000 207.2879, 212.2171, 229.3330, 217.6249, 226.0514, 231.0024, 204.0063, 225.5946
73 413 13.770000 206.4838, 213.1826, 228.3708, 219.1770, 224.6971, 232.5905, 202.8101, 226.5961
73 414 13.800000 205.4610, 214.4525, 227.4400, 220.5344, 223.7176, 233.9867, 201.7386, 227.9048
73 415 13.840000 204.4854, 216.0544, 226.3602, 222.6699, 222.2869, 236.1387, 200.4121, 229.5232
73 416 13.870000 204.0023, 217.2699, 225.6660, 224.4837, 221.1875, 237.9327, 199.5239, 230.7188
73 417 13.900000 203.2488, 218.8711, 225.0382, 226.1025, 220.5705, 239.5642, 198.7812, 232.3328
73 418 13.940000 202.5561, 221.1085, 224.3791, 228.5753, 219.7785, 242.0213, 197.9555, 234.5545
73 419 13.970000 202.2417, 222.9107, 224.0180, 230.6579, 219.2489, 244.0629, 197.4727, 236.3157
73 420 14.000000 201.7183, 225.0856, 223.7560, 232.6130, 219.1785, 246.0143, 197.1408, 238.4870
73 421 14.040000 201.3868, 228.0543, 223.6269, 235.5126, 219.1566, 248.8429, 196.9164, 241.3846
73 422 14.070000 201.4514, 230.2734, 223.7174, 237.9034, 219.1826, 251.1371, 196.9166, 243.5072
73 423 14.100000 201.3330, 232.8337, 223.9336, 240.0961, 219.7034, 253.2605, 197.1028, 245.9982
73 424 14.140000 201.5788, 236.2873, 224.4698, 243.3191, 220.4670, 256.3497, 197.5760, 249.3179
73 425 14.170000 202.0716, 238.9128, 225.0580, 246.0166, 221.0743, 258.9070, 198.0879, 251.8032
73 426 14.200000 202.3731, 241.9966, 225.7412, 248.5626, 222.1585, 261.3131, 198.7904, 254.7471
73 427 14.240000 203.2000, 246.2186, 226.8837, 252.4544, 223.5910, 264.9599, 199.9073, 258.7241
73 428 14.270000 204.0328, 249.5833, 227.8934, 255.7002, 224.7389, 268.0053, 200.8783, 261.8884
73 429 14.300000 204.7962, 253.4257, 228.9793, 259.0301, 226.1774, 271.1202, 201.9943, 265.5158
73 430 14.340000 206.0506, 259.0036, 230.5902, 264.0881, 228.1490, 275.8698, 203.6094, 270.7853
73 431 14.370000 207.1278, 263.5740, 231.9395, 268.4808, 229.6552, 280.0318, 204.8435, 275.1250
73 432 14.400000 208.1231, 268.8858, 233.2945, 273.2034, 231.3523, 284.5267, 206.1808, 280.2091
73 433 14.440000 209.5982, 276.8482, 235.1857, 280.5786, 233.5733, 291.6381, 207.9859, 287.9077
73 434 14.470000 210.7835, 283.3720, 236.6723, 286.6692, 235.2550, 297.7978, 209.3661, 294.5006
73 435 14.500000 211.9912, 290.4145, 238.1916, 293.1561, 236.9877, 304.6616, 210.7873, 301.9201
73 436 14.540000 213.7830, 299.8518, 240.3688, 301.9070, 239.4255, 314.1099, 212.8397, 312.0547
73 437 14.570000 215.3132, 306.4797, 242.1636, 308.1234, 241.3857, 320.8297, 214.5353, 319.1860
73 438 14.600000 216.9303, 312.7236, 244.0296, 313.7926, 243.5088, 326.9943, 216.4095, 325.9253
73 439 14.640000 219.2997, 320.2285, 246.6952, 320.7123, 246.4516, 334.5040, 219.0561, 334.0202
73 440 14.670000 221.2279, 325.2112, 248.8326, 325.4686, 248.7005, 339.6445, 221.0957, 339.3872
73 441 14.700000 223.1592, 329.8781, 250.9398, 329.6352, 251.0668, 344.1571, 223.2862, 344.4001
73 442 14.740000 225.8800, 335.2709, 253.8858, 334.6542, 254.2139, 349.5543, 226.2081, 350.1710
73 443 14.770000 228.0233, 338.6728, 256.2061, 338.0529, 256.5389, 353.1839, 228.3561, 353.8037
73 444 14.800000 230.1005, 341.8592, 258.4068, 340.8452, 258.9554, 356.1594, 230.6491, 357.1734
73 445 14.840000 232.9674, 345.2834, 261.4518, 344.1027, 262.0943, 359.6049, 233.6100, 360.7856
73 446 14.870000 235.1849, 347.2203, 263.8193, 346.2089, 264.3708, 361.8245, 235.7365, 362.8359
73 447 14.900000 237.2927, 348.9971, 266.0100, 347.6846, 266.7271, 363.3732, 238.0097, 364.6856
73 448 14.940000 240.1668, 350.5252, 269.0143, 349.1813, 269.7493, 364.9585, 240.9018, 366.3023
73 449 14.970000 242.3653, 351.0530, 271.3249, 349.9650, 271.9205, 365.8191, 242.9610, 366.9071
