81 0 0.010000 219.6214, 299.7455, 238.7108, 300.4065, 238.4021, 309.3223, 219.3127, 308.6613
81 1 0.040000 219.6012, 300.1884, 238.6917, 300.8492, 238.3826, 309.7779, 219.2922, 309.1171
81 2 0.070000 219.5564, 301.1737, 238.6491, 301.8340, 238.3393, 310.7913, 219.2465, 310.1310
81 3 0.110000 219.4581, 303.3317, 238.5560, 303.9911, 238.2445, 313.0111, 219.1466, 312.3517
81 4 0.140000 219.3555, 305.5840, 238.4588, 306.2425, 238.1456, 315.3281, 219.0424, 314.6696
81 5 0.170000 219.2552, 308.3024, 238.3516, 309.0371, 237.9960, 318.2804, 218.8995, 317.5457
81 6 0.200000 219.8155, 309.7235, 238.5666, 312.1164, 237.1847, 322.9448, 218.4337, 320.5519
81 7 0.240000 220.6743, 311.4147, 238.9648, 315.2870, 236.4247, 327.2851, 218.1342, 323.4128
81 8 0.270000 221.4389, 312.0690, 239.4551, 316.5635, 236.3649, 328.9506, 218.3486, 324.4560
81 9 0.310000 222.6018, 312.0920, 240.4763, 316.9158, 237.1062, 329.4036, 219.2317, 324.5798
81 10 0.340000 223.5796, 311.6127, 241.5116, 316.3905, 238.2285, 328.7126, 220.2964, 323.9347
81 11 0.370000 224.7751, 310.6569, 242.7941, 315.3426, 239.6264, 327.5242, 221.6073, 322.8385
81 12 0.400000 226.1659, 309.4001, 244.2568, 313.9485, 241.2531, 325.8955, 223.1622, 321.3470
81 13 0.440000 228.2060, 307.3904, 246.4753, 311.5940, 243.7977, 323.2310, 225.5284, 319.0274
81 14 0.470000 229.8790, 305.7020, 248.3160, 309.5917, 245.9055, 321.0172, 227.4685, 317.1275
81 15 0.500000 231.6185, 304.2158, 250.2033, 307.7298, 248.1631, 318.5198, 229.5784, 315.0058
81 16 0.540000 233.9058, 302.4971, 252.8007, 305.0865, 251.3833, 315.4296, 232.4884, 312.8403
81 17 0.570000 235.7095, 301.5477, 254.7986, 303.5415, 253.7643, 313.4440, 234.6752, 311.4503
81 18 0.610000 238.1752, 300.8107, 257.4648, 301.9394, 256.9198, 311.2549, 237.6301, 310.1263
81 19 0.640000 240.0843, 300.6051, 259.4767, 301.1196, 259.2424, 309.9517, 239.8500, 309.4372
81 20 0.670000 242.0345, 300.5549, 261.4931, 300.4824, 261.5248, 309.0007, 242.0662, 309.0733
81 21 0.700000 243.9949, 300.3179, 263.4942, 299.6997, 263.7722, 308.4682, 244.2729, 309.0864
81 22 0.740000 246.6001, 300.3693, 266.1174, 299.0886, 266.7217, 308.2987, 247.2044, 309.5794
81 23 0.770000 248.5415, 300.6793, 268.0495, 298.9522, 268.8776, 308.3056, 249.3696, 310.0326
81 24 0.800000 250.4411, 301.0346, 269.9415, 298.9162, 270.9921, 308.5873, 251.4917, 310.7057
81 25 0.840000 252.9226, 301.8416, 272.4018, 299.2648, 273.7055, 309.1203, 254.2263, 311.6970
81 26 0.870000 254.7339, 302.7025, 274.1925, 299.8120, 275.6520, 309.6367, 256.1934, 312.5273
81 27 0.900000 256.4606, 303.5678, 275.9123, 300.4097, 277.5461, 310.4729, 258.0944, 313.6310
81 28 0.940000 258.6826, 305.0932, 278.1298, 301.6399, 279.9205, 311.7241, 260.4733, 315.1774
81 29 0.970000 260.2818, 306.5095, 279.7320, 302.8761, 281.5746, 312.7395, 262.1243, 316.3729
81 30 1.000000 261.7672, 307.8887, 281.2432, 304.1322, 283.1478, 314.0070, 263.6718, 317.7635
81 31 1.040000 263.5858, 309.8307, 283.1101, 305.9451, 285.0508, 315.6969, 265.5266, 319.5825
81 32 1.070000 264.8256, 311.3255, 284.3877, 307.3811, 286.3014, 316.8719, 266.7392, 320.8162
81 33 1.110000 266.2444, 313.1277, 285.8880, 309.1544, 287.7777, 318.4969, 268.1341, 322.4702
81 34 1.140000 267.1157, 314.2458, 286.8387, 310.2946, 288.7538, 319.8543, 269.0308, 323.8054
81 35 1.170000 267.9220, 315.6526, 287.7127, 311.7249, 289.5271, 320.8670, 269.7364, 324.7947
81 36 1.210000 268.7495, 317.2287, 288.6566, 313.4183, 290.3859, 322.4525, 270.4788, 326.2629
81 37 1.240000 269.1992, 318.3136, 289.2185, 314.6207, 290.8969, 323.7194, 270.8776, 327.4123
81 38 1.270000 269.5935, 319.6799, 289.6901, 316.1128, 291.2595, 324.9550, 271.1630, 328.5221
81 39 1.310000 269.8331, 320.9988, 290.0587, 317.6273, 291.5986, 326.8650, 271.3729, 330.2364
81 40 1.340000 269.9023, 322.1435, 290.2363, 318.9462, 291.6910, 328.1980, 271.3570, 331.3953
81 41 1.370000 269.8419, 323.1350, 290.2649, 320.1041, 291.7012, 329.7825, 271.2782, 332.8133
81 42 1.410000 269.6321, 324.7513, 290.1969, 321.9696, 291.5244, 331.7840, 270.9597, 334.5657
81 43 1.440000 269.3690, 326.1687, 290.0595, 323.5718, 291.2730, 333.2401, 270.5825, 335.8370
81 44 1.470000 269.0019, 327.5146, 289.7959, 325.0784, 290.9478, 334.9100, 270.1538, 337.3462
81 45 1.510000 268.3727, 329.5863, 289.3303, 327.3192, 290.3782, 337.0065, 269.4206, 339.2736
81 46 1.540000 267.8105, 331.2197, 288.8996, 329.1173, 289.8362, 338.5116, 268.7471, 340.6141
81 47 1.570000 267.1637, 332.6312, 288.3498, 330.7032, 289.2142, 340.2014, 268.0280, 342.1294
81 48 1.610000 266.1972, 334.5698, 287.5229, 332.9289, 288.2452, 342.3166, 266.9195, 343.9575
81 49 1.640000 265.3877, 335.9748, 286.8262, 334.5673, 287.4293, 343.7537, 265.9908, 345.1612
81 50 1.670000 264.5453, 337.3723, 286.0558, 336.2268, 286.5462, 345.4363, 265.0357, 346.5818
81 51 1.710000 263.3358, 339.0916, 284.9481, 338.3099, 285.2821, 347.5464, 263.6699, 348.3281
81 52 1.740000 262.3885, 340.3188, 284.0753, 339.8381, 284.2852, 349.3062, 262.5984, 349.7869
81 53 1.770000 261.4498, 341.7960, 283.1643, 341.6552, 283.2246, 350.9569, 261.5101, 351.0977
81 54 1.810000 260.1727, 343.7767, 281.9158, 344.1161, 281.7709, 353.4040, 260.0277, 353.0647
81 55 1.840000 259.2077, 345.2364, 280.9650, 345.9378, 280.6619, 355.3374, 258.9047, 354.6360
81 56 1.870000 258.2639, 347.0525, 279.9827, 348.1373, 279.5164, 357.4725, 257.7976, 356.3876
81 57 1.910000 257.0464, 349.3218, 278.6924, 350.9461, 277.9766, 360.4856, 256.3306, 358.8613
81 58 1.940000 256.1649, 351.1791, 277.7398, 353.2185, 276.8260, 362.8867, 255.2510, 360.8473
81 59 1.970000 255.3637, 352.9939, 276.8080, 355.4519, 275.6509, 365.5472, 254.2066, 363.0892
81 60 2.010000 254.3782, 355.5513, 275.6299, 358.5546, 274.1444, 369.0661, 252.8927, 366.0628
81 61 2.040000 253.6770, 357.5457, 274.8040, 360.8504, 273.1510, 371.4174, 252.0241, 368.1126
81 62 2.070000 253.1385, 359.1406, 274.1223, 362.7274, 272.2242, 373.8323, 251.2404, 370.2456
81 63 2.110000 252.5414, 361.2457, 273.3340, 365.2122, 271.1954, 376.4231, 250.4027, 372.4566
81 64 2.140000 252.1991, 362.7389, 272.8510, 366.9312, 270.6059, 377.9911, 249.9540, 373.7988
81 65 2.170000 252.0644, 363.7186, 272.5833, 368.1325, 270.0907, 379.7194, 249.5719, 375.3054
81 66 2.210000 252.0317, 365.0171, 272.3810, 369.6305, 269.6885, 381.5065, 249.3393, 376.8931
81 67 2.240000 252.1283, 365.9640, 272.3530, 370.6454, 269.6048, 382.5185, 249.3800, 377.8370
81 68 2.270000 252.4058, 366.5232, 272.5370, 371.2598, 269.6227, 383.6460, 249.4915, 378.9094
81 69 2.310000 252.9417, 367.2596, 272.9483, 371.9819, 269.9320, 384.7608, 249.9254, 380.0385
81 70 2.340000 253.4339, 367.8920, 273.3654, 372.5312, 270.4071, 385.2411, 250.4755, 380.6019
81 71 2.370000 254.1188, 368.1129, 273.9915, 372.6654, 270.9550, 385.9202, 251.0823, 381.3677
81 72 2.410000 255.1231, 368.5062, 274.9635, 372.8271, 272.0039, 386.4165, 252.1636, 382.0956
81 73 2.440000 255.9718, 368.8583, 275.7878, 372.9568, 272.9813, 386.5257, 253.1653, 382.4272
81 74 2.470000 256.9642, 368.8635, 276.7885, 372.7412, 274.0297, 386.8451, 254.2054, 382.9673
81 75 2.510000 258.3810, 369.0090, 278.2164, 372.5494, 275.6351, 387.0115, 255.7997, 383.4710
81 76 2.540000 259.4751, 369.2785, 279.3501, 372.5151, 276.9928, 386.9906, 257.1178, 383.7540
81 77 2.570000 260.6545, 369.4468, 280.5709, 372.3903, 278.3903, 387.1448, 258.4738, 384.2012
81 78 2.610000 262.2663, 369.9053, 282.2499, 372.4205, 280.3821, 387.2605, 260.3985, 384.7453
81 79 2.640000 263.5134, 370.4299, 283.5409, 372.6148, 281.9409, 387.2815, 261.9133, 385.0966
81 80 2.670000 264.8149, 370.8251, 284.8916, 372.6941, 283.5102, 387.5340, 263.4335, 385.6650
81 81 2.710000 266.5881, 371.6041, 286.7127, 373.0649, 285.6448, 387.7763, 265.5202, 386.3155
81 82 2.740000 267.9288, 372.3567, 288.0808, 373.4846, 287.2732, 387.9135, 267.1212, 386.7856
81 83 2.770000 269.2813, 373.0342, 289.4762, 373.8418, 288.9003, 388.2429, 268.7053, 387.4353
81 84 2.800000 270.6352, 373.9185, 290.8470, 374.3798, 290.5250, 388.4904, 270.3132, 388.0292
81 85 2.840000 272.4422, 375.1822, 292.6806, 375.2186, 292.6559, 388.9596, 272.4175, 388.9232
81 86 2.870000 273.7817, 376.0788, 294.0320, 375.7983, 294.2225, 389.5538, 273.9722, 389.8342
81 87 2.900000 275.1079, 377.2984, 295.3538, 376.6956, 295.7499, 389.9998, 275.5040, 390.6026
81 88 2.940000 276.7949, 378.9608, 297.0751, 377.9079, 297.7469, 390.8478, 277.4667, 391.9006
81 89 2.970000 278.0224, 380.2197, 298.3153, 378.8520, 299.1783, 391.6563, 278.8854, 393.0240
81 90 3.000000 279.2111, 381.7137, 299.5189, 380.0362, 300.5318, 392.2990, 280.2240, 393.9765
81 91 3.040000 280.7163, 383.4102, 301.0201, 381.4053, 302.1951, 393.3039, 281.8912, 395.3088
81 92 3.070000 281.7309, 384.3728, 302.0237, 382.1165, 303.3562, 394.1008, 283.0634, 396.3571
81 93 3.100000 282.6704, 385.4350, 302.9579, 382.9288, 304.3873, 394.5000, 284.0998, 397.0062
81 94 3.140000 283.7451, 386.3808, 304.0179, 383.5829, 305.5956, 395.0143, 285.3228, 397.8122
81 95 3.170000 284.4045, 386.7370, 304.6653, 383.7664, 306.3671, 395.3734, 286.1063, 398.3440
81 96 3.200000 284.9849, 387.2447, 305.2389, 384.1224, 306.9523, 395.2374, 286.6984, 398.3597
81 97 3.240000 285.5473, 387.5025, 305.7970, 384.2408, 307.5209, 394.9434, 287.2713, 398.2051
81 98 3.270000 285.8073, 387.3865, 306.0475, 384.0658, 307.7796, 394.6237, 287.5395, 397.9443
81 99 3.300000 285.9556, 387.2921, 306.2033, 383.9368, 307.8568, 393.9145, 287.6091, 397.2698
81 100 3.340000 285.8986, 386.6194, 306.1495, 383.2528, 307.7605, 392.9433, 287.5095, 396.3099
81 101 3.370000 285.6438, 385.5991, 305.9078, 382.2618, 307.5596, 392.2915, 287.2956, 395.6288
81 102 3.400000 285.3025, 384.6623, 305.5876, 381.4140, 307.1474, 391.1548, 286.8623, 394.4030
81 103 3.440000 284.6075, 382.7992, 304.9303, 379.7788, 306.3976, 389.6521, 286.0749, 392.6725
81 104 3.470000 283.9095, 380.9782, 304.2574, 378.1501, 305.6997, 388.5266, 285.3518, 391.3548
81 105 3.500000 283.1555, 379.4171, 303.5335, 376.8267, 304.8051, 386.8301, 284.4272, 389.4205
81 106 3.540000 281.9195, 376.7097, 302.3374, 374.4139, 303.5220, 384.9486, 283.1040, 387.2444
81 107 3.570000 280.9320, 374.5749, 301.3513, 372.6058, 302.4063, 383.5458, 281.9870, 385.5150
81 108 3.600000 279.8607, 372.4844, 300.3045, 370.8256, 301.2137, 382.0309, 280.7699, 383.6897
81 109 3.640000 278.3734, 369.6697, 298.7897, 368.4700, 299.4613, 379.9007, 279.0451, 381.1004
81 110 3.670000 277.1626, 367.2360, 297.5680, 366.3321, 298.1066, 378.4897, 277.7012, 379.3936
81 111 3.700000 275.9382, 365.1479, 296.3093, 364.5548, 296.6587, 376.5570, 276.2876, 377.1501
81 112 3.740000 274.2630, 361.7971, 294.5906, 361.6864, 294.6588, 374.2204, 274.3312, 374.3311
81 113 3.770000 273.0169, 359.1599, 293.2548, 359.4205, 293.0893, 372.2785, 272.8514, 372.0180
81 114 3.800000 271.7507, 356.4952, 291.9395, 357.1582, 291.5167, 370.0310, 271.3279, 369.3679
81 115 3.840000 270.0679, 352.6772, 290.1458, 353.7819, 289.4357, 366.6881, 269.3578, 365.5833
81 116 3.870000 268.8673, 349.2941, 288.8659, 350.7701, 287.8772, 364.1658, 267.8786, 362.6898
81 117 3.900000 267.7060, 346.0204, 287.5953, 347.8835, 286.3656, 361.0106, 266.4763, 359.1475
81 118 3.940000 266.3481, 341.0163, 286.0519, 343.5497, 284.3722, 356.6139, 264.6684, 354.0805
81 119 3.970000 265.4764, 336.7995, 284.9944, 339.7885, 282.9338, 353.2442, 263.4158, 350.2552
81 120 4.000000 264.6009, 332.9362, 283.9684, 336.3887, 281.6694, 349.2853, 262.3020, 345.8328
81 121 4.040000 263.5782, 327.6979, 282.7241, 331.7038, 280.0519, 344.4759, 260.9059, 340.4700
81 122 4.070000 262.8665, 324.0424, 281.8680, 328.4558, 278.8944, 341.2586, 259.8928, 336.8453
81 123 4.100000 262.1591, 320.8359, 281.0636, 325.6139, 277.8699, 338.2496, 258.9654, 333.4715
81 124 4.140000 261.2735, 317.0229, 280.0783, 322.2117, 276.6212, 334.7406, 257.8164, 329.5519
81 125 4.170000 260.6900, 314.4479, 279.4276, 319.9022, 275.7659, 332.4815, 257.0283, 327.0273
81 126 4.200000 260.1273, 312.2584, 278.8109, 317.9288, 275.0455, 330.3352, 256.3620, 324.6648
81 127 4.240000 259.5168, 309.6369, 278.1502, 315.5207, 274.2463, 327.8839, 255.6129, 322.0001
81 128 4.270000 259.1826, 307.8500, 277.7931, 313.8457, 273.7653, 326.3479, 255.1548, 320.3523
81 129 4.300000 258.8964, 306.4114, 277.5021, 312.4730, 273.4716, 324.8443, 254.8659, 318.7827
81 130 4.340000 258.6900, 304.7173, 277.3120, 310.8001, 273.2716, 323.1694, 254.6496, 317.0866
81 131 4.370000 258.6857, 303.5810, 277.3374, 309.6320, 273.2678, 322.1763, 254.6161, 316.1253
81 132 4.400000 258.7292, 302.7851, 277.4271, 308.7624, 273.4640, 321.1594, 254.7662, 315.1821
81 133 4.440000 258.9969, 301.8702, 277.7771, 307.6882, 273.9189, 320.1422, 255.1387, 314.3242
81 134 4.470000 259.3353, 301.3076, 278.1931, 306.9512, 274.4081, 319.5989, 255.5502, 313.9554
81 135 4.500000 259.7337, 301.0537, 278.6851, 306.4799, 275.0932, 319.0246, 256.1419, 313.5983
81 136 4.540000 260.4624, 300.8517, 279.5446, 305.9546, 276.1853, 318.5167, 257.1031, 313.4138
81 137 4.570000 261.1838, 300.7206, 280.3692, 305.5765, 277.1249, 318.3944, 257.9396, 313.5385
81 138 4.600000 261.9606, 300.9305, 281.2660, 305.5457, 278.2524, 318.1517, 258.9470, 313.5366
81 139 4.640000 263.1982, 301.2324, 282.6584, 305.4930, 279.8890, 318.1420, 260.4289, 313.8814
81 140 4.670000 264.2537, 301.5376, 283.8289, 305.5334, 281.2228, 318.3000, 261.6477, 314.3042
81 141 4.700000 265.3723, 302.1088, 285.0504, 305.8262, 282.6761, 318.3942, 262.9981, 314.6769
81 142 4.740000 267.0387, 302.9355, 286.8358, 306.3251, 284.7040, 318.7762, 264.9069, 315.3867
81 143 4.770000 268.4001, 303.5663, 288.2775, 306.6906, 286.2957, 319.2996, 266.4182, 316.1753
81 144 4.800000 269.7973, 304.5244, 289.7520, 307.3824, 287.9865, 319.7085, 268.0318, 316.8504
81 145 4.840000 271.7688, 305.9021, 291.8326, 308.3778, 290.3350, 320.5153, 270.2711, 318.0396
81 146 4.870000 273.3439, 306.9438, 293.4975, 309.1573, 292.1524, 321.4042, 271.9987, 319.1906
81 147 4.900000 274.9414, 308.3712, 295.1853, 310.3358, 294.0375, 322.1636, 273.7936, 320.1991
81 148 4.940000 277.1711, 310.2867, 297.5301, 311.9190, 296.5942, 323.5924, 276.2352, 321.9601
81 149 4.970000 278.8838, 311.8644, 299.3259, 313.2482, 298.5423, 324.8248, 278.1001, 323.4410
81 150 5.000000 280.6287, 313.6899, 301.1525, 314.8261, 300.5337, 326.0029, 280.0100, 324.8667
81 151 5.040000 283.0209, 316.0771, 303.6431, 316.9472, 303.1888, 327.7148, 282.5666, 326.8448
81 152 5.070000 284.8602, 317.5686, 305.5547, 318.2305, 305.2018, 329.2632, 284.5073, 328.6012
81 153 5.100000 286.6971, 319.3626, 307.4582, 319.8262, 307.2212, 330.4382, 286.4601, 329.9746
81 154 5.140000 289.1591, 321.5475, 310.0067, 321.6885, 309.9360, 332.1409, 289.0884, 331.9999
81 155 5.170000 290.9946, 323.0226, 311.9049, 322.9330, 311.9504, 333.5538, 291.0401, 333.6433
81 156 5.200000 292.8080, 324.7460, 313.7989, 324.4242, 313.9566, 334.7109, 292.9657, 335.0327
81 157 5.240000 295.1591, 326.8366, 316.2834, 326.2292, 316.5792, 336.5159, 295.4548, 337.1233
81 158 5.270000 296.8757, 328.3304, 318.1075, 327.4839, 318.5277, 338.0223, 297.2958, 338.8687
81 159 5.300000 298.5780, 330.1139, 319.8892, 329.0344, 320.4109, 339.3337, 299.0997, 340.4132
81 160 5.340000 300.7619, 332.3963, 322.1865, 330.9839, 322.8740, 341.4124, 301.4494, 342.8248
81 161 5.370000 302.3400, 334.1177, 323.8228, 332.4380, 324.6636, 343.1917, 303.1808, 344.8713
81 162 5.400000 303.8686, 336.1405, 325.4109, 334.1893, 326.3814, 344.9035, 304.8390, 346.8547
81 163 5.440000 305.8045, 338.9017, 327.3947, 336.5806, 328.5723, 347.5339, 306.9821, 349.8550
81 164 5.470000 307.1532, 340.9395, 328.7675, 338.3434, 330.1447, 349.8093, 308.5304, 352.4053
81 165 5.500000 308.4294, 343.1952, 330.0479, 340.3132, 331.5960, 351.9256, 309.9775, 354.8077
81 166 5.540000 309.9523, 345.8925, 331.5675, 342.7181, 333.3149, 354.6162, 311.6997, 357.7907
81 167 5.570000 310.8943, 347.4589, 332.4832, 344.0480, 334.4455, 356.4679, 312.8566, 359.8789
81 168 5.600000 311.7352, 349.1628, 333.3182, 345.5644, 335.3179, 357.5586, 313.7349, 361.1570
81 169 5.640000 312.5164, 350.4546, 334.0604, 346.6370, 336.2603, 359.0515, 314.7163, 362.8691
81 170 5.670000 312.8676, 350.9297, 334.4148, 347.0301, 336.7577, 359.9753, 315.2104, 363.8749
81 171 5.700000 313.0975, 351.3840, 334.6409, 347.4750, 336.9748, 360.3374, 315.4313, 364.2465
81 172 5.740000 313.0217, 351.2628, 334.6385, 347.4085, 337.0053, 360.6825, 315.3884, 364.5367
81 173 5.770000 312.7127, 350.6402, 334.3946, 346.8763, 336.8155, 360.8216, 315.1335, 364.5855
81 174 5.800000 312.3174, 350.0778, 334.0733, 346.4907, 336.3525, 360.3141, 314.5966, 363.9012
81 175 5.840000 311.4787, 348.5513, 333.3488, 345.2884, 335.4687, 359.4972, 313.5986, 362.7601
81 176 5.870000 310.6684, 346.8849, 332.6359, 343.9375, 334.6136, 358.6780, 312.6461, 361.6253
81 177 5.900000 309.7633, 345.2089, 331.8289, 342.6585, 333.5110, 357.2110, 311.4453, 359.7614
81 178 5.940000 308.3523, 342.2636, 330.5523, 340.3047, 331.8435, 354.9368, 309.6435, 356.8957
81 179 5.970000 307.1638, 339.4381, 329.4651, 338.0047, 330.4379, 353.1396, 308.1366, 354.5730
81 180 6.000000 305.9485, 336.7329, 328.3551, 335.9106, 328.9010, 350.7838, 306.4944, 351.6062
81 181 6.040000 304.2061, 332.7506, 326.7906, 332.8171, 326.7460, 347.9502, 304.1615, 347.8838
81 182 6.070000 302.8573, 330.0329, 325.5809, 330.7695, 325.0939, 345.7926, 302.3703, 345.0560
81 183 6.100000 301.5218, 327.5420, 324.3019, 328.9382, 323.4001, 343.6522, 300.6200, 342.2560
81 184 6.140000 299.7214, 324.4004, 322.5755, 326.6279, 321.1809, 340.9368, 298.3267, 338.7092
81 185 6.170000 298.4267, 321.9379, 321.2905, 324.7274, 319.5276, 339.1770, 296.6638, 336.3875
81 186 6.200000 297.1191, 319.8800, 319.9887, 323.1877, 317.9789, 337.0839, 295.1093, 333.7762
81 187 6.240000 295.5308, 316.8863, 318.3682, 320.8518, 315.9834, 334.5857, 293.1460, 330.6201
81 188 6.270000 294.4350, 314.5842, 317.2685, 319.0076, 314.6093, 332.7344, 291.7758, 328.3110
81 189 6.300000 293.4255, 312.4595, 316.2097, 317.3111, 313.3771, 330.6135, 290.5929, 325.7619
81 190 6.340000 292.2645, 309.4456, 315.0221, 314.7789, 311.9824, 327.7491, 289.2249, 322.4157
81 191 6.370000 291.6310, 306.8511, 314.3632, 312.5058, 311.0792, 325.7076, 288.3470, 320.0530
81 192 6.400000 291.0614, 304.4985, 313.7858, 310.4384, 310.4622, 323.1535, 287.7378, 317.2135
81 193 6.440000 290.5991, 300.9402, 313.3719, 307.2039, 309.9304, 319.7163, 287.1575, 313.4525
81 194 6.470000 290.5352, 297.9244, 313.3628, 304.3774, 309.7402, 317.1921, 286.9127, 310.7391
81 195 6.500000 290.5543, 295.2306, 313.4398, 301.8427, 309.8549, 314.2506, 286.9694, 307.6384
81 196 6.540000 290.8130, 291.7744, 313.7990, 298.5347, 310.2292, 310.6726, 287.2432, 303.9123
81 197 6.570000 291.1034, 289.5786, 314.1810, 296.4035, 310.6733, 308.2645, 287.5957, 301.4396
81 198 6.600000 291.4365, 287.8835, 314.6240, 294.7408, 311.2963, 305.9932, 288.1088, 299.1360
81 199 6.640000 292.2655, 285.3977, 315.6060, 292.2755, 312.2185, 303.7713, 288.8780, 296.8935
81 200 6.670000 292.9856, 283.9938, 316.4500, 290.8513, 313.0001, 302.6559, 289.5356, 295.7983
81 201 6.700000 293.8778, 282.6951, 317.4743, 289.5148, 313.8663, 301.9988, 290.2698, 295.1792
81 202 6.740000 295.2019, 281.5918, 318.9856, 288.3082, 315.3022, 301.3514, 291.5186, 294.6350
81 203 6.770000 296.3091, 281.1902, 320.2386, 287.7989, 316.5738, 301.0689, 292.6443, 294.4603
81 204 6.800000 297.5901, 280.8980, 321.6714, 287.3771, 317.9474, 301.2182, 293.8661, 294.7392
81 205 6.840000 299.4446, 281.0968, 323.7308, 287.3695, 320.0298, 301.6987, 295.7436, 295.4260
81 206 6.870000 300.8826, 281.6825, 325.3859, 287.7920, 321.7709, 302.2906, 297.2676, 296.1812
81 207 6.900000 302.4341, 282.3940, 327.1980, 288.3292, 323.5954, 303.3607, 298.8314, 297.4255
81 208 6.940000 304.5900, 283.9798, 329.7340, 289.6373, 326.2528, 305.1090, 301.1088, 299.4515
81 209 6.970000 306.2947, 285.6100, 331.7353, 291.0547, 328.3904, 306.6841, 302.9498, 301.2395
81 210 7.000000 308.1265, 287.3163, 333.8846, 292.5317, 330.6274, 308.6186, 304.8693, 303.4032
81 211 7.040000 310.8105, 289.7672, 336.9302, 294.7555, 333.7964, 311.1644, 307.6768, 306.1761
81 212 7.070000 312.9786, 291.6971, 339.3469, 296.5221, 336.3699, 312.7913, 310.0016, 307.9663
81 213 7.100000 315.3343, 293.2395, 341.9594, 297.8734, 339.0550, 314.5613, 312.4299, 309.9274
81 214 7.140000 318.6169, 295.3238, 345.5835, 299.5777, 342.9103, 316.5240, 315.9437, 312.2701
81 215 7.170000 321.1804, 297.0789, 348.3839, 301.0534, 345.9720, 317.5622, 318.7684, 313.5878
81 216 7.200000 323.9139, 298.3490, 351.3349, 302.0296, 349.0709, 318.8971, 321.6498, 315.2164
81 217 7.240000 327.6356, 300.3707, 355.3217, 303.6287, 353.3817, 320.1149, 325.6956, 316.8569
81 218 7.270000 330.5135, 301.9733, 358.3498, 304.8865, 356.6847, 320.7970, 328.8484, 317.8838
81 219 7.300000 333.4739, 303.3035, 361.4659, 305.8825, 360.0130, 321.6526, 332.0209, 319.0737
81 220 7.340000 337.5031, 305.2316, 365.6371, 307.3699, 364.4837, 322.5452, 336.3497, 320.4069
81 221 7.370000 340.5523, 306.8905, 368.7564, 308.6524, 367.8615, 322.9761, 339.6575, 321.2141
81 222 7.400000 343.6431, 308.2976, 371.9167, 309.7007, 371.2236, 323.6679, 342.9500, 322.2647
81 223 7.440000 347.7845, 310.4378, 376.0880, 311.3210, 375.6798, 324.4032, 347.3763, 323.5200
81 224 7.470000 350.9087, 312.1570, 379.1856, 312.6496, 378.9631, 325.4207, 350.6862, 324.9281
81 225 7.500000 354.0281, 313.1969, 382.2831, 313.3130, 382.2284, 326.6074, 353.9734, 326.4913
81 226 7.540000 358.1528, 314.3612, 386.3408, 314.0151, 386.5149, 328.1884, 358.3269, 328.5345
81 227 7.570000 361.1802, 314.9284, 389.3286, 314.2685, 389.6832, 329.3924, 361.5348, 330.0523
81 228 7.600000 364.1826, 315.6603, 392.2966, 314.7470, 392.7949, 330.0859, 364.6809, 330.9992
81 229 7.640000 368.0823, 316.2054, 396.1715, 314.9867, 396.8633, 330.9336, 368.7742, 332.1522
81 230 7.670000 370.9149, 316.2113, 398.9920, 314.7692, 399.8558, 331.5858, 371.7787, 333.0280
81 231 7.700000 373.7233, 316.4496, 401.7739, 314.8748, 402.7162, 331.6592, 374.6656, 333.2340
81 232 7.740000 377.3380, 316.2199, 405.3770, 314.5077, 406.4317, 331.7809, 378.3928, 333.4931
81 233 7.770000 379.9337, 315.6209, 408.0033, 313.8272, 409.1581, 331.8995, 381.0884, 333.6931
81 234 7.800000 382.5015, 315.1252, 410.5819, 313.3258, 411.7503, 331.5576, 383.6699, 333.3571
81 235 7.840000 385.7734, 313.9271, 413.9239, 312.1315, 415.1328, 331.0830, 386.9823, 332.8787
81 236 7.870000 388.1551, 312.7946, 416.3616, 311.0340, 417.5784, 330.5280, 389.3719, 332.2886
81 237 7.900000 390.5068, 311.7856, 418.7866, 310.1317, 419.9168, 329.4593, 391.6371, 331.1131
81 238 7.940000 393.5452, 309.9972, 421.9595, 308.5394, 422.9512, 327.8695, 394.5370, 329.3273
81 239 7.970000 395.7449, 308.2932, 424.2846, 306.9776, 425.1908, 326.6352, 396.6511, 327.9508
81 240 8.000000 397.9379, 306.8249, 426.6023, 305.7143, 427.3489, 324.9836, 398.6845, 326.0941
81 241 8.040000 400.7872, 304.9334, 429.6306, 304.0438, 430.2151, 322.9944, 401.3717, 323.8841
81 242 8.070000 402.8837, 303.7763, 431.8808, 303.0377, 432.3574, 321.7486, 403.3604, 322.4872
81 243 8.100000 404.9698, 303.1204, 434.0958, 302.5115, 434.4718, 320.5011, 405.3459, 321.1100
81 244 8.140000 407.6947, 302.4918, 437.0379, 302.0383, 437.3057, 319.3650, 407.9624, 319.8184
81 245 8.170000 409.7034, 302.2268, 439.2263, 301.8595, 439.4378, 318.8605, 409.9149, 319.2277
81 246 8.200000 411.6786, 302.4081, 441.3900, 302.1016, 441.5578, 318.3690, 411.8464, 318.6754
81 247 8.240000 414.2546, 302.8695, 444.3089, 302.5963, 444.4506, 318.1884, 414.3963, 318.4615
81 248 8.270000 416.1625, 303.3355, 446.4805, 303.0781, 446.6110, 318.4452, 416.2930, 318.7027
81 249 8.300000 418.0299, 304.2717, 448.6494, 303.9788, 448.7901, 318.6812, 418.1706, 318.9742
81 250 8.340000 420.4862, 305.7642, 451.5142, 305.4098, 451.6753, 319.5073, 420.6472, 319.8618
81 251 8.370000 422.2977, 307.0773, 453.6329, 306.6496, 453.8225, 320.5441, 422.4874, 320.9718
81 252 8.400000 424.0588, 308.7793, 455.7395, 308.2152, 455.9777, 321.5901, 424.2970, 322.1542
81 253 8.440000 426.3381, 310.9001, 458.4824, 310.1049, 458.8224, 323.8493, 426.6781, 324.6445
81 254 8.470000 427.9935, 312.9430, 460.4855, 311.9228, 460.9296, 326.0635, 428.4376, 327.0838
81 255 8.500000 429.5635, 315.0256, 462.4274, 313.7115, 463.0239, 328.6305, 430.1601, 329.9447
81 256 8.540000 431.5309, 317.9896, 464.8632, 316.2181, 465.6951, 331.8715, 432.3628, 333.6431
81 257 8.570000 432.9613, 320.1652, 466.6079, 318.2720, 467.4942, 334.0240, 433.8476, 335.9173
81 258 8.600000 434.2077, 321.9142, 468.1820, 319.7558, 469.2278, 336.2172, 435.2535, 338.3757
81 259 8.640000 435.7704, 324.1045, 470.0726, 321.8056, 471.2053, 338.7061, 436.9031, 341.0051
81 260 8.670000 436.8113, 325.6833, 471.3363, 323.3574, 472.4729, 340.2285, 437.9479, 342.5544
81 261 8.700000 437.7102, 326.8043, 472.4257, 324.4999, 473.5796, 341.8835, 438.8641, 344.1879
81 262 8.740000 438.7392, 328.2729, 473.6622, 326.1221, 474.7430, 343.6709, 439.8200, 345.8217
81 263 8.770000 439.3980, 329.5671, 474.3956, 327.5540, 475.3717, 344.5239, 440.3741, 346.5370
81 264 8.800000 439.8981, 330.2273, 474.9997, 328.4486, 475.8779, 345.7792, 440.7762, 347.5579
81 265 8.840000 440.4647, 331.3516, 475.6013, 330.0382, 476.2327, 346.9290, 441.0961, 348.2423
81 266 8.870000 440.7714, 332.2390, 475.8996, 331.2991, 476.3351, 347.5761, 441.2069, 348.5160
81 267 8.900000 440.9751, 332.6971, 476.1025, 332.1899, 476.3386, 348.5391, 441.2112, 349.0463
81 268 8.940000 441.1617, 333.5973, 476.2032, 333.7030, 476.1557, 349.4324, 441.1143, 349.3268
81 269 8.970000 441.2442, 334.3476, 476.1891, 334.9804, 475.9177, 349.9703, 440.9727, 349.3375
81 270 9.000000 441.2977, 334.8038, 476.1303, 336.0169, 475.6184, 350.7169, 440.7857, 349.5038
81 271 9.040000 441.3017, 335.3428, 475.9885, 337.2597, 475.2032, 351.4691, 440.5164, 349.5522
81 272 9.070000 441.2816, 335.8076, 475.8254, 338.1832, 474.8724, 352.0400, 440.3287, 349.6645
81 273 9.100000 441.2691, 335.7710, 475.7164, 338.5564, 474.5995, 352.3696, 440.1522, 349.5843
81 274 9.140000 441.3095, 335.4768, 475.5878, 338.7114, 474.2544, 352.8423, 439.9761, 349.6077
81 275 9.170000 441.4375, 334.7242, 475.5508, 338.1952, 474.0250, 353.1904, 439.9117, 349.7194
81 276 9.200000 441.5284, 334.2556, 475.5589, 337.8293, 473.9742, 352.9195, 439.9438, 349.3459
81 277 9.240000 441.7643, 333.2598, 475.6486, 336.7960, 474.0166, 352.4341, 440.1323, 348.8979
81 278 9.270000 442.0559, 332.1069, 475.7915, 335.5319, 474.1095, 352.0993, 440.3739, 348.6743
81 279 9.300000 442.2967, 331.3708, 475.9915, 334.5593, 474.4361, 350.9967, 440.7413, 347.8082
81 280 9.340000 442.7448, 329.7543, 476.3659, 332.4766, 474.9764, 349.6384, 441.3552, 346.9162
81 281 9.370000 443.0983, 328.3299, 476.7366, 330.5751, 475.5460, 348.4137, 441.9077, 346.1686
81 282 9.400000 443.4659, 327.1078, 477.0730, 328.7316, 476.2096, 346.6007, 442.6025, 344.9769
81 283 9.440000 444.0267, 325.0490, 477.5752, 325.8148, 477.1594, 344.0302, 443.6109, 343.2644
81 284 9.470000 444.4141, 323.2095, 477.9601, 323.2138, 477.9577, 342.0078, 444.4117, 342.0035
81 285 9.500000 444.8285, 321.7552, 478.2206, 320.8820, 478.7049, 339.4021, 445.3128, 340.2753
81 286 9.540000 445.2824, 319.5880, 478.5445, 317.5250, 479.7142, 336.3844, 446.4521, 338.4474
81 287 9.570000 445.5973, 318.1593, 478.6834, 315.2216, 480.3795, 334.3246, 447.2934, 337.2623
81 288 9.600000 445.8725, 317.0679, 478.7913, 313.3392, 480.9375, 332.2866, 448.0186, 336.0154
81 289 9.640000 446.1426, 315.8019, 478.7911, 311.0971, 481.4960, 329.8677, 448.8475, 334.5725
81 290 9.670000 446.1873, 314.7630, 478.7090, 309.4464, 481.8154, 328.4482, 449.2937, 333.7649
81 291 9.700000 446.1938, 314.0665, 478.5297, 308.2292, 481.8984, 326.8902, 449.5624, 332.7274
81 292 9.740000 445.9570, 313.0337, 478.1438, 306.6900, 481.7894, 325.1867, 449.6026, 331.5305
81 293 9.770000 445.5505, 312.1563, 477.6682, 305.4828, 481.5526, 324.1771, 449.4349, 330.8506
81 294 9.800000 445.0726, 311.6219, 477.0726, 304.7024, 481.0151, 322.9345, 449.0151, 329.8540
81 295 9.840000 444.0930, 310.7212, 476.0167, 303.5782, 480.0542, 321.6228, 448.1306, 328.7658
81 296 9.870000 443.1138, 309.9049, 475.0482, 302.7389, 479.1198, 320.8836, 447.1854, 328.0496
81 297 9.900000 442.0281, 309.3376, 473.9567, 302.2657, 477.8778, 319.9694, 445.9493, 327.0412
81 298 9.940000 440.2581, 308.4525, 472.2489, 301.6757, 475.9186, 318.9991, 443.9278, 325.7758
81 299 9.970000 438.6497, 307.5680, 470.7453, 301.0942, 474.2728, 318.5828, 442.1772, 325.0567
81 300 10.000000 436.9758, 307.0943, 469.1057, 301.0070, 472.2906, 317.8172, 440.1606, 323.9045
81 301 10.040000 434.3832, 306.1512, 466.6157, 300.6400, 469.4464, 317.1956, 437.2139, 322.7067
81 302 10.070000 432.2236, 305.3976, 464.5630, 300.3752, 467.1140, 316.8010, 434.7746, 321.8235
81 303 10.100000 429.9292, 304.8401, 462.3886, 300.3474, 464.5843, 316.2115, 432.1249, 320.7042
81 304 10.140000 426.6158, 303.8919, 459.2155, 300.1732, 460.9761, 315.6076, 428.3765, 319.3263
81 305 10.170000 423.9703, 302.9108, 456.5896, 299.7727, 458.0911, 315.3795, 425.4718, 318.5176
81 306 10.200000 421.2020, 302.3160, 453.9027, 299.7340, 455.0829, 314.6817, 422.3822, 317.2636
81 307 10.240000 417.3504, 301.1109, 450.0573, 299.3003, 450.8731, 314.0376, 418.1662, 315.8482
81 308 10.270000 414.3552, 299.9844, 447.0364, 298.7617, 447.5936, 313.6561, 414.9124, 314.8788
81 309 10.300000 411.2842, 299.1503, 443.9570, 298.5026, 444.2412, 312.8404, 411.5685, 313.4882
81 310 10.340000 407.0976, 297.6968, 439.7114, 297.8032, 439.6655, 311.8671, 407.0517, 311.7607
81 311 10.370000 403.9267, 296.2862, 436.4373, 296.9250, 436.1557, 311.2606, 403.6451, 310.6218
81 312 10.400000 400.6934, 295.1985, 433.1457, 296.3268, 432.6664, 310.1144, 400.2141, 308.9861
81 313 10.440000 396.3983, 293.2088, 428.7104, 294.9563, 427.9667, 308.7067, 395.6546, 306.9592
81 314 10.470000 393.1968, 291.5486, 425.3723, 293.7245, 424.4256, 307.7237, 392.2501, 305.5478
81 315 10.500000 389.9911, 289.9214, 422.0667, 292.4938, 420.9631, 306.2539, 388.8876, 303.6815
81 316 10.540000 385.7684, 287.7082, 417.6846, 290.7433, 416.3756, 304.5083, 384.4594, 301.4731
81 317 10.570000 382.6350, 286.2593, 414.4164, 289.6186, 412.9611, 303.3868, 381.1797, 300.0275
81 318 10.600000 379.5665, 284.5891, 411.2396, 288.2470, 409.6292, 302.1913, 377.9561, 298.5334
81 319 10.640000 375.5430, 282.6499, 407.0594, 286.6627, 405.2350, 300.9911, 373.7186, 296.9782
81 320 10.670000 372.5652, 281.5381, 403.9407, 285.7567, 402.0404, 299.8901, 370.6649, 295.6715
81 321 10.700000 369.6832, 280.1014, 400.9638, 284.4808, 398.9033, 299.1981, 367.6227, 294.8186
81 322 10.740000 365.9239, 278.5510, 397.0554, 283.0948, 394.8744, 298.0378, 363.7429, 293.4940
81 323 10.770000 363.1693, 277.6580, 394.1764, 282.2973, 391.9802, 296.9760, 360.9730, 292.3367
81 324 10.800000 360.5395, 276.4421, 391.4561, 281.1558, 389.1509, 296.2753, 358.2344, 291.5616
81 325 10.840000 357.1411, 275.0873, 387.9276, 279.8592, 385.5609, 295.1283, 354.7744, 290.3564
81 326 10.870000 354.6733, 274.2681, 385.3589, 279.0532, 383.0142, 294.0887, 352.3286, 289.3036
81 327 10.900000 352.3511, 273.0706, 382.9653, 277.8509, 380.5360, 293.4088, 349.9218, 288.6285
81 328 10.940000 349.3802, 271.6618, 379.8954, 276.4092, 377.4257, 292.2830, 346.9106, 287.5355
81 329 10.970000 347.2498, 270.7412, 377.6841, 275.4484, 375.2332, 291.2944, 344.7989, 286.5871
81 330 11.000000 345.2669, 269.4257, 375.6533, 274.0846, 373.0954, 290.7678, 342.7090, 286.1089
81 331 11.040000 342.6754, 268.2838, 372.9884, 272.8175, 370.4339, 289.8977, 340.1208, 285.3639
81 332 11.070000 340.7677, 267.9515, 371.0259, 272.3921, 368.5555, 289.2257, 338.2972, 284.7851
81 333 11.100000 338.9491, 267.5872, 369.1677, 271.8991, 366.7207, 289.0485, 336.5020, 284.7366
81 334 11.140000 336.5615, 267.7663, 366.7378, 271.8781, 364.4202, 288.8872, 334.2439, 284.7755
81 335 11.170000 334.8178, 268.3029, 364.9556, 272.2329, 362.7803, 288.9144, 332.6426, 284.9844
81 336 11.200000 333.1374, 268.8901, 363.2625, 272.6226, 361.1890, 289.3583, 331.0638, 285.6258
81 337 11.240000 330.9582, 270.2328, 361.0492, 273.6978, 359.1555, 290.1436, 329.0645, 286.6786
81 338 11.270000 329.3526, 271.6936, 359.4183, 274.9362, 357.7004, 290.8646, 327.6347, 287.6220
81 339 11.300000 327.8035, 273.2021, 357.8539, 276.2085, 356.2680, 292.0604, 326.2176, 289.0540
81 340 11.340000 325.7626, 275.8714, 355.7859, 278.5357, 354.4233, 293.8907, 324.4000, 291.2264
81 341 11.370000 324.2569, 278.3772, 354.2456, 280.7846, 353.0644, 295.4993, 323.0757, 293.0919
81 342 11.400000 322.7773, 281.0386, 352.7447, 283.1753, 351.7129, 297.6466, 321.7455, 295.5099
81 343 11.440000 320.8092, 285.3429, 350.7361, 287.1045, 349.9128, 301.0921, 319.9858, 299.3305
81 344 11.470000 319.3489, 288.9044, 349.2449, 290.4001, 348.5353, 304.5840, 318.6393, 303.0884
81 345 11.500000 317.8965, 292.4377, 347.7637, 293.6340, 347.1839, 308.1079, 317.3168, 306.9116
81 346 11.540000 315.9898, 296.9377, 345.7980, 297.7842, 345.3699, 312.8606, 315.5617, 312.0141
81 347 11.570000 314.6126, 299.7112, 344.4108, 300.5000, 343.9887, 316.4476, 314.1905, 315.6588
81 348 11.600000 313.1798, 302.7715, 342.9492, 303.3072, 342.6640, 319.1517, 312.8947, 318.6160
81 349 11.640000 311.3078, 306.3017, 340.9963, 306.5812, 340.8465, 322.4942, 311.1579, 322.2147
81 350 11.670000 309.8967, 308.3493, 339.5516, 308.4999, 339.4674, 325.0754, 309.8126, 324.9248
81 351 11.700000 308.4758, 310.6528, 338.0668, 310.6872, 338.0479, 326.9803, 308.4569, 326.9459
81 352 11.740000 306.5609, 313.0534, 336.0866, 313.0111, 336.1104, 329.6512, 306.5847, 329.6935
81 353 11.770000 305.0962, 314.4378, 334.5851, 314.3630, 334.6291, 331.7091, 305.1402, 331.7840
81 354 11.800000 303.6094, 316.0962, 333.0438, 315.9961, 333.1023, 333.1969, 303.6680, 333.2971
81 355 11.840000 301.5875, 317.7961, 330.9621, 317.6927, 331.0241, 335.3128, 301.6495, 335.4161
81 356 11.870000 300.0412, 318.7410, 329.3777, 318.6525, 329.4330, 336.9764, 300.0964, 337.0649
81 357 11.900000 298.4702, 319.9770, 327.7620, 319.9146, 327.8008, 338.1407, 298.5090, 338.2030
81 358 11.940000 296.3332, 321.2353, 325.5740, 321.2117, 325.5891, 339.8247, 296.3483, 339.8484
81 359 11.970000 294.6973, 321.8956, 323.9050, 321.8925, 323.9071, 341.2108, 294.6993, 341.2139
81 360 12.000000 293.0294, 322.8277, 322.1948, 322.8226, 322.1982, 342.2170, 293.0328, 342.2221
81 361 12.040000 290.7585, 323.7048, 319.8966, 323.7135, 319.8905, 343.8941, 290.7525, 343.8853
81 362 12.070000 289.0319, 324.2440, 318.1686, 324.3088, 318.1219, 345.3179, 288.9852, 345.2531
81 363 12.100000 287.2675, 325.2285, 316.4154, 325.3460, 316.3307, 346.3643, 287.1828, 346.2469
81 364 12.140000 284.8886, 326.4195, 314.0912, 326.6884, 313.8946, 348.0451, 284.6920, 347.7763
81 365 12.170000 283.0741, 327.2959, 312.3401, 327.6901, 312.0468, 349.4681, 282.7808, 349.0739
81 366 12.200000 281.2264, 328.5613, 310.5703, 329.0847, 310.1859, 350.6382, 280.8420, 350.1149
81 367 12.240000 278.7304, 330.2123, 308.1860, 330.8919, 307.6877, 352.4884, 278.2322, 351.8088
81 368 12.270000 276.8449, 331.4607, 306.4216, 332.3105, 305.7960, 354.0824, 276.2193, 353.2326
81 369 12.300000 274.9465, 333.0397, 304.6386, 334.0720, 303.8919, 355.5495, 274.1998, 354.5173
81 370 12.340000 272.3872, 335.2901, 302.2935, 336.6096, 301.3612, 357.7412, 271.4548, 356.4217
81 371 12.370000 270.4879, 336.8920, 300.5467, 338.4456, 299.4424, 359.8096, 269.3837, 358.2559
81 372 12.400000 268.5395, 339.0939, 298.7785, 340.8575, 297.5685, 361.6045, 267.3295, 359.8409
81 373 12.440000 266.0112, 341.9501, 296.4993, 344.1332, 295.0277, 364.6852, 264.5396, 362.5020
81 374 12.470000 264.1155, 344.3283, 294.8248, 346.8427, 293.1568, 367.2143, 262.4475, 364.6999
81 375 12.500000 262.2396, 347.0651, 293.1526, 349.9370, 291.3222, 369.6386, 260.4093, 366.7667
81 376 12.540000 259.8181, 350.5039, 291.0116, 353.7866, 288.9974, 372.9270, 257.8039, 369.6444
81 377 12.570000 258.1584, 352.5124, 289.5557, 356.1250, 287.3184, 375.5697, 255.9211, 371.9571
81 378 12.600000 256.5506, 354.8023, 288.1058, 358.6811, 285.7905, 377.5171, 254.2353, 373.6384
81 379 12.640000 254.5788, 357.3007, 286.3498, 361.3677, 283.9501, 380.1139, 252.1791, 376.0469
81 380 12.670000 253.2376, 358.9444, 285.1419, 363.0520, 282.7138, 381.9115, 250.8095, 377.8039
81 381 12.700000 251.9331, 360.8585, 283.9765, 364.9146, 281.6722, 383.1188, 249.6288, 379.0627
81 382 12.740000 250.4089, 363.0375, 282.6034, 366.9730, 280.4396, 384.6736, 248.2451, 380.7381
81 383 12.770000 249.3955, 364.2964, 281.7163, 368.0134, 279.6572, 385.9173, 247.3365, 382.2003
81 384 12.800000 248.4257, 365.9392, 280.8438, 369.3810, 279.0269, 386.4942, 246.6088, 383.0524
81 385 12.840000 247.2562, 367.8290, 279.8146, 370.7049, 278.3592, 387.1819, 245.8007, 384.3060
81 386 12.870000 246.5094, 368.7999, 279.1429, 371.1883, 277.9218, 387.8731, 245.2882, 385.4847
81 387 12.900000 245.7750, 370.1539, 278.4832, 372.0140, 277.5793, 387.9075, 244.8711, 386.0474
81 388 12.940000 244.9268, 371.0014, 277.6784, 372.0944, 277.1457, 388.0556, 244.3941, 386.9625
81 389 12.970000 244.2372, 371.8205, 277.0474, 372.2038, 276.8603, 388.2189, 244.0502, 387.8357
81 390 13.000000 243.4465, 372.1378, 276.3775, 371.8092, 276.5395, 388.0398, 243.6085, 388.3684
81 391 13.040000 242.3294, 372.6842, 275.3917, 371.3394, 276.0648, 387.8856, 243.0024, 389.2304
81 392 13.070000 241.4517, 373.1931, 274.5879, 371.1475, 275.5903, 387.3840, 242.4540, 389.4296
81 393 13.100000 240.5051, 373.0843, 273.6822, 370.4230, 275.0297, 387.2218, 241.8526, 389.8830
81 394 13.140000 239.1089, 373.0635, 272.3186, 369.6561, 274.0409, 386.4421, 240.8312, 389.8495
81 395 13.170000 237.9527, 373.1312, 271.1690, 369.2189, 273.0777, 385.4249, 239.8615, 389.3372
81 396 13.200000 236.6321, 372.4989, 269.8437, 368.2153, 271.9795, 384.7745, 238.7679, 389.0581
81 397 13.240000 234.6690, 371.7028, 267.8621, 367.0214, 270.1645, 383.3464, 236.9714, 388.0279
81 398 13.270000 233.0476, 371.1045, 266.2405, 366.2311, 268.5837, 382.1899, 235.3907, 387.0634
81 399 13.300000 231.2061, 369.7994, 264.5640, 364.8489, 266.9288, 380.7832, 233.5708, 385.7337
81 400 13.340000 228.5298, 367.9498, 262.1150, 363.0551, 264.4337, 378.9653, 230.8485, 383.8600
81 401 13.370000 226.3207, 366.2608, 260.0827, 361.5026, 262.3682, 377.7194, 228.6062, 382.4776
81 402 13.400000 223.9699, 364.3351, 257.9003, 359.8652, 259.9922, 375.7447, 226.0618, 380.2146
81 403 13.440000 220.5764, 361.0922, 254.7335, 357.1664, 256.5740, 373.1803, 222.4170, 377.1062
81 404 13.470000 217.8851, 358.1197, 252.1879, 354.7558, 253.8081, 371.2773, 219.5053, 374.6412
81 405 13.500000 215.1452, 355.4679, 249.6123, 352.8183, 250.8299, 368.6565, 216.3627, 371.3060
81 406 13.540000 211.3958, 351.5760, 246.0417, 350.0677, 246.7302, 365.8805, 212.0842, 367.3889
81 407 13.570000 208.5359, 348.5963, 243.2850, 347.9392, 243.5952, 364.3397, 208.8461, 364.9968
81 408 13.600000 205.6774, 346.1868, 240.4948, 346.3963, 240.3977, 362.5271, 205.5803, 362.3175
81 409 13.640000 201.8969, 342.8251, 236.7671, 344.1994, 236.1121, 360.8174, 201.2420, 359.4431
81 410 13.670000 199.1459, 340.4778, 233.9714, 342.7327, 232.8721, 359.7106, 198.0467, 357.4557
81 411 13.700000 196.4261, 338.3921, 231.2297, 341.5067, 229.7001, 358.5996, 194.8965, 355.4850
81 412 13.740000 192.9753, 335.8335, 227.6403, 340.1019, 225.5273, 357.2625, 190.8623, 352.9941
81 413 13.770000 190.5598, 333.7413, 225.0904, 338.8065, 222.4647, 356.7069, 187.9341, 351.6417
81 414 13.800000 188.2049, 332.2693, 222.5796, 338.1403, 219.5781, 355.7143, 185.2034, 349.8433
81 415 13.840000 185.4251, 330.0069, 219.5186, 336.9645, 215.8325, 355.0270, 181.7390, 348.0695
81 416 13.870000 183.5596, 328.4677, 217.3858, 336.1596, 213.1949, 354.5901, 179.3686, 346.8983
81 417 13.900000 181.8257, 327.2591, 215.3990, 335.6908, 210.7973, 354.0138, 177.2241, 345.5821
81 418 13.940000 179.8711, 325.7430, 213.0594, 335.0518, 207.8891, 353.4850, 174.7009, 344.1762
81 419 13.970000 178.7442, 324.5620, 211.6051, 334.4780, 205.8923, 353.4100, 173.0314, 343.4940
81 420 14.000000 177.7293, 323.8711, 210.2819, 334.3615, 204.2415, 353.1053, 171.6890, 342.6150
81 421 14.040000 176.7998, 323.0661, 208.9181, 334.2109, 202.3428, 353.1603, 170.2245, 342.0155
81 422 14.070000 176.4127, 322.5983, 208.2061, 334.1294, 201.1678, 353.5353, 169.3744, 342.0043
81 423 14.100000 176.1212, 322.6178, 207.6513, 334.4511, 200.3948, 353.7861, 168.8647, 341.9528
81 424 14.140000 176.1468, 322.8273, 207.3533, 334.9233, 199.7705, 354.4860, 168.5641, 342.3899
81 425 14.170000 176.4928, 323.0930, 207.4795, 335.2766, 199.6075, 355.2976, 168.6207, 343.1140
81 426 14.200000 176.9240, 323.8312, 207.7735, 336.0256, 199.8943, 355.9584, 169.0448, 343.7640
81 427 14.240000 177.9087, 324.9749, 208.6255, 337.0313, 200.6984, 357.2275, 169.9817, 345.1711
81 428 14.270000 178.8982, 325.9724, 209.5903, 337.8314, 201.6170, 358.4670, 170.9249, 346.6081
81 429 14.300000 179.9812, 327.5020, 210.6909, 339.0703, 202.9592, 359.5951, 172.2495, 348.0268
81 430 14.340000 181.7325, 329.7982, 212.5370, 340.8580, 205.1004, 361.5708, 174.2959, 350.5111
81 431 14.370000 183.2329, 331.7736, 214.1787, 342.3430, 206.9802, 363.4195, 176.0343, 352.8501
81 432 14.400000 184.8030, 334.3361, 215.8842, 344.3532, 209.1207, 365.3391, 178.0395, 355.3219
81 433 14.440000 187.0893, 338.2158, 218.4092, 347.4028, 212.1993, 368.5734, 180.8793, 359.3863
81 434 14.470000 188.9155, 341.5263, 220.4495, 350.0210, 214.6668, 371.4877, 183.1328, 362.9930
81 435 14.500000 190.8003, 345.3482, 222.5380, 353.0665, 217.3323, 374.4724, 185.5946, 366.7541
81 436 14.540000 193.6331, 350.3477, 225.6170, 357.0596, 221.1054, 378.5585, 189.1215, 371.8466
81 437 14.570000 196.0475, 353.7177, 228.1786, 359.7445, 224.0912, 381.5355, 191.9602, 375.5086
81 438 14.600000 198.6689, 357.0634, 230.8568, 362.4831, 227.2271, 384.0400, 195.0392, 378.6203
81 439 14.640000 202.4499, 360.9907, 234.7014, 365.6664, 231.5839, 387.1705, 199.3324, 382.4948
81 440 14.670000 205.4779, 363.4555, 237.7700, 367.6253, 234.9486, 389.4745, 202.6566, 385.3046
81 441 14.700000 208.6270, 366.0457, 240.8870, 369.7592, 238.4169, 391.2171, 206.1569, 387.5036
81 442 14.740000 213.0240, 368.8913, 245.2412, 372.0923, 243.1116, 393.5260, 210.8944, 390.3250
81 443 14.770000 216.4287, 370.5360, 248.6308, 373.3829, 246.6955, 395.2738, 214.4934, 392.4270
81 444 14.800000 219.9341, 372.3583, 252.0453, 374.9372, 250.3148, 396.4849, 218.2035, 393.9060
81 445 14.840000 224.7323, 374.2045, 256.7300, 376.5069, 255.1749, 398.1201, 223.1772, 395.8178
81 446 14.870000 228.4119, 375.1653, 260.3231, 377.3154, 258.8374, 399.3667, 226.9262, 397.2166
81 447 14.900000 232.1633, 376.3333, 263.9438, 378.3980, 262.5343, 400.0930, 230.7538, 398.0283
81 448 14.940000 237.2499, 377.3522, 268.8646, 379.3477, 267.4919, 401.0966, 235.8772, 399.1011
81 449 14.970000 241.1250, 377.7243, 272.6164, 379.6978, 271.2250, 401.9013, 239.7336, 399.9278
