63 0 0.010000 103.5924, 279.7625, 137.1087, 280.9259, 136.6615, 293.8096, 103.1452, 292.6463
63 1 0.040000 103.5543, 280.4258, 137.0736, 281.5886, 136.6257, 294.5016, 103.1064, 293.3388
63 2 0.070000 103.4697, 281.9016, 136.9957, 283.0633, 136.5460, 296.0413, 103.0200, 294.8797
63 3 0.110000 103.2843, 285.1346, 136.8249, 286.2936, 136.3714, 299.4142, 102.8309, 298.2552
63 4 0.140000 103.0908, 288.5096, 136.6465, 289.6659, 136.1893, 302.9355, 102.6335, 301.7791
63 5 0.170000 102.8504, 292.7009, 136.4251, 293.8538, 135.9631, 307.3084, 102.3883, 306.1555
63 6 0.200000 102.5630, 297.7103, 136.1604, 298.8593, 135.6928, 312.5352, 102.0953, 311.3863
63 7 0.240000 102.1063, 305.6664, 135.7401, 306.8089, 135.2636, 320.8369, 101.6298, 319.6944
63 8 0.270000 101.8097, 312.4283, 135.4404, 313.9791, 134.7854, 328.1824, 101.1548, 326.6317
63 9 0.310000 101.7398, 321.3663, 135.1804, 324.5285, 133.8527, 338.5690, 100.4121, 335.4069
63 10 0.340000 101.7909, 327.5700, 135.0456, 331.5778, 133.3539, 345.6147, 100.0992, 341.6069
63 11 0.370000 101.9715, 333.2147, 135.0469, 337.7132, 133.1169, 351.9042, 100.0414, 347.4057
63 12 0.400000 102.3314, 338.3745, 135.2231, 343.2230, 133.1067, 357.5800, 100.2150, 352.7316
63 13 0.440000 103.0499, 344.7250, 135.7142, 349.7664, 133.4428, 364.4833, 100.7785, 359.4419
63 14 0.470000 103.7607, 349.1892, 136.2649, 354.2176, 133.9261, 369.3354, 101.4219, 364.3069
63 15 0.500000 104.6414, 353.4580, 136.9755, 358.5034, 134.5770, 373.8743, 102.2429, 368.8289
63 16 0.540000 106.0694, 358.6306, 138.1859, 363.5231, 135.7746, 379.3520, 103.6581, 374.4595
63 17 0.570000 107.3303, 361.9844, 139.3087, 366.6122, 136.9444, 382.9494, 104.9660, 378.3216
63 18 0.610000 109.4486, 365.6122, 141.1144, 370.2238, 138.6401, 387.2140, 106.9742, 382.6023
63 19 0.640000 111.0980, 368.1772, 142.6295, 372.5886, 140.2497, 389.5984, 108.7183, 385.1870
63 20 0.670000 112.9501, 370.1111, 144.3070, 374.2623, 141.9789, 391.8484, 110.6220, 387.6973
63 21 0.700000 114.7934, 372.0842, 146.0715, 375.7907, 143.9954, 393.3099, 112.7173, 389.6034
63 22 0.740000 117.4110, 374.1581, 148.6045, 377.1779, 146.9085, 394.6979, 115.7150, 391.6781
63 23 0.770000 119.5440, 374.9964, 150.6037, 377.4411, 149.1717, 395.6352, 118.1120, 393.1905
63 24 0.800000 121.6123, 376.1589, 152.6677, 377.9911, 151.6341, 395.5110, 120.5787, 393.6788
63 25 0.840000 124.5268, 376.7339, 155.4554, 377.6567, 154.9321, 395.1951, 124.0036, 394.2723
63 26 0.870000 126.7450, 376.6773, 157.5777, 376.9411, 157.4268, 394.5687, 126.5941, 394.3048
63 27 0.900000 128.9485, 376.5959, 159.6817, 376.1724, 159.9162, 393.1886, 129.1830, 393.6121
63 28 0.940000 131.8876, 375.6937, 162.4447, 374.4153, 163.1372, 390.9680, 132.5801, 392.2463
63 29 0.970000 134.0737, 374.3171, 164.4339, 372.4889, 165.4412, 389.2164, 135.0810, 391.0446
63 30 1.000000 136.1869, 373.1835, 166.3971, 370.8142, 167.6467, 386.7481, 137.4366, 389.1174
63 31 1.040000 138.9033, 371.4479, 168.8846, 368.4167, 170.4219, 383.6224, 140.4407, 386.6536
63 32 1.070000 140.8561, 370.2504, 170.6580, 366.7698, 172.3731, 381.4549, 142.5712, 384.9355
63 33 1.110000 143.3434, 369.0093, 172.9143, 364.9873, 174.7743, 378.6627, 145.2034, 382.6847
63 34 1.140000 145.1126, 368.2901, 174.5145, 363.9123, 176.4118, 376.6550, 147.0099, 381.0328
63 35 1.170000 146.7416, 367.3736, 175.9718, 362.6891, 177.9544, 375.0599, 148.7242, 379.7444
63 36 1.210000 148.6523, 365.8330, 177.6768, 360.8225, 179.7831, 373.0239, 150.7586, 378.0344
63 37 1.240000 149.8770, 364.4815, 178.7737, 359.2841, 181.0929, 372.1784, 152.1962, 377.3758
63 38 1.270000 151.0118, 363.4939, 179.7876, 358.1174, 182.2042, 371.0514, 153.4284, 376.4279
63 39 1.310000 152.2446, 362.0264, 180.8944, 356.4512, 183.4865, 369.7717, 154.8367, 375.3469
63 40 1.340000 152.9442, 360.7208, 181.5341, 355.0610, 184.3014, 369.0399, 155.7115, 374.6997
63 41 1.370000 153.5309, 359.6909, 182.0754, 353.9467, 184.9106, 368.0352, 156.3660, 373.7795
63 42 1.410000 154.0332, 358.1984, 182.5559, 352.3792, 185.4958, 366.7888, 156.9730, 372.6080
63 43 1.440000 154.1959, 356.9681, 182.7319, 351.1208, 185.7685, 365.9399, 157.2325, 371.7873
63 44 1.470000 154.2663, 356.1734, 182.8036, 350.2187, 185.8173, 364.6618, 157.2800, 370.6165
63 45 1.510000 154.0692, 354.9388, 182.6450, 348.8838, 185.6914, 363.2610, 157.1157, 369.3161
63 46 1.540000 153.7625, 354.0767, 182.3979, 348.0462, 185.4244, 362.4172, 156.7890, 368.4477
63 47 1.570000 153.3892, 353.5569, 182.0659, 347.6079, 184.9612, 361.5649, 156.2846, 367.5138
63 48 1.610000 152.6995, 353.0919, 181.4569, 347.3412, 184.1400, 360.7585, 155.3826, 366.5092
63 49 1.640000 152.0162, 352.7617, 180.8380, 347.2216, 183.4006, 360.5537, 154.5789, 366.0937
63 50 1.670000 151.2870, 352.9050, 180.1453, 347.5843, 182.4778, 360.2353, 153.6195, 365.5560
63 51 1.710000 150.1177, 353.1263, 179.0358, 348.2091, 181.0958, 360.3242, 152.1777, 365.2415
63 52 1.740000 149.1118, 353.3866, 178.0826, 348.8387, 179.9459, 360.7081, 150.9752, 365.2561
63 53 1.770000 148.0673, 354.0169, 177.0474, 349.8751, 178.6867, 361.3453, 149.7066, 365.4871
63 54 1.810000 146.4607, 354.5544, 175.4609, 350.9959, 176.9225, 362.9071, 147.9223, 366.4656
63 55 1.840000 145.1948, 355.1721, 174.2008, 352.1316, 175.4709, 364.2489, 146.4649, 367.2893
63 56 1.870000 143.8873, 355.7656, 172.8435, 353.2795, 173.9437, 366.0928, 144.9874, 368.5790
63 57 1.910000 142.1267, 357.0628, 170.9986, 355.4191, 171.7630, 368.8453, 142.8911, 370.4890
63 58 1.940000 140.8050, 358.3453, 169.5834, 357.4051, 170.0354, 371.2424, 141.2571, 372.1826
63 59 1.970000 139.5030, 359.7244, 168.1228, 359.5120, 168.2304, 374.0072, 139.6105, 374.2196
63 60 2.010000 137.7971, 361.7956, 166.1656, 362.5867, 165.7418, 377.7846, 137.3733, 376.9935
63 61 2.040000 136.5057, 363.3370, 164.6887, 364.7593, 163.9046, 380.2959, 135.7217, 378.8736
63 62 2.070000 135.2461, 364.5233, 163.2072, 366.4305, 162.1067, 382.5652, 134.1456, 380.6581
63 63 2.110000 133.5509, 365.7813, 161.3514, 368.2789, 159.8605, 384.8739, 132.0600, 382.3762
63 64 2.140000 132.3664, 366.5437, 159.9990, 369.4680, 158.2440, 386.0517, 130.6113, 383.1273
63 65 2.170000 131.2570, 366.7123, 158.7907, 370.0825, 156.6904, 387.2414, 129.1568, 383.8712
63 66 2.210000 129.9797, 366.8170, 157.2444, 370.8504, 154.6923, 388.1026, 127.4275, 384.0693
63 67 2.240000 129.1298, 366.8592, 156.1342, 371.3607, 153.3284, 388.1926, 126.3240, 383.6911
63 68 2.270000 128.3785, 366.3272, 155.2319, 371.2499, 152.0927, 388.3742, 125.2393, 383.4515
63 69 2.310000 127.5632, 365.4160, 154.1942, 370.8482, 150.6815, 388.0684, 124.0506, 382.6361
63 70 2.340000 127.1066, 364.5155, 153.5675, 370.2885, 149.8145, 387.4910, 123.3536, 381.7180
63 71 2.370000 126.7961, 363.1138, 153.1816, 369.1697, 149.1062, 386.9261, 122.7207, 380.8702
63 72 2.410000 126.5736, 361.2319, 152.8104, 367.6043, 148.4873, 385.4035, 122.2505, 379.0310
63 73 2.440000 126.5149, 359.7596, 152.6563, 366.2522, 148.3133, 383.7389, 122.1718, 377.2464
63 74 2.470000 126.5752, 357.8666, 152.7517, 364.4000, 148.3433, 382.0627, 122.1668, 375.5293
63 75 2.510000 126.7813, 355.3875, 153.0291, 361.8394, 148.6890, 379.4959, 122.4412, 373.0440
63 76 2.540000 127.0067, 353.9812, 153.2356, 360.3625, 149.0796, 377.4447, 122.8507, 371.0633
63 77 2.570000 127.2717, 352.7246, 153.5392, 358.9834, 149.5271, 375.8220, 123.2595, 369.5632
63 78 2.610000 127.6782, 351.6611, 153.9683, 357.7182, 150.2072, 374.0426, 123.9172, 367.9855
63 79 2.640000 128.0442, 351.2704, 154.3218, 357.1719, 150.7588, 373.0368, 124.4812, 367.1352
63 80 2.670000 128.4706, 351.0459, 154.7645, 356.7954, 151.3368, 372.4710, 125.0429, 366.7215
63 81 2.710000 129.1180, 351.2526, 155.4029, 356.7868, 152.1748, 372.1185, 125.8899, 366.5842
63 82 2.740000 129.6547, 351.8048, 155.9126, 357.1567, 152.8613, 372.1272, 126.6034, 366.7753
63 83 2.770000 130.2466, 352.4910, 156.5134, 357.6629, 153.5754, 372.5844, 127.3086, 367.4125
63 84 2.800000 130.8548, 353.5863, 157.1268, 358.5729, 154.3474, 373.2162, 128.0754, 368.2296
63 85 2.840000 131.7206, 355.4510, 158.0304, 360.1612, 155.4347, 374.6597, 129.1249, 369.9494
63 86 2.870000 132.4312, 357.1722, 158.7412, 361.6675, 156.2553, 376.2169, 129.9453, 371.7216
63 87 2.900000 133.1290, 359.3588, 159.4640, 363.6286, 157.1276, 378.0390, 130.7925, 373.7692
63 88 2.940000 134.1191, 362.7674, 160.4530, 366.7293, 158.2823, 381.1571, 131.9484, 377.1952
63 89 2.970000 134.8952, 365.6771, 161.2122, 369.3872, 159.1578, 383.9595, 132.8408, 380.2495
63 90 3.000000 135.6701, 368.9068, 161.9962, 372.3401, 160.1001, 386.8792, 133.7740, 383.4459
63 91 3.040000 136.8259, 373.0534, 163.1455, 376.1119, 161.4467, 390.7308, 135.1271, 387.6723
63 92 3.070000 137.9146, 375.6182, 164.1238, 378.5684, 162.4366, 393.5576, 136.2274, 390.6074
63 93 3.100000 138.9693, 378.1596, 165.1637, 380.8627, 163.6221, 395.8016, 137.4277, 393.0985
63 94 3.140000 140.5603, 380.9606, 166.6796, 383.4513, 165.2445, 398.5010, 139.1252, 396.0103
63 95 3.170000 141.8111, 382.7043, 167.8758, 384.9580, 166.5497, 400.2955, 140.4849, 398.0418
63 96 3.200000 143.0078, 384.5189, 169.0967, 386.4017, 168.0023, 401.5656, 141.9135, 399.6827
63 97 3.240000 144.6413, 386.5385, 170.7631, 387.8340, 170.0091, 403.0348, 143.8874, 401.7392
63 98 3.270000 145.9196, 387.7093, 172.0207, 388.5815, 171.5036, 404.0547, 145.4025, 403.1824
63 99 3.300000 147.1364, 389.0473, 173.2955, 389.4664, 173.0536, 404.5627, 146.8945, 404.1436
63 100 3.340000 148.8206, 390.2887, 174.9682, 390.1999, 175.0195, 405.2970, 148.8719, 405.3858
63 101 3.370000 150.0546, 390.9291, 176.1562, 390.4189, 176.4568, 405.7985, 150.3552, 406.3086
63 102 3.400000 151.2077, 391.7139, 177.3351, 390.7790, 177.8751, 405.8714, 151.7478, 406.8063
63 103 3.440000 152.6723, 392.3935, 178.7760, 390.8689, 179.6552, 405.9232, 153.5516, 407.4478
63 104 3.470000 153.7249, 392.5254, 179.7737, 390.6720, 180.8667, 406.0334, 154.8178, 407.8867
63 105 3.500000 154.6934, 392.8218, 180.7355, 390.6697, 181.9782, 405.7076, 155.9361, 407.8597
63 106 3.540000 155.8593, 392.7841, 181.8838, 390.3371, 183.2888, 405.2806, 157.2644, 407.7276
63 107 3.570000 156.6177, 392.4381, 182.5729, 389.7523, 184.1455, 404.9497, 158.1902, 407.6355
63 108 3.600000 157.2321, 392.2154, 183.2296, 389.2905, 184.9061, 404.1917, 158.9086, 407.1166
63 109 3.640000 157.8849, 391.4517, 183.8601, 388.2502, 185.6978, 403.1600, 159.7226, 406.3615
63 110 3.670000 158.1680, 390.5126, 184.1494, 387.0731, 186.1707, 402.3414, 160.1893, 405.7809
63 111 3.700000 158.3678, 389.7077, 184.3684, 386.1042, 186.4408, 401.0579, 160.4402, 404.6613
63 112 3.740000 158.2796, 388.1640, 184.3588, 384.1923, 186.6384, 399.1607, 160.5592, 403.1324
63 113 3.770000 158.0029, 386.4954, 184.1949, 382.4036, 186.5934, 397.7564, 160.4014, 401.8483
63 114 3.800000 157.6450, 384.8247, 183.9167, 380.7241, 186.2794, 395.8614, 160.0077, 399.9620
63 115 3.840000 156.8935, 381.8190, 183.3034, 377.9665, 185.5350, 393.2644, 159.1251, 397.1169
63 116 3.870000 155.9924, 379.0483, 182.5941, 375.2675, 184.8471, 391.1199, 158.2454, 394.9006
63 117 3.900000 155.0482, 376.3011, 181.7344, 372.7432, 183.8025, 388.2553, 157.1163, 391.8131
63 118 3.940000 153.3224, 371.7375, 180.2610, 368.3759, 182.2368, 384.2082, 155.2982, 387.5699
63 119 3.970000 151.8411, 367.7128, 179.0002, 364.7134, 180.7970, 380.9832, 153.6380, 383.9826
63 120 4.000000 150.3348, 363.7777, 177.6014, 361.2776, 179.0669, 377.2611, 151.8004, 379.7612
63 121 4.040000 148.1215, 358.2748, 175.6130, 356.5930, 176.6128, 372.9372, 149.1214, 374.6189
63 122 4.070000 146.3773, 354.6905, 173.9889, 353.5362, 174.6752, 369.9544, 147.0637, 371.1087
63 123 4.100000 144.5779, 351.5139, 172.3071, 350.9251, 172.6558, 367.3438, 144.9266, 367.9326
63 124 4.140000 142.0458, 347.8490, 169.9443, 347.9349, 169.8935, 364.4418, 141.9951, 364.3559
63 125 4.170000 140.0502, 345.4793, 168.0925, 346.0132, 167.7754, 362.6690, 139.7332, 362.1351
63 126 4.200000 138.0181, 343.5099, 166.1712, 344.5060, 165.5841, 361.1009, 137.4309, 360.1048
63 127 4.240000 135.1907, 341.3012, 163.5213, 342.8336, 162.6218, 359.4619, 134.2913, 357.9295
63 128 4.270000 132.9906, 339.9190, 161.4820, 341.8013, 160.3743, 358.5679, 131.8830, 356.6856
63 129 4.300000 130.7762, 338.9072, 159.3819, 341.1685, 158.0673, 357.7981, 129.4616, 355.5368
63 130 4.340000 127.7307, 337.8635, 156.5343, 340.5497, 154.9794, 357.2234, 126.1757, 354.5371
63 131 4.370000 125.4063, 337.3143, 154.3736, 340.3038, 152.6378, 357.1242, 123.6704, 354.1347
63 132 4.400000 123.0592, 337.1733, 152.1537, 340.4494, 150.2782, 357.1053, 121.1837, 353.8291
63 133 4.440000 119.8888, 337.3109, 149.1728, 340.9413, 147.1172, 357.5229, 117.8332, 353.8925
63 134 4.470000 117.4881, 337.6217, 146.9402, 341.5041, 144.7429, 358.1728, 115.2907, 354.2904
63 135 4.500000 115.0899, 338.3188, 144.6515, 342.4302, 142.3769, 358.7844, 112.8153, 354.6729
63 136 4.540000 111.8950, 339.2328, 141.6619, 343.5848, 139.2983, 359.7510, 109.5314, 355.3990
63 137 4.570000 109.5543, 339.6389, 139.5315, 344.1892, 137.0357, 360.6317, 107.0585, 356.0815
63 138 4.600000 107.2616, 340.2396, 137.3833, 344.9509, 134.8506, 361.1438, 104.7289, 356.4325
63 139 4.640000 104.2872, 340.7575, 134.6677, 345.7005, 132.0449, 361.8209, 101.6644, 356.8779
63 140 4.670000 102.1851, 340.8321, 132.7560, 345.9560, 129.9912, 362.4519, 99.4203, 357.3280
63 141 4.700000 100.0802, 341.1423, 130.8865, 346.4703, 128.0907, 362.6357, 97.2844, 357.3077
63 142 4.740000 97.4507, 341.2635, 128.5580, 346.8739, 125.6686, 362.8939, 94.5614, 357.2835
63 143 4.770000 95.6601, 341.0506, 126.9338, 346.8360, 123.9131, 363.1644, 92.6395, 357.3790
63 144 4.800000 93.8251, 341.1296, 125.3944, 347.0634, 122.4144, 362.9178, 90.8451, 356.9840
63 145 4.840000 91.6796, 340.7657, 123.5478, 346.9043, 120.5048, 362.7020, 88.6365, 356.5634
63 146 4.870000 90.2691, 340.2277, 122.3202, 346.4930, 119.1897, 362.5075, 87.1386, 356.2422
63 147 4.900000 88.8628, 339.8993, 121.2093, 346.2560, 118.1534, 361.8062, 85.8069, 355.4495
63 148 4.940000 87.2965, 339.0238, 119.9738, 345.4317, 116.9565, 360.8187, 84.2792, 354.4108
63 149 4.970000 86.3725, 338.0019, 119.2463, 344.4080, 116.1935, 360.0743, 83.3196, 353.6683
63 150 5.000000 85.4622, 337.2306, 118.6408, 343.5694, 115.7308, 358.8009, 82.5522, 352.4621
63 151 5.040000 84.5685, 335.8855, 118.0785, 342.1725, 115.2477, 357.2606, 81.7377, 350.9736
63 152 5.070000 84.0831, 334.7996, 117.8188, 341.0438, 115.0155, 356.1890, 81.2799, 349.9448
63 153 5.100000 83.6403, 334.0276, 117.6707, 340.2537, 115.0079, 354.8078, 80.9775, 348.5817
63 154 5.140000 83.3405, 332.8133, 117.7082, 339.0076, 115.1601, 353.1455, 80.7924, 346.9512
63 155 5.170000 83.3403, 331.7380, 117.9290, 337.9120, 115.4106, 352.0210, 80.8218, 345.8470
63 156 5.200000 83.4087, 330.9879, 118.2720, 337.1584, 115.9142, 350.4803, 81.0508, 344.3098
63 157 5.240000 83.9077, 329.3106, 119.0825, 335.4583, 116.7893, 348.5790, 81.6145, 342.4313
63 158 5.270000 84.5181, 328.0530, 119.8643, 334.1730, 117.5810, 347.3601, 82.2348, 341.2401
63 159 5.300000 85.3522, 326.3311, 120.9253, 332.4146, 118.5898, 346.0714, 83.0167, 339.9880
63 160 5.340000 86.7481, 324.2126, 122.5578, 330.1943, 120.2216, 344.1800, 84.4119, 338.1984
63 161 5.370000 88.0075, 322.7445, 123.9555, 328.5972, 121.7197, 342.3298, 85.7717, 336.4770
63 162 5.400000 89.5186, 320.7127, 125.6443, 326.4413, 123.3823, 340.7065, 87.2565, 334.9779
63 163 5.440000 91.8277, 318.0425, 128.1427, 323.5315, 125.9655, 337.9355, 89.6505, 332.4465
63 164 5.470000 93.7782, 316.0622, 130.1931, 321.3020, 128.1629, 335.4108, 91.7480, 330.1710
63 165 5.500000 95.9450, 313.4443, 132.5269, 318.4444, 130.5013, 333.2638, 93.9195, 328.2637
63 166 5.540000 99.0126, 310.4641, 135.7379, 314.9947, 133.8844, 330.0195, 97.1591, 325.4889
63 167 5.570000 101.4416, 308.6318, 138.2171, 312.7749, 136.5548, 327.5297, 99.7793, 323.3865
63 168 5.600000 103.9844, 306.6955, 140.8328, 310.4581, 139.3004, 325.4654, 102.4520, 321.7028
63 169 5.640000 107.5197, 304.5858, 144.3993, 307.8186, 143.0939, 322.7102, 106.2144, 319.4775
63 170 5.670000 110.2692, 303.3018, 147.1337, 306.1060, 146.0276, 320.6470, 109.1631, 317.8428
63 171 5.700000 113.0922, 301.8427, 149.9688, 304.2183, 149.0188, 318.9653, 112.1422, 316.5897
63 172 5.740000 116.9519, 300.2091, 153.8000, 301.9853, 153.0910, 316.6929, 116.2430, 314.9167
63 173 5.770000 119.9222, 299.2767, 156.6888, 300.5946, 156.1769, 314.8740, 119.4103, 313.5560
63 174 5.800000 122.8989, 298.0256, 159.6468, 298.8807, 159.3070, 313.4843, 122.5591, 312.6292
63 175 5.840000 126.9160, 296.7230, 163.5625, 296.9148, 163.4866, 311.4275, 126.8400, 311.2357
63 176 5.870000 129.9515, 295.9321, 166.4859, 295.6295, 166.6032, 309.7939, 130.0688, 310.0966
63 177 5.900000 132.9401, 294.8183, 169.4142, 294.0315, 169.7270, 308.5329, 133.2529, 309.3198
63 178 5.940000 136.9314, 293.5926, 173.2616, 292.2419, 173.7977, 306.6601, 137.4675, 308.0108
63 179 5.970000 139.8895, 292.8355, 176.0757, 291.0238, 176.7812, 305.1155, 140.5950, 306.9273
63 180 6.000000 142.7691, 291.8376, 178.8414, 289.6176, 179.7131, 303.7816, 143.6408, 306.0016
63 181 6.040000 146.4880, 290.5449, 182.4105, 287.7649, 183.4998, 301.8409, 147.5774, 304.6209
63 182 6.070000 149.2103, 289.6447, 184.9656, 286.4556, 186.2090, 300.3966, 150.4537, 303.5857
63 183 6.100000 151.7289, 288.2331, 187.4138, 284.6345, 188.8429, 298.8067, 153.1580, 302.4052
63 184 6.140000 154.9787, 286.4769, 190.4769, 282.3992, 192.1024, 296.5499, 156.6042, 300.6276
63 185 6.170000 157.2877, 285.2147, 192.6189, 280.7777, 194.3666, 294.6944, 159.0354, 299.1315
63 186 6.200000 159.3482, 283.3789, 194.5734, 278.5942, 196.4981, 292.7637, 161.2729, 297.5483
63 187 6.240000 161.8509, 280.8413, 196.9191, 275.6068, 199.0702, 290.0175, 164.0019, 295.2520
63 188 6.270000 163.5957, 278.9608, 198.4928, 273.4819, 200.6961, 287.5157, 165.7990, 292.9946
63 189 6.300000 164.9971, 276.3092, 199.8390, 270.6329, 202.2377, 285.3565, 167.3958, 291.0329
63 190 6.340000 166.6021, 272.6606, 201.3147, 266.7454, 203.8910, 281.8641, 169.1784, 287.7793
63 191 6.370000 167.5959, 269.7313, 202.1906, 263.7176, 204.8136, 278.8071, 170.2189, 284.8208
63 192 6.400000 168.2117, 265.9764, 202.7772, 259.8632, 205.6209, 275.9422, 171.0554, 282.0554
63 193 6.440000 168.7486, 260.6670, 203.2378, 254.5280, 206.2346, 271.3639, 171.7454, 277.5029
63 194 6.470000 168.9645, 256.5260, 203.3707, 250.4748, 206.3300, 267.3010, 171.9239, 273.3522
63 195 6.500000 168.8409, 251.6828, 203.2413, 245.7289, 206.3093, 263.4557, 171.9089, 269.4096
63 196 6.540000 168.4828, 245.4747, 202.8725, 239.7568, 205.9343, 258.1722, 171.5447, 263.8901
63 197 6.570000 168.0498, 240.9916, 202.4602, 235.5190, 205.4800, 254.5073, 171.0697, 259.9799
63 198 6.600000 167.4225, 236.4972, 201.9096, 231.2633, 204.9506, 251.3011, 170.4635, 256.5351
63 199 6.640000 166.4699, 231.0030, 201.0631, 226.1875, 203.9799, 247.1413, 169.3868, 251.9568
63 200 6.670000 165.6632, 227.3070, 200.3127, 222.7882, 203.0757, 243.9744, 168.4262, 248.4933
63 201 6.700000 164.7009, 223.4610, 199.4428, 219.2491, 202.1053, 241.2115, 167.3635, 245.4233
63 202 6.740000 163.3268, 218.8134, 198.1634, 215.0073, 200.6054, 237.3584, 165.7688, 241.1645
63 203 6.770000 162.2384, 215.5236, 197.1431, 212.0915, 199.3406, 234.4408, 164.4359, 237.8729
63 204 6.800000 161.0465, 212.1284, 196.0470, 209.0635, 198.0310, 231.7206, 163.0305, 234.7855
63 205 6.840000 159.4198, 207.7288, 194.5139, 205.2270, 196.1384, 228.0147, 161.0443, 230.5165
63 206 6.870000 158.1743, 204.7510, 193.2942, 202.6217, 194.6435, 224.8761, 159.5235, 227.0054
63 207 6.900000 156.8744, 201.2876, 192.0399, 199.5814, 193.1331, 222.1137, 157.9676, 223.8198
63 208 6.940000 155.1651, 196.8926, 190.3528, 195.7834, 191.0519, 217.9604, 155.8642, 219.0696
63 209 6.970000 153.9054, 193.6474, 189.0547, 192.9803, 189.4655, 214.6252, 154.3162, 215.2923
63 210 7.000000 152.6213, 189.9834, 187.7835, 189.7807, 187.9102, 211.7552, 152.7479, 211.9579
63 211 7.040000 150.9763, 186.0399, 186.0703, 186.4835, 185.8003, 207.8379, 150.7063, 207.3943
63 212 7.070000 149.7569, 183.7536, 184.7498, 184.6593, 184.2175, 205.2234, 149.2247, 204.3177
63 213 7.100000 148.5331, 181.7468, 183.4284, 183.0933, 182.6527, 203.1951, 147.7574, 201.8485
63 214 7.140000 146.9266, 179.7869, 181.6457, 181.6831, 180.5901, 201.0110, 145.8711, 199.1148
63 215 7.170000 145.7464, 178.8185, 180.2967, 181.0911, 179.0722, 199.7079, 144.5219, 197.4353
63 216 7.200000 144.5768, 177.9871, 178.9844, 180.5944, 177.5961, 198.9150, 143.1885, 196.3078
63 217 7.240000 143.0695, 177.4714, 177.2476, 180.4838, 175.6855, 198.2073, 141.5073, 195.1949
63 218 7.270000 141.9820, 177.5214, 175.9568, 180.8071, 174.3028, 197.9092, 140.3281, 194.6235
63 219 7.300000 140.9219, 177.6460, 174.7339, 181.1675, 172.9720, 198.0846, 139.1600, 194.5631
63 220 7.340000 139.5752, 178.3803, 173.1332, 182.1813, 171.2726, 198.6080, 137.7146, 194.8070
63 221 7.370000 138.6152, 179.3623, 171.9551, 183.3505, 170.0562, 199.2245, 136.7163, 195.2362
63 222 7.400000 137.6895, 180.4473, 170.8550, 184.5929, 168.8900, 200.3128, 135.7246, 196.1671
63 223 7.440000 136.5211, 182.5025, 169.4184, 186.8321, 167.4113, 202.0819, 134.5140, 197.7523
63 224 7.470000 135.6940, 184.4539, 168.3706, 188.8928, 166.3666, 203.6444, 133.6901, 199.2055
63 225 7.500000 134.9256, 186.4043, 167.4247, 190.9403, 165.3856, 205.5503, 132.8865, 201.0143
63 226 7.540000 134.0376, 188.9977, 166.2896, 193.5812, 164.2558, 207.8925, 132.0037, 203.3090
63 227 7.570000 133.5492, 190.8012, 165.5490, 195.4997, 163.5279, 209.2649, 131.5281, 204.5664
63 228 7.600000 133.1503, 192.0202, 165.0286, 196.7469, 162.9603, 210.6960, 131.0820, 205.9693
63 229 7.640000 132.7824, 193.5351, 164.4382, 198.1087, 162.4375, 211.9563, 130.7817, 207.3827
63 230 7.670000 132.6354, 194.5522, 164.1323, 199.0641, 162.2094, 212.4876, 130.7125, 207.9757
63 231 7.700000 132.6426, 194.9643, 164.0101, 199.4156, 162.0567, 213.1811, 130.6892, 208.7297
63 232 7.740000 132.7916, 195.4594, 164.0027, 199.8312, 162.0850, 213.5221, 130.8739, 209.1504
63 233 7.770000 133.0517, 195.8326, 164.0459, 200.1033, 162.2263, 213.3087, 131.2321, 209.0380
63 234 7.800000 133.3957, 195.5620, 164.3331, 199.7646, 162.4922, 213.3161, 131.5549, 209.1135
63 235 7.840000 134.0675, 194.9905, 164.8390, 199.1993, 162.9674, 212.8833, 132.1959, 208.6745
63 236 7.870000 134.6349, 194.7681, 165.2252, 198.7783, 163.5118, 211.8488, 132.9215, 207.8387
63 237 7.900000 135.3332, 193.6457, 165.8753, 197.5908, 164.1147, 211.2207, 133.5726, 207.2756
63 238 7.940000 136.4095, 192.1612, 166.8114, 195.9948, 165.0929, 209.6234, 134.6910, 205.7898
63 239 7.970000 137.3298, 191.0175, 167.5696, 194.7620, 165.9361, 207.9535, 135.6963, 204.2090
63 240 8.000000 138.3450, 189.2124, 168.5498, 193.0130, 166.8239, 206.7296, 136.6191, 202.9290
63 241 8.040000 139.7703, 187.6303, 169.7808, 191.4894, 168.0640, 204.8399, 138.0536, 200.9808
63 242 8.070000 140.8469, 187.0513, 170.6667, 190.9179, 169.0151, 203.6555, 139.1952, 199.7889
63 243 8.100000 141.9291, 186.7089, 171.5879, 190.5845, 169.9648, 203.0058, 140.3060, 199.1302
63 244 8.140000 143.3623, 186.9001, 172.8159, 190.7826, 171.2517, 202.6485, 141.7982, 198.7660
63 245 8.170000 144.3881, 187.5035, 173.7719, 191.4022, 172.2674, 202.7406, 142.8836, 198.8419
63 246 8.200000 145.4649, 188.2897, 174.7312, 192.1962, 173.2377, 203.3850, 143.9714, 199.4785
63 247 8.240000 146.8925, 189.8983, 176.0169, 193.8211, 174.5147, 204.9736, 145.3903, 201.0509
63 248 8.270000 148.0043, 191.1755, 177.0306, 195.1141, 175.4708, 206.6095, 146.4444, 202.6709
63 249 8.300000 149.1196, 192.9467, 178.0068, 196.8991, 176.4293, 208.4284, 147.5421, 204.4760
63 250 8.340000 150.6073, 195.7879, 179.3222, 199.7615, 177.6993, 211.4891, 148.9844, 207.5155
63 251 8.370000 151.7192, 198.3247, 180.3117, 202.3133, 178.6427, 214.2776, 150.0502, 210.2891
63 252 8.400000 152.8213, 201.4028, 181.2613, 205.3982, 179.5806, 217.3621, 151.1406, 213.3667
63 253 8.440000 154.2724, 206.1502, 182.5192, 210.1485, 180.8085, 222.2338, 152.5617, 218.2356
63 254 8.470000 155.3492, 210.2109, 183.4510, 214.2087, 181.7144, 226.4156, 153.6126, 222.4178
63 255 8.500000 156.4304, 214.6666, 184.3661, 218.6581, 182.6292, 230.8145, 154.6935, 226.8230
63 256 8.540000 157.9511, 220.4874, 185.6794, 224.4831, 183.9243, 236.6625, 156.1960, 232.6668
63 257 8.570000 159.1859, 224.4652, 186.7801, 228.4772, 184.9868, 240.8112, 157.3927, 236.7993
63 258 8.600000 160.5004, 228.2988, 187.9336, 232.3208, 186.1457, 244.5163, 158.7124, 240.4943
63 259 8.640000 162.3813, 232.9260, 189.6289, 236.9677, 187.8210, 249.1562, 160.5734, 245.1145
63 260 8.670000 163.8909, 235.9538, 191.0472, 240.0322, 189.1595, 252.6017, 162.0032, 248.5233
63 261 8.700000 165.4692, 239.0999, 192.4731, 243.2096, 190.5883, 255.5939, 163.5844, 251.4842
63 262 8.740000 167.6681, 242.8724, 194.5465, 246.9747, 192.6182, 259.6087, 165.7398, 255.5065
63 263 8.770000 169.4027, 245.4729, 196.2154, 249.5917, 194.2140, 262.6205, 167.4013, 258.5017
63 264 8.800000 171.1967, 248.3139, 197.8736, 252.4435, 195.8917, 265.2466, 169.2147, 261.1170
63 265 8.840000 173.6873, 251.8591, 200.2370, 256.0151, 198.2249, 268.8690, 171.6752, 264.7130
63 266 8.870000 175.6190, 254.4250, 202.0979, 258.5636, 200.0509, 271.6608, 173.5719, 267.5222
63 267 8.900000 177.5864, 257.2817, 203.9608, 261.3929, 201.9635, 274.2062, 175.5890, 270.0949
63 268 8.940000 180.2945, 261.0371, 206.5563, 265.0805, 204.5944, 277.8230, 178.3326, 273.7796
63 269 8.970000 182.3729, 263.8282, 208.5991, 267.8020, 206.6445, 280.7020, 180.4183, 276.7282
63 270 9.000000 184.5073, 266.7851, 210.6558, 270.6559, 208.7686, 283.4050, 182.6200, 279.5342
63 271 9.040000 187.5237, 270.3099, 213.5758, 274.1677, 211.6990, 286.8420, 185.6469, 282.9842
63 272 9.070000 189.8897, 272.3356, 215.9460, 276.1249, 214.0265, 289.3242, 187.9702, 285.5349
63 273 9.100000 192.3518, 274.4002, 218.3286, 278.1094, 216.4719, 291.1133, 190.4950, 287.4041
63 274 9.140000 195.7331, 276.4890, 221.7021, 279.9693, 219.9260, 293.2214, 193.9571, 289.7410
63 275 9.170000 198.3944, 277.5247, 224.3817, 280.8979, 222.5939, 294.6719, 196.6065, 291.2987
63 276 9.200000 201.1390, 278.7553, 227.0433, 282.0299, 225.3555, 295.3812, 199.4512, 292.1065
63 277 9.240000 204.9551, 279.6532, 230.7978, 282.8929, 229.1210, 296.2683, 203.2783, 293.0286
63 278 9.270000 207.8878, 280.0112, 233.6910, 283.1389, 232.0522, 296.6590, 206.2490, 293.5314
63 279 9.300000 210.8751, 280.4089, 236.6202, 283.4289, 235.0874, 296.4962, 209.3422, 293.4762
63 280 9.340000 214.9780, 280.3088, 240.6585, 283.1195, 239.2371, 296.1069, 213.5566, 293.2963
63 281 9.370000 218.1180, 279.7619, 243.8208, 282.4258, 242.4495, 295.6566, 216.7467, 292.9927
63 282 9.400000 221.3484, 279.3160, 246.9566, 281.8096, 245.7192, 294.5164, 220.1111, 292.0227
63 283 9.440000 225.7282, 277.9543, 251.3144, 280.1996, 250.2072, 292.8166, 224.6210, 290.5713
63 284 9.470000 229.0925, 276.3238, 254.6800, 278.3808, 253.6281, 291.4656, 228.0406, 289.4086
63 285 9.500000 232.4851, 274.8339, 258.0493, 276.6723, 257.1217, 289.5714, 231.5575, 287.7330
63 286 9.540000 237.0511, 272.7179, 262.5985, 274.2760, 261.7997, 287.3730, 236.2523, 285.8149
63 287 9.570000 240.4693, 271.4900, 266.0065, 272.8035, 265.3323, 285.9107, 239.7952, 284.5973
63 288 9.600000 243.9005, 270.6933, 269.3987, 271.7686, 268.8601, 284.5411, 243.3619, 283.4658
63 289 9.640000 248.4799, 269.9423, 273.9384, 270.7199, 273.5578, 283.1812, 248.0993, 282.4036
63 290 9.670000 251.9143, 269.5186, 277.3572, 270.0968, 277.0739, 282.5637, 251.6310, 281.9855
63 291 9.700000 255.3641, 269.5177, 280.7643, 269.9254, 280.5713, 281.9523, 255.1711, 281.5446
63 292 9.740000 259.9459, 269.6564, 285.3121, 269.8354, 285.2287, 281.6539, 259.8626, 281.4749
63 293 9.770000 263.3616, 269.9797, 288.7195, 269.9751, 288.7216, 281.6949, 263.3637, 281.6995
63 294 9.800000 266.7705, 270.6265, 292.1111, 270.4551, 292.1879, 281.8146, 266.8473, 281.9859
63 295 9.840000 271.2822, 271.7093, 296.6431, 271.3325, 296.8071, 282.3749, 271.4463, 282.7518
63 296 9.870000 274.6464, 272.6880, 300.0063, 272.1178, 300.2553, 283.1913, 274.8954, 283.7615
63 297 9.900000 277.9664, 273.6804, 303.3609, 272.9272, 303.6975, 284.2746, 278.3029, 285.0278
63 298 9.940000 282.3572, 275.6030, 307.7752, 274.5476, 308.2671, 286.3950, 282.8491, 287.4504
63 299 9.970000 285.6225, 277.3936, 311.0605, 276.1303, 311.6650, 288.3023, 286.2269, 289.5656
63 300 10.000000 288.8322, 279.2535, 314.2906, 277.7391, 315.0507, 290.5167, 289.5923, 292.0311
63 301 10.040000 293.0640, 281.6759, 318.5290, 279.9083, 319.4559, 293.2616, 293.9908, 295.0292
63 302 10.070000 296.1789, 283.3173, 321.6309, 281.3717, 322.6613, 294.8501, 297.2092, 296.7958
63 303 10.100000 299.2084, 284.3517, 324.6917, 282.3505, 325.7948, 296.3979, 300.3115, 298.3990
63 304 10.140000 303.1469, 285.6438, 328.5736, 283.4197, 329.8124, 297.5814, 304.3857, 299.8056
63 305 10.170000 306.0642, 286.4054, 331.4006, 284.1218, 332.6491, 297.9737, 307.3126, 300.2572
63 306 10.200000 308.8137, 286.3116, 334.1169, 284.0063, 335.4487, 298.6254, 310.1456, 300.9307
63 307 10.240000 312.3984, 285.8920, 337.6104, 283.6675, 338.9548, 298.9049, 313.7428, 301.1293
63 308 10.270000 315.0195, 285.6512, 340.1433, 283.4905, 341.4249, 298.3920, 316.3011, 300.5528
63 309 10.300000 317.5192, 284.5755, 342.5620, 282.5617, 343.8148, 298.1408, 318.7720, 300.1546
63 310 10.340000 320.7901, 283.0993, 345.7382, 281.4255, 346.7801, 296.9548, 321.8320, 298.6286
63 311 10.370000 323.1927, 281.7650, 348.0194, 280.4026, 348.8527, 295.5873, 324.0260, 296.9497
63 312 10.400000 325.4912, 279.7458, 350.2155, 278.7071, 350.8686, 294.2527, 326.1444, 295.2914
63 313 10.440000 328.4990, 276.7971, 353.0351, 276.1992, 353.4121, 291.6692, 328.8760, 292.2671
63 314 10.470000 330.7548, 274.3441, 355.1426, 274.2389, 355.2071, 289.1900, 330.8193, 289.2951
63 315 10.500000 332.9736, 271.0944, 357.2153, 271.4756, 356.9710, 287.0127, 332.7293, 286.6315
63 316 10.540000 335.9342, 267.4005, 359.9510, 268.4796, 359.2758, 283.5056, 335.2590, 282.4265
63 317 10.570000 338.1363, 265.0867, 361.9548, 266.6805, 361.0092, 280.8106, 337.1908, 279.2167
63 318 10.600000 340.3116, 262.7593, 363.9225, 264.7323, 362.7726, 278.4917, 339.1618, 276.5187
63 319 10.640000 343.2142, 260.0161, 366.5276, 262.4264, 365.1772, 275.4882, 341.8638, 273.0779
63 320 10.670000 345.4093, 258.2047, 368.4800, 260.8936, 367.0411, 273.2388, 343.9704, 270.5498
63 321 10.700000 347.6437, 256.2436, 370.4843, 259.1481, 368.9385, 271.3040, 346.0979, 268.3995
63 322 10.740000 350.6628, 253.9598, 373.2848, 257.0956, 371.6889, 268.6087, 349.0668, 265.4728
63 323 10.770000 352.9597, 252.4265, 375.4873, 255.7062, 373.9096, 266.5430, 351.3821, 263.2633
63 324 10.800000 355.3280, 250.6936, 377.7797, 254.0161, 376.1819, 264.8131, 353.7302, 261.4905
63 325 10.840000 358.5763, 248.4020, 380.9335, 251.7307, 379.3120, 262.6213, 356.9549, 259.2926
63 326 10.870000 361.1315, 246.3451, 383.4333, 249.6364, 381.7449, 261.0772, 359.4431, 257.7859
63 327 10.900000 363.6269, 244.5838, 385.9468, 247.7457, 384.3272, 259.1782, 362.0073, 256.0162
63 328 10.940000 366.9495, 242.0898, 389.4037, 244.9785, 387.9064, 256.6173, 365.4522, 253.7286
63 329 10.970000 369.5167, 240.0317, 392.0864, 242.6757, 390.6702, 254.7651, 368.1005, 252.1211
63 330 11.000000 372.0632, 238.4847, 394.7346, 240.7969, 393.5511, 252.4010, 370.8797, 250.0887
63 331 11.040000 375.5327, 236.2759, 398.3557, 238.1262, 397.3985, 249.9325, 374.5755, 248.0821
63 332 11.070000 378.1390, 234.8703, 401.0681, 236.3327, 400.2946, 248.4619, 377.3654, 246.9996
63 333 11.100000 380.7342, 233.8732, 403.7608, 234.9416, 403.1954, 247.1279, 380.1688, 246.0596
63 334 11.140000 384.1968, 232.8744, 407.3350, 233.4312, 407.0373, 245.7998, 383.8991, 245.2429
63 335 11.170000 386.7845, 232.2922, 410.0039, 232.4885, 409.8967, 245.1707, 386.6773, 244.9744
63 336 11.200000 389.3579, 232.1217, 412.6403, 231.9623, 412.7264, 244.5484, 389.4440, 244.7077
63 337 11.240000 392.7546, 232.0714, 416.1208, 231.4633, 416.4515, 244.1677, 393.0853, 244.7759
63 338 11.270000 395.2653, 232.1855, 418.6882, 231.2503, 419.2047, 244.1868, 395.7818, 245.1219
63 339 11.300000 397.7493, 232.6693, 421.2161, 231.4134, 421.9016, 244.2222, 398.4347, 245.4781
63 340 11.340000 400.9965, 233.5190, 424.5160, 231.8592, 425.4212, 244.6863, 401.9017, 246.3460
63 341 11.370000 403.3720, 234.3059, 426.9331, 232.3672, 428.0034, 245.3744, 404.4422, 247.3130
63 342 11.400000 405.7194, 235.4930, 429.3067, 233.2958, 430.5002, 246.1076, 406.9129, 248.3048
63 343 11.440000 408.7576, 237.3211, 432.3846, 234.8135, 433.7405, 247.5883, 410.1135, 250.0960
63 344 11.470000 410.9642, 238.9098, 434.6213, 236.1929, 436.0979, 249.0508, 412.4408, 251.7676
63 345 11.500000 413.1265, 240.8301, 436.8035, 237.9277, 438.3552, 250.5855, 414.6781, 253.4880
63 346 11.540000 415.8806, 243.4010, 439.6039, 240.3444, 441.2176, 252.8687, 417.4943, 255.9254
63 347 11.570000 417.7865, 245.1106, 441.5680, 241.9287, 443.2906, 254.8033, 419.5091, 257.9852
63 348 11.600000 419.6294, 247.0634, 443.4443, 243.7585, 445.2099, 256.4813, 421.3950, 259.7861
63 349 11.640000 421.8998, 249.5014, 445.7889, 246.0816, 447.6280, 258.9290, 423.7390, 262.3488
63 350 11.670000 423.4631, 251.2510, 447.4258, 247.7701, 449.3367, 260.9248, 425.3740, 264.4057
63 351 11.700000 424.9732, 253.2991, 448.9896, 249.7837, 450.8840, 262.7257, 426.8676, 266.2411
63 352 11.740000 426.8035, 255.9845, 450.9169, 252.4529, 452.8133, 265.4013, 428.6999, 268.9329
63 353 11.770000 428.0426, 257.9939, 452.2474, 254.4727, 454.1617, 267.6311, 429.9568, 271.1524
63 354 11.800000 429.2294, 260.3327, 453.5029, 256.8389, 455.3626, 269.7595, 431.0891, 273.2533
63 355 11.840000 430.6417, 263.5154, 455.0294, 260.0798, 456.8468, 272.9810, 432.4591, 276.4166
63 356 11.870000 431.5818, 266.0086, 456.0698, 262.6273, 457.8756, 275.7057, 433.3876, 279.0870
63 357 11.900000 432.4676, 268.8989, 457.0383, 265.5749, 458.7821, 278.4650, 434.2114, 281.7890
63 358 11.940000 433.5068, 273.0227, 458.2019, 269.7662, 459.9053, 282.6834, 435.2102, 285.9399
63 359 11.970000 434.1914, 276.3333, 458.9846, 273.1408, 460.6723, 286.2479, 435.8791, 289.4404
63 360 12.000000 434.8087, 279.9762, 459.7049, 276.8453, 461.3450, 289.8874, 436.4489, 293.0183
63 361 12.040000 435.4286, 284.6897, 460.4587, 281.5816, 462.0870, 294.6945, 437.0569, 297.8026
63 362 12.070000 435.7282, 287.8217, 460.8150, 284.7041, 462.4946, 298.2193, 437.4078, 301.3369
63 363 12.100000 435.9222, 290.9721, 461.1100, 287.8993, 462.7437, 301.2905, 437.5558, 304.3633
63 364 12.140000 436.0114, 294.4902, 461.3600, 291.7652, 462.8395, 305.5270, 437.4908, 308.2521
63 365 12.170000 435.9376, 296.8088, 461.4191, 294.3730, 462.7862, 308.6744, 437.3047, 311.1102
63 366 12.200000 435.7933, 299.4546, 461.4060, 297.2897, 462.5924, 311.3259, 436.9797, 313.4908
63 367 12.240000 435.4426, 302.5402, 461.2087, 300.7284, 462.2138, 315.0223, 436.4477, 316.8341
63 368 12.270000 435.1088, 304.6986, 461.0086, 303.2568, 461.8179, 317.7947, 435.9182, 319.2366
63 369 12.300000 434.7286, 307.0240, 460.7582, 305.9622, 461.3463, 320.3795, 435.3167, 321.4412
63 370 12.340000 434.1461, 310.0105, 460.3669, 309.5298, 460.6299, 323.8736, 434.4090, 324.3543
63 371 12.370000 433.6739, 312.0319, 459.9948, 311.9682, 460.0306, 326.7385, 433.7096, 326.8022
63 372 12.400000 433.1458, 314.5346, 459.6091, 314.8359, 459.4452, 329.2300, 432.9819, 328.9287
63 373 12.440000 432.4433, 317.6830, 459.0459, 318.4930, 458.6055, 332.9587, 432.0028, 332.1486
63 374 12.470000 431.9092, 320.1135, 458.6106, 321.2875, 457.9680, 335.9029, 431.2666, 334.7289
63 375 12.500000 431.3513, 322.8862, 458.1744, 324.3997, 457.3714, 338.6311, 430.5483, 337.1176
63 376 12.540000 430.6318, 326.3929, 457.6008, 328.3073, 456.6069, 342.3091, 429.6378, 340.3947
63 377 12.570000 430.1618, 328.5803, 457.2057, 330.7820, 456.0297, 345.2273, 428.9858, 343.0256
63 378 12.600000 429.6815, 330.9984, 456.8496, 333.4746, 455.5580, 347.6466, 428.3898, 345.1704
63 379 12.640000 429.1316, 333.8678, 456.4504, 336.6709, 454.9927, 350.8775, 427.6739, 348.0744
63 380 12.670000 428.7957, 335.7896, 456.2184, 338.8013, 454.6252, 353.3083, 427.2024, 350.2966
63 381 12.700000 428.4610, 337.9810, 456.0359, 341.1886, 454.3947, 355.2968, 426.8199, 352.0891
63 382 12.740000 428.1294, 340.6286, 455.8918, 344.0225, 454.1811, 358.0157, 426.4187, 354.6218
63 383 12.770000 427.9753, 342.3885, 455.8719, 345.8723, 454.0878, 360.1584, 426.1912, 356.6746
63 384 12.800000 427.8237, 344.4673, 455.8955, 348.0033, 454.1462, 361.8908, 426.0743, 358.3549
63 385 12.840000 427.7450, 347.0040, 456.0468, 350.5475, 454.3166, 364.3667, 426.0148, 360.8232
63 386 12.870000 427.7785, 348.7565, 456.2450, 352.2613, 454.5083, 366.3676, 426.0417, 362.8628
63 387 12.900000 427.8116, 350.8494, 456.4852, 354.2789, 454.8377, 368.0543, 426.1640, 364.6248
63 388 12.940000 427.9672, 353.5129, 456.9068, 356.7978, 455.3442, 370.5643, 426.4045, 367.2794
63 389 12.970000 428.1558, 355.4426, 457.2934, 358.5930, 455.7755, 372.6323, 426.6378, 369.4819
63 390 13.000000 428.3410, 357.7137, 457.7134, 360.7045, 456.3243, 374.3467, 426.9519, 371.3559
63 391 13.040000 428.6981, 360.3511, 458.3761, 363.1296, 457.1215, 376.5302, 427.4435, 373.7517
63 392 13.070000 429.0670, 361.7277, 458.9381, 364.3024, 457.7446, 378.1503, 427.8734, 375.5756
63 393 13.100000 429.4246, 363.2255, 459.5289, 365.5571, 458.4838, 379.0513, 428.3795, 376.7197
63 394 13.140000 430.0190, 364.4059, 460.3752, 366.4268, 459.4590, 380.1889, 429.1028, 378.1679
63 395 13.170000 430.5075, 364.7670, 461.0339, 366.5272, 460.2045, 380.9118, 429.6780, 379.1516
63 396 13.200000 430.9755, 365.3218, 461.6945, 366.8178, 461.0108, 380.8569, 430.2918, 379.3609
63 397 13.240000 431.6266, 365.3718, 462.5792, 366.5036, 462.0641, 380.5902, 431.1115, 379.4584
63 398 13.270000 432.1340, 364.8633, 463.2199, 365.7387, 462.8110, 380.2587, 431.7252, 379.3833
63 399 13.300000 432.5841, 364.5521, 463.8587, 365.1672, 463.5846, 379.1002, 432.3101, 378.4851
63 400 13.340000 433.1756, 363.3651, 464.6483, 363.6672, 464.5170, 377.3353, 433.0444, 377.0331
63 401 13.370000 433.5824, 361.8860, 465.1903, 361.9924, 465.1438, 375.7940, 433.5359, 375.6876
63 402 13.400000 433.9227, 359.9668, 465.6979, 359.8952, 465.7282, 373.3490, 433.9531, 373.4206
63 403 13.440000 434.2926, 356.5313, 466.2588, 356.3132, 466.3549, 370.4007, 434.3886, 370.6187
63 404 13.470000 434.4989, 353.7320, 466.5594, 353.4146, 466.6981, 367.4170, 434.6376, 367.7345
63 405 13.500000 434.5850, 349.9878, 466.7898, 349.5417, 467.0006, 364.7583, 434.7958, 365.2044
63 406 13.540000 434.6116, 345.9638, 466.9233, 345.2435, 467.2639, 360.5210, 434.9522, 361.2412
63 407 13.570000 434.5881, 343.6275, 466.9572, 342.7287, 467.3662, 357.4573, 434.9971, 358.3560
63 408 13.600000 434.5008, 341.4450, 466.9204, 340.3401, 467.4194, 354.9819, 434.9999, 356.0868
63 409 13.640000 434.3077, 339.2823, 466.7681, 337.8980, 467.3705, 352.0225, 434.9100, 353.4067
63 410 13.670000 434.0987, 338.1239, 466.5568, 336.4938, 467.2396, 350.0900, 434.7816, 351.7201
63 411 13.700000 433.8053, 337.1110, 466.2708, 335.2176, 467.0543, 348.6530, 434.5888, 350.5464
63 412 13.740000 433.3202, 336.3236, 465.7508, 334.0529, 466.6917, 347.4907, 434.2611, 349.7614
63 413 13.770000 432.8443, 335.6345, 465.2136, 333.0716, 466.3257, 347.1165, 433.9563, 349.6794
63 414 13.800000 432.2853, 335.4347, 464.6027, 332.5457, 465.8728, 346.7535, 433.5554, 349.6426
63 415 13.840000 431.3923, 335.4835, 463.5878, 332.1085, 465.1362, 346.8802, 432.9408, 350.2552
63 416 13.870000 430.6131, 335.7799, 462.6741, 332.0340, 464.4743, 347.4420, 432.4134, 351.1879
63 417 13.900000 429.7459, 336.6232, 461.6876, 332.4834, 463.7129, 348.1100, 431.7712, 352.2498
63 418 13.940000 428.4323, 338.1494, 460.1584, 333.4830, 462.5448, 349.7083, 430.8188, 354.3747
63 419 13.970000 427.3171, 339.6440, 458.8380, 334.5609, 461.5539, 351.4025, 430.0330, 356.4856
63 420 14.000000 426.0948, 341.6071, 457.4185, 336.0970, 460.4297, 353.2156, 429.1060, 358.7256
63 421 14.040000 424.2180, 344.2470, 455.2579, 338.2670, 458.6545, 355.8975, 427.6146, 361.8776
63 422 14.070000 422.5405, 346.0216, 453.4248, 339.7765, 457.1124, 358.0133, 426.2281, 364.2584
63 423 14.100000 420.7455, 348.1448, 451.4319, 341.6190, 455.2536, 359.5897, 424.5671, 366.1155
63 424 14.140000 417.9170, 350.4768, 448.3644, 343.6211, 452.4952, 361.9667, 422.0478, 368.8225
63 425 14.170000 415.5010, 351.9548, 445.8373, 344.9837, 450.1783, 363.8744, 419.8420, 370.8455
63 426 14.200000 412.9502, 353.6379, 443.1503, 346.6462, 447.5072, 365.4656, 417.3071, 372.4573
63 427 14.240000 409.1447, 355.5214, 439.2708, 348.6835, 443.6164, 367.8290, 413.4903, 374.6669
63 428 14.270000 405.9955, 356.7445, 436.1106, 350.0884, 440.4530, 369.7351, 410.3379, 376.3912
63 429 14.300000 402.7382, 358.2802, 432.8224, 351.9054, 436.9343, 371.3103, 406.8501, 377.6851
63 430 14.340000 398.0168, 360.0668, 428.1204, 354.1539, 431.9662, 373.7335, 401.8626, 379.6464
63 431 14.370000 394.2482, 361.3119, 424.4214, 355.8691, 428.0107, 375.7674, 397.8376, 381.2102
63 432 14.400000 390.3842, 362.8432, 420.6190, 357.9834, 423.7872, 377.6939, 393.5523, 382.5536
63 433 14.440000 384.9886, 364.9326, 415.3526, 360.9737, 417.9178, 380.6489, 387.5538, 384.6078
63 434 14.470000 380.7800, 366.5405, 411.2453, 363.2990, 413.3666, 383.2367, 382.9013, 386.4781
63 435 14.500000 376.5155, 368.5594, 407.0504, 366.1129, 408.6214, 385.7206, 378.0865, 388.1671
63 436 14.540000 370.6313, 371.1170, 401.2228, 369.6596, 402.1534, 389.1942, 371.5620, 390.6516
63 437 14.570000 366.0952, 372.8110, 396.7164, 372.0464, 397.2090, 391.7741, 366.5877, 392.5387
63 438 14.600000 361.5094, 374.6526, 392.0921, 374.5420, 392.1621, 393.9131, 361.5794, 394.0236
63 439 14.640000 355.2898, 376.7553, 385.8205, 377.4416, 385.3887, 396.6487, 354.8580, 395.9624
63 440 14.670000 350.5832, 377.9476, 381.0682, 379.1579, 380.2913, 398.7253, 349.8064, 397.5150
63 441 14.700000 345.8513, 379.3897, 376.2471, 381.0657, 375.1916, 400.2081, 344.7958, 398.5322
63 442 14.740000 339.5407, 380.8452, 369.8161, 383.0332, 368.4324, 402.1794, 338.1570, 399.9915
63 443 14.770000 334.8321, 381.5913, 365.0188, 384.1012, 363.3926, 403.6602, 333.2058, 401.1503
63 444 14.800000 330.1110, 382.6186, 360.1801, 385.3512, 358.4385, 404.5164, 328.3693, 401.7838
63 445 14.840000 323.8819, 383.5309, 353.8015, 386.4917, 351.9011, 405.6955, 321.9815, 402.7347
63 446 14.870000 319.2721, 383.8871, 349.0770, 386.9563, 347.0531, 406.6099, 317.2483, 403.5407
63 447 14.900000 314.6583, 384.5223, 344.3381, 387.6302, 342.3152, 406.9491, 312.6354, 403.8412
63 448 14.940000 308.6117, 384.9320, 338.1306, 388.0618, 336.0716, 407.4818, 306.5527, 404.3520
63 449 14.970000 304.1549, 384.9122, 333.5615, 388.0342, 331.4489, 407.9326, 302.0423, 404.8105
