5 0 0.010000 287.4592, 81.2366, 310.2754, 82.1546, 309.5883, 99.2324, 286.7720, 98.3144
5 1 0.040000 287.4360, 81.8253, 310.2532, 82.7430, 309.5671, 99.8017, 286.7499, 98.8840
5 2 0.070000 287.3844, 83.1352, 310.2037, 84.0522, 309.5200, 101.0684, 286.7006, 100.1514
5 3 0.110000 287.2713, 86.0044, 310.0955, 86.9199, 309.4167, 103.8430, 286.5926, 102.9276
5 4 0.140000 287.5974, 88.3168, 310.7631, 90.9968, 308.8917, 107.1735, 285.7259, 104.4935
5 5 0.170000 288.1173, 90.4236, 311.4506, 95.2018, 308.3402, 110.3906, 285.0069, 105.6123
5 6 0.200000 288.7923, 91.9951, 312.0839, 98.3734, 308.1511, 112.7349, 284.8595, 106.3566
5 7 0.240000 290.0501, 93.0609, 313.2138, 100.5998, 308.7417, 114.3406, 285.5780, 106.8017
5 8 0.270000 291.2994, 93.1666, 314.4240, 100.8930, 309.8535, 114.5724, 286.7289, 106.8460
5 9 0.310000 293.4552, 92.5680, 316.5743, 100.1458, 312.0379, 113.9857, 288.9189, 106.4079
5 10 0.340000 295.4828, 91.7310, 318.5626, 99.3319, 314.0332, 113.0853, 290.9534, 105.4844
5 11 0.370000 297.5574, 90.7925, 320.6864, 97.4971, 316.5309, 111.8327, 293.4019, 105.1281
5 12 0.400000 299.9707, 89.6451, 323.0831, 95.8517, 319.1522, 110.4898, 296.0398, 104.2831
5 13 0.440000 303.3122, 88.1146, 326.3643, 92.9997, 323.0873, 108.4632, 300.0353, 103.5781
5 14 0.470000 305.9387, 87.0103, 328.8619, 90.7504, 326.2331, 106.8623, 303.3099, 103.1222
5 15 0.500000 308.8896, 85.6701, 331.6923, 89.0351, 329.2467, 105.6074, 306.4440, 102.2424
5 16 0.540000 312.6790, 84.5229, 335.3586, 86.5991, 333.7812, 103.8300, 311.1016, 101.7538
5 17 0.570000 315.5072, 84.0427, 338.3182, 84.9822, 337.5920, 102.6154, 314.7810, 101.6760
5 18 0.610000 318.9107, 83.6527, 342.2819, 83.3200, 342.5383, 101.3290, 319.1672, 101.6618
5 19 0.640000 321.5288, 83.4376, 345.2820, 82.4617, 346.0310, 100.6934, 322.2778, 101.6693
5 20 0.670000 323.8692, 83.6382, 348.1086, 81.5446, 349.6945, 99.9055, 325.4551, 101.9992
5 21 0.700000 326.4701, 83.6283, 351.0021, 81.0479, 352.9480, 99.5478, 328.4160, 102.1282
5 22 0.740000 329.6738, 83.9188, 354.6210, 80.4281, 357.2190, 98.9949, 332.2718, 102.4856
5 23 0.770000 331.8416, 84.3666, 357.1050, 79.9461, 360.3456, 98.4662, 335.0821, 102.8867
5 24 0.800000 334.1698, 84.4480, 359.6181, 79.8078, 363.0052, 98.3840, 337.5569, 103.0242
5 25 0.840000 336.8534, 84.8634, 362.5718, 79.5282, 366.4108, 98.0341, 340.6924, 103.3694
5 26 0.870000 338.5507, 85.4024, 364.4654, 79.2550, 368.8129, 97.5823, 342.8982, 103.7296
5 27 0.900000 340.3259, 85.4850, 366.3611, 79.3003, 370.7163, 97.6340, 344.6811, 103.8187
5 28 0.940000 342.1140, 86.0991, 368.3228, 79.1621, 373.1138, 97.2629, 346.9050, 104.1999
5 29 0.970000 343.0423, 86.9667, 369.3423, 78.9388, 374.7513, 96.6593, 348.4513, 104.6872
5 30 1.000000 344.0224, 87.2619, 370.4007, 79.1282, 375.8389, 96.7650, 349.4606, 104.8987
5 31 1.040000 344.8537, 88.0099, 371.3027, 79.4241, 376.9560, 96.8396, 350.5069, 105.4253
5 32 1.070000 345.1839, 88.7336, 371.6552, 79.7783, 377.4865, 97.0152, 351.0152, 105.9704
5 33 1.110000 345.3589, 89.5695, 371.8831, 80.6255, 377.6803, 97.8175, 351.1561, 106.7615
5 34 1.140000 345.3402, 90.0002, 371.9280, 81.6111, 377.4075, 98.9774, 350.8197, 107.3664
5 35 1.170000 344.9314, 91.0271, 371.5247, 82.5526, 377.0404, 99.8612, 350.4472, 108.3357
5 36 1.210000 344.2135, 92.2428, 370.8294, 84.3085, 376.0305, 101.7560, 349.4146, 109.6903
5 37 1.240000 343.5188, 93.1868, 370.1393, 85.9468, 374.9409, 103.6018, 348.3204, 110.8417
5 38 1.270000 342.5080, 94.6633, 369.1002, 87.6421, 373.7722, 105.3366, 347.1799, 112.3579
5 39 1.310000 341.0438, 96.6883, 367.5694, 90.4347, 371.7900, 108.3372, 345.2644, 114.5907
5 40 1.340000 339.8782, 98.3513, 366.3070, 92.9482, 370.0096, 111.0592, 343.5808, 116.4623
5 41 1.370000 338.4567, 100.5565, 364.7832, 95.6069, 368.2050, 113.8070, 341.8785, 118.7566
5 42 1.410000 336.5399, 103.7524, 362.6525, 99.7777, 365.4522, 118.1709, 339.3396, 122.1456
5 43 1.440000 335.0973, 106.3985, 360.9704, 103.3615, 363.1485, 121.9169, 337.2754, 124.9540
5 44 1.470000 333.4576, 109.5104, 359.1050, 107.1125, 360.8475, 125.7507, 335.2002, 128.1486
5 45 1.510000 331.2593, 113.8626, 356.5074, 112.5038, 357.5161, 131.2489, 332.2681, 132.6077
5 46 1.540000 329.6356, 117.1090, 354.4853, 116.6893, 354.8027, 135.4812, 329.9530, 135.9009
5 47 1.570000 327.4974, 120.7813, 352.2074, 120.4380, 352.4672, 139.1367, 327.7572, 139.4800
5 48 1.610000 324.7943, 125.3431, 349.1794, 125.4926, 349.0656, 144.0538, 324.6806, 143.9043
5 49 1.640000 322.9854, 128.4832, 346.9496, 129.4181, 346.2318, 147.8149, 322.2677, 146.8800
5 50 1.670000 320.6997, 131.9453, 344.5528, 132.8714, 343.8456, 151.0863, 319.9925, 150.1603
5 51 1.710000 317.9418, 136.2742, 341.4504, 137.6657, 340.3892, 155.5940, 316.8806, 154.2026
5 52 1.740000 316.0388, 139.4016, 339.1810, 141.3729, 337.6747, 159.0561, 314.5325, 157.0848
5 53 1.770000 313.8139, 142.8262, 336.8383, 144.8105, 335.3364, 162.2376, 312.3120, 160.2533
5 54 1.810000 311.1201, 147.3214, 333.8324, 149.6737, 332.0674, 166.7150, 309.3551, 164.3627
5 55 1.840000 309.1754, 150.6905, 331.6653, 153.5593, 329.5340, 170.2679, 307.0440, 167.3990
5 56 1.870000 307.0515, 154.4038, 329.4719, 157.3188, 327.3402, 173.7140, 304.9199, 170.7989
5 57 1.910000 304.3889, 159.4709, 326.6728, 162.7046, 324.3607, 178.6384, 302.0767, 175.4047
5 58 1.940000 302.5094, 163.3954, 324.6633, 167.0012, 322.1316, 182.5563, 299.9776, 178.9504
5 59 1.970000 300.5661, 167.6486, 322.6649, 171.2006, 320.2205, 186.4083, 298.1217, 182.8563
5 60 2.010000 298.1643, 173.3014, 320.1623, 176.9205, 317.7395, 191.6469, 295.7416, 188.0278
5 61 2.040000 296.5889, 177.2863, 318.4641, 181.2133, 315.8954, 195.5218, 294.0203, 191.5948
5 62 2.070000 294.9264, 181.3548, 316.8016, 184.8878, 314.5460, 198.8530, 292.6709, 195.3200
5 63 2.110000 293.2258, 185.9215, 314.9484, 189.7762, 312.5457, 203.3167, 290.8230, 199.4620
5 64 2.140000 292.2068, 188.9412, 313.7678, 193.2700, 311.1128, 206.4940, 289.5518, 202.1652
5 65 2.170000 291.0577, 192.1226, 312.6191, 196.0591, 310.2411, 209.0841, 288.6797, 205.1476
5 66 2.210000 289.9268, 195.8337, 311.3932, 199.7457, 309.0743, 212.4706, 287.6079, 208.5586
5 67 2.240000 289.3342, 198.2873, 310.6808, 202.4399, 308.2451, 214.9611, 286.8984, 210.8085
5 68 2.270000 288.6374, 200.9144, 309.9976, 204.5787, 307.8638, 217.0171, 286.5036, 213.3529
5 69 2.310000 288.0320, 204.0543, 309.3326, 207.4785, 307.3572, 219.7670, 286.0565, 216.3428
5 70 2.340000 287.7898, 206.1706, 309.0018, 209.6757, 306.9902, 221.8497, 285.7781, 218.3446
5 71 2.370000 287.4483, 208.4955, 308.6688, 211.4674, 306.9716, 223.5859, 285.7511, 220.6139
5 72 2.410000 287.2493, 211.3129, 308.4144, 213.9600, 306.9095, 225.9933, 285.7444, 223.3462
5 73 2.440000 287.2773, 213.2186, 308.3607, 215.9221, 306.8257, 227.8922, 285.7423, 225.1887
5 74 2.470000 287.1936, 215.3461, 308.2641, 217.5303, 307.0256, 229.4779, 285.9551, 227.2936
5 75 2.510000 287.2531, 217.9051, 308.2823, 219.7739, 307.2233, 231.6903, 286.1941, 229.8216
5 76 2.540000 287.4386, 219.5621, 308.4147, 221.5622, 307.2831, 233.4295, 286.3070, 231.4294
5 77 2.570000 287.4308, 221.4373, 308.4591, 222.9536, 307.6077, 234.7602, 286.5794, 233.2439
5 78 2.610000 287.6470, 223.5959, 308.6507, 224.9230, 307.9118, 236.6174, 286.9081, 235.2902
5 79 2.640000 287.9504, 224.9819, 308.8811, 226.4700, 308.0563, 238.0716, 287.1256, 236.5835
5 80 2.670000 288.0521, 226.6146, 308.9974, 227.6428, 308.4328, 239.1421, 287.4876, 238.1138
5 81 2.710000 288.3332, 228.5510, 309.2333, 229.3042, 308.8241, 240.6590, 287.9240, 239.9059
5 82 2.740000 288.6239, 229.8580, 309.4564, 230.6223, 309.0441, 241.8591, 288.2117, 241.0948
5 83 2.770000 288.7093, 231.4588, 309.5299, 231.6103, 309.4492, 242.7077, 288.6285, 242.5563
5 84 2.800000 288.9825, 232.7343, 309.7256, 232.9053, 309.6353, 243.8683, 288.8921, 243.6972
5 85 2.840000 289.2474, 234.5448, 309.8974, 234.5408, 309.8994, 245.3070, 289.2495, 245.3110
5 86 2.870000 289.3608, 236.0221, 309.9410, 235.6936, 310.1102, 246.2962, 289.5300, 246.6247
5 87 2.900000 289.6083, 237.2332, 310.0895, 237.1585, 310.1276, 247.6106, 289.6464, 247.6853
5 88 2.940000 289.8212, 239.0313, 310.1766, 239.0496, 310.1674, 249.2786, 289.8120, 249.2603
5 89 2.970000 289.8914, 240.5348, 310.1552, 240.4080, 310.2181, 250.4532, 289.9542, 250.5800
5 90 3.000000 290.0744, 241.8130, 310.2273, 242.0531, 310.1098, 251.9152, 289.9569, 251.6751
5 91 3.040000 290.2024, 243.6778, 310.2165, 244.0864, 310.0197, 253.7225, 290.0057, 253.3139
5 92 3.070000 290.2214, 245.1751, 310.1401, 245.4719, 309.9985, 254.9744, 290.0798, 254.6775
5 93 3.100000 290.3498, 246.4062, 310.1584, 247.0777, 309.8375, 256.5451, 290.0288, 255.8736
5 94 3.140000 290.4376, 248.1932, 310.1103, 249.0687, 309.6910, 258.4922, 290.0182, 257.6167
5 95 3.170000 290.4412, 249.6581, 310.0242, 250.4548, 309.6419, 259.8504, 290.0589, 259.0537
5 96 3.200000 290.5774, 250.9115, 310.0491, 252.1257, 309.4656, 261.4822, 289.9940, 260.2680
5 97 3.240000 290.6909, 252.8075, 310.0288, 254.2604, 309.3292, 263.5715, 289.9914, 262.1186
5 98 3.270000 290.7136, 254.4009, 309.9893, 255.8269, 309.3025, 265.1115, 290.0267, 263.6854
5 99 3.300000 290.8701, 255.8591, 310.0558, 257.6875, 309.1735, 266.9453, 289.9879, 265.1169
5 100 3.340000 291.0480, 258.0827, 310.1310, 260.1959, 309.1083, 269.4313, 290.0252, 267.3180
5 101 3.370000 291.1689, 259.9668, 310.1917, 262.1389, 309.1374, 271.3723, 290.1146, 269.2002
5 102 3.400000 291.4194, 261.8462, 310.3425, 264.3887, 309.1037, 273.6084, 290.1806, 271.0658
5 103 3.440000 291.7175, 264.7273, 310.5452, 267.4527, 309.2096, 276.6799, 290.3818, 273.9545
5 104 3.470000 291.9284, 267.1323, 310.7136, 269.7980, 309.4002, 279.0536, 290.6150, 276.3879
5 105 3.500000 292.2755, 269.4973, 310.9810, 272.3560, 309.5643, 281.6258, 290.8588, 278.7671
5 106 3.540000 292.7982, 272.6724, 311.4222, 275.6221, 309.9487, 284.9259, 291.3247, 281.9763
5 107 3.570000 293.2157, 275.0314, 311.8103, 277.8503, 310.3989, 287.1605, 291.8043, 284.3416
5 108 3.600000 293.8989, 277.0258, 312.3832, 280.2093, 310.7814, 289.5096, 292.2972, 286.3262
5 109 3.640000 294.7896, 279.7345, 313.2056, 282.9274, 311.5930, 292.2286, 293.1770, 289.0357
5 110 3.670000 295.4423, 281.8064, 313.8662, 284.6564, 312.4204, 294.0028, 293.9965, 291.1528
5 111 3.700000 296.3346, 283.6017, 314.6912, 286.5628, 313.1831, 295.9117, 294.8266, 292.9506
5 112 3.740000 297.5002, 286.0886, 315.8307, 288.8033, 314.4384, 298.2040, 296.1080, 295.4892
5 113 3.770000 298.3211, 288.1056, 316.6788, 290.2681, 315.5673, 299.7038, 297.2096, 297.5413
5 114 3.800000 299.3811, 289.8461, 317.6899, 292.0156, 316.5691, 301.4745, 298.2603, 299.3050
5 115 3.840000 300.7105, 292.3978, 319.0027, 294.1491, 318.0923, 303.6577, 299.8001, 301.9064
5 116 3.870000 301.6760, 294.4437, 319.9650, 295.6922, 319.3121, 305.2561, 301.0232, 304.0076
5 117 3.900000 302.7704, 296.3792, 321.0232, 297.4828, 320.4425, 307.0866, 302.1898, 305.9830
5 118 3.940000 304.1480, 299.1953, 322.3639, 299.8442, 322.0197, 309.5067, 303.8038, 308.8578
5 119 3.970000 305.0959, 301.5106, 323.2814, 301.5635, 323.2532, 311.2591, 305.0677, 311.2062
5 120 4.000000 306.1387, 303.6444, 324.2803, 303.4856, 324.3655, 313.2237, 306.2240, 313.3825
5 121 4.040000 307.4580, 306.4047, 325.5363, 305.8988, 325.8102, 315.6873, 307.7319, 316.1931
5 122 4.070000 308.3501, 308.3850, 326.3711, 307.4748, 326.8668, 317.2896, 308.8458, 318.1998
5 123 4.100000 309.3522, 309.9034, 327.3368, 309.1686, 327.7396, 319.0241, 309.7549, 319.7590
5 124 4.140000 310.4939, 311.8781, 328.4165, 311.0219, 328.8881, 320.8941, 310.9655, 321.7503
5 125 4.170000 311.1899, 313.3519, 329.0485, 312.0946, 329.7431, 321.9624, 311.8845, 323.2196
5 126 4.200000 311.9686, 314.4124, 329.7930, 313.2881, 330.4165, 323.1722, 312.5921, 324.2965
5 127 4.240000 312.7378, 315.9363, 330.4804, 314.4277, 331.3202, 324.3048, 313.5776, 325.8134
5 128 4.270000 313.1073, 317.1932, 330.7375, 314.9702, 331.9764, 324.7960, 314.3462, 327.0189
5 129 4.300000 313.5540, 318.0051, 331.1366, 315.7272, 332.4072, 325.5348, 314.8246, 327.8127
5 130 4.340000 313.9433, 319.0370, 331.4455, 316.5554, 332.8295, 326.3167, 315.3273, 328.7983
5 131 4.370000 314.0529, 319.8466, 331.4625, 317.0032, 333.0467, 326.7028, 315.6370, 329.5461
5 132 4.400000 314.2000, 320.2371, 331.6127, 317.6821, 333.0345, 327.3722, 315.6219, 329.9272
5 133 4.440000 314.1531, 320.8426, 331.5269, 318.3831, 332.8918, 328.0255, 315.5181, 330.4849
5 134 4.470000 313.9550, 321.3456, 331.2790, 318.8039, 332.6846, 328.3839, 315.3605, 330.9257
5 135 4.500000 313.7882, 321.5643, 331.1293, 319.4585, 332.2868, 328.9911, 314.9458, 331.0968
5 136 4.540000 313.3538, 322.0449, 330.6736, 320.2145, 331.6740, 329.6809, 314.3543, 331.5114
5 137 4.570000 312.8965, 322.5267, 330.1836, 320.7453, 331.1565, 330.1866, 313.8694, 331.9679
5 138 4.600000 312.4781, 322.8410, 329.7651, 321.5135, 330.4915, 330.9732, 313.2046, 332.3007
5 139 4.640000 311.7687, 323.4948, 329.0269, 322.5164, 329.5640, 331.9902, 312.3058, 332.9686
5 140 4.670000 311.1261, 324.1609, 328.3510, 323.2477, 328.8543, 332.7404, 311.6294, 333.6537
5 141 4.700000 310.5528, 324.7128, 327.7553, 324.2334, 328.0207, 333.7557, 310.8182, 334.2352
5 142 4.740000 309.6655, 325.7083, 326.8234, 325.5398, 326.9175, 335.1129, 309.7596, 335.2815
5 143 4.770000 308.9171, 326.6516, 326.0396, 326.5358, 326.1047, 336.1575, 308.9822, 336.2733
5 144 4.800000 308.2677, 327.5281, 325.3496, 327.8166, 325.1862, 337.4917, 308.1043, 337.2032
5 145 4.840000 307.3108, 329.0136, 324.3366, 329.5953, 324.0032, 339.3549, 306.9774, 338.7732
5 146 4.870000 306.5375, 330.3688, 323.5259, 331.0217, 323.1479, 340.8575, 306.1594, 340.2046
5 147 4.900000 305.8659, 331.7565, 322.8011, 332.7543, 322.2174, 342.6617, 305.2821, 341.6638
5 148 4.940000 304.8987, 333.9764, 321.7729, 335.2034, 321.0444, 345.2217, 304.1702, 343.9946
5 149 4.970000 304.1270, 335.8780, 320.9676, 337.1201, 320.2216, 347.2337, 303.3811, 345.9916
5 150 5.000000 303.4719, 337.7325, 320.2580, 339.2252, 319.3529, 349.4030, 302.5669, 347.9103
5 151 5.040000 302.5787, 340.0978, 319.3109, 341.7070, 318.3187, 352.0236, 301.5866, 350.4144
5 152 5.070000 301.8524, 341.6849, 318.5730, 343.0916, 317.6889, 353.6001, 300.9684, 352.1934
5 153 5.100000 301.4064, 342.7791, 318.0655, 344.4957, 316.9704, 355.1225, 300.3114, 353.4058
5 154 5.140000 300.8246, 343.9120, 317.4202, 345.8382, 316.1679, 356.6270, 299.5724, 354.7007
5 155 5.170000 300.2825, 344.6464, 316.8744, 346.3424, 315.7584, 357.2604, 299.1665, 355.5644
5 156 5.200000 300.0592, 344.9118, 316.5889, 346.9075, 315.2622, 357.8959, 298.7325, 355.9001
5 157 5.240000 299.6691, 345.1134, 316.1653, 347.0881, 314.8392, 358.1666, 298.3430, 356.1919
5 158 5.270000 299.2366, 345.1969, 315.7553, 346.7083, 314.7314, 357.8992, 298.2127, 356.3879
5 159 5.300000 299.2066, 344.7457, 315.6783, 346.4960, 314.4842, 357.7329, 298.0125, 355.9826
5 160 5.340000 298.9540, 344.0542, 315.4229, 345.5152, 314.4163, 356.8614, 297.9475, 355.4004
5 161 5.370000 298.6787, 343.4037, 315.1616, 344.3561, 314.5020, 355.7710, 298.0191, 354.8187
5 162 5.400000 298.7486, 342.2006, 315.2054, 343.2904, 314.4473, 354.7376, 297.9905, 353.6477
5 163 5.440000 298.6799, 340.4128, 315.1278, 341.2646, 314.5326, 352.7567, 298.0847, 351.9049
5 164 5.470000 298.5018, 338.9630, 314.9489, 339.3346, 314.6885, 350.8599, 298.2414, 350.4884
5 165 5.500000 298.6817, 337.0111, 315.1126, 337.6507, 314.6634, 349.1907, 298.2325, 348.5511
5 166 5.540000 298.6889, 334.6948, 315.1100, 335.2202, 314.7402, 346.7784, 298.3191, 346.2530
5 167 5.570000 298.6119, 333.2118, 315.0286, 333.5020, 314.8242, 345.0682, 298.4075, 344.7780
5 168 5.600000 298.6014, 331.8199, 315.0139, 332.0498, 314.8516, 343.6369, 298.4391, 343.4070
5 169 5.640000 298.5196, 330.2914, 314.9671, 330.3556, 314.9217, 341.9800, 298.4743, 341.9159
5 170 5.670000 298.3368, 329.4364, 314.8666, 329.1739, 315.0519, 340.8412, 298.5221, 341.1037
5 171 5.700000 298.3025, 328.5463, 314.8307, 328.3222, 314.9896, 340.0421, 298.4613, 340.2661
5 172 5.740000 298.1114, 327.6884, 314.6937, 327.3075, 314.9643, 339.0898, 298.3820, 339.4706
5 173 5.770000 297.8687, 327.2643, 314.5301, 326.6344, 314.9773, 338.4647, 298.3159, 339.0945
5 174 5.800000 297.7428, 326.7893, 314.4114, 326.2406, 314.8029, 338.1345, 298.1343, 338.6832
5 175 5.840000 297.4065, 326.4598, 314.1480, 325.7916, 314.6258, 337.7618, 297.8842, 338.4301
5 176 5.870000 297.0249, 326.4398, 313.8670, 325.5100, 314.5303, 337.5247, 297.6882, 338.4545
5 177 5.900000 296.7513, 326.3491, 313.6236, 325.4920, 314.2375, 337.5770, 297.3652, 338.4341
5 178 5.940000 296.1848, 326.5438, 313.1677, 325.5136, 313.9055, 337.6753, 296.9226, 338.7056
5 179 5.970000 295.6071, 326.9278, 312.7218, 325.5672, 313.6913, 337.7625, 296.5766, 339.1231
5 180 6.000000 295.1196, 327.2268, 312.3021, 325.8705, 313.2701, 338.1331, 296.0876, 339.4894
5 181 6.040000 294.2762, 327.8946, 311.5981, 326.3352, 312.7068, 338.6508, 295.3849, 340.2102
5 182 6.070000 293.4853, 328.6077, 310.9508, 326.7194, 312.2826, 339.0374, 294.8171, 340.9258
5 183 6.100000 292.7753, 329.2043, 310.3240, 327.3569, 311.6254, 339.7193, 294.0768, 341.5667
5 184 6.140000 291.5567, 330.3573, 309.2876, 328.2195, 310.7779, 340.5799, 293.0470, 342.7177
5 185 6.170000 290.4832, 331.4414, 308.3772, 328.9333, 310.1042, 341.2546, 292.2102, 343.7627
5 186 6.200000 289.4937, 332.3748, 307.4973, 329.9501, 309.1611, 342.3041, 291.1575, 344.7288
5 187 6.240000 287.9550, 333.9246, 306.1426, 331.4335, 307.8353, 343.7926, 289.6477, 346.2836
5 188 6.270000 286.6413, 335.3288, 304.9913, 332.6620, 306.7837, 344.9952, 288.4336, 347.6620
5 189 6.300000 285.3886, 336.6355, 303.8623, 334.2190, 305.4825, 346.6054, 287.0088, 349.0218
5 190 6.340000 283.5114, 338.7610, 302.1823, 336.5081, 303.6811, 348.9305, 285.0102, 351.1833
5 191 6.370000 281.9672, 340.6492, 300.8070, 338.4279, 302.2729, 350.8605, 283.4331, 353.0819
5 192 6.400000 280.4707, 342.5579, 299.4425, 340.7144, 300.6583, 353.2266, 281.6865, 355.0701
5 193 6.440000 278.3019, 345.5663, 297.4755, 344.0779, 298.4533, 356.6730, 279.2797, 358.1615
5 194 6.470000 276.5571, 348.1145, 295.9013, 346.8166, 296.7506, 359.4747, 277.4064, 360.7726
5 195 6.500000 274.8647, 350.5762, 294.3263, 349.7945, 294.8399, 362.5817, 275.3783, 363.3634
5 196 6.540000 272.3795, 353.8524, 292.0301, 353.4960, 292.2635, 366.3640, 272.6129, 366.7203
5 197 6.570000 270.2692, 356.2543, 290.1232, 355.8406, 290.3888, 368.5904, 270.5349, 369.0041
5 198 6.600000 268.2921, 357.9932, 288.2503, 358.0379, 288.2218, 370.7887, 268.2635, 370.7440
5 199 6.640000 265.4195, 360.0387, 285.5741, 360.3851, 285.3590, 372.9023, 265.2044, 372.5560
5 200 6.670000 263.0977, 361.3089, 283.4522, 361.6467, 283.2482, 373.9385, 262.8937, 373.6008
5 201 6.700000 260.9217, 361.9704, 281.3710, 362.7570, 280.9046, 374.8801, 260.4553, 374.0934
5 202 6.740000 257.8701, 362.3942, 278.5119, 363.5842, 277.8252, 375.4963, 257.1833, 374.3063
5 203 6.770000 255.2949, 362.7178, 276.1888, 363.4874, 275.7608, 375.1091, 254.8668, 374.3395
5 204 6.800000 253.1321, 361.9912, 274.0875, 363.5165, 273.2522, 374.9928, 252.2967, 373.4675
5 205 6.840000 249.9359, 360.8930, 271.1032, 362.5275, 270.2402, 373.7035, 249.0730, 372.0691
5 206 6.870000 247.4328, 359.7668, 268.8207, 361.1329, 268.1257, 372.0150, 246.7378, 370.6489
5 207 6.900000 245.2081, 357.7219, 266.6992, 359.6085, 265.7611, 370.2950, 244.2700, 368.4083
5 208 6.940000 242.0705, 354.6418, 263.8382, 356.6384, 262.9039, 366.8241, 241.1362, 364.8275
5 209 6.970000 239.6204, 352.0690, 261.6742, 353.6878, 260.9562, 363.4694, 238.9024, 361.8506
5 210 7.000000 237.4227, 348.7788, 259.6527, 350.7083, 258.8290, 360.1984, 236.5990, 358.2689
5 211 7.040000 234.3244, 344.5757, 256.8798, 346.2306, 256.2022, 355.4653, 233.6468, 353.8104
5 212 7.070000 231.9996, 341.4048, 254.7988, 342.8132, 254.2153, 352.2592, 231.4161, 350.8508
5 213 7.100000 229.7490, 338.3246, 252.7492, 339.8061, 252.1210, 349.5583, 229.1208, 348.0767
5 214 7.140000 226.6855, 334.6102, 249.9668, 336.0058, 249.3553, 346.2065, 226.0740, 344.8109
5 215 7.170000 224.3541, 332.0725, 247.8480, 333.3011, 247.2963, 343.8527, 223.8023, 342.6242
5 216 7.200000 222.1061, 329.5503, 245.7832, 330.9288, 245.1524, 341.7631, 221.4753, 340.3846
5 217 7.240000 219.0997, 326.3860, 243.0247, 327.9060, 242.3114, 339.1325, 218.3865, 337.6125
5 218 7.270000 216.7668, 324.2619, 240.8768, 325.5053, 240.2776, 337.1243, 216.1676, 335.8809
5 219 7.300000 214.6202, 321.9443, 238.8957, 323.5792, 238.0970, 335.4375, 213.8215, 333.8025
5 220 7.340000 211.6670, 319.1686, 236.1508, 320.7708, 235.3481, 333.0376, 210.8643, 331.4354
5 221 7.370000 209.4659, 317.1736, 234.0998, 318.6593, 233.3417, 331.2300, 208.7078, 329.7443
5 222 7.400000 207.4299, 315.0249, 232.1894, 316.8409, 231.2532, 329.6059, 206.4936, 327.7899
5 223 7.440000 204.7388, 312.2654, 229.6557, 314.3086, 228.5856, 327.3590, 203.6687, 325.3159
5 224 7.470000 202.6638, 310.4177, 227.6729, 312.1265, 226.7614, 325.4664, 201.7524, 323.7576
5 225 7.500000 200.8523, 308.2890, 225.9459, 310.4291, 224.7995, 323.8719, 199.7058, 321.7318
5 226 7.540000 198.4306, 305.7183, 223.6111, 308.0200, 222.3666, 321.6343, 197.1861, 319.3326
5 227 7.570000 196.6380, 303.9718, 221.8688, 306.1891, 220.6612, 319.9303, 195.4304, 317.7130
5 228 7.600000 195.0965, 302.0419, 220.3668, 304.8332, 218.8553, 318.5167, 193.5850, 315.7254
5 229 7.640000 193.0771, 299.7191, 218.3727, 302.8906, 216.6638, 316.5204, 191.3683, 313.3489
5 230 7.670000 191.5866, 298.1664, 216.8916, 301.2861, 215.2135, 314.8984, 189.9085, 311.7787
5 231 7.700000 190.4050, 296.3686, 215.6776, 300.1443, 213.6779, 313.5291, 188.4053, 309.7534
5 232 7.740000 188.8844, 294.1942, 214.1012, 298.3463, 211.9405, 311.4692, 186.7237, 307.3172
5 233 7.770000 187.7895, 292.7107, 212.9766, 296.7599, 210.8906, 309.7351, 185.7035, 305.6859
5 234 7.800000 187.0405, 290.9456, 212.1176, 295.5831, 209.7835, 308.2050, 184.7063, 303.5675
5 235 7.840000 186.1249, 288.7448, 211.0761, 293.6382, 208.6762, 305.8747, 183.7251, 300.9813
5 236 7.870000 185.4922, 287.2060, 210.3924, 291.8600, 208.1447, 303.8857, 183.2445, 299.2318
5 237 7.900000 185.2435, 285.3397, 209.9676, 290.4915, 207.5525, 302.0817, 182.8285, 296.9298
5 238 7.940000 184.9845, 282.9880, 209.5401, 288.2159, 207.1731, 299.3337, 182.6175, 294.1058
5 239 7.970000 184.8736, 281.2989, 209.3477, 286.2566, 207.1581, 297.0657, 182.6840, 292.1080
5 240 8.000000 185.0878, 279.3828, 209.3517, 284.6682, 207.1083, 294.9670, 182.8444, 289.6816
5 241 8.040000 185.4412, 277.0265, 209.4997, 282.3338, 207.3481, 292.0872, 183.2896, 286.7799
5 242 8.070000 185.7282, 275.4607, 209.7181, 280.4343, 207.7564, 289.8964, 183.7665, 284.9228
5 243 8.100000 186.2909, 273.7491, 210.0830, 278.9728, 208.0369, 288.2920, 184.2448, 283.0684
5 244 8.140000 187.1562, 271.3041, 210.7910, 276.3893, 208.7088, 286.0665, 185.0740, 280.9813
5 245 8.170000 187.8550, 269.6215, 211.4192, 274.4098, 209.4058, 284.3183, 185.8416, 279.5300
5 246 8.200000 188.7908, 267.7373, 212.1912, 272.6218, 210.0699, 282.7843, 186.6695, 277.8999
5 247 8.240000 190.0890, 265.3356, 213.3698, 270.1066, 211.2203, 280.5958, 187.9395, 275.8248
5 248 8.270000 190.9708, 263.7604, 214.3264, 267.9941, 212.3936, 278.6567, 189.0380, 274.4230
5 249 8.300000 192.2341, 261.7067, 215.4643, 266.1901, 213.3634, 277.0756, 190.1332, 272.5921
5 250 8.340000 193.8759, 259.1739, 217.0468, 263.5189, 214.9831, 274.5243, 191.8121, 270.1792
5 251 8.370000 195.0547, 257.3759, 218.2856, 261.2099, 216.4598, 272.2730, 193.2289, 268.4390
5 252 8.400000 196.6385, 255.0043, 219.7124, 259.1743, 217.6978, 270.3218, 194.6239, 266.1518
5 253 8.440000 198.5861, 252.0268, 221.6509, 255.8877, 219.7775, 267.0794, 196.7127, 263.2185
5 254 8.470000 200.0084, 249.8673, 223.1267, 253.1536, 221.5519, 264.2314, 198.4337, 260.9451
5 255 8.500000 201.8347, 247.0960, 224.7949, 250.7441, 223.0383, 261.7997, 200.0781, 258.1516
5 256 8.540000 203.9405, 244.0938, 226.9246, 247.1369, 225.4810, 258.0406, 202.4969, 254.9976
5 257 8.570000 205.4482, 242.1966, 228.4871, 244.4531, 227.4340, 255.2055, 204.3951, 252.9491
5 258 8.600000 207.1132, 240.2122, 230.1173, 242.1052, 229.2410, 252.7540, 206.2369, 250.8609
5 259 8.640000 209.2604, 237.9330, 232.2289, 239.0648, 231.7138, 249.5184, 208.7454, 248.3867
5 260 8.670000 210.8218, 236.4618, 233.7511, 236.8353, 233.5841, 247.0841, 210.6549, 246.7106
5 261 8.700000 212.5060, 234.7374, 235.3497, 234.9083, 235.2739, 245.0365, 212.4302, 244.8656
5 262 8.740000 214.6375, 232.6962, 237.3647, 232.3223, 237.5271, 242.1962, 214.7999, 242.5700
5 263 8.770000 216.1450, 231.3412, 238.7677, 230.3293, 239.1982, 239.9523, 216.5754, 240.9642
5 264 8.800000 217.7050, 229.6822, 240.2278, 228.5670, 240.6957, 238.0187, 218.1729, 239.1338
5 265 8.840000 219.6193, 227.6759, 241.9909, 226.0679, 242.6473, 235.2010, 220.2757, 236.8090
5 266 8.870000 220.9040, 226.0839, 243.1185, 223.7949, 244.0520, 232.8539, 221.8374, 235.1430
5 267 8.900000 222.2120, 224.0466, 244.3496, 221.8450, 245.2689, 231.0883, 223.1312, 233.2900
5 268 8.940000 223.7368, 221.3840, 245.7532, 218.9601, 246.8046, 228.5102, 224.7882, 230.9341
5 269 8.970000 224.7043, 219.4673, 246.6113, 216.6094, 247.8893, 226.4063, 225.9824, 229.2642
5 270 9.000000 225.6760, 217.2901, 247.5622, 214.6198, 248.7773, 224.5786, 226.8911, 227.2490
5 271 9.040000 226.7935, 214.7350, 248.6243, 212.0508, 249.8777, 222.2444, 228.0469, 224.9286
5 272 9.070000 227.5634, 213.0613, 249.3704, 210.4570, 250.6051, 220.7952, 228.7980, 223.3995
5 273 9.100000 228.3110, 211.5254, 250.1390, 209.2549, 251.2259, 219.7043, 229.3980, 221.9748
5 274 9.140000 229.1860, 209.9215, 251.0245, 207.9492, 251.9817, 218.5475, 230.1431, 220.5198
5 275 9.170000 229.7302, 209.0891, 251.5414, 207.0982, 252.5207, 217.8271, 230.7096, 219.8180
5 276 9.200000 230.2810, 208.2985, 252.1272, 206.6539, 252.9415, 217.4698, 231.0953, 219.1144
5 277 9.240000 230.8797, 207.6904, 252.7302, 206.2157, 253.4684, 217.1530, 231.6179, 218.6277
5 278 9.270000 231.2339, 207.5454, 253.0651, 206.0160, 253.8375, 217.0415, 232.0063, 218.5710
5 279 9.300000 231.6062, 207.4298, 253.4731, 206.2034, 254.0934, 217.2634, 232.2264, 218.4897
5 280 9.340000 231.9856, 207.6876, 253.8705, 206.6281, 254.4080, 217.7297, 232.5230, 218.7892
5 281 9.370000 232.1832, 208.1996, 254.0596, 207.0787, 254.6301, 218.2130, 232.7537, 219.3339
5 282 9.400000 232.4126, 208.7540, 254.3335, 207.9449, 254.7435, 219.0526, 232.8226, 219.8617
5 283 9.440000 232.6137, 209.9377, 254.5661, 209.3077, 254.8839, 220.3801, 232.9315, 221.0102
5 284 9.470000 232.6932, 211.1379, 254.6561, 210.4935, 254.9802, 221.5385, 233.0173, 222.1829
5 285 9.500000 232.8055, 212.3638, 254.8158, 212.0291, 254.9826, 222.9921, 232.9722, 223.3269
5 286 9.540000 232.8590, 214.2216, 254.9060, 214.0511, 254.9900, 224.9213, 232.9431, 225.0918
5 287 9.570000 232.7677, 215.8186, 254.8065, 215.3042, 255.0604, 226.1827, 233.0216, 226.6970
5 288 9.600000 232.7729, 217.1389, 254.8589, 216.8891, 254.9813, 227.7044, 232.8952, 227.9542
5 289 9.640000 232.6617, 219.0577, 254.7856, 218.8203, 254.9013, 229.6013, 232.7774, 229.8387
5 290 9.670000 232.4943, 220.6214, 254.6307, 220.1578, 254.8568, 230.9541, 232.7204, 231.4176
5 291 9.700000 232.4187, 221.9699, 254.6161, 221.8591, 254.6696, 232.5895, 232.4723, 232.7003
5 292 9.740000 232.2078, 223.9924, 254.4626, 224.0174, 254.4506, 234.7144, 232.1958, 234.6894
5 293 9.770000 231.9712, 225.6894, 254.2586, 225.5785, 254.3119, 236.2921, 232.0245, 236.4029
5 294 9.800000 231.8239, 227.2566, 254.1735, 227.5168, 254.0494, 238.1677, 231.6999, 237.9075
5 295 9.840000 231.5296, 229.6565, 253.9462, 230.0799, 253.7456, 240.7021, 231.3290, 240.2788
5 296 9.870000 231.2456, 231.7008, 253.7078, 232.0369, 253.5486, 242.6747, 231.0864, 242.3385
5 297 9.900000 231.0452, 233.7287, 253.5666, 234.4043, 253.2494, 244.9800, 230.7279, 244.3044
5 298 9.940000 230.7006, 236.8342, 253.2944, 237.6806, 252.8995, 248.2200, 230.3058, 247.3736
5 299 9.970000 230.3919, 239.4516, 253.0404, 240.2393, 252.6738, 250.7818, 230.0252, 249.9941
5 300 10.000000 230.1653, 242.0494, 252.8694, 243.1312, 252.3706, 253.5975, 229.6665, 252.5157
5 301 10.040000 229.8163, 245.5759, 252.5845, 246.7393, 252.0504, 257.1921, 229.2822, 256.0288
5 302 10.070000 229.5076, 248.1879, 252.3129, 249.0742, 251.9033, 259.6147, 229.0980, 258.7285
5 303 10.100000 229.4008, 250.3509, 252.2389, 251.7274, 251.6088, 262.1827, 228.7707, 260.8063
5 304 10.140000 229.1851, 253.2671, 252.0440, 254.7448, 251.3694, 265.1802, 228.5105, 263.7026
5 305 10.170000 228.9411, 255.5260, 251.8311, 256.6068, 251.3349, 267.1165, 228.4448, 266.0357
5 306 10.200000 228.9124, 257.4047, 251.7937, 258.8310, 251.1437, 269.2584, 228.2624, 267.8321
5 307 10.240000 228.8009, 260.0195, 251.6828, 261.4465, 251.0361, 271.8174, 228.1541, 270.3904
5 308 10.270000 228.6639, 262.0705, 251.5410, 263.1261, 251.0600, 273.5526, 228.1828, 272.4971
5 309 10.300000 228.6986, 263.8405, 251.5582, 265.1619, 250.9597, 275.5161, 228.1000, 274.1947
5 310 10.340000 228.6792, 266.3517, 251.5095, 267.5954, 250.9435, 277.9855, 228.1132, 276.7418
5 311 10.370000 228.6134, 268.4118, 251.4181, 269.2936, 251.0151, 279.7179, 228.2103, 278.8361
5 312 10.400000 228.6984, 270.2849, 251.4580, 271.3737, 250.9630, 281.7223, 228.2034, 280.6334
5 313 10.440000 228.7293, 273.0858, 251.4231, 274.0256, 250.9978, 284.2961, 228.3039, 283.3563
5 314 10.470000 228.7125, 275.3296, 251.3570, 275.9508, 251.0750, 286.2292, 228.4305, 285.6079
5 315 10.500000 228.8231, 277.3688, 251.4026, 278.1678, 251.0414, 288.3778, 228.4618, 287.5789
5 316 10.540000 228.9215, 280.0332, 251.4159, 280.7866, 251.0767, 290.9150, 228.5823, 290.1616
5 317 10.570000 228.9036, 282.0102, 251.3250, 282.2484, 251.2176, 292.3486, 228.7963, 292.1103
5 318 10.600000 229.0627, 283.4413, 251.4086, 283.9093, 251.2002, 293.8614, 228.8543, 293.3933
5 319 10.640000 229.1559, 285.2756, 251.3879, 285.5051, 251.2869, 295.2893, 229.0549, 295.0597
5 320 10.670000 229.1625, 286.5243, 251.3064, 286.3298, 251.3916, 296.0267, 229.2477, 296.2212
5 321 10.700000 229.3158, 287.2648, 251.3708, 287.3656, 251.3272, 296.8953, 229.2722, 296.7945
5 322 10.740000 229.4231, 288.1423, 251.3534, 288.3034, 251.2849, 297.6353, 229.3546, 297.4742
5 323 10.770000 229.3962, 288.7973, 251.2302, 288.5882, 251.3186, 297.8202, 229.4846, 298.0292
5 324 10.800000 229.5238, 288.9398, 251.2560, 289.1514, 251.1669, 298.3003, 229.4348, 298.0887
5 325 10.840000 229.5704, 289.0790, 251.1643, 289.3870, 251.0338, 298.5371, 229.4399, 298.2290
5 326 10.870000 229.5206, 289.0580, 251.0194, 289.1282, 250.9892, 298.3590, 229.4904, 298.2889
5 327 10.900000 229.6329, 288.4676, 251.0091, 289.0414, 250.7572, 298.4248, 229.3810, 297.8510
5 328 10.940000 229.6609, 287.7295, 250.8886, 288.4721, 250.5558, 297.9861, 229.3281, 297.2435
5 329 10.970000 229.5645, 287.2749, 250.7093, 287.6929, 250.5204, 297.2482, 229.3756, 296.8302
5 330 11.000000 229.6470, 286.3733, 250.6624, 287.1713, 250.2965, 296.8099, 229.2810, 296.0120
5 331 11.040000 229.6423, 285.5195, 250.5096, 286.4120, 250.0946, 296.1153, 229.2273, 295.2228
5 332 11.070000 229.6356, 285.0596, 250.3916, 286.0414, 249.9290, 295.8189, 229.1731, 294.8371
5 333 11.100000 229.7283, 284.6074, 250.3361, 286.0267, 249.6556, 295.9071, 229.0478, 294.4878
5 334 11.140000 229.7779, 284.4592, 250.2144, 286.1721, 249.3750, 296.1872, 228.9385, 294.4743
5 335 11.170000 229.7582, 284.6788, 250.0965, 286.3986, 249.2409, 296.5169, 228.9026, 294.7972
5 336 11.200000 229.8521, 284.9263, 250.0444, 286.9569, 249.0153, 297.1907, 228.8230, 295.1601
5 337 11.240000 229.9134, 285.6889, 249.9524, 287.8607, 248.8267, 298.2473, 228.7877, 296.0756
5 338 11.270000 229.9103, 286.5839, 249.8712, 288.6668, 248.7752, 299.1703, 228.8143, 297.0875
5 339 11.300000 230.0355, 287.5262, 249.8589, 289.8214, 248.6288, 300.4458, 228.8054, 298.1506
5 340 11.340000 230.1387, 289.2458, 249.8276, 291.5726, 248.5525, 302.3615, 228.8637, 300.0348
5 341 11.370000 230.1725, 290.8900, 249.7957, 293.0811, 248.5766, 303.9989, 228.9535, 301.8079
5 342 11.400000 230.3200, 292.6648, 249.8196, 294.9733, 248.5115, 306.0227, 229.0119, 303.7141
5 343 11.440000 230.4523, 295.5645, 249.8335, 297.8221, 248.5247, 309.0580, 229.1435, 306.8003
5 344 11.470000 230.5150, 298.1128, 249.8361, 300.2128, 248.5991, 311.5938, 229.2780, 309.4938
5 345 11.500000 230.6792, 300.7502, 249.8913, 302.8825, 248.6111, 314.4176, 229.3990, 312.2853
5 346 11.540000 230.8935, 304.3364, 250.0057, 306.3676, 248.7609, 318.0802, 229.6487, 316.0489
5 347 11.570000 231.0430, 306.9498, 250.1343, 308.7674, 249.0105, 320.5721, 229.9191, 318.7545
5 348 11.600000 231.4107, 309.2572, 250.3903, 311.2605, 249.1470, 323.0397, 230.1674, 321.0364
5 349 11.640000 231.8450, 312.2446, 250.7606, 314.1878, 249.5484, 325.9867, 230.6329, 324.0434
5 350 11.670000 232.0568, 314.5413, 251.0255, 316.0638, 250.0769, 327.8826, 231.1082, 326.3600
5 351 11.700000 232.5642, 316.4850, 251.4322, 318.1600, 250.3858, 329.9473, 231.5177, 328.2723
5 352 11.740000 233.1686, 319.0976, 251.9874, 320.7081, 250.9798, 332.4813, 232.1610, 330.8709
5 353 11.770000 233.5004, 321.2048, 252.3717, 322.4118, 251.6219, 334.1360, 232.7506, 332.9291
5 354 11.800000 234.1031, 323.0054, 252.8937, 324.3810, 252.0402, 336.0395, 233.2497, 334.6639
5 355 11.840000 234.7657, 325.6116, 253.5497, 326.8168, 252.8088, 338.3648, 234.0247, 337.1596
5 356 11.870000 235.1945, 327.6875, 254.0215, 328.5535, 253.4936, 340.0307, 234.6665, 339.1646
5 357 11.900000 235.8057, 329.5971, 254.5909, 330.5461, 254.0156, 341.9344, 235.2304, 340.9854
5 358 11.940000 236.5037, 332.3886, 255.3035, 333.1421, 254.8516, 344.4183, 236.0518, 343.6649
5 359 11.970000 236.9419, 334.6900, 255.7969, 335.0732, 255.5698, 346.2456, 236.7148, 345.8623
5 360 12.000000 237.5235, 336.8590, 256.3699, 337.2572, 256.1361, 348.3230, 237.2897, 347.9249
5 361 12.040000 238.2148, 339.8666, 257.0857, 340.0892, 256.9568, 351.0157, 238.0859, 350.7931
5 362 12.070000 238.6658, 342.1715, 257.5724, 342.0940, 257.6169, 352.9442, 238.7103, 353.0217
5 363 12.100000 239.2832, 344.1847, 258.1551, 344.3132, 258.0814, 355.1278, 239.2096, 354.9993
5 364 12.140000 239.9568, 347.0548, 258.8275, 347.0866, 258.8093, 357.8697, 239.9387, 357.8379
5 365 12.170000 240.3574, 349.3577, 259.2543, 349.0611, 259.4233, 359.8335, 240.5265, 360.1301
5 366 12.200000 240.8876, 351.4661, 259.7576, 351.2785, 259.8648, 362.0699, 240.9948, 362.2575
5 367 12.240000 241.4437, 354.5446, 260.3141, 354.1596, 260.5350, 364.9839, 241.6645, 365.3689
5 368 12.270000 241.7557, 357.0634, 260.6455, 356.3058, 261.0808, 367.1581, 242.1910, 367.9157
5 369 12.300000 242.1614, 359.4809, 261.0327, 358.7314, 261.4661, 369.6427, 242.5947, 370.3922
5 370 12.340000 242.5505, 363.0609, 261.4215, 362.0312, 262.0216, 373.0300, 243.1507, 374.0597
5 371 12.370000 242.7423, 366.0281, 261.6228, 364.6238, 262.4461, 375.6937, 243.5657, 377.0979
5 372 12.400000 242.9970, 369.0219, 261.8615, 367.5757, 262.7182, 378.7499, 243.8537, 380.1961
5 373 12.440000 243.2074, 373.4804, 262.0623, 371.8019, 263.0700, 383.1212, 244.2150, 384.7997
5 374 12.470000 243.2840, 377.1388, 262.1350, 375.2161, 263.3006, 386.6432, 244.4495, 388.5660
5 375 12.500000 243.3908, 380.7694, 262.2389, 378.8806, 263.3972, 390.4401, 244.5492, 392.3289
5 376 12.540000 243.3601, 385.4202, 262.2317, 383.4631, 263.4463, 395.1755, 244.5747, 397.1326
5 377 12.570000 243.0763, 388.6122, 261.9327, 386.2543, 263.4255, 398.1923, 244.5691, 400.5502
5 378 12.600000 242.8991, 391.1197, 261.7914, 388.9802, 263.1616, 401.0788, 244.2692, 403.2183
5 379 12.640000 242.2990, 394.0690, 261.1954, 391.7518, 262.7189, 404.1752, 243.8224, 406.4924
5 380 12.670000 241.6631, 395.9920, 260.6025, 393.4013, 262.3231, 405.9798, 243.3838, 408.5705
5 381 12.700000 241.0804, 397.3557, 260.0367, 394.9704, 261.6382, 407.6973, 242.6819, 410.0826
5 382 12.740000 240.1694, 398.6453, 259.1383, 396.6281, 260.5161, 409.5842, 241.5472, 411.6014
5 383 12.770000 239.0722, 399.6875, 258.1307, 397.2219, 259.8191, 410.2727, 240.7606, 412.7383
5 384 12.800000 238.4081, 399.6920, 257.4313, 398.1084, 258.5399, 411.4257, 239.5167, 413.0093
5 385 12.840000 237.0034, 399.8673, 256.0524, 398.4936, 257.0244, 411.9716, 237.9754, 413.3454
5 386 12.870000 235.8710, 399.6887, 254.9396, 398.4621, 255.8145, 412.0631, 236.7458, 413.2897
5 387 12.900000 234.9301, 398.9304, 254.0251, 398.3881, 254.4168, 412.1809, 235.3218, 412.7232
5 388 12.940000 233.4216, 397.7362, 252.5298, 397.6459, 252.5962, 411.6910, 233.4880, 411.7813
5 389 12.970000 232.0999, 396.7315, 251.2188, 396.6420, 251.2853, 410.8381, 232.1663, 410.9276
5 390 13.000000 230.9641, 395.3520, 250.0854, 395.6331, 249.8748, 409.9560, 230.7536, 409.6749
5 391 13.040000 229.4169, 393.4623, 248.5403, 394.1551, 248.0163, 408.6180, 228.8929, 407.9252
5 392 13.070000 228.1006, 392.2155, 247.2812, 392.9284, 246.7402, 407.4851, 227.5596, 406.7722
5 393 13.100000 227.1902, 390.6479, 246.2982, 392.0674, 245.2087, 406.7333, 226.1007, 405.3138
5 394 13.140000 225.7100, 388.8815, 244.8075, 390.6898, 243.4081, 405.4701, 224.3105, 403.6618
5 395 13.170000 224.5498, 387.6489, 243.6578, 389.5754, 242.1593, 404.4392, 223.0513, 402.5128
5 396 13.200000 223.6698, 386.2284, 242.7437, 388.6500, 240.8477, 403.5844, 221.7738, 401.1628
5 397 13.240000 222.4025, 384.4505, 241.4691, 387.1977, 239.3005, 402.2485, 220.2339, 399.5013
5 398 13.270000 221.3375, 383.2245, 240.4667, 385.9016, 238.3477, 401.0427, 219.2185, 398.3655
5 399 13.300000 220.6566, 381.7411, 239.7385, 384.8136, 237.2935, 399.9984, 218.2116, 396.9258
5 400 13.340000 219.7863, 379.7464, 238.8598, 383.1756, 236.1226, 398.3997, 217.0492, 394.9704
5 401 13.370000 218.9795, 378.3249, 238.1938, 381.6059, 235.5822, 396.9001, 216.3679, 393.6191
5 402 13.400000 218.7332, 376.5006, 237.8302, 380.2812, 234.8035, 395.5693, 215.7066, 391.7886
5 403 13.440000 218.3588, 374.0190, 237.4638, 378.0993, 234.1969, 393.3958, 215.0919, 389.3156
5 404 13.470000 218.0379, 372.1218, 237.2469, 376.1296, 234.0520, 391.4418, 214.8431, 387.4340
5 405 13.500000 218.4139, 369.8096, 237.4874, 374.5516, 233.7105, 389.7430, 214.6371, 385.0010
5 406 13.540000 218.6001, 367.0950, 237.6992, 372.0802, 233.7446, 387.2309, 214.6455, 382.2457
5 407 13.570000 218.6369, 365.3415, 237.8410, 370.1769, 234.0095, 385.3937, 214.8055, 380.5582
5 408 13.600000 218.9607, 363.6434, 238.2083, 368.5943, 234.2838, 383.8515, 215.0362, 378.9006
5 409 13.640000 219.3990, 361.6890, 238.7669, 366.5603, 234.9021, 381.9262, 215.5343, 377.0549
5 410 13.670000 219.6711, 360.4753, 239.3326, 365.0423, 235.7338, 380.5358, 216.0723, 375.9689
5 411 13.700000 220.3455, 359.1890, 240.0648, 363.8424, 236.3902, 379.4138, 216.6709, 374.7604
5 412 13.740000 221.2070, 357.7279, 241.1799, 362.1930, 237.6644, 377.9182, 217.6916, 373.4531
5 413 13.770000 221.8082, 356.8271, 242.1097, 360.8896, 238.9369, 376.7451, 218.6354, 372.6826
5 414 13.800000 222.8342, 355.7705, 243.2156, 359.8767, 240.0081, 375.7975, 219.6267, 371.6913
5 415 13.840000 224.0771, 354.6069, 244.7927, 358.3339, 241.9117, 374.3473, 221.1961, 370.6203
5 416 13.870000 224.9672, 353.8644, 246.0549, 357.0439, 243.6318, 373.1150, 222.5441, 369.9355
5 417 13.900000 226.2435, 352.8897, 247.4840, 355.9559, 245.1617, 372.0434, 223.9212, 368.9772
5 418 13.940000 227.9319, 351.6532, 249.4899, 354.3277, 247.4969, 370.3930, 225.9388, 367.7185
5 419 13.970000 229.0689, 350.8846, 251.0090, 352.8638, 249.5642, 368.8799, 227.6242, 366.9007
5 420 14.000000 230.7344, 349.6968, 252.7458, 351.8052, 251.2173, 367.7622, 229.2060, 365.6538
5 421 14.040000 232.6146, 348.6697, 254.9867, 350.1923, 253.9031, 366.1132, 231.5311, 364.5906
5 422 14.070000 233.9265, 348.3168, 256.6396, 349.1169, 256.0821, 364.9449, 233.3689, 364.1448
5 423 14.100000 235.5203, 347.9084, 258.4189, 348.5068, 258.0074, 364.2529, 235.1089, 363.6546
5 424 14.140000 237.5003, 347.8939, 260.7270, 347.8703, 260.7428, 363.4272, 237.5161, 363.4509
5 425 14.170000 238.9568, 348.1488, 262.4405, 347.5753, 262.8165, 362.9739, 239.3329, 363.5474
5 426 14.200000 240.5582, 348.3902, 264.2207, 347.6191, 264.7178, 362.8764, 241.0554, 363.6474
5 427 14.240000 242.6413, 349.0070, 266.5661, 347.9338, 267.2409, 362.9769, 243.3161, 364.0501
5 428 14.270000 244.0510, 349.8983, 268.2086, 348.2366, 269.2259, 363.0255, 245.0683, 364.6873
5 429 14.300000 245.6784, 350.5649, 270.0002, 349.0379, 270.9169, 363.6409, 246.5952, 365.1678
5 430 14.340000 247.6118, 352.0720, 272.1962, 350.1755, 273.2972, 364.4482, 248.7128, 366.3447
5 431 14.370000 249.0064, 353.4589, 273.8007, 351.2679, 275.0406, 365.2982, 250.2462, 367.4892
5 432 14.400000 250.4709, 354.8901, 275.4433, 352.7571, 276.6247, 366.5883, 251.6522, 368.7212
5 433 14.440000 252.2988, 357.3207, 277.5369, 355.1044, 278.7268, 368.6541, 253.4887, 370.8705
5 434 14.470000 253.5551, 359.6171, 278.9911, 357.0906, 280.3153, 370.4221, 254.8793, 372.9486
5 435 14.500000 254.8815, 361.8482, 280.5138, 359.5011, 281.7263, 372.7426, 256.0940, 375.0897
5 436 14.540000 256.4825, 365.0677, 282.3853, 362.7297, 283.5680, 375.8333, 257.6653, 378.1714
5 437 14.570000 257.5358, 367.5643, 283.6415, 364.9964, 284.9143, 377.9366, 258.8086, 380.5044
5 438 14.600000 258.6282, 369.6547, 284.9467, 367.3910, 286.0503, 380.2223, 259.7319, 382.4860
5 439 14.640000 259.8683, 372.4498, 286.4642, 370.2258, 287.5233, 382.8918, 260.9274, 385.1158
5 440 14.670000 260.6184, 374.6076, 287.4058, 372.0241, 288.6130, 384.5414, 261.8256, 387.1249
5 441 14.700000 261.4284, 376.0153, 288.4400, 373.8570, 289.4498, 386.4947, 262.4382, 388.6530
5 442 14.740000 262.2464, 378.0076, 289.5282, 375.7974, 290.5644, 388.5873, 263.2826, 390.7975
5 443 14.770000 262.6623, 379.6007, 290.1194, 376.8993, 291.3865, 389.7781, 263.9295, 392.4796
5 444 14.800000 263.1781, 380.6151, 290.8611, 378.3263, 291.9409, 391.3866, 264.2579, 393.6753
5 445 14.840000 263.5946, 382.0965, 291.5421, 379.7657, 292.6469, 393.0131, 264.6994, 395.3438
5 446 14.870000 263.7030, 383.2963, 291.8194, 380.5036, 293.1458, 393.8576, 265.0294, 396.6503
5 447 14.900000 263.8993, 383.9283, 292.2397, 381.5590, 293.3630, 394.9948, 265.0226, 397.3641
5 448 14.940000 263.8803, 384.8836, 292.4795, 382.4992, 293.6072, 396.0249, 265.0080, 398.4093
5 449 14.970000 263.6441, 385.7083, 292.4066, 382.8368, 293.7631, 396.4236, 265.0005, 399.2951
