76 0 0.010000 75.2198, 239.4473, 101.4751, 240.3962, 101.1172, 250.2979, 74.8620, 249.3491
76 1 0.040000 75.1894, 239.9621, 101.4464, 240.9106, 101.0892, 250.7978, 74.8322, 249.8492
76 2 0.070000 75.1215, 241.1073, 101.3824, 242.0551, 101.0267, 251.9098, 74.7658, 250.9619
76 3 0.110000 74.9729, 243.6157, 101.2424, 244.5620, 100.8899, 254.3455, 74.6205, 253.3991
76 4 0.140000 74.8179, 246.2339, 101.0962, 247.1788, 100.7471, 256.8878, 74.4688, 255.9430
76 5 0.170000 74.6253, 249.4850, 100.9147, 250.4278, 100.5698, 260.0444, 74.2804, 259.1016
76 6 0.200000 74.4304, 253.3680, 100.7098, 254.4479, 100.3249, 263.8149, 74.0455, 262.7351
76 7 0.240000 76.1909, 254.1708, 101.3197, 260.5798, 98.1369, 273.0589, 73.0082, 266.6499
76 8 0.270000 77.8028, 254.5173, 101.9878, 263.0458, 97.2139, 276.5837, 73.0288, 268.0552
76 9 0.310000 80.1977, 253.8053, 103.6296, 263.5502, 97.8245, 277.5088, 74.3926, 267.7639
76 10 0.340000 82.3422, 252.3070, 105.5152, 262.4268, 99.4124, 276.4014, 76.2394, 266.2816
76 11 0.370000 84.0663, 250.9011, 107.7396, 260.2170, 102.4372, 273.6912, 78.7639, 264.3753
76 12 0.400000 86.6505, 248.6263, 110.4050, 257.7580, 105.3714, 270.8520, 81.6169, 261.7203
76 13 0.440000 90.1783, 245.7234, 114.2662, 254.0461, 110.1135, 266.0648, 86.0257, 257.7421
76 14 0.470000 92.9790, 243.5361, 117.4492, 250.9505, 114.0446, 262.1868, 89.5744, 254.7724
76 15 0.500000 96.2291, 241.0207, 120.8955, 248.1678, 117.8549, 258.6616, 93.1885, 251.5144
76 16 0.540000 100.6431, 238.1266, 125.6543, 244.4597, 123.2044, 254.1348, 98.1932, 247.8017
76 17 0.570000 104.0538, 236.0965, 129.3679, 241.3777, 127.3555, 251.0236, 102.0414, 245.7424
76 18 0.610000 108.9148, 233.2857, 134.4582, 237.4203, 132.7055, 248.2485, 107.1621, 244.1139
76 19 0.640000 112.6888, 231.4318, 138.3126, 234.8548, 136.7643, 246.4447, 111.1405, 243.0218
76 20 0.670000 116.4622, 229.8806, 142.1169, 232.2510, 140.9711, 244.6519, 115.3164, 242.2815
76 21 0.700000 120.3988, 228.3028, 146.0164, 229.9824, 145.1596, 243.0502, 119.5420, 241.3706
76 22 0.740000 125.7144, 226.3490, 151.1760, 226.9214, 150.8638, 240.8088, 125.4022, 240.2364
76 23 0.770000 129.7359, 224.9195, 154.9687, 224.5045, 155.2067, 238.9731, 129.9738, 239.3880
76 24 0.800000 133.8832, 223.1968, 158.9367, 222.3051, 159.4669, 237.2004, 134.4134, 238.0921
76 25 0.840000 139.4197, 220.7016, 164.1738, 219.1777, 165.1196, 234.5415, 140.3655, 236.0653
76 26 0.870000 143.5298, 218.7284, 167.9678, 216.5952, 169.3293, 232.1922, 144.8912, 234.3254
76 27 0.900000 147.7227, 216.2000, 172.1127, 214.2520, 173.3653, 229.9355, 148.9753, 231.8835
76 28 0.940000 153.1193, 212.8602, 177.1639, 210.4538, 178.7400, 226.2014, 154.6953, 228.6078
76 29 0.970000 157.0466, 210.2755, 180.6835, 207.2578, 182.6969, 223.0279, 159.0600, 226.0456
76 30 1.000000 161.0020, 207.1494, 184.6266, 204.4217, 186.4451, 220.1722, 162.8205, 222.8999
76 31 1.040000 166.0481, 203.4720, 189.3074, 200.3736, 191.4054, 216.1231, 168.1461, 219.2215
76 32 1.070000 169.6918, 201.1887, 192.4620, 197.3975, 195.0755, 213.0938, 172.3053, 216.8850
76 33 1.110000 174.4743, 198.3161, 196.7828, 194.0511, 199.7601, 209.6243, 177.4516, 213.8893
76 34 1.140000 177.9599, 196.3521, 200.0285, 191.9233, 203.1299, 207.3778, 181.0613, 211.8065
76 35 1.170000 181.3017, 194.7343, 202.9985, 189.9093, 206.3993, 205.2018, 184.7026, 210.0269
76 36 1.210000 185.5823, 192.7818, 206.9618, 187.6830, 210.5471, 202.7159, 189.1676, 207.8147
76 37 1.240000 188.6665, 191.3764, 209.9820, 186.3937, 213.4537, 201.2454, 192.1382, 206.2281
76 38 1.270000 191.5653, 190.3540, 212.6339, 185.1327, 216.2557, 199.7476, 195.1872, 204.9688
76 39 1.310000 195.2006, 189.0677, 216.1433, 183.8582, 219.7122, 198.2053, 198.7695, 203.4148
76 40 1.340000 197.7799, 188.1704, 218.7583, 183.2273, 222.0903, 197.3683, 201.1119, 202.3114
76 41 1.370000 200.1486, 187.6703, 220.9714, 182.5812, 224.3670, 196.4749, 203.5441, 201.5640
76 42 1.410000 203.1307, 187.0236, 223.9644, 182.2022, 227.1052, 195.7738, 206.2715, 200.5953
76 43 1.440000 205.1943, 186.6589, 226.0818, 182.1270, 228.9833, 195.5001, 208.0958, 200.0320
76 44 1.470000 207.0932, 186.5145, 227.9675, 182.1373, 230.7267, 195.2953, 209.8523, 199.6725
76 45 1.510000 209.3849, 186.4351, 230.2904, 182.3263, 232.8230, 195.2126, 211.9176, 199.3214
76 46 1.540000 210.9868, 186.1961, 232.0528, 182.7127, 234.1473, 195.3795, 213.0813, 198.8628
76 47 1.570000 212.3338, 186.2478, 233.3730, 182.7893, 235.4134, 195.2022, 214.3742, 198.6607
76 48 1.610000 213.9472, 186.0230, 235.0602, 182.9477, 236.8270, 195.0772, 215.7140, 198.1526
76 49 1.640000 215.0217, 185.6461, 236.2446, 183.0629, 237.7007, 195.0252, 216.4778, 197.6085
76 50 1.670000 215.8877, 185.4089, 237.1106, 182.8728, 238.5219, 194.6827, 217.2990, 197.2189
76 51 1.710000 216.9013, 184.7885, 238.2089, 182.6181, 239.3934, 194.2470, 218.0857, 196.4174
76 52 1.740000 217.6231, 183.9678, 239.0748, 182.5407, 239.8394, 194.0324, 218.3876, 195.4595
76 53 1.770000 218.1046, 183.3680, 239.5785, 181.9467, 240.3351, 193.3778, 218.8612, 194.7991
76 54 1.810000 218.7092, 182.0964, 240.2897, 181.1581, 240.7854, 192.5587, 219.2049, 193.4970
76 55 1.840000 219.1446, 180.8290, 240.8309, 180.5314, 240.9870, 191.9034, 219.3007, 192.2010
76 56 1.870000 219.3708, 179.7148, 241.0983, 179.3505, 241.2898, 190.7684, 219.5623, 191.1327
76 57 1.910000 219.7688, 177.6216, 241.6143, 177.8710, 241.4840, 189.2840, 219.6385, 189.0345
76 58 1.940000 220.0924, 175.7375, 242.0353, 176.6512, 241.5606, 188.0519, 219.6177, 187.1382
76 59 1.970000 220.2304, 174.0244, 242.2303, 174.8424, 241.8026, 186.3470, 219.8027, 185.5291
76 60 2.010000 220.5040, 171.4758, 242.6067, 172.5638, 242.0374, 184.1273, 219.9348, 183.0393
76 61 2.040000 220.8283, 169.4619, 243.0115, 171.2152, 242.0984, 182.7671, 219.9152, 181.0137
76 62 2.070000 221.0507, 167.8248, 243.2993, 169.8102, 242.2635, 181.4179, 220.0149, 179.4326
76 63 2.110000 221.4460, 165.8508, 243.7647, 168.4244, 242.4214, 180.0745, 220.1026, 177.5009
76 64 2.140000 221.8205, 164.5516, 244.1696, 167.7320, 242.5123, 179.3787, 220.1632, 176.1984
76 65 2.170000 222.1063, 163.6438, 244.4948, 166.9698, 242.7516, 178.7041, 220.3631, 175.3781
76 66 2.210000 222.5940, 162.6841, 245.0236, 166.3584, 243.0878, 178.1751, 220.6583, 174.5008
76 67 2.240000 223.0425, 162.1436, 245.4925, 166.1782, 243.3618, 178.0344, 220.9118, 173.9997
76 68 2.270000 223.4057, 161.9918, 245.9101, 165.8947, 243.8276, 177.9022, 221.3233, 173.9993
76 69 2.310000 224.0325, 162.0259, 246.5891, 165.9542, 244.4716, 178.1127, 221.9151, 174.1844
76 70 2.340000 224.5888, 162.2728, 247.1732, 166.3013, 244.9894, 178.5441, 222.4050, 174.5155
76 71 2.370000 225.0801, 162.9113, 247.7090, 166.6420, 245.6645, 179.0433, 223.0356, 175.3126
76 72 2.410000 225.8282, 164.1177, 248.4968, 167.5242, 246.6059, 180.1069, 223.9374, 176.7004
76 73 2.440000 226.4715, 165.2662, 249.1651, 168.5738, 247.3175, 181.2499, 224.6240, 177.9423
76 74 2.470000 227.0259, 166.8599, 249.7333, 169.6067, 248.1789, 182.4560, 225.4715, 179.7091
76 75 2.510000 227.8523, 169.2812, 250.5580, 171.4171, 249.3343, 184.4267, 226.6285, 182.2908
76 76 2.540000 228.5607, 171.1668, 251.2669, 173.0506, 250.1805, 186.1459, 227.4742, 184.2620
76 77 2.570000 229.2293, 173.2607, 251.9070, 174.6300, 251.1103, 187.8240, 228.4326, 186.4547
76 78 2.610000 230.2199, 176.0393, 252.8734, 177.0171, 252.3008, 190.2850, 229.6473, 189.3073
76 79 2.640000 231.0265, 178.1171, 253.6871, 179.0382, 253.1479, 192.3036, 230.4873, 191.3825
76 80 2.670000 231.7246, 180.5009, 254.3264, 180.8928, 254.0958, 194.1931, 231.4940, 193.8012
76 81 2.710000 232.7177, 183.7056, 255.2772, 183.7226, 255.2672, 196.9952, 232.7078, 196.9783
76 82 2.740000 233.4866, 186.1659, 256.0464, 186.1099, 256.0792, 199.3213, 233.5194, 199.3773
76 83 2.770000 234.1332, 188.9943, 256.6115, 188.4051, 256.9569, 201.5832, 234.4786, 202.1723
76 84 2.800000 234.8324, 191.8178, 257.3014, 191.1049, 257.7167, 204.1960, 235.2478, 204.9089
76 85 2.840000 235.6461, 196.0584, 258.0470, 194.8970, 258.7198, 207.8740, 236.3189, 209.0354
76 86 2.870000 236.1788, 199.6102, 258.4966, 197.9749, 259.4406, 210.8574, 237.1228, 212.4927
76 87 2.900000 236.7208, 203.3079, 259.0251, 201.5129, 260.0521, 214.2735, 237.7478, 216.0686
76 88 2.940000 237.3259, 208.8200, 259.5731, 206.6303, 260.8119, 219.2170, 238.5648, 221.4067
76 89 2.970000 237.6909, 213.3349, 259.8731, 210.7537, 261.3220, 223.2047, 239.1397, 225.7859
76 90 3.000000 238.0211, 217.8659, 260.2113, 215.1769, 261.7027, 227.4846, 239.5126, 230.1736
76 91 3.040000 238.2629, 223.7876, 260.4434, 220.8743, 262.0340, 232.9839, 239.8534, 235.8972
76 92 3.070000 238.2530, 227.9872, 260.3920, 224.7703, 262.1216, 236.6730, 239.9825, 239.8899
76 93 3.100000 238.1822, 231.6107, 260.4172, 228.6681, 261.9502, 240.2522, 239.7153, 243.1948
76 94 3.140000 237.6704, 236.3619, 259.8302, 232.8514, 261.6157, 244.1223, 239.4559, 247.6328
76 95 3.170000 237.0735, 239.6107, 259.1557, 235.6129, 261.1588, 246.6773, 239.0766, 250.6751
76 96 3.200000 236.3940, 242.2164, 258.5971, 238.4890, 260.4229, 249.3649, 238.2198, 253.0923
76 97 3.240000 235.1865, 245.4290, 257.4967, 241.9011, 259.1787, 252.5384, 236.8685, 256.0663
76 98 3.270000 233.9923, 247.8656, 256.2905, 243.9591, 258.1290, 254.4530, 235.8308, 258.3595
76 99 3.300000 232.7666, 249.6477, 255.2410, 246.3047, 256.7826, 256.6690, 234.3082, 260.0120
76 100 3.340000 230.8373, 251.9552, 253.4766, 249.0128, 254.8049, 259.2328, 232.1655, 262.1752
76 101 3.370000 229.1551, 253.7411, 251.8570, 250.6642, 253.2307, 260.7994, 230.5288, 263.8763
76 102 3.400000 227.4894, 254.9952, 250.3703, 252.6639, 251.3883, 262.6545, 228.5073, 264.9858
76 103 3.440000 224.9774, 256.8150, 248.0159, 254.8232, 248.8812, 264.8325, 225.8427, 266.8243
76 104 3.470000 222.9440, 258.1556, 246.0830, 256.2448, 246.9103, 266.2628, 223.7713, 268.1736
76 105 3.500000 220.9114, 259.1544, 244.1920, 257.8372, 244.7620, 267.9116, 221.4814, 269.2287
76 106 3.540000 218.0406, 260.4120, 241.4738, 259.6257, 241.8179, 269.8804, 218.3847, 270.6666
76 107 3.570000 215.7276, 261.5552, 239.2692, 260.7329, 239.6298, 271.0572, 216.0882, 271.8795
76 108 3.600000 213.5316, 262.2117, 237.1781, 262.1237, 237.2172, 272.6381, 213.5707, 272.7260
76 109 3.640000 210.4345, 263.3668, 234.2140, 263.7233, 234.0541, 274.3885, 210.2746, 274.0320
76 110 3.670000 208.0038, 264.3918, 231.8946, 264.7648, 231.7269, 275.5041, 207.8361, 275.1310
76 111 3.700000 205.7104, 265.0613, 229.6726, 266.0550, 229.2209, 276.9481, 205.2586, 275.9543
76 112 3.740000 202.5299, 266.2052, 226.6081, 267.5814, 225.9765, 278.6330, 201.8982, 277.2568
76 113 3.770000 200.0653, 267.2404, 224.2572, 268.6231, 223.6209, 279.7556, 199.4290, 278.3729
76 114 3.800000 197.7746, 267.9771, 222.0126, 269.9380, 221.0996, 281.2245, 196.8615, 279.2637
76 115 3.840000 194.6295, 269.2591, 218.9662, 271.5956, 217.8683, 283.0306, 193.5317, 280.6941
76 116 3.870000 192.1952, 270.4671, 216.6522, 272.7794, 215.5636, 284.2934, 191.1066, 281.9810
76 117 3.900000 189.9737, 271.4333, 214.4514, 274.2965, 213.0878, 285.9533, 188.6101, 283.0900
76 118 3.940000 186.9610, 273.0372, 211.5098, 276.3182, 209.9303, 288.1358, 185.3816, 284.8549
76 119 3.970000 184.6946, 274.4150, 209.3262, 277.8568, 207.6612, 289.7724, 183.0296, 286.3306
76 120 4.000000 182.7077, 275.4886, 207.2787, 279.6642, 205.2311, 291.7132, 180.6601, 287.5377
76 121 4.040000 180.0927, 276.9187, 204.6461, 281.7402, 202.2674, 293.8533, 177.7141, 289.0318
76 122 4.070000 177.9594, 278.1481, 202.7283, 282.6443, 200.5360, 294.7212, 175.7671, 290.2250
76 123 4.100000 176.3112, 278.6478, 201.0566, 283.6578, 198.6116, 295.7337, 173.8663, 290.7237
76 124 4.140000 174.1223, 279.1857, 198.9966, 284.3379, 196.5129, 296.3287, 171.6386, 291.1764
76 125 4.170000 172.4788, 279.5230, 197.5803, 284.3366, 195.3064, 296.1940, 170.2050, 291.3805
76 126 4.200000 171.4130, 279.0278, 196.4375, 284.5439, 193.8406, 296.3251, 168.8161, 290.8091
76 127 4.240000 170.0202, 278.2848, 195.1080, 284.1482, 192.3983, 295.7423, 167.3105, 289.8789
76 128 4.270000 169.0092, 277.6632, 194.2797, 283.3412, 191.7203, 294.7322, 166.4498, 289.0542
76 129 4.300000 168.6077, 276.2215, 193.7397, 282.7112, 190.8360, 293.9563, 165.7040, 287.4667
76 130 4.340000 168.1388, 274.2295, 193.2905, 281.1162, 190.2900, 292.0747, 165.1383, 285.1880
76 131 4.370000 167.8342, 272.7017, 193.1840, 279.3038, 190.4064, 289.9688, 165.0566, 283.3668
76 132 4.400000 168.2012, 270.2970, 193.4089, 277.6277, 190.3756, 288.0579, 165.1679, 280.7272
76 133 4.440000 168.8639, 266.8737, 194.1016, 274.4456, 191.0645, 284.5685, 165.8268, 276.9966
76 134 4.470000 169.5938, 263.8925, 195.0023, 271.1477, 192.0595, 281.4538, 166.6510, 274.1986
76 135 4.500000 171.0667, 260.2187, 196.1905, 268.5084, 192.7866, 278.8246, 167.6629, 270.5349
76 136 4.540000 172.9195, 255.8061, 198.0618, 264.1874, 194.5184, 274.8169, 169.3761, 266.4356
76 137 4.570000 174.3144, 252.8466, 199.6411, 260.7129, 196.2091, 271.7628, 170.8824, 263.8965
76 138 4.600000 176.1074, 249.8033, 201.4057, 257.8255, 197.8360, 269.0824, 172.5378, 261.0602
76 139 4.640000 178.5425, 246.1816, 203.9640, 253.7585, 200.4707, 265.4791, 175.0492, 257.9022
76 140 4.670000 180.5345, 243.6277, 206.0559, 250.7660, 202.6805, 262.8338, 177.1591, 255.6955
76 141 4.700000 182.8782, 240.9642, 208.3601, 248.1547, 204.9022, 260.4087, 179.4204, 253.2182
76 142 4.740000 186.2082, 237.5465, 211.6834, 244.5532, 208.2258, 257.1245, 182.7506, 250.1178
76 143 4.770000 188.7957, 235.1470, 214.3200, 241.5988, 211.0614, 254.4903, 185.5371, 248.0385
76 144 4.800000 191.8155, 232.4489, 217.2451, 239.0818, 213.8579, 252.0679, 188.4283, 245.4350
76 145 4.840000 195.9841, 228.9501, 221.3545, 235.3038, 218.0428, 248.5275, 192.6724, 242.1738
76 146 4.870000 199.1884, 226.4063, 224.5556, 232.0412, 221.5535, 245.5567, 196.1862, 239.9219
76 147 4.900000 202.8365, 223.4290, 228.0918, 229.1480, 225.0149, 242.7357, 199.7596, 237.0167
76 148 4.940000 207.8021, 219.4790, 232.9484, 224.6939, 230.0868, 238.4925, 204.9405, 233.2776
76 149 4.970000 211.6292, 216.4922, 236.6843, 221.0036, 234.1578, 235.0351, 209.1027, 230.5237
76 150 5.000000 215.8800, 213.0766, 240.7870, 217.9085, 238.0655, 231.9370, 213.1585, 227.1051
76 151 5.040000 221.3591, 209.2466, 246.0918, 213.4530, 243.6640, 227.7279, 218.9313, 223.5215
76 152 5.070000 225.3940, 206.9749, 249.9650, 210.3052, 248.0008, 224.7972, 223.4298, 221.4670
76 153 5.100000 229.5607, 204.9303, 253.9455, 207.7842, 252.2375, 222.3778, 227.8527, 219.5239
76 154 5.140000 235.0884, 202.8442, 259.1825, 204.8918, 257.9331, 219.5943, 233.8389, 217.5467
76 155 5.170000 239.2270, 201.6971, 263.0629, 203.0763, 262.2097, 217.8211, 238.3738, 216.4419
76 156 5.200000 243.4388, 200.7027, 267.0517, 201.7517, 266.3985, 216.4544, 242.7857, 215.4054
76 157 5.240000 249.0191, 199.8337, 272.3073, 200.3842, 271.9622, 214.9815, 248.6740, 214.4310
76 158 5.270000 253.1331, 199.5736, 276.1343, 199.5612, 276.1421, 214.0524, 253.1410, 214.0649
76 159 5.300000 257.3145, 199.3400, 280.1162, 199.2275, 280.1868, 213.5483, 257.3852, 213.6608
76 160 5.340000 262.7736, 199.4971, 285.2663, 199.0289, 285.5595, 213.1106, 263.0668, 213.5788
76 161 5.370000 266.7803, 199.9700, 289.0065, 199.0847, 289.5588, 212.9525, 267.3326, 213.8378
76 162 5.400000 270.8126, 200.4812, 292.8681, 199.5828, 293.4228, 213.1998, 271.3673, 214.0982
76 163 5.440000 276.0446, 201.6564, 297.8258, 200.5023, 298.5274, 213.7437, 276.7462, 214.8978
76 164 5.470000 279.8555, 202.8788, 301.4053, 201.3679, 302.3124, 214.3056, 280.7626, 215.8165
76 165 5.500000 283.6648, 204.0920, 305.0718, 202.5903, 305.9574, 215.2153, 284.5504, 216.7169
76 166 5.540000 288.5885, 205.8994, 309.7751, 204.2771, 310.7087, 216.4707, 289.5222, 218.0930
76 167 5.570000 292.1294, 207.3965, 313.2326, 205.4463, 314.3265, 217.2834, 293.2233, 219.2336
76 168 5.600000 295.6824, 208.5681, 316.7626, 206.8771, 317.6852, 218.3796, 296.6051, 220.0705
76 169 5.640000 300.2024, 210.2529, 321.2311, 208.6068, 322.0993, 219.6986, 301.0706, 221.3447
76 170 5.670000 303.4303, 211.6346, 324.3992, 209.7624, 325.3641, 220.5694, 304.3951, 222.4416
76 171 5.700000 306.6655, 212.7549, 327.6184, 211.1706, 328.4169, 221.7304, 307.4639, 223.3148
76 172 5.740000 310.7591, 214.4848, 331.6601, 212.8693, 332.4526, 223.1224, 311.5516, 224.7380
76 173 5.770000 313.6301, 215.9888, 334.5071, 214.0347, 335.4471, 224.0771, 314.5701, 226.0312
76 174 5.800000 316.4546, 217.2935, 337.4059, 215.4813, 338.2737, 225.5146, 317.3224, 227.3268
76 175 5.840000 320.0095, 219.1727, 341.0362, 217.2274, 341.9745, 227.3696, 320.9477, 229.3148
76 176 5.870000 322.5355, 220.7050, 343.6010, 218.4883, 344.6831, 228.7714, 323.6176, 230.9881
76 177 5.900000 325.0623, 222.1278, 346.2230, 220.1022, 347.2199, 230.5157, 326.0591, 232.5413
76 178 5.940000 328.2605, 224.3460, 349.5235, 222.3366, 350.5218, 232.8999, 329.2587, 234.9094
76 179 5.970000 330.5368, 226.2240, 351.8587, 224.0735, 352.9337, 234.7318, 331.6117, 236.8823
76 180 6.000000 332.8181, 227.9223, 354.2663, 226.1172, 355.1695, 236.8486, 333.7212, 238.6537
76 181 6.040000 335.6680, 230.1897, 357.2331, 228.5329, 358.0659, 239.3727, 336.5008, 241.0295
76 182 6.070000 337.5848, 231.9531, 359.1576, 229.8103, 360.2443, 240.7511, 338.6716, 242.8939
76 183 6.100000 339.5453, 233.1323, 361.2287, 231.2727, 362.1753, 242.3095, 340.4918, 244.1691
76 184 6.140000 341.9335, 234.6071, 363.7030, 232.7218, 364.6674, 243.8577, 342.8979, 245.7430
76 185 6.170000 343.5599, 235.6426, 365.3450, 233.4465, 366.4747, 244.6525, 344.6895, 246.8485
76 186 6.200000 345.2458, 236.1185, 367.1697, 234.4436, 368.0278, 245.6760, 346.1039, 247.3509
76 187 6.240000 347.2806, 236.7237, 369.3136, 235.2849, 370.0494, 246.5521, 348.0164, 247.9909
76 188 6.270000 348.6610, 237.1468, 370.7317, 235.5761, 371.5351, 246.8649, 349.4644, 248.4356
76 189 6.300000 350.1162, 237.0803, 372.3114, 236.1067, 372.8053, 247.3664, 350.6101, 248.3399
76 190 6.340000 351.8853, 236.9779, 374.1818, 236.3443, 374.5002, 247.5490, 352.2037, 248.1826
76 191 6.370000 353.0941, 236.8675, 375.4358, 236.1643, 375.7875, 247.3354, 353.4457, 248.0386
76 192 6.400000 354.4087, 236.2912, 376.8447, 236.1879, 376.8957, 247.2628, 354.4596, 247.3660
76 193 6.440000 356.0254, 235.4925, 378.5423, 235.6996, 378.4414, 246.6629, 355.9246, 246.4559
76 194 6.470000 357.1172, 234.9303, 379.6782, 234.8994, 379.6932, 245.8108, 357.1322, 245.8418
76 195 6.500000 358.3580, 233.9463, 380.9854, 234.3922, 380.7724, 245.1982, 358.1451, 244.7523
76 196 6.540000 359.8884, 232.9052, 382.5905, 233.4761, 382.3213, 244.1816, 359.6193, 243.6108
76 197 6.570000 361.0153, 232.2930, 383.7738, 232.8880, 383.4962, 243.5077, 360.7377, 242.9127
76 198 6.600000 362.2620, 231.5910, 385.0740, 232.7301, 384.5512, 243.1996, 361.7392, 242.0605
76 199 6.640000 363.8702, 231.0056, 386.7497, 232.5650, 386.0488, 242.8486, 363.1693, 241.2892
76 200 6.670000 365.0037, 230.8560, 387.9593, 232.3490, 387.2957, 242.5534, 364.3400, 241.0604
76 201 6.700000 366.2875, 230.4828, 389.2896, 232.3714, 388.4506, 242.5889, 365.4486, 240.7003
76 202 6.740000 367.9186, 230.4205, 391.0256, 232.3660, 390.1551, 242.7040, 367.0482, 240.7585
76 203 6.770000 369.0888, 230.6701, 392.3165, 232.3647, 391.5497, 242.8747, 368.3220, 241.1802
76 204 6.800000 370.4072, 230.8257, 393.7235, 232.7108, 392.8579, 243.4175, 369.5415, 241.5324
76 205 6.840000 372.0822, 231.4787, 395.5632, 233.1881, 394.7656, 244.1452, 371.2845, 242.4359
76 206 6.870000 373.2855, 232.3052, 396.9169, 233.6190, 396.2991, 244.7323, 372.6676, 243.4185
76 207 6.900000 374.6113, 233.1179, 398.3611, 234.4132, 397.7453, 245.7055, 373.9955, 244.4103
76 208 6.940000 376.2913, 234.7033, 400.2290, 235.6180, 399.7900, 247.1064, 375.8523, 246.1916
76 209 6.970000 377.4841, 236.2463, 401.5766, 236.6202, 401.3965, 248.2268, 377.3039, 247.8528
76 210 7.000000 378.7876, 237.6917, 403.0032, 237.9344, 402.8857, 249.6607, 378.6701, 249.4180
76 211 7.040000 380.4302, 239.6073, 404.8170, 239.4057, 404.9155, 251.3227, 380.5287, 251.5243
76 212 7.070000 381.5331, 240.9404, 406.0568, 240.0652, 406.4884, 252.1592, 381.9647, 253.0344
76 213 7.100000 382.7871, 241.5840, 407.4206, 240.8017, 407.8138, 253.1844, 383.1804, 253.9667
76 214 7.140000 384.2087, 242.3791, 408.9924, 241.1561, 409.6162, 253.7984, 384.8326, 255.0213
76 215 7.170000 385.0652, 242.9348, 409.9535, 240.9368, 410.9778, 253.6964, 386.0895, 255.6944
76 216 7.200000 386.0532, 242.7520, 411.0314, 240.8574, 412.0165, 253.8441, 387.0382, 255.7387
76 217 7.240000 387.0223, 242.4968, 412.1041, 240.0730, 413.3783, 253.2580, 388.2965, 255.6818
76 218 7.270000 387.5018, 242.2320, 412.6351, 239.0303, 414.3242, 252.2903, 389.1910, 255.4920
76 219 7.300000 388.0887, 241.1144, 413.2830, 238.1620, 414.8657, 251.6682, 389.6714, 254.6206
76 220 7.340000 388.4911, 239.4930, 413.7372, 236.3603, 415.4428, 250.1056, 390.1967, 253.2383
76 221 7.370000 388.4868, 238.1706, 413.7513, 234.5014, 415.7628, 248.3514, 390.4983, 252.0207
76 222 7.400000 388.5670, 235.9459, 413.8544, 232.7560, 415.6379, 246.8947, 390.3505, 250.0846
76 223 7.440000 388.2321, 232.8253, 413.5193, 229.6726, 415.3166, 244.0888, 390.0295, 247.2415
76 224 7.470000 387.5840, 230.4956, 412.8670, 226.7326, 415.0263, 241.2407, 389.7434, 245.0038
76 225 7.500000 387.0487, 227.3629, 412.3059, 223.9915, 414.2781, 238.7660, 389.0209, 242.1374
76 226 7.540000 386.0318, 223.3288, 411.2445, 220.1938, 413.1148, 235.2355, 387.9021, 238.3705
76 227 7.570000 385.1316, 220.4374, 410.3073, 217.4793, 412.0948, 232.6917, 386.9191, 235.6498
76 228 7.600000 384.3327, 217.3538, 409.4143, 215.1546, 410.7682, 230.5956, 385.6866, 232.7948
76 229 7.640000 383.0596, 213.5832, 408.0054, 212.1335, 408.9143, 227.7733, 383.9685, 229.2229
76 230 7.670000 381.8893, 211.0548, 406.7718, 209.8209, 407.5505, 225.5232, 382.6679, 226.7570
76 231 7.700000 380.9246, 208.2502, 405.6168, 207.8750, 405.8567, 223.6565, 381.1644, 224.0317
76 232 7.740000 379.3715, 204.8399, 403.8820, 205.1065, 403.7102, 220.8967, 379.1998, 220.6301
76 233 7.770000 378.0397, 202.4546, 402.4830, 202.9066, 402.1921, 218.6442, 377.7487, 218.1923
76 234 7.800000 376.9632, 199.7623, 401.1810, 200.9740, 400.3962, 216.6595, 376.1784, 215.4478
76 235 7.840000 375.3535, 196.3366, 399.3685, 198.1599, 398.1901, 213.6809, 374.1751, 211.8576
76 236 7.870000 373.9854, 193.8881, 397.9656, 195.7832, 396.7525, 211.1333, 372.7723, 209.2381
76 237 7.900000 372.9776, 191.0170, 396.7182, 193.6312, 395.0471, 208.8072, 371.3065, 206.1930
76 238 7.940000 371.4684, 187.2647, 395.0597, 190.3196, 393.1302, 205.2199, 369.5390, 202.1650
76 239 7.970000 370.1212, 184.6052, 393.8084, 187.3920, 392.0816, 202.0699, 368.3944, 199.2831
76 240 8.000000 369.2008, 181.5149, 392.7567, 184.7640, 390.7603, 199.2384, 367.2043, 195.9892
76 241 8.040000 367.8401, 177.7397, 391.3720, 181.1360, 389.3148, 195.3896, 365.7829, 191.9933
76 242 8.070000 366.9034, 175.0990, 390.4014, 178.6555, 388.2682, 192.7493, 364.7702, 189.1927
76 243 8.100000 366.1981, 172.4818, 389.5338, 176.5380, 387.1118, 190.4716, 363.7761, 186.4154
76 244 8.140000 365.2403, 169.3785, 388.4435, 173.8348, 385.8117, 187.5381, 362.6085, 183.0817
76 245 8.170000 364.4529, 167.3686, 387.6705, 171.7716, 385.1045, 185.3025, 361.8869, 180.8996
76 246 8.200000 364.0211, 165.1849, 387.0701, 170.0645, 384.2400, 183.4327, 361.1910, 178.5532
76 247 8.240000 363.3716, 162.6052, 386.3679, 167.6122, 383.4973, 180.7961, 360.5011, 175.7891
76 248 8.270000 362.8789, 160.8550, 385.9404, 165.6664, 383.2168, 178.7204, 360.1554, 173.9089
76 249 8.300000 362.7383, 158.8797, 385.7010, 163.9691, 382.8323, 176.9120, 359.8696, 171.8226
76 250 8.340000 362.5118, 156.4857, 385.5119, 161.4603, 382.7477, 174.2406, 359.7475, 169.2660
76 251 8.370000 362.3219, 154.8274, 385.4724, 159.3418, 382.9970, 172.0356, 359.8466, 167.5212
76 252 8.400000 362.4685, 152.8891, 385.6223, 157.4065, 383.1595, 170.0299, 360.0056, 165.5124
76 253 8.440000 362.7066, 150.3475, 385.9712, 154.5691, 383.6912, 167.1341, 360.4266, 162.9126
76 254 8.470000 362.7846, 148.6889, 386.2609, 152.1390, 384.4286, 164.6068, 360.9523, 161.1567
76 255 8.500000 363.3637, 146.5102, 386.8061, 150.2345, 384.8313, 162.6647, 361.3889, 158.9404
76 256 8.540000 363.7828, 144.4446, 387.4338, 147.4257, 385.8745, 159.7963, 362.2235, 156.8152
76 257 8.570000 364.0650, 143.3581, 387.8915, 145.5692, 386.7526, 157.8430, 362.9261, 155.6319
76 258 8.600000 364.4910, 142.3890, 388.4230, 144.1527, 387.5232, 156.3617, 363.5912, 154.5980
76 259 8.640000 365.0250, 141.6198, 389.1077, 142.6074, 388.6116, 154.7041, 364.5289, 153.7165
76 260 8.670000 365.3971, 141.4126, 389.5833, 141.6840, 389.4488, 153.6647, 365.2627, 153.3933
76 261 8.700000 365.8865, 141.1940, 390.1233, 141.1746, 390.1328, 153.1034, 365.8961, 153.1228
76 262 8.740000 366.4464, 141.3643, 390.7519, 140.7247, 391.0632, 152.5544, 366.7577, 153.1940
76 263 8.770000 366.7839, 141.8360, 391.1354, 140.5313, 391.7638, 152.2593, 367.4123, 153.5641
76 264 8.800000 367.1966, 142.2534, 391.5676, 140.7195, 392.3046, 152.4285, 367.9336, 153.9625
76 265 8.840000 367.6096, 143.2806, 391.9916, 141.1715, 392.9993, 152.8211, 368.6173, 154.9302
76 266 8.870000 367.8196, 144.4072, 392.1864, 141.6876, 393.4783, 153.2625, 369.1115, 155.9822
76 267 8.900000 368.0632, 145.5044, 392.4159, 142.6138, 393.7916, 154.2033, 369.4388, 157.0940
76 268 8.940000 368.2385, 147.4664, 392.5460, 144.1417, 394.1287, 155.7130, 369.8212, 159.0377
76 269 8.970000 368.2573, 149.2819, 392.5051, 145.5050, 394.3021, 157.0416, 370.0543, 160.8185
76 270 9.000000 368.2595, 151.0113, 392.4722, 147.1981, 394.2958, 158.7773, 370.0831, 162.5904
76 271 9.040000 368.0212, 153.3774, 392.1673, 149.3408, 394.1076, 160.9468, 369.9615, 164.9834
76 272 9.070000 367.5831, 155.1400, 391.6382, 150.5885, 393.8403, 162.2265, 369.7851, 166.7780
76 273 9.100000 367.0687, 156.4181, 391.0938, 151.9093, 393.2949, 163.6379, 369.2698, 168.1467
76 274 9.140000 366.0066, 158.1595, 389.9354, 153.2377, 392.3495, 164.9743, 368.4206, 169.8961
76 275 9.170000 364.9332, 159.5097, 388.7284, 153.9514, 391.4483, 165.5952, 367.6531, 171.1535
76 276 9.200000 363.7885, 160.2130, 387.5778, 154.8837, 390.2060, 166.6161, 366.4168, 171.9454
76 277 9.240000 361.8748, 161.1927, 385.5917, 155.7913, 388.2729, 167.5641, 364.5560, 172.9655
76 278 9.270000 360.1482, 161.9684, 383.7630, 156.2374, 386.6117, 167.9755, 362.9969, 173.7065
76 279 9.300000 358.3352, 162.1574, 381.9711, 156.9016, 384.6120, 168.7779, 360.9760, 174.0336
76 280 9.340000 355.5253, 162.5040, 379.1164, 157.4637, 381.6741, 169.4346, 358.0829, 174.4749
76 281 9.370000 353.1145, 162.8565, 376.6173, 157.6222, 379.2841, 169.5967, 355.7813, 174.8310
76 282 9.400000 350.6376, 162.6494, 374.1545, 157.9930, 376.5573, 170.1285, 353.0405, 174.7849
76 283 9.440000 346.9456, 162.5107, 370.4022, 158.1320, 372.6899, 170.3872, 349.2333, 174.7659
76 284 9.470000 343.8809, 162.5239, 367.2477, 157.9777, 369.6376, 170.2611, 346.2708, 174.8073
76 285 9.500000 340.7879, 162.0982, 364.1288, 158.0828, 366.2661, 170.5063, 342.9251, 174.5216
76 286 9.540000 336.3456, 161.8546, 359.6002, 158.1479, 361.6001, 170.6945, 338.3456, 174.4012
76 287 9.570000 332.8285, 161.8901, 356.0032, 158.2961, 357.9616, 170.9241, 334.7869, 174.5182
76 288 9.600000 329.3000, 161.8217, 352.4115, 158.7984, 354.0826, 171.5729, 330.9710, 174.5962
76 289 9.640000 324.3485, 162.1575, 347.3418, 159.5956, 348.7799, 172.5024, 325.7866, 175.0644
76 290 9.670000 320.4379, 162.7431, 343.3298, 160.2674, 344.7330, 173.2417, 321.8410, 175.7174
76 291 9.700000 316.5578, 163.2576, 339.3401, 161.3296, 340.4459, 174.3962, 317.6635, 176.3241
76 292 9.740000 311.1163, 164.4069, 333.7623, 162.8611, 334.6605, 176.0193, 312.0145, 177.5651
76 293 9.770000 306.6799, 165.6212, 329.4058, 164.1268, 330.2744, 177.3365, 307.5485, 178.8308
76 294 9.800000 302.2439, 166.8295, 325.0745, 165.8128, 325.6652, 179.0786, 302.8346, 180.0952
76 295 9.840000 296.1479, 168.9449, 319.0981, 168.3110, 319.4656, 181.6180, 296.5155, 182.2519
76 296 9.870000 291.4558, 170.9220, 314.6647, 170.4332, 314.9454, 183.7572, 291.7365, 184.2460
76 297 9.900000 286.7864, 173.0240, 310.3435, 173.0801, 310.3117, 186.3905, 286.7547, 186.3344
76 298 9.940000 280.4201, 176.4774, 304.4176, 177.0952, 304.0764, 190.3488, 280.0789, 189.7310
76 299 9.970000 275.5611, 179.5302, 299.8814, 180.4996, 299.3561, 193.6786, 275.0358, 192.7092
76 300 10.000000 270.7373, 182.6955, 295.3814, 184.3264, 294.5177, 197.3775, 269.8736, 195.7466
76 301 10.040000 264.2330, 186.9235, 289.2807, 189.2142, 288.1017, 202.1056, 263.0540, 199.8149
76 302 10.070000 259.2651, 189.9071, 284.6123, 192.2262, 283.4250, 205.2037, 258.0777, 202.8846
76 303 10.100000 254.4923, 192.3399, 280.1222, 195.2825, 278.6369, 208.2199, 253.0070, 205.2773
76 304 10.140000 247.9995, 195.3824, 274.0457, 198.4052, 272.5196, 211.5558, 246.4733, 208.5330
76 305 10.170000 243.1527, 197.4244, 269.5175, 200.3921, 268.0191, 213.7033, 241.6543, 210.7355
76 306 10.200000 238.5193, 199.0001, 265.1729, 202.4921, 263.4219, 215.8572, 236.7683, 212.3652
76 307 10.240000 232.2534, 201.0429, 259.3306, 204.5931, 257.5497, 218.1754, 230.4725, 214.6251
76 308 10.270000 227.5085, 202.5304, 254.9239, 205.7136, 253.3174, 219.5500, 225.9020, 216.3668
76 309 10.300000 223.0653, 203.4854, 250.7756, 207.2046, 248.9071, 221.1260, 221.1968, 217.4068
76 310 10.340000 217.0985, 204.7423, 245.2266, 208.6732, 243.2497, 222.8191, 215.1216, 218.8882
76 311 10.370000 212.5930, 205.6955, 241.0511, 209.3838, 239.1821, 223.8047, 210.7240, 220.1164
76 312 10.400000 208.4337, 206.1401, 237.1662, 210.5955, 234.9203, 225.0790, 206.1878, 220.6236
76 313 10.440000 202.8905, 206.7920, 231.9980, 211.7743, 229.4831, 226.4670, 200.3756, 221.4847
76 314 10.470000 198.6914, 207.4174, 228.1121, 212.2282, 225.6619, 227.2127, 196.2412, 222.4020
76 315 10.500000 194.7944, 207.6975, 224.4704, 213.0091, 221.7630, 228.1349, 192.0871, 222.8233
76 316 10.540000 189.6699, 208.0820, 219.7065, 213.6155, 216.8719, 229.0025, 186.8352, 223.4691
76 317 10.570000 185.8278, 208.4374, 216.1617, 213.5441, 213.5145, 229.2689, 183.1805, 224.1622
76 318 10.600000 182.4361, 208.2592, 212.9791, 214.0156, 210.0113, 229.7624, 179.4682, 224.0059
76 319 10.640000 177.9032, 208.1664, 208.7653, 213.8676, 205.8115, 229.8572, 174.9494, 224.1560
76 320 10.670000 174.5733, 208.1141, 205.6860, 213.3631, 202.9462, 229.6030, 171.8335, 224.3540
76 321 10.700000 171.6228, 207.6443, 202.9201, 213.2138, 200.0236, 229.4898, 168.7264, 223.9202
76 322 10.740000 167.7694, 207.0460, 199.3326, 212.4381, 196.5171, 228.9185, 164.9540, 223.5263
76 323 10.770000 164.9083, 206.6824, 196.6712, 211.3594, 194.2041, 228.1141, 162.4413, 223.4371
76 324 10.800000 162.4592, 205.8273, 194.3739, 210.7510, 191.7868, 227.5200, 159.8721, 222.5963
76 325 10.840000 159.2262, 204.7655, 191.3382, 209.2565, 188.9639, 226.2336, 156.8519, 221.7426
76 326 10.870000 156.8029, 204.0689, 189.0298, 207.5762, 187.1517, 224.8331, 154.9247, 221.3258
76 327 10.900000 154.7897, 202.7739, 187.1284, 206.4039, 185.1892, 223.6795, 152.8505, 220.0495
76 328 10.940000 152.1072, 201.0767, 184.5454, 204.1153, 182.9100, 221.5728, 150.4719, 218.5342
76 329 10.970000 150.1290, 199.7774, 182.5776, 201.9621, 181.3884, 219.6257, 148.9398, 217.4410
76 330 11.000000 148.5428, 197.8307, 181.0871, 200.4999, 179.6451, 218.0814, 147.1008, 215.4122
76 331 11.040000 146.2533, 195.7844, 178.8184, 197.9300, 177.6493, 215.6746, 145.0842, 213.5291
76 332 11.070000 144.4687, 194.6665, 176.9727, 195.8994, 176.2917, 213.8525, 143.7878, 212.6196
76 333 11.100000 142.8708, 193.4322, 175.3788, 194.4914, 174.7921, 212.4969, 142.2841, 211.4377
76 334 11.140000 140.6813, 192.2154, 173.1308, 192.6766, 172.8733, 210.7925, 140.4239, 210.3314
76 335 11.170000 138.9779, 191.6364, 171.2908, 191.2868, 171.4883, 209.5414, 139.1754, 209.8910
76 336 11.200000 137.3959, 190.9010, 169.6987, 190.4353, 169.9620, 208.7049, 137.6593, 209.1705
76 337 11.240000 135.2149, 190.2292, 167.4360, 189.3722, 167.9228, 207.6776, 135.7018, 208.5346
76 338 11.270000 133.4986, 189.9938, 165.5827, 188.5687, 166.3978, 206.9208, 134.3137, 208.3459
76 339 11.300000 131.8960, 189.5079, 164.0399, 188.3634, 164.6901, 206.6231, 132.5462, 207.7677
76 340 11.340000 129.6406, 189.1965, 161.7764, 188.0811, 162.4069, 206.2461, 130.2712, 207.3615
76 341 11.370000 127.8757, 189.1836, 159.9558, 187.9066, 160.6766, 206.0129, 128.5965, 207.2900
76 342 11.400000 126.2067, 188.9730, 158.4011, 188.2814, 158.7860, 206.1995, 126.5915, 206.8911
76 343 11.440000 123.8949, 189.0204, 156.1568, 188.8305, 156.2609, 206.5134, 123.9990, 206.7033
76 344 11.470000 122.0949, 189.3067, 154.3554, 189.2496, 154.3865, 206.7851, 122.1260, 206.8422
76 345 11.500000 120.4504, 189.3434, 152.8300, 190.2442, 152.3510, 207.4632, 119.9714, 206.5624
76 346 11.540000 118.2169, 189.5719, 150.6538, 191.3597, 149.7266, 208.1821, 117.2897, 206.3943
76 347 11.570000 116.4258, 189.9886, 148.8184, 191.6620, 147.9574, 208.3281, 115.5649, 206.6548
76 348 11.600000 114.9193, 189.8947, 147.3406, 192.5368, 146.0164, 208.7871, 113.5950, 206.1450
76 349 11.640000 112.8340, 189.9640, 145.2192, 193.0624, 143.7005, 208.9361, 111.3153, 205.8377
76 350 11.670000 111.2772, 190.0490, 143.6184, 193.1180, 142.1296, 208.8074, 109.7884, 205.7384
76 351 11.700000 110.0420, 189.6482, 142.3410, 193.7144, 140.4215, 208.9612, 108.1225, 204.8949
76 352 11.740000 108.4861, 189.1055, 140.6790, 194.1447, 138.3707, 208.8916, 106.1777, 203.8524
76 353 11.770000 107.3091, 188.8311, 139.4479, 193.9709, 137.1245, 208.4993, 104.9856, 203.3595
76 354 11.800000 106.5000, 188.1319, 138.4950, 194.2506, 135.8034, 208.3255, 103.8083, 202.2068
76 355 11.840000 105.4288, 187.3760, 137.3097, 193.8588, 134.5120, 207.6174, 102.6311, 201.1346
76 356 11.870000 104.6637, 186.8818, 136.5367, 193.0383, 133.8859, 206.7618, 102.0129, 200.6052
76 357 11.900000 104.2873, 185.9753, 136.0326, 192.6177, 133.2214, 206.0529, 101.4761, 199.4105
76 358 11.940000 103.8371, 184.8393, 135.5230, 191.3074, 132.8057, 204.6189, 101.1198, 198.1508
76 359 11.970000 103.5309, 184.0513, 135.2511, 189.7670, 132.8316, 203.1948, 101.1113, 197.4791
76 360 12.000000 103.6980, 182.7567, 135.2760, 189.0164, 132.6679, 202.1733, 101.0899, 195.9136
76 361 12.040000 103.6834, 181.8014, 135.2631, 187.3315, 132.9418, 200.5876, 101.3621, 195.0575
76 362 12.070000 103.6433, 181.5874, 135.2387, 186.1771, 133.2864, 199.6168, 101.6910, 195.0271
76 363 12.100000 103.7640, 181.5412, 135.3042, 185.6827, 133.5386, 199.1288, 101.9984, 194.9872
76 364 12.140000 103.9339, 182.0320, 135.3886, 185.4280, 133.9327, 198.9126, 102.4780, 195.5166
76 365 12.170000 104.0568, 182.8042, 135.4335, 185.5168, 134.2631, 199.0550, 102.8864, 196.3424
76 366 12.200000 104.3077, 183.6805, 135.5840, 186.2491, 134.4814, 199.6749, 103.2051, 197.1062
76 367 12.240000 104.6055, 185.3730, 135.7461, 187.5738, 134.8049, 200.8914, 103.6643, 198.6905
76 368 12.270000 104.7968, 187.0408, 135.8316, 188.8380, 135.0635, 202.1010, 104.0288, 200.3038
76 369 12.300000 105.0846, 188.8323, 136.0119, 190.7367, 135.2078, 203.7962, 104.2804, 201.8917
76 370 12.340000 105.4087, 191.8078, 136.1904, 193.6723, 135.4138, 206.4941, 104.6320, 204.6296
76 371 12.370000 105.6122, 194.5026, 136.2841, 196.2406, 135.5671, 208.8940, 104.8952, 207.1560
76 372 12.400000 105.8821, 197.4536, 136.4361, 199.4770, 135.6180, 211.8309, 105.0640, 209.8074
76 373 12.440000 106.1809, 202.1356, 136.5710, 204.3976, 135.6807, 216.3580, 105.2907, 214.0960
76 374 12.470000 106.3820, 206.1598, 136.6433, 208.5907, 135.7078, 220.2367, 105.4465, 217.8057
76 375 12.500000 106.6446, 210.3552, 136.7492, 213.2430, 135.6714, 224.4788, 105.5668, 221.5910
76 376 12.540000 107.0281, 215.7503, 136.9236, 219.0759, 135.6909, 230.1575, 105.7954, 226.8320
76 377 12.570000 107.3594, 219.2483, 137.1352, 222.6226, 135.8691, 233.7955, 106.0932, 230.4211
76 378 12.600000 107.9068, 221.9520, 137.5095, 225.7864, 136.0342, 237.1758, 106.4315, 233.3413
76 379 12.640000 108.7094, 225.0982, 138.1189, 229.2044, 136.5066, 240.7522, 107.0971, 236.6460
76 380 12.670000 109.2480, 227.3082, 138.6365, 231.0208, 137.1686, 242.6407, 107.7801, 238.9281
76 381 12.700000 110.2924, 228.4056, 139.4027, 232.9964, 137.5301, 244.8706, 108.4198, 240.2798
76 382 12.740000 111.6125, 229.8012, 140.5137, 234.7439, 138.4449, 246.8412, 109.5437, 241.8986
76 383 12.770000 112.5400, 230.8866, 141.3992, 235.4781, 139.4824, 247.5256, 110.6232, 242.9341
76 384 12.800000 113.8734, 231.1518, 142.5144, 236.2234, 140.3595, 248.3926, 111.7185, 243.3210
76 385 12.840000 115.5304, 231.5796, 144.0808, 236.3842, 142.0347, 248.5432, 113.4842, 243.7386
76 386 12.870000 116.6158, 232.0292, 145.2863, 235.7514, 143.7172, 247.8374, 115.0467, 244.1152
76 387 12.900000 118.2100, 231.4768, 146.7348, 235.3700, 145.0794, 247.4984, 116.5547, 243.6052
76 388 12.940000 120.1551, 230.8063, 148.6699, 233.9665, 147.3324, 246.0356, 118.8175, 242.8754
76 389 12.970000 121.6005, 230.1851, 150.1266, 232.4745, 149.1709, 244.3821, 120.6448, 242.0927
76 390 13.000000 123.3583, 228.7695, 151.7611, 231.1684, 150.7535, 243.0980, 122.3507, 240.6992
76 391 13.040000 125.4586, 227.4473, 153.7985, 229.0628, 153.1271, 240.8423, 124.7871, 239.2269
76 392 13.070000 126.8734, 226.9767, 155.1967, 227.3700, 155.0360, 238.9417, 126.7127, 238.5485
76 393 13.100000 128.4553, 226.1815, 156.6909, 226.1527, 156.7026, 237.6286, 128.4670, 237.6574
76 394 13.140000 130.4778, 225.3238, 158.5957, 224.6898, 158.8514, 236.0308, 130.7335, 236.6648
76 395 13.170000 131.8820, 224.9260, 159.9043, 223.6114, 160.4292, 234.8003, 132.4069, 236.1149
76 396 13.200000 133.3190, 224.2434, 161.2617, 222.8414, 161.8210, 233.9881, 133.8783, 235.3900
76 397 13.240000 135.0019, 223.7771, 162.8217, 221.6811, 163.6486, 232.6559, 135.8287, 234.7520
76 398 13.270000 136.1294, 223.5645, 163.8404, 220.7955, 164.9227, 231.6265, 137.2117, 234.3955
76 399 13.300000 137.2636, 222.9040, 164.9483, 220.3060, 165.9658, 231.1484, 138.2811, 233.7464
76 400 13.340000 138.5491, 222.2186, 166.1938, 219.5847, 167.2277, 230.4359, 139.5829, 233.0698
76 401 13.370000 139.3453, 221.8425, 166.9558, 219.0015, 168.0725, 229.8549, 140.4621, 232.6959
76 402 13.400000 140.1401, 221.1958, 167.7989, 218.8940, 168.7044, 229.7747, 141.0456, 232.0765
76 403 13.440000 141.0040, 220.4643, 168.7151, 218.6979, 169.4134, 229.6517, 141.7023, 231.4181
76 404 13.470000 141.5011, 220.0931, 169.2467, 218.4973, 169.8796, 229.4999, 142.1339, 231.0957
76 405 13.500000 142.0521, 219.3048, 169.8652, 218.6581, 170.1264, 229.8918, 142.3133, 230.5385
76 406 13.540000 142.6320, 218.6393, 170.4968, 218.8305, 170.4183, 230.2762, 142.5535, 230.0850
76 407 13.570000 142.9689, 218.3785, 170.8672, 218.9540, 170.6287, 230.5167, 142.7304, 229.9412
76 408 13.600000 143.4106, 217.8792, 171.3012, 219.3701, 170.6719, 231.1421, 142.7813, 229.6512
76 409 13.640000 143.9263, 217.5119, 171.7964, 219.8967, 170.7679, 231.9163, 142.8978, 229.5314
76 410 13.670000 144.2152, 217.5481, 172.1112, 220.2063, 170.9528, 232.3631, 143.0568, 229.7050
76 411 13.700000 144.7465, 217.2506, 172.5496, 220.8716, 170.9337, 233.2784, 143.1306, 229.6573
76 412 13.740000 145.3584, 217.3075, 173.1030, 221.6474, 171.1258, 234.2877, 143.3812, 229.9478
76 413 13.770000 145.7684, 217.6260, 173.5353, 222.1712, 171.4424, 234.9571, 143.6755, 230.4120
76 414 13.800000 146.4680, 217.7020, 174.1036, 223.0325, 171.5978, 236.0231, 143.9623, 230.6925
76 415 13.840000 147.3272, 218.2417, 174.9189, 224.0701, 172.1263, 237.2905, 144.5346, 231.4622
76 416 13.870000 147.9782, 218.8966, 175.6058, 224.8520, 172.7249, 238.2166, 145.0973, 232.2612
76 417 13.900000 148.9748, 219.3534, 176.4490, 225.9994, 173.1751, 239.5339, 145.7008, 232.8879
76 418 13.940000 150.3584, 220.3185, 177.7049, 227.5757, 174.0665, 241.2861, 146.7200, 234.0289
76 419 13.970000 151.4209, 221.3247, 178.7671, 228.7769, 174.9973, 242.6102, 147.6511, 235.1580
76 420 14.000000 152.8237, 222.2699, 179.9877, 230.3226, 175.8548, 244.2640, 148.6908, 236.2113
76 421 14.040000 154.6598, 224.0599, 181.7883, 232.3917, 177.4705, 246.4505, 150.3420, 238.1187
76 422 14.070000 155.9726, 225.8553, 183.2681, 233.9401, 179.0835, 248.0679, 151.7881, 239.9831
76 423 14.100000 157.6918, 227.5917, 184.9245, 235.9332, 180.5776, 250.1247, 153.3449, 241.7831
76 424 14.140000 159.9300, 230.5213, 187.3110, 238.6604, 183.0708, 252.9252, 155.6898, 244.7861
76 425 14.170000 161.6210, 233.1542, 189.2332, 240.8424, 185.2535, 255.1357, 157.6412, 247.4476
76 426 14.200000 163.6693, 235.8219, 191.3151, 243.4977, 187.3416, 257.8092, 159.6957, 250.1333
76 427 14.240000 166.3746, 240.0703, 194.2347, 247.2813, 190.5366, 261.5692, 162.6765, 254.3582
76 428 14.270000 168.4255, 243.7623, 196.5261, 250.3722, 193.1724, 264.6296, 165.0718, 258.0197
76 429 14.300000 170.7491, 247.6352, 198.9428, 254.0033, 195.7299, 268.2277, 167.5362, 261.8595
76 430 14.340000 173.8444, 253.6234, 202.2564, 259.3574, 199.3963, 273.5292, 170.9843, 267.7951
76 431 14.370000 176.1662, 258.8185, 204.7953, 263.8909, 202.2939, 278.0092, 173.6647, 272.9368
76 432 14.400000 178.6209, 264.4672, 207.4119, 269.1401, 205.1255, 283.2272, 176.3345, 278.5542
76 433 14.440000 181.8479, 273.2314, 210.8998, 277.1286, 209.0137, 291.1887, 179.9618, 287.2914
76 434 14.470000 184.2843, 280.7073, 213.5253, 283.9962, 211.9438, 298.0570, 182.7028, 294.7682
76 435 14.500000 186.7774, 288.7511, 216.1897, 291.4834, 214.8830, 305.5495, 185.4707, 302.8172
76 436 14.540000 190.2364, 299.4524, 219.8713, 301.3921, 218.9522, 315.4335, 189.3174, 313.4939
76 437 14.570000 192.9581, 306.9414, 222.7488, 308.2445, 222.1368, 322.2365, 192.3461, 320.9335
76 438 14.600000 195.8226, 313.7650, 225.7390, 314.5814, 225.3583, 328.5323, 195.4418, 327.7159
76 439 14.640000 199.7492, 321.9874, 229.8135, 322.1454, 229.7406, 336.0376, 199.6762, 335.8797
76 440 14.670000 202.7381, 327.5466, 232.8979, 327.1742, 233.0689, 341.0232, 202.9091, 341.3956
76 441 14.700000 205.8091, 332.4413, 236.0415, 331.7899, 236.3400, 345.6479, 206.1077, 346.2993
76 442 14.740000 209.8936, 338.2188, 240.2085, 337.1559, 240.6954, 351.0421, 210.3805, 352.1051
76 443 14.770000 212.9235, 342.0322, 243.2885, 340.5978, 243.9458, 354.5116, 213.5807, 355.9460
76 444 14.800000 215.9921, 345.1995, 246.3962, 343.7054, 247.0847, 357.7150, 216.6805, 359.2092
76 445 14.840000 219.9966, 348.7912, 250.4413, 347.1207, 251.2170, 361.2588, 220.7723, 362.9292
76 446 14.870000 222.9200, 351.0416, 253.3858, 349.1425, 254.2725, 363.3681, 223.8067, 365.2672
76 447 14.900000 225.8589, 352.6758, 256.3395, 350.8734, 257.1894, 365.2457, 226.7087, 367.0481
76 448 14.940000 229.6478, 354.2997, 260.1369, 352.4716, 261.0083, 367.0042, 230.5192, 368.8324
76 449 14.970000 232.3837, 355.1322, 262.8717, 353.1511, 263.8215, 367.7673, 233.3334, 369.7484
