90 0 0.010000 229.5289, 68.8337, 254.1642, 69.8433, 253.4582, 87.0704, 228.8229, 86.0608
90 1 0.040000 229.5025, 69.4151, 254.1393, 70.4243, 253.4344, 87.6329, 228.7975, 86.6236
90 2 0.070000 229.4439, 70.7086, 254.0840, 71.7171, 253.3813, 88.8843, 228.7412, 87.8757
90 3 0.110000 229.3154, 73.5419, 253.9628, 74.5488, 253.2652, 91.6253, 228.6178, 90.6184
90 4 0.140000 228.9913, 76.8013, 253.4005, 76.9053, 253.3271, 94.1545, 228.9179, 94.0505
90 5 0.170000 228.4049, 80.8484, 252.0499, 78.7908, 253.5817, 96.3934, 229.9367, 98.4509
90 6 0.200000 227.8809, 84.3516, 250.8911, 80.8965, 253.5565, 98.6472, 230.5463, 102.1024
90 7 0.240000 227.0052, 88.0617, 249.4576, 83.5333, 253.0514, 101.3519, 230.5989, 105.8802
90 8 0.270000 226.1423, 90.2982, 248.3646, 85.3570, 252.3288, 103.1853, 230.1065, 108.1266
90 9 0.310000 224.7240, 92.8218, 246.9286, 87.8177, 250.9581, 105.6976, 228.7535, 110.7017
90 10 0.340000 223.4937, 94.6042, 245.8707, 89.8580, 249.6812, 107.8234, 227.3042, 112.5696
90 11 0.370000 222.1108, 96.7641, 244.5785, 92.1191, 248.2754, 110.0006, 225.8076, 114.6457
90 12 0.400000 220.6643, 98.9804, 243.4265, 94.8078, 246.7138, 112.7405, 223.9516, 116.9131
90 13 0.440000 218.5907, 102.5562, 241.7257, 99.0087, 244.4739, 116.9310, 221.3389, 120.4785
90 14 0.470000 216.9322, 105.6618, 240.3423, 102.5941, 242.6877, 120.4921, 219.2777, 123.5599
90 15 0.500000 215.2467, 108.8826, 239.0631, 106.6124, 240.7650, 124.4667, 216.9486, 126.7369
90 16 0.540000 212.8557, 113.2807, 237.1589, 112.0108, 238.0846, 129.7253, 213.7814, 130.9952
90 17 0.570000 210.9467, 116.6088, 235.4769, 115.8466, 236.0196, 133.3123, 211.4894, 134.0746
90 18 0.610000 208.4044, 120.5654, 233.2882, 120.7819, 233.1396, 137.8572, 208.2559, 137.6407
90 19 0.640000 206.5756, 123.0816, 231.7504, 124.3745, 230.8916, 141.0969, 205.7169, 139.8041
90 20 0.670000 204.6572, 125.6472, 229.9204, 127.3895, 228.7932, 143.7348, 203.5300, 141.9925
90 21 0.700000 202.9606, 127.6344, 228.3661, 130.4508, 226.6036, 146.3497, 201.1981, 143.5334
90 22 0.740000 200.7101, 130.0901, 226.1499, 133.7022, 223.9668, 149.0779, 198.5269, 145.4658
90 23 0.770000 199.0943, 131.6904, 224.5019, 135.5672, 222.2060, 150.6137, 196.7984, 146.7368
90 24 0.800000 197.8823, 132.5940, 223.2626, 137.6798, 220.3625, 152.1523, 194.9822, 147.0664
90 25 0.840000 196.3787, 133.5315, 221.6376, 139.4706, 218.3653, 153.3875, 193.1065, 147.4483
90 26 0.870000 195.3511, 134.0068, 220.5441, 140.0486, 217.2667, 153.7149, 192.0737, 147.6731
90 27 0.900000 194.9288, 133.6875, 219.9083, 141.0202, 216.0636, 154.1174, 191.0841, 146.7847
90 28 0.940000 194.5414, 133.0537, 219.2921, 141.2275, 215.1171, 153.8698, 190.3664, 145.6960
90 29 0.970000 194.3468, 132.5205, 219.0553, 140.5932, 214.9583, 153.1330, 190.2499, 145.0602
90 30 1.000000 194.7655, 131.4557, 219.1930, 140.4592, 214.7239, 152.5844, 190.2964, 143.5808
90 31 1.040000 195.1856, 130.5112, 219.5686, 139.3023, 215.2231, 151.3550, 190.8401, 142.5639
90 32 1.070000 195.6340, 129.9972, 220.0291, 138.3571, 215.8776, 150.4717, 191.4825, 142.1118
90 33 1.110000 196.4721, 129.5488, 220.8749, 137.3221, 216.9918, 149.5126, 192.5890, 141.7393
90 34 1.140000 197.4211, 129.2405, 221.7147, 137.0220, 217.8408, 149.1159, 193.5473, 141.3344
90 35 1.170000 198.2824, 129.3276, 222.6012, 136.4230, 219.0398, 148.6295, 194.7209, 141.5342
90 36 1.210000 199.7746, 129.4840, 224.0332, 136.1156, 220.6879, 148.3527, 196.4293, 141.7211
90 37 1.240000 201.0862, 129.6904, 225.2670, 136.1614, 222.0010, 148.3658, 197.8202, 141.8948
90 38 1.270000 202.3626, 130.2024, 226.5284, 136.0379, 223.5604, 148.3285, 199.3947, 142.4931
90 39 1.310000 204.3296, 130.9575, 228.4051, 136.2854, 225.6843, 148.5799, 201.6088, 143.2519
90 40 1.340000 205.9818, 131.5725, 229.9528, 136.7461, 227.3085, 148.9980, 203.3375, 143.8244
90 41 1.370000 207.5756, 132.4948, 231.4804, 137.0311, 229.1411, 149.3587, 205.2363, 144.8225
90 42 1.410000 209.8903, 133.8172, 233.6632, 137.7781, 231.6053, 150.1296, 207.8324, 146.1688
90 43 1.440000 211.7732, 134.8463, 235.4200, 138.6518, 233.4393, 150.9599, 209.7925, 147.1544
90 44 1.470000 213.5573, 136.2234, 237.0970, 139.3441, 235.4591, 151.6994, 211.9194, 148.5787
90 45 1.510000 216.0974, 138.0965, 239.4612, 140.6617, 238.1059, 153.0058, 214.7420, 150.4406
90 46 1.540000 218.1087, 139.4895, 241.3397, 141.9225, 240.0508, 154.2293, 216.8198, 151.7962
90 47 1.570000 220.0227, 141.1706, 243.1185, 143.0288, 242.1266, 155.3567, 219.0308, 153.4985
90 48 1.610000 222.6891, 143.3788, 245.6117, 144.8607, 244.8152, 157.1816, 221.8926, 155.6997
90 49 1.640000 224.7514, 145.0384, 247.5594, 146.4894, 246.7773, 158.7846, 223.9692, 157.3336
90 50 1.670000 226.6889, 147.0290, 249.3627, 147.9696, 248.8512, 160.3000, 226.1773, 159.3593
90 51 1.710000 229.3288, 149.7445, 251.8462, 150.3301, 251.5249, 162.6815, 229.0076, 162.0959
90 52 1.740000 231.3344, 151.8661, 253.7601, 152.4063, 253.4626, 164.7579, 231.0369, 164.2177
90 53 1.770000 233.2278, 154.3490, 255.5359, 154.4843, 255.4608, 166.8632, 233.1527, 166.7279
90 54 1.810000 235.7792, 157.8565, 257.9730, 157.7883, 258.0111, 170.1734, 235.8173, 170.2416
90 55 1.840000 237.6964, 160.7018, 259.8361, 160.6800, 259.8484, 173.0528, 237.7086, 173.0747
90 56 1.870000 239.5173, 163.9720, 261.5813, 163.7343, 261.7146, 176.1066, 239.6506, 176.3443
90 57 1.910000 241.9458, 168.7079, 263.9504, 168.4394, 264.1011, 180.7909, 242.0966, 181.0595
90 58 1.940000 243.7617, 172.5467, 265.7485, 172.4180, 265.8207, 184.7450, 243.8338, 184.8737
90 59 1.970000 245.4940, 176.7446, 267.4476, 176.5502, 267.5566, 188.8525, 245.6029, 189.0469
90 60 2.010000 247.7984, 182.3911, 269.7399, 182.3212, 269.7789, 194.5707, 247.8374, 194.6406
90 61 2.040000 249.5369, 186.3482, 271.4887, 186.5623, 271.3698, 198.7585, 249.4180, 198.5445
90 62 2.070000 251.1269, 190.1606, 273.0334, 190.1207, 273.0558, 202.4326, 251.1493, 202.4725
90 63 2.110000 253.2588, 194.5023, 275.1268, 194.3559, 275.2103, 206.8306, 253.3423, 206.9770
90 64 2.140000 254.9437, 197.0867, 276.8486, 197.3626, 276.6909, 209.8822, 254.7861, 209.6063
90 65 2.170000 256.4638, 199.6066, 278.3327, 199.6769, 278.2922, 212.2708, 256.4233, 212.2005
90 66 2.210000 258.6452, 202.1081, 280.5377, 202.6096, 280.2485, 215.2352, 258.3560, 214.7337
90 67 2.240000 260.3547, 203.5129, 282.2722, 204.5791, 281.6590, 217.1834, 259.7416, 216.1173
90 68 2.270000 261.8688, 205.0292, 283.7290, 205.7916, 283.2879, 218.4395, 261.4277, 217.6770
90 69 2.310000 263.9926, 206.4646, 285.7945, 207.1274, 285.4087, 219.8165, 263.6068, 219.1537
90 70 2.340000 265.6960, 207.0426, 287.4944, 208.0252, 286.9227, 220.7089, 265.1243, 219.7264
90 71 2.370000 267.1712, 207.8126, 288.8583, 208.1251, 288.6741, 220.9045, 266.9870, 220.5919
90 72 2.410000 269.2766, 208.1924, 290.8702, 208.1990, 290.8662, 221.0210, 269.2726, 221.0144
90 73 2.440000 270.9142, 208.0456, 292.4810, 208.1478, 292.4202, 220.9839, 270.8533, 220.8817
90 74 2.470000 272.3530, 208.0575, 293.7702, 207.4891, 294.1125, 220.3830, 272.6952, 220.9515
90 75 2.510000 274.3372, 207.5308, 295.6486, 206.6596, 296.1784, 219.6182, 274.8670, 220.4894
90 76 2.540000 275.7898, 206.9953, 297.0362, 205.9987, 297.6452, 218.9804, 276.3988, 219.9770
90 77 2.570000 277.0688, 206.6914, 298.1286, 205.0320, 299.1533, 218.0377, 278.0936, 219.6971
90 78 2.610000 278.7257, 206.0891, 299.5887, 203.8699, 300.9709, 216.8640, 280.1079, 219.0832
90 79 2.640000 279.9291, 205.4152, 300.7390, 203.1412, 302.1575, 216.1228, 281.3476, 218.3967
90 80 2.670000 280.9364, 204.9644, 301.5474, 202.1335, 303.3245, 215.0722, 282.7135, 217.9031
90 81 2.710000 282.1642, 204.0749, 302.6167, 200.8904, 304.6225, 213.7725, 284.1700, 216.9570
90 82 2.740000 282.9641, 203.1811, 303.3838, 199.9796, 305.3989, 212.8326, 284.9793, 216.0341
90 83 2.770000 283.5033, 202.6060, 303.7528, 198.6222, 306.2615, 211.3745, 286.0120, 215.3583
90 84 2.800000 283.9551, 201.6092, 304.1314, 197.4271, 306.7645, 210.1301, 286.5881, 214.3121
90 85 2.840000 284.2458, 200.1344, 304.3001, 195.6026, 307.1519, 208.2225, 287.0976, 212.7543
90 86 2.870000 284.1776, 199.0221, 304.0645, 193.9370, 307.2652, 206.4545, 287.3783, 211.5396
90 87 2.900000 283.9977, 197.2670, 303.9338, 192.5391, 306.9060, 205.0718, 286.9699, 209.7998
90 88 2.940000 283.3473, 194.9422, 303.2373, 190.2286, 306.2047, 202.7503, 286.3147, 207.4638
90 89 2.970000 282.5844, 193.2044, 302.3843, 188.2668, 305.4974, 200.7506, 285.6975, 205.6882
90 90 3.000000 281.7097, 191.1274, 301.5603, 186.5736, 304.4339, 199.1000, 284.5834, 203.6539
90 91 3.040000 280.2944, 188.7914, 300.1424, 184.4589, 302.8757, 196.9803, 283.0276, 201.3128
90 92 3.070000 279.1326, 187.3073, 299.0092, 183.2949, 301.5380, 195.8222, 281.6614, 199.8346
90 93 3.100000 277.9173, 186.0416, 297.9030, 182.5766, 300.0770, 195.1157, 280.0913, 198.5807
90 94 3.140000 276.1673, 184.9948, 296.3422, 182.0911, 298.1397, 194.5799, 277.9647, 197.4835
90 95 3.170000 274.7568, 184.6928, 295.0284, 182.0758, 296.6294, 194.4769, 276.3578, 197.0940
90 96 3.200000 273.3298, 184.6072, 293.7583, 182.5173, 295.0157, 194.8078, 274.5871, 196.8977
90 97 3.240000 271.3113, 185.1328, 291.8835, 183.5425, 292.8176, 195.6249, 272.2453, 197.2152
90 98 3.270000 269.7256, 185.9807, 290.3760, 184.6609, 291.1365, 196.5599, 270.4861, 197.8797
90 99 3.300000 268.1451, 187.0819, 288.9067, 186.2457, 289.3774, 197.9325, 268.6159, 198.7688
90 100 3.340000 265.9611, 189.2090, 286.8276, 188.8754, 287.0092, 200.2392, 266.1428, 200.5728
90 101 3.370000 264.2721, 191.3223, 285.1979, 191.2722, 285.2245, 202.3622, 264.2987, 202.4124
90 102 3.400000 262.5965, 193.7783, 283.5910, 194.1870, 283.3813, 204.9623, 262.3868, 204.5537
90 103 3.440000 260.3142, 197.7598, 281.3762, 198.6938, 280.9188, 209.0092, 259.8567, 208.0752
90 104 3.470000 258.5718, 201.2181, 279.6709, 202.4781, 279.0765, 212.4322, 257.9774, 211.1722
90 105 3.500000 256.8696, 204.8518, 277.9872, 206.5935, 277.1988, 216.1518, 256.0812, 214.4102
90 106 3.540000 254.6180, 209.6181, 275.7478, 211.8478, 274.7348, 221.4473, 253.6050, 219.2176
90 107 3.570000 252.9645, 212.8427, 274.1196, 215.2372, 273.0027, 225.1053, 251.8475, 222.7107
90 108 3.600000 251.4702, 215.7018, 272.6062, 218.5231, 271.2566, 228.6340, 250.1206, 225.8126
90 109 3.640000 249.5619, 219.2363, 270.6873, 222.4398, 269.1049, 232.8752, 247.9795, 229.6717
90 110 3.670000 248.0362, 221.9734, 269.2607, 224.9134, 267.7967, 235.4820, 246.5723, 232.5419
90 111 3.700000 246.7960, 224.2565, 268.0079, 227.5045, 266.3744, 238.1723, 245.1625, 234.9243
90 112 3.740000 245.0639, 227.4001, 266.3721, 230.5118, 264.8098, 241.2102, 243.5016, 238.0985
90 113 3.770000 243.8425, 229.6330, 265.2278, 232.6263, 263.7275, 243.3449, 242.3423, 240.3516
90 114 3.800000 242.9313, 231.4504, 264.2533, 234.9770, 262.4769, 245.7175, 241.1549, 242.1909
90 115 3.840000 241.6661, 234.0327, 263.0016, 237.7990, 261.1006, 248.5678, 239.7652, 244.8015
90 116 3.870000 240.6889, 236.1119, 262.1125, 239.7577, 260.2820, 250.5146, 238.8583, 246.8688
90 117 3.900000 239.9857, 237.9337, 261.3688, 241.9537, 259.3454, 252.7165, 237.9623, 248.6965
90 118 3.940000 238.9825, 240.6585, 260.4344, 244.6986, 258.4134, 255.4296, 236.9615, 251.3895
90 119 3.970000 238.2053, 242.8762, 259.7888, 246.6220, 257.9263, 257.3537, 236.3428, 253.6078
90 120 4.000000 237.6420, 244.9205, 259.2700, 248.7141, 257.3866, 259.4518, 235.7586, 255.6583
90 121 4.040000 236.9888, 247.6061, 258.7051, 251.3837, 256.8367, 262.1245, 235.1204, 258.3470
90 122 4.070000 236.4195, 249.8187, 258.3008, 253.0728, 256.7164, 263.7271, 234.8351, 260.4730
90 123 4.100000 236.2579, 251.4620, 258.1107, 255.0763, 256.3544, 265.6957, 234.5016, 262.0814
90 124 4.140000 235.8972, 253.9470, 257.8644, 257.2508, 256.2805, 267.7819, 234.3133, 264.4781
90 125 4.170000 235.6619, 255.8178, 257.7439, 258.7282, 256.3660, 269.1833, 234.2840, 266.2730
90 126 4.200000 235.6568, 257.3930, 257.7538, 260.3647, 256.3545, 270.7698, 234.2575, 267.7981
90 127 4.240000 235.6212, 259.6432, 257.8111, 262.3717, 256.5506, 272.6227, 234.3607, 269.8942
90 128 4.270000 235.5370, 261.5148, 257.8486, 263.6560, 256.8758, 273.7927, 234.5642, 271.6515
90 129 4.300000 235.6601, 263.1011, 258.0092, 265.1829, 257.0729, 275.2345, 234.7238, 273.1527
90 130 4.340000 235.8075, 265.3471, 258.2309, 267.1087, 257.4478, 277.0761, 235.0245, 275.3145
90 131 4.370000 235.8476, 267.3036, 258.3468, 268.4372, 257.8514, 278.2684, 235.3523, 277.1348
90 132 4.400000 236.0717, 268.9456, 258.5900, 270.0995, 258.0898, 279.8610, 235.5715, 278.7071
90 133 4.440000 236.2625, 271.3340, 258.8247, 272.0053, 258.5332, 281.8012, 235.9710, 281.1298
90 134 4.470000 236.3521, 273.2871, 258.9401, 273.3843, 258.8977, 283.2426, 236.3097, 283.1454
90 135 4.500000 236.5255, 275.0714, 259.1200, 275.0120, 259.1462, 285.0138, 236.5518, 285.0731
90 136 4.540000 236.6853, 277.4444, 259.2890, 277.0531, 259.4650, 287.2192, 236.8613, 287.6105
90 137 4.570000 236.6908, 279.2929, 259.2853, 278.3123, 259.7300, 288.5614, 237.1355, 289.5419
90 138 4.600000 236.8084, 280.6711, 259.4298, 279.8661, 259.7946, 290.1178, 237.1733, 290.9229
90 139 4.640000 236.7751, 282.5878, 259.4123, 281.5079, 259.9011, 291.7556, 237.2639, 292.8354
90 140 4.670000 236.6069, 284.0910, 259.2286, 282.4327, 259.9792, 292.6713, 237.3575, 294.3296
90 141 4.700000 236.4962, 285.1878, 259.1562, 283.6124, 259.8636, 293.7875, 237.2035, 295.3628
90 142 4.740000 236.0983, 286.8496, 258.7541, 284.7135, 259.7070, 294.8200, 237.0512, 296.9561
90 143 4.770000 235.6305, 288.1953, 258.2337, 285.2685, 259.5362, 295.3277, 236.9330, 298.2545
90 144 4.800000 235.2092, 289.0431, 257.8660, 286.2307, 259.1026, 296.1924, 236.4457, 299.0048
90 145 4.840000 234.3943, 290.2779, 257.0859, 287.2316, 258.4217, 297.1819, 235.7301, 300.2282
90 146 4.870000 233.6289, 291.1968, 256.3354, 287.8957, 257.7819, 297.8459, 235.0755, 301.1470
90 147 4.900000 232.8355, 291.7575, 255.6496, 288.8391, 256.9299, 298.8479, 234.1158, 301.7663
90 148 4.940000 231.5303, 292.4269, 254.4517, 289.7569, 255.6456, 300.0064, 232.7242, 302.6763
90 149 4.970000 230.3730, 293.0755, 253.3587, 290.3248, 254.6002, 300.6989, 231.6145, 303.4496
90 150 5.000000 229.2229, 293.3510, 252.3321, 291.1658, 253.3324, 301.7435, 230.2231, 303.9287
90 151 5.040000 227.5066, 293.8767, 250.7506, 292.1924, 251.5328, 302.9885, 228.2889, 304.6728
90 152 5.070000 226.0423, 294.5023, 249.3814, 292.8148, 250.1696, 303.7159, 226.8305, 305.4034
90 153 5.100000 224.6828, 294.6740, 248.1215, 293.7757, 248.5483, 304.9132, 225.1096, 305.8115
90 154 5.140000 222.6348, 295.3249, 246.2067, 294.8402, 246.4394, 306.1549, 222.8675, 306.6397
90 155 5.170000 220.9923, 295.9629, 244.6710, 295.5938, 244.8488, 306.9975, 221.1700, 307.3666
90 156 5.200000 219.4437, 296.3497, 243.2030, 296.5981, 243.0823, 308.1470, 219.3229, 307.8986
90 157 5.240000 217.2459, 297.1298, 241.1274, 297.8518, 240.7740, 309.5435, 216.8924, 308.8215
90 158 5.270000 215.4900, 297.9428, 239.4948, 298.7313, 239.1089, 310.4805, 215.1041, 309.6920
90 159 5.300000 213.8973, 298.4978, 237.9586, 299.9175, 237.2584, 311.7845, 213.1971, 310.3648
90 160 5.340000 211.6469, 299.5950, 235.8295, 301.4363, 234.9192, 313.3924, 210.7365, 311.5511
90 161 5.370000 209.8711, 300.6830, 234.1918, 302.5504, 233.2718, 314.5327, 208.9511, 312.6653
90 162 5.400000 208.2981, 301.5566, 232.6609, 304.0068, 231.4475, 316.0710, 207.0847, 313.6208
90 163 5.440000 206.1163, 303.0940, 230.5920, 305.9640, 229.1708, 318.0842, 204.6951, 315.2142
90 164 5.470000 204.4208, 304.5240, 229.0350, 307.4475, 227.5950, 319.5717, 202.9808, 316.6482
90 165 5.500000 202.9479, 305.7750, 227.5894, 309.2456, 225.8757, 321.4130, 201.2342, 317.9425
90 166 5.540000 200.9643, 307.6958, 225.6990, 311.6021, 223.7764, 323.7763, 199.0417, 319.8700
90 167 5.570000 199.4395, 309.3375, 224.3181, 313.2650, 222.4010, 325.4087, 197.5225, 321.4812
90 168 5.600000 198.2196, 310.6911, 223.0850, 315.2063, 220.8769, 327.3667, 196.0114, 322.8515
90 169 5.640000 196.5086, 312.8629, 221.4998, 317.6061, 219.1993, 329.7271, 194.2081, 324.9838
90 170 5.670000 195.1741, 314.7654, 220.3677, 319.2919, 218.2019, 331.3467, 193.0083, 326.8203
90 171 5.700000 194.1435, 316.4434, 219.3848, 321.2832, 217.0773, 333.3175, 191.8360, 328.4777
90 172 5.740000 192.7149, 319.0802, 218.1536, 323.8660, 215.9033, 335.8271, 190.4647, 331.0413
90 173 5.770000 191.5947, 321.4027, 217.2809, 325.7726, 215.2636, 337.6307, 189.5773, 333.2608
90 174 5.800000 190.7589, 323.5595, 216.5458, 328.0531, 214.4867, 339.8690, 188.6998, 335.3753
90 175 5.840000 189.5669, 326.9724, 215.6112, 331.1502, 213.7333, 342.8572, 187.6890, 338.6795
90 176 5.870000 188.6395, 329.9387, 214.9398, 333.5914, 213.3305, 345.1792, 187.0301, 341.5266
90 177 5.900000 187.9047, 332.9061, 214.3633, 336.4417, 212.8220, 347.9759, 186.3634, 344.4402
90 178 5.940000 186.8716, 337.4583, 213.6097, 340.5077, 212.3070, 351.9302, 185.5689, 348.8808
90 179 5.970000 186.0479, 341.3366, 213.0466, 343.7434, 212.0400, 355.0349, 185.0413, 352.6281
90 180 6.000000 185.4059, 345.0882, 212.5770, 347.2987, 211.6610, 358.5572, 184.4900, 356.3467
90 181 6.040000 184.5533, 350.1980, 211.9792, 351.8691, 211.3001, 363.0135, 183.8743, 361.3424
90 182 6.070000 183.9068, 353.9419, 211.5250, 354.8661, 211.1567, 365.8702, 183.5386, 364.9459
90 183 6.100000 183.5308, 357.0462, 211.2231, 358.0743, 210.8137, 369.1023, 183.1214, 368.0741
90 184 6.140000 183.0810, 360.8110, 210.8666, 361.9747, 210.4037, 373.0296, 182.6180, 371.8659
90 185 6.170000 182.6862, 363.5967, 210.5657, 364.4436, 210.2295, 375.5141, 182.3499, 374.6672
90 186 6.200000 182.5131, 365.7913, 210.4030, 367.0457, 209.8975, 378.2838, 182.0077, 377.0294
90 187 6.240000 182.1968, 368.7993, 210.1301, 369.9881, 209.6455, 381.3736, 181.7123, 380.1848
90 188 6.270000 181.8471, 371.2637, 209.8578, 371.8044, 209.6381, 383.1838, 181.6274, 382.6431
90 189 6.300000 181.6948, 373.2004, 209.7006, 373.7570, 209.4713, 385.2943, 181.4655, 384.7377
90 190 6.340000 181.3696, 375.9914, 209.3943, 375.9976, 209.3917, 387.6355, 181.3670, 387.6292
90 191 6.370000 181.0668, 378.1604, 209.0994, 377.5036, 209.3727, 389.1708, 181.3402, 389.8275
90 192 6.400000 180.9696, 379.7195, 208.9329, 379.3079, 209.1083, 391.2258, 181.1450, 391.6374
90 193 6.440000 180.7402, 381.9477, 208.6098, 381.5441, 208.7867, 393.7603, 180.9171, 394.1639
90 194 6.470000 180.4976, 383.7135, 208.2983, 383.1254, 208.5611, 395.5457, 180.7604, 396.1338
90 195 6.500000 180.4852, 384.8877, 208.1086, 384.9951, 208.0587, 397.8396, 180.4353, 397.7323
90 196 6.540000 180.3095, 386.7065, 207.7471, 387.2037, 207.5072, 400.4423, 180.0697, 399.9452
90 197 6.570000 179.9900, 388.3014, 207.3730, 388.5171, 207.2675, 401.9101, 179.8845, 401.6944
90 198 6.600000 179.9484, 389.2707, 207.1430, 390.0743, 206.7386, 403.7582, 179.5440, 402.9546
90 199 6.640000 179.7245, 390.7437, 206.7498, 391.7968, 206.2073, 405.7205, 179.1819, 404.6674
90 200 6.670000 179.4268, 391.9798, 206.3999, 392.8402, 205.9529, 406.8515, 178.9799, 405.9911
90 201 6.700000 179.4477, 392.6514, 206.1993, 394.1617, 205.3967, 408.3776, 178.6451, 406.8673
90 202 6.740000 179.3074, 393.7830, 205.8685, 395.6135, 204.8779, 409.9867, 178.3168, 408.1562
90 203 6.770000 179.0817, 394.7979, 205.5900, 396.4996, 204.6644, 410.9187, 178.1561, 409.2170
90 204 6.800000 179.1940, 395.3493, 205.4570, 397.6772, 204.1666, 412.2349, 177.9036, 409.9070
90 205 6.840000 179.2136, 396.3390, 205.2601, 399.0328, 203.7442, 413.6899, 177.6977, 410.9961
90 206 6.870000 179.1624, 397.2360, 205.1216, 399.9402, 203.5912, 414.6314, 177.6320, 411.9271
90 207 6.900000 179.5121, 397.7260, 205.1388, 401.1990, 203.1330, 415.9990, 177.5064, 412.5260
90 208 6.940000 179.8847, 398.6823, 205.1868, 402.7299, 202.8080, 417.6002, 177.5059, 413.5526
90 209 6.970000 180.0041, 399.6910, 205.2449, 403.6648, 202.9023, 418.5445, 177.6615, 414.5706
90 210 7.000000 180.4547, 400.4082, 205.4509, 404.7719, 202.8478, 419.6829, 177.8516, 415.3192
90 211 7.040000 181.0647, 401.3003, 205.8612, 405.8396, 203.1293, 420.7629, 178.3329, 416.2237
90 212 7.070000 181.4968, 401.8732, 206.2786, 406.1889, 203.6818, 421.1001, 178.9001, 416.7844
90 213 7.100000 182.5254, 401.7394, 206.9398, 406.6654, 203.9277, 421.5938, 179.5134, 416.6678
90 214 7.140000 183.7593, 401.5238, 207.9705, 406.5498, 204.8718, 421.4769, 180.6606, 416.4509
90 215 7.170000 184.5702, 401.3484, 208.8584, 405.9169, 206.0573, 420.8086, 181.7692, 416.2400
90 216 7.200000 185.9412, 400.5407, 209.9819, 405.3857, 206.9861, 420.2503, 182.9455, 415.4053
90 217 7.240000 187.6994, 399.3647, 211.6383, 404.0320, 208.7553, 418.8191, 184.8164, 414.1517
90 218 7.270000 188.8722, 398.4849, 212.9707, 402.4297, 210.5622, 417.1434, 186.4636, 413.1985
90 219 7.300000 190.6895, 396.8401, 214.5501, 401.0157, 211.9858, 415.6686, 188.1252, 411.4930
90 220 7.340000 192.9189, 394.5915, 216.7515, 398.3347, 214.4697, 412.8634, 190.6370, 409.1202
90 221 7.370000 194.5044, 392.7978, 218.4632, 395.7549, 216.6876, 410.1408, 192.7288, 407.1837
90 222 7.400000 196.6643, 390.1658, 220.4095, 393.2916, 218.5306, 407.5645, 194.7854, 404.4387
90 223 7.440000 199.3905, 386.4546, 223.0488, 389.1913, 221.4224, 403.2512, 197.7642, 400.5146
90 224 7.470000 201.3325, 383.5331, 225.0408, 385.5423, 223.8671, 399.3920, 200.1588, 397.3829
90 225 7.500000 203.9115, 379.6831, 227.2878, 382.2622, 225.7748, 395.9760, 202.3985, 393.3969
90 226 7.540000 206.8201, 375.2390, 230.1266, 377.2786, 228.9524, 390.6961, 205.6459, 388.6564
90 227 7.570000 208.8217, 372.3073, 232.1782, 373.4373, 231.5399, 386.6312, 208.1834, 385.5012
90 228 7.600000 211.0745, 369.1863, 234.3215, 370.0172, 233.8560, 383.0425, 210.6090, 382.2116
90 229 7.640000 213.9232, 365.4059, 237.0781, 365.4842, 237.0349, 378.2756, 213.8800, 378.1973
90 230 7.670000 215.9829, 362.7679, 239.0660, 362.1288, 239.4147, 374.7224, 216.3315, 375.3615
90 231 7.700000 218.1706, 359.8861, 241.1138, 359.0559, 241.5649, 371.5224, 218.6217, 372.3526
90 232 7.740000 220.9265, 356.2026, 243.6997, 354.9036, 244.4001, 367.1810, 221.6269, 368.4801
90 233 7.770000 222.8195, 353.6168, 245.4772, 351.6491, 246.5271, 363.7388, 223.8694, 365.7064
90 234 7.800000 224.8172, 350.5932, 247.3275, 348.6469, 248.3650, 360.6458, 225.8547, 362.5920
90 235 7.840000 227.2110, 346.6843, 249.5445, 344.3657, 250.7702, 356.1724, 228.4367, 358.4910
90 236 7.870000 228.7923, 343.8187, 250.9895, 340.8906, 252.5201, 352.4936, 230.3229, 355.4217
90 237 7.900000 230.4279, 340.3535, 252.5037, 337.5870, 253.9474, 349.1071, 231.8716, 351.8736
90 238 7.940000 232.2924, 335.7065, 254.2099, 332.7639, 255.7314, 344.0965, 233.8139, 347.0391
90 239 7.970000 233.4540, 332.2365, 255.2448, 328.8517, 256.9727, 339.9753, 235.1818, 343.3601
90 240 8.000000 234.7100, 328.0941, 256.4366, 325.3291, 257.8488, 336.4253, 236.1222, 339.1903
90 241 8.040000 236.0076, 323.5106, 257.6078, 320.5148, 259.1150, 331.3825, 237.5149, 334.3783
90 242 8.070000 236.8406, 320.6503, 258.3251, 317.1949, 260.0419, 327.8691, 238.5574, 331.3245
90 243 8.100000 237.6520, 318.0200, 259.0364, 314.3493, 260.8479, 324.9024, 239.4635, 328.5731
90 244 8.140000 238.6090, 315.0703, 259.8566, 311.0975, 261.8075, 321.5313, 240.5599, 325.5041
90 245 8.170000 239.2121, 313.2724, 260.3491, 309.0030, 262.4431, 319.3696, 241.3061, 323.6391
90 246 8.200000 239.7723, 311.5575, 260.8439, 307.3277, 262.9320, 317.7304, 241.8605, 321.9601
90 247 8.240000 240.3401, 309.7602, 261.3179, 305.4709, 263.4576, 315.9356, 242.4798, 320.2249
90 248 8.270000 240.6283, 308.7674, 261.5286, 304.3457, 263.7530, 314.8603, 242.8528, 319.2820
90 249 8.300000 240.8623, 307.8192, 261.7383, 303.5998, 263.8919, 314.2549, 243.0159, 318.4743
90 250 8.340000 240.9838, 307.0176, 261.8404, 302.9541, 263.9541, 313.8031, 243.0975, 317.8666
90 251 8.370000 240.9361, 306.7875, 261.7749, 302.7288, 263.9153, 313.7185, 243.0766, 317.7772
90 252 8.400000 240.8673, 306.6092, 261.7223, 302.9122, 263.7113, 314.1322, 242.8562, 317.8291
90 253 8.440000 240.6229, 306.8670, 261.4883, 303.5419, 263.3249, 315.0665, 242.4594, 318.3916
90 254 8.470000 240.3324, 307.3937, 261.2030, 304.2968, 262.9473, 316.0523, 242.0767, 319.1491
90 255 8.500000 240.0389, 307.9352, 260.9116, 305.3651, 262.3939, 317.4042, 241.5212, 319.9742
90 256 8.540000 239.4687, 308.8199, 260.3279, 306.7999, 261.5236, 319.1472, 240.6644, 321.1671
90 257 8.570000 238.8751, 309.4881, 259.7295, 307.7084, 260.8006, 320.2591, 239.9462, 322.0388
90 258 8.600000 238.2475, 309.9904, 259.0766, 308.5943, 259.9282, 321.2993, 239.0991, 322.6955
90 259 8.640000 237.1703, 310.6888, 258.0070, 309.4896, 258.7439, 322.2953, 237.9073, 323.4945
90 260 8.670000 236.1600, 311.2812, 257.0465, 309.9293, 257.8744, 322.7193, 236.9879, 324.0712
90 261 8.700000 235.3581, 311.3479, 256.1882, 310.6104, 256.6428, 323.4495, 235.8127, 324.1870
90 262 8.740000 234.0154, 311.5724, 254.8374, 311.1732, 255.0830, 323.9817, 234.2609, 324.3809
90 263 8.770000 232.8444, 311.7842, 253.7110, 311.3827, 253.9560, 324.1102, 233.0894, 324.5117
90 264 8.800000 231.8854, 311.5467, 252.6720, 311.7815, 252.5286, 324.4787, 231.7420, 324.2439
90 265 8.840000 230.3774, 311.3487, 251.1422, 311.9687, 250.7669, 324.5382, 230.0021, 323.9182
90 266 8.870000 229.1377, 311.1972, 249.9292, 311.8900, 249.5143, 324.3391, 228.7229, 323.6463
90 267 8.900000 228.2068, 310.5349, 248.8470, 312.0436, 247.9424, 324.4185, 227.3022, 322.9098
90 268 8.940000 226.6792, 309.8931, 247.2806, 311.7382, 246.1858, 323.9617, 225.5844, 322.1166
90 269 8.970000 225.4132, 309.4970, 246.0761, 311.2516, 245.0498, 323.3369, 224.3869, 321.5823
90 270 9.000000 224.4374, 308.7465, 244.9993, 311.0153, 243.6766, 323.0030, 223.1147, 320.7342
90 271 9.040000 222.8207, 308.3179, 243.4692, 310.4603, 242.2416, 322.2909, 221.5932, 320.1484
90 272 9.070000 221.5212, 308.3257, 242.2955, 310.1193, 241.2825, 321.8519, 220.5083, 320.0584
90 273 9.100000 220.3504, 308.3679, 241.1838, 310.1153, 240.2060, 321.7731, 219.3727, 320.0258
90 274 9.140000 218.7125, 308.8379, 239.6701, 310.3059, 238.8595, 321.8779, 217.9019, 320.4098
90 275 9.170000 217.4253, 309.5035, 238.5022, 310.5936, 237.9069, 322.1038, 216.8301, 321.0138
90 276 9.200000 216.2606, 310.1671, 237.3929, 311.2239, 236.8182, 322.7157, 215.6859, 321.6589
90 277 9.240000 214.6115, 311.4698, 235.8537, 312.2505, 235.4319, 323.7292, 214.1896, 322.9485
90 278 9.270000 213.3047, 312.7646, 234.6483, 313.1753, 234.4275, 324.6502, 213.0839, 324.2395
90 279 9.300000 212.1004, 314.0670, 233.4933, 314.4677, 233.2773, 325.9930, 211.8845, 325.5922
90 280 9.340000 210.3933, 316.2645, 231.8758, 316.4595, 231.7705, 328.0615, 210.2880, 327.8666
90 281 9.370000 209.0438, 318.2722, 230.6052, 318.1991, 230.6448, 329.8670, 209.0834, 329.9401
90 282 9.400000 207.7680, 320.3807, 229.3699, 320.3604, 229.3810, 332.1486, 207.7791, 332.1690
90 283 9.440000 205.9694, 323.7422, 227.6414, 323.6491, 227.6928, 335.6115, 206.0208, 335.7046
90 284 9.470000 204.5597, 326.6405, 226.2915, 326.4304, 226.4085, 338.5330, 204.6767, 338.7431
90 285 9.500000 203.2095, 329.5828, 224.9656, 329.5343, 224.9930, 341.8236, 203.2368, 341.8720
90 286 9.540000 201.3064, 333.5699, 223.1154, 333.5931, 223.1021, 346.1053, 201.2931, 346.0821
90 287 9.570000 199.7176, 336.5116, 221.6194, 336.2496, 221.7718, 348.9861, 199.8700, 349.2482
90 288 9.600000 198.3189, 338.9797, 220.2312, 339.0788, 220.1731, 351.9425, 198.2607, 351.8435
90 289 9.640000 196.2827, 342.1166, 218.2536, 342.3607, 218.1076, 355.4957, 196.1368, 355.2516
90 290 9.670000 194.5305, 344.5962, 216.6345, 344.4648, 216.7132, 357.6904, 194.6091, 357.8218
90 291 9.700000 192.9570, 346.6565, 215.0964, 346.6980, 215.0714, 360.0491, 192.9320, 360.0076
90 292 9.740000 190.6966, 349.4037, 212.9402, 349.4214, 212.9295, 362.8842, 190.6859, 362.8665
90 293 9.770000 188.8312, 351.5548, 211.2102, 351.2326, 211.4047, 364.7376, 189.0256, 365.0598
90 294 9.800000 187.1711, 353.2878, 209.5778, 353.2668, 209.5906, 366.8797, 187.1839, 366.9008
90 295 9.840000 184.7989, 355.6842, 207.2908, 355.8107, 207.2137, 369.5294, 184.7217, 369.4029
90 296 9.870000 182.8300, 357.6751, 205.4573, 357.5363, 205.5416, 371.2849, 182.9144, 371.4238
90 297 9.900000 181.1283, 359.2496, 203.7504, 359.6122, 203.5285, 373.4510, 180.9065, 373.0883
90 298 9.940000 178.6242, 361.6471, 201.3281, 362.1850, 200.9983, 376.1052, 178.2944, 375.5673
90 299 9.970000 176.6719, 363.5241, 199.4660, 364.0803, 199.1250, 378.0556, 176.3309, 377.4994
90 300 10.000000 174.9371, 365.0853, 197.6913, 366.1919, 197.0076, 380.2503, 174.2534, 379.1437
90 301 10.040000 172.5221, 367.1093, 195.2906, 368.6856, 194.3158, 382.7667, 171.5473, 381.1904
90 302 10.070000 170.4658, 368.6857, 193.4125, 369.9879, 192.6143, 384.0531, 169.6677, 382.7510
90 303 10.100000 168.7653, 369.6231, 191.7031, 371.3748, 190.6284, 385.4466, 167.6907, 383.6948
90 304 10.140000 166.3086, 370.7734, 189.3925, 372.5567, 188.3072, 386.6047, 165.2234, 384.8215
90 305 10.170000 164.3256, 371.5672, 187.6425, 372.9472, 186.8137, 386.9504, 163.4968, 385.5704
90 306 10.200000 162.7867, 371.6219, 186.0928, 373.5074, 184.9602, 387.5072, 161.6541, 385.6217
90 307 10.240000 160.5662, 371.5904, 184.0144, 373.5965, 182.8200, 387.5576, 159.3718, 385.5514
90 308 10.270000 158.7859, 371.4761, 182.4544, 373.1592, 181.4651, 387.0703, 157.7967, 385.3871
90 309 10.300000 157.4625, 370.5985, 181.1068, 372.8650, 179.7740, 386.7681, 156.1298, 384.5016
90 310 10.340000 155.5760, 369.2492, 179.3354, 371.7499, 177.8761, 385.6149, 154.1168, 383.1142
90 311 10.370000 154.0558, 368.1022, 178.0361, 370.3125, 176.7631, 384.1235, 152.7828, 381.9132
90 312 10.400000 153.0870, 366.0499, 176.9909, 368.9949, 175.2908, 382.7936, 151.3869, 379.8485
90 313 10.440000 151.7364, 363.0110, 175.6909, 366.3874, 173.7531, 380.1350, 149.7986, 376.7585
90 314 10.470000 150.6484, 360.5682, 174.7959, 363.7712, 172.9805, 377.4575, 148.8330, 374.2545
90 315 10.500000 150.1990, 357.2984, 174.1742, 361.4470, 171.8119, 375.0989, 147.8368, 370.9503
90 316 10.540000 149.2567, 353.5561, 173.3384, 357.9435, 170.8631, 371.5304, 146.7814, 367.1430
90 317 10.570000 148.4311, 351.2468, 172.7242, 355.4409, 170.3877, 368.9749, 146.0945, 364.7808
90 318 10.600000 147.7495, 349.1338, 172.1783, 353.3552, 169.8491, 366.8339, 145.4203, 362.6125
90 319 10.640000 146.8158, 346.8762, 171.4934, 350.9353, 169.2891, 364.3363, 144.6116, 360.2772
90 320 10.670000 146.0884, 345.5967, 171.0094, 349.3448, 169.0042, 362.6773, 144.0832, 358.9292
90 321 10.700000 145.5738, 344.3610, 170.6234, 348.1768, 168.6008, 361.4543, 143.5512, 357.6385
90 322 10.740000 144.8642, 343.1871, 170.1569, 346.8564, 168.2420, 360.0559, 142.9493, 356.3866
90 323 10.770000 144.3112, 342.6619, 169.8395, 346.0216, 168.1114, 359.1520, 142.5831, 355.7923
90 324 10.800000 143.9965, 342.0860, 169.6368, 345.6057, 167.8395, 358.6987, 142.1992, 355.1790
90 325 10.840000 143.5520, 341.7665, 169.4113, 345.2462, 167.6581, 358.2755, 141.7987, 354.7959
90 326 10.870000 143.2003, 341.8696, 169.2746, 345.1213, 167.6576, 358.0869, 141.5834, 354.8352
90 327 10.900000 143.0886, 341.9009, 169.2571, 345.4237, 167.5149, 358.3650, 141.3464, 354.8421
90 328 10.940000 142.9203, 342.4027, 169.2802, 346.0312, 167.5066, 358.9155, 141.1467, 355.2870
90 329 10.970000 142.7905, 343.1134, 169.3391, 346.6442, 167.6343, 359.4628, 141.0857, 355.9320
90 330 11.000000 142.9145, 343.7224, 169.5267, 347.6627, 167.6326, 360.4546, 141.0205, 356.5142
90 331 11.040000 143.1402, 344.8156, 169.8711, 349.1149, 167.8188, 361.8754, 141.0878, 357.5762
90 332 11.070000 143.2769, 345.9472, 170.1858, 350.1275, 168.2118, 362.8346, 141.3028, 358.6543
90 333 11.100000 143.7591, 346.8084, 170.6714, 351.4812, 168.4605, 364.2146, 141.5483, 359.5418
90 334 11.140000 144.3438, 348.4272, 171.4041, 353.1542, 169.1816, 365.8772, 142.1213, 361.1501
90 335 11.170000 144.7855, 349.9351, 172.0357, 354.3732, 169.9670, 367.0756, 142.7168, 362.6375
90 336 11.200000 145.5152, 351.3027, 172.8182, 355.9112, 170.6705, 368.6355, 143.3674, 364.0270
90 337 11.240000 146.4793, 353.5753, 173.9583, 357.9710, 171.9255, 370.6786, 144.4465, 366.2829
90 338 11.270000 147.1605, 355.6952, 174.8618, 359.5026, 173.1238, 372.1475, 145.4226, 368.3401
90 339 11.300000 148.1419, 357.6536, 175.9142, 361.4527, 174.1835, 374.1045, 146.4112, 370.3053
90 340 11.340000 149.3972, 360.8417, 177.3587, 364.1404, 175.8693, 376.7658, 147.9078, 373.4671
90 341 11.370000 150.3095, 363.6939, 178.4572, 366.2981, 177.2951, 378.8585, 149.1474, 376.2543
90 342 11.400000 151.4218, 366.5574, 179.6575, 368.9327, 178.6012, 381.4898, 150.3654, 379.1145
90 343 11.440000 152.8004, 371.1646, 181.2174, 372.7205, 180.5337, 385.2071, 152.1167, 383.6513
90 344 11.470000 153.8037, 375.1168, 182.3626, 375.8269, 182.0538, 388.2455, 153.4949, 387.5353
90 345 11.500000 154.9251, 379.0739, 183.5701, 379.2833, 183.4793, 391.6982, 154.8343, 391.4888
90 346 11.540000 156.4103, 384.3318, 185.1595, 383.7095, 185.4275, 396.0896, 156.6782, 396.7119
90 347 11.570000 157.4595, 388.2313, 186.2656, 386.6132, 186.9487, 398.7740, 158.1426, 400.3921
90 348 11.600000 158.7312, 391.0587, 187.5475, 389.5653, 188.1836, 401.8389, 159.3673, 403.3324
90 349 11.640000 160.2814, 394.5992, 189.1214, 392.8998, 189.8419, 405.1276, 161.0019, 406.8270
90 350 11.670000 161.2861, 397.2006, 190.1140, 394.7841, 191.1316, 406.9239, 162.3037, 409.3404
90 351 11.700000 162.3965, 398.9768, 191.2271, 396.7001, 192.1929, 408.9304, 163.3623, 411.2071
90 352 11.740000 163.6130, 401.4107, 192.3945, 398.4597, 193.6472, 410.6769, 164.8657, 413.6279
90 353 11.770000 164.3409, 403.2195, 193.0463, 399.2822, 194.7065, 411.3866, 166.0011, 415.3239
90 354 11.800000 165.1722, 404.0130, 193.8607, 400.3413, 195.4269, 412.5788, 166.7384, 416.2505
90 355 11.840000 166.0602, 404.8632, 194.6904, 401.2784, 196.2366, 413.6273, 167.6064, 417.2121
90 356 11.870000 166.5194, 405.4865, 195.0772, 401.5522, 196.7774, 413.8930, 168.2196, 417.8273
90 357 11.900000 167.1011, 405.0812, 195.6345, 402.0889, 196.9589, 414.7178, 168.4255, 417.7101
90 358 11.940000 167.6138, 404.6707, 196.0639, 402.2202, 197.1685, 415.0449, 168.7184, 417.4955
90 359 11.970000 167.8798, 404.2592, 196.2495, 402.0413, 197.2595, 414.9598, 168.8897, 417.1777
90 360 12.000000 168.2843, 403.2271, 196.5398, 402.0398, 197.0927, 415.1982, 168.8372, 416.3854
90 361 12.040000 168.7276, 401.9771, 196.7821, 401.8175, 196.8584, 415.2156, 168.8038, 415.3752
90 362 12.070000 168.9481, 401.2686, 196.8734, 401.4888, 196.7669, 414.9891, 168.8416, 414.7689
90 363 12.100000 169.4205, 400.1561, 197.0909, 401.4755, 196.4388, 415.1515, 168.7684, 413.8320
90 364 12.140000 169.9379, 399.0250, 197.3142, 401.2021, 196.2164, 415.0061, 168.8402, 412.8290
90 365 12.170000 170.2411, 398.4079, 197.4696, 400.7910, 196.2575, 414.6409, 169.0290, 412.2578
90 366 12.200000 170.8867, 397.3947, 197.7859, 400.6599, 196.0917, 414.6171, 169.1925, 411.3520
90 367 12.240000 171.6372, 396.3846, 198.2368, 400.1567, 196.2477, 414.1825, 169.6482, 410.4104
90 368 12.270000 172.1682, 395.7994, 198.6351, 399.5901, 196.6244, 413.6287, 170.1575, 409.8380
90 369 12.300000 173.0745, 394.8709, 199.2131, 399.2792, 196.8405, 413.3474, 170.7019, 408.9392
90 370 12.340000 174.2821, 393.8375, 200.0985, 398.6179, 197.4946, 412.6805, 171.6782, 407.9001
90 371 12.370000 175.2053, 393.1747, 200.8725, 397.9440, 198.2613, 411.9972, 172.5941, 407.2279
90 372 12.400000 176.6779, 392.0528, 201.8662, 397.6455, 198.7486, 411.6862, 173.5604, 406.0936
90 373 12.440000 178.5772, 390.8484, 203.3458, 396.8910, 199.9297, 410.8933, 175.1612, 404.8507
90 374 12.470000 179.9458, 390.1582, 204.5899, 396.0603, 201.2420, 410.0393, 176.5979, 404.1372
90 375 12.500000 181.7901, 389.1859, 206.0405, 395.5419, 202.3938, 409.4552, 178.1434, 403.0991
90 376 12.540000 184.1360, 388.2894, 208.1402, 394.5972, 204.4990, 408.4538, 180.4948, 402.1461
90 377 12.570000 185.8204, 387.9159, 209.8357, 393.7503, 206.4673, 407.6150, 182.4520, 401.7806
90 378 12.600000 187.9518, 387.3425, 211.7067, 393.2876, 208.2381, 407.1469, 184.4833, 401.2018
90 379 12.640000 190.6779, 386.9800, 214.3340, 392.5122, 211.0841, 406.4091, 187.4280, 400.8769
90 380 12.670000 192.7456, 386.9027, 216.4035, 391.9105, 213.4502, 405.8621, 189.7924, 400.8543
90 381 12.700000 195.1432, 386.6876, 218.6199, 391.6142, 215.6837, 405.6058, 192.2070, 400.6792
90 382 12.740000 198.3288, 386.6452, 221.6770, 391.1616, 218.9471, 405.2744, 195.5989, 400.7581
90 383 12.770000 200.6459, 386.8683, 224.0146, 390.7686, 221.6453, 404.9647, 198.2765, 401.0644
90 384 12.800000 203.2523, 386.9424, 226.4705, 390.6648, 224.1783, 404.9622, 200.9601, 401.2398
90 385 12.840000 206.6964, 387.2996, 229.7844, 390.5771, 227.7394, 404.9828, 204.6514, 401.7053
90 386 12.870000 209.1246, 387.8632, 232.2511, 390.4082, 230.6516, 404.9430, 207.5251, 402.3979
90 387 12.900000 211.9161, 388.1820, 234.8405, 390.6862, 233.2376, 405.3587, 210.3132, 402.8544
90 388 12.940000 215.3469, 389.1038, 238.2084, 390.9503, 237.0077, 405.8167, 214.1462, 403.9702
90 389 12.970000 217.8791, 389.9945, 240.7031, 391.2681, 239.8664, 406.2628, 217.0424, 404.9892
90 390 13.000000 220.4923, 390.8718, 243.2245, 391.7879, 242.6144, 406.9282, 219.8821, 406.0121
90 391 13.040000 223.9343, 392.0834, 246.5302, 392.5058, 246.2430, 407.8691, 223.6470, 407.4467
90 392 13.070000 226.3816, 393.0923, 248.9296, 392.9676, 249.0151, 408.4258, 226.4671, 408.5505
90 393 13.100000 229.0551, 393.7500, 251.4056, 393.6666, 251.4638, 409.2626, 229.1133, 409.3460
90 394 13.140000 232.3968, 394.7620, 254.5691, 394.4534, 254.7879, 410.1753, 232.6157, 410.4840
90 395 13.170000 234.7364, 395.6366, 256.8287, 394.9565, 257.3141, 410.7218, 235.2218, 411.4019
90 396 13.200000 237.2590, 396.2211, 259.1535, 395.7000, 259.5309, 411.5558, 237.6364, 412.0769
90 397 13.240000 240.3369, 397.2489, 262.0688, 396.5511, 262.5801, 412.4743, 240.8481, 413.1721
90 398 13.270000 242.4259, 398.2203, 264.1140, 397.1017, 264.9359, 413.0366, 243.2477, 414.1551
90 399 13.300000 244.6687, 398.9696, 266.2045, 397.9060, 266.9948, 413.9057, 245.4590, 414.9693
90 400 13.340000 247.3402, 400.2976, 268.7853, 398.9029, 269.8281, 414.9375, 248.3830, 416.3322
90 401 13.370000 249.1972, 401.4509, 270.6050, 399.7082, 271.9108, 415.7496, 250.5031, 417.4923
90 402 13.400000 251.2124, 402.4226, 272.4746, 400.8267, 273.6844, 416.9449, 252.4222, 418.5408
90 403 13.440000 253.6896, 404.0047, 274.8040, 402.4312, 276.0117, 418.6361, 254.8973, 420.2097
90 404 13.470000 255.3806, 405.4129, 276.4307, 403.7170, 277.7408, 419.9784, 256.6907, 421.6743
90 405 13.500000 257.2611, 406.6134, 278.1142, 405.3080, 279.1398, 421.6924, 258.2867, 422.9978
90 406 13.540000 259.4950, 408.3141, 280.1691, 407.2405, 281.0288, 423.7966, 260.3548, 424.8702
90 407 13.570000 260.9058, 409.6235, 281.5469, 408.4150, 282.5246, 425.1140, 261.8835, 426.3225
90 408 13.600000 262.5734, 410.5113, 283.0042, 409.7373, 283.6445, 426.6365, 263.2137, 427.4106
90 409 13.640000 264.3647, 411.8703, 284.7113, 411.1052, 285.3553, 428.2299, 265.0086, 428.9950
90 410 13.670000 265.5036, 412.9267, 285.8719, 411.9591, 286.6927, 429.2360, 266.3244, 430.2037
90 411 13.700000 266.9216, 413.6348, 287.1182, 413.0040, 287.6642, 430.4873, 267.4676, 431.1181
90 412 13.740000 268.5089, 414.7214, 288.6136, 414.1873, 289.0847, 431.9231, 268.9800, 432.4571
90 413 13.770000 269.4419, 415.6716, 289.6102, 414.9232, 290.2749, 432.8348, 270.1066, 433.5832
90 414 13.800000 270.7085, 416.3193, 290.7074, 415.9096, 291.0790, 434.0453, 271.0800, 434.4550
90 415 13.840000 272.0943, 417.3964, 292.0258, 417.0961, 292.3032, 435.5125, 272.3717, 435.8127
90 416 13.870000 272.9210, 418.3706, 292.9188, 417.9308, 293.3280, 436.5420, 273.3303, 436.9817
90 417 13.900000 274.0874, 419.1408, 293.9134, 419.0550, 293.9949, 437.8910, 274.1689, 437.9768
90 418 13.940000 275.3206, 420.4880, 295.1091, 420.5088, 295.0890, 439.6187, 275.3005, 439.5979
90 419 13.970000 275.9822, 421.7393, 295.9092, 421.5579, 296.0850, 440.8658, 276.1579, 441.0472
90 420 14.000000 276.8970, 422.8572, 296.7800, 422.8136, 296.8229, 442.3280, 276.9398, 442.3717
90 421 14.040000 277.8771, 424.3926, 297.8455, 424.2980, 297.9390, 444.0192, 277.9705, 444.1139
90 422 14.070000 278.2608, 425.5859, 298.5193, 425.0844, 299.0095, 444.8866, 278.7510, 445.3881
90 423 14.100000 279.2279, 426.2158, 299.3558, 426.0491, 299.5204, 445.9315, 279.3926, 446.0982
90 424 14.140000 279.9611, 427.0808, 300.2713, 426.7762, 300.5696, 446.6724, 280.2595, 446.9770
90 425 14.170000 280.1261, 427.7213, 300.8377, 426.8997, 301.6245, 446.7329, 280.9129, 447.5545
90 426 14.200000 280.8833, 427.7049, 301.5161, 427.1793, 302.0203, 446.9716, 281.3875, 447.4972
90 427 14.240000 281.4127, 427.5753, 302.2590, 426.9599, 302.8391, 446.6148, 281.9928, 447.2301
90 428 14.270000 281.4661, 427.3722, 302.6917, 426.3205, 303.6578, 445.8174, 282.4322, 446.8692
90 429 14.300000 282.0485, 426.4315, 303.2167, 425.7667, 303.8257, 445.1555, 282.6575, 445.8203
90 430 14.340000 282.3527, 424.9714, 303.7421, 424.3250, 304.3214, 443.4955, 282.9320, 444.1419
90 431 14.370000 282.2074, 423.7373, 303.9610, 422.6553, 304.9028, 441.5902, 283.1492, 442.6722
90 432 14.400000 282.5859, 421.6695, 304.3391, 421.0688, 304.8563, 439.7951, 283.1030, 440.3958
90 433 14.440000 282.5944, 418.6999, 304.6103, 418.1377, 305.0777, 436.4421, 283.0618, 437.0043
90 434 14.470000 282.2841, 416.3316, 304.6503, 415.3765, 305.4150, 433.2829, 283.0488, 434.2381
90 435 14.500000 282.4091, 413.3153, 304.8576, 412.8731, 305.2035, 430.4320, 282.7550, 430.8743
90 436 14.540000 282.0128, 410.1740, 304.8605, 409.4951, 305.3677, 426.5628, 282.5199, 427.2417
90 437 14.570000 281.7637, 408.3075, 304.8683, 407.6262, 305.3616, 424.3547, 282.2570, 425.0360
90 438 14.600000 281.5260, 406.8808, 304.8692, 406.3064, 305.2731, 422.7229, 281.9299, 423.2973
90 439 14.640000 281.1057, 405.6680, 304.7996, 405.1618, 305.1420, 421.1891, 281.4482, 421.6954
90 440 14.670000 280.7079, 405.1740, 304.6887, 404.6486, 305.0341, 420.4157, 281.0533, 420.9411
90 441 14.700000 280.3182, 404.8506, 304.5689, 404.4366, 304.8344, 419.9957, 280.5838, 420.4096
90 442 14.740000 279.6851, 404.7544, 304.3267, 404.3932, 304.5517, 419.7466, 279.9101, 420.1078
90 443 14.770000 279.1224, 404.8930, 304.0799, 404.4861, 304.3287, 419.7460, 279.3712, 420.1529
90 444 14.800000 278.5706, 405.0662, 303.8272, 404.7680, 304.0071, 420.0046, 278.7505, 420.3028
90 445 14.840000 277.7168, 405.5362, 303.4018, 405.2683, 303.5613, 420.5586, 277.8762, 420.8265
90 446 14.870000 276.9850, 406.0821, 303.0140, 405.7416, 303.2154, 421.1314, 277.1863, 421.4719
90 447 14.900000 276.2663, 406.6727, 302.6225, 406.4330, 302.7639, 421.9830, 276.4078, 422.2228
90 448 14.940000 275.1829, 407.7775, 302.0061, 407.5458, 302.1428, 423.3667, 275.3196, 423.5984
90 449 14.970000 274.2724, 408.8624, 301.4705, 408.5358, 301.6633, 424.5908, 274.4651, 424.9173
