66 0 0.010000 533.7928, 434.9097, 570.2096, 435.7746, 569.7724, 454.1796, 533.3557, 453.3147
66 1 0.040000 533.4792, 434.2202, 570.1420, 434.5015, 570.0211, 450.2633, 533.3583, 449.9820
66 2 0.070000 533.1873, 431.0261, 569.9011, 431.0775, 569.8813, 445.2006, 533.1675, 445.1491
66 3 0.110000 532.6352, 424.2572, 569.2894, 424.2177, 569.3038, 437.6306, 532.6497, 437.6701
66 4 0.140000 532.0450, 418.3234, 568.6375, 418.0828, 568.7333, 432.6445, 532.1408, 432.8851
66 5 0.170000 531.4606, 412.8652, 567.9307, 412.7687, 567.9699, 427.5685, 531.4997, 427.6650
66 6 0.200000 530.8150, 407.7558, 567.1593, 407.8106, 567.1365, 422.9795, 530.7921, 422.9248
66 7 0.240000 529.9179, 402.0338, 566.0632, 402.3776, 565.9191, 417.5296, 529.7738, 417.1859
66 8 0.270000 529.1994, 398.5520, 565.1874, 399.0678, 564.9717, 414.1198, 528.9837, 413.6041
66 9 0.310000 528.2053, 394.9371, 563.9780, 395.6982, 563.6603, 410.6305, 527.8876, 409.8694
66 10 0.340000 527.4313, 393.0114, 563.0409, 393.9530, 562.6483, 408.7999, 527.0387, 407.8584
66 11 0.370000 526.6350, 391.8261, 562.0730, 392.9445, 561.6120, 407.5544, 526.1740, 406.4360
66 12 0.400000 525.8146, 391.2452, 561.0837, 392.5370, 560.5547, 406.9801, 525.2856, 405.6884
66 13 0.440000 524.6823, 391.4604, 559.7175, 392.9740, 559.1090, 407.0599, 524.0738, 405.5463
66 14 0.470000 523.8009, 392.2866, 558.6499, 393.9533, 557.9956, 407.6349, 523.1466, 405.9682
66 15 0.500000 522.8887, 393.4232, 557.5545, 395.2355, 556.8544, 408.6253, 522.1887, 406.8130
66 16 0.540000 521.6181, 395.2919, 556.0150, 397.2593, 555.2823, 410.0694, 520.8854, 408.1020
66 17 0.570000 520.6258, 396.8101, 554.7944, 398.8503, 554.0523, 411.2788, 519.8837, 409.2386
66 18 0.610000 519.2939, 398.2165, 553.1504, 400.3171, 552.3552, 413.1345, 518.4987, 411.0339
66 19 0.640000 518.2845, 399.1013, 551.9172, 401.2919, 551.0705, 414.2924, 517.4378, 412.1019
66 20 0.670000 517.2969, 399.7042, 550.6481, 401.9092, 549.7473, 415.5337, 516.3961, 413.3287
66 21 0.700000 516.2471, 400.6113, 549.3970, 402.8313, 548.4973, 416.2656, 515.3475, 414.0456
66 22 0.740000 514.8999, 401.3597, 547.7121, 403.5472, 546.7852, 417.4503, 513.9730, 415.2628
66 23 0.770000 513.9072, 401.7847, 546.4257, 403.8615, 545.5035, 418.3017, 512.9849, 416.2249
66 24 0.800000 512.8788, 402.3520, 545.1560, 404.2793, 544.2844, 418.8750, 512.0072, 416.9476
66 25 0.840000 511.5418, 402.9669, 543.4607, 404.6692, 542.6638, 419.6115, 510.7449, 417.9092
66 26 0.870000 510.5674, 403.2341, 542.1669, 404.7035, 541.4437, 420.2564, 509.8442, 418.7870
66 27 0.900000 509.5466, 403.7688, 540.9003, 404.9802, 540.2986, 420.5535, 508.9449, 419.3422
66 28 0.940000 508.2105, 404.3146, 539.1738, 405.1118, 538.7638, 421.0386, 507.8004, 420.2413
66 29 0.970000 507.2325, 404.5411, 537.8585, 405.0412, 537.5892, 421.5322, 506.9632, 421.0321
66 30 1.000000 506.1971, 405.0931, 536.5786, 405.2812, 536.4772, 421.6489, 506.0957, 421.4607
66 31 1.040000 504.8319, 405.5776, 534.8250, 405.3633, 534.9438, 421.9872, 504.9507, 422.2015
66 32 1.070000 503.7967, 405.8407, 533.4569, 405.3016, 533.7656, 422.2838, 504.1054, 422.8229
66 33 1.110000 502.3560, 406.2955, 531.6171, 405.3296, 532.1839, 422.5014, 502.9228, 423.4674
66 34 1.140000 501.2333, 406.7531, 530.2440, 405.5107, 530.9719, 422.5073, 501.9613, 423.7498
66 35 1.170000 500.0974, 406.9398, 528.7816, 405.4369, 529.6900, 422.7739, 501.0058, 424.2768
66 36 1.210000 498.5156, 407.3301, 526.8361, 405.5708, 527.9183, 422.9910, 499.5978, 424.7504
66 37 1.240000 497.2666, 407.7469, 525.3524, 405.8072, 526.5437, 423.0575, 498.4580, 424.9972
66 38 1.270000 495.9858, 407.9179, 523.7762, 405.8406, 525.0898, 423.4146, 497.2995, 425.4919
66 39 1.310000 494.1767, 408.3601, 521.6363, 406.0853, 523.1040, 423.8020, 495.6444, 426.0768
66 40 1.340000 492.7764, 408.8190, 520.0046, 406.4832, 521.5145, 424.0841, 494.2863, 426.4199
66 41 1.370000 491.2988, 409.1229, 518.3402, 406.7487, 519.9115, 424.6458, 492.8701, 427.0200
66 42 1.410000 489.2853, 409.7647, 516.0905, 407.4534, 517.6355, 425.3710, 490.8303, 427.6824
66 43 1.440000 487.7496, 410.4295, 514.3418, 408.1987, 515.8256, 425.8855, 489.2334, 428.1163
66 44 1.470000 486.1127, 410.9419, 512.5681, 408.7986, 514.0148, 426.6562, 487.5594, 428.7994
66 45 1.510000 483.8829, 411.7440, 510.1161, 409.7487, 511.4736, 427.5964, 485.2404, 429.5917
66 46 1.540000 482.1573, 412.3946, 508.2382, 410.5559, 509.4775, 428.1338, 483.3966, 429.9725
66 47 1.570000 480.3588, 412.7190, 506.3363, 411.0635, 507.4675, 428.8146, 481.4900, 430.4701
66 48 1.610000 477.9018, 413.1255, 503.7599, 411.7840, 504.6753, 429.4276, 478.8172, 430.7692
66 49 1.640000 476.0159, 413.4680, 501.7746, 412.3811, 502.5023, 429.6263, 476.7436, 430.7132
66 50 1.670000 474.0984, 413.3969, 499.8122, 412.6259, 500.3337, 430.0191, 474.6199, 430.7901
66 51 1.710000 471.5021, 413.3741, 497.1431, 413.0303, 497.3735, 430.2158, 471.7325, 430.5596
66 52 1.740000 469.5255, 413.4040, 495.1284, 413.3987, 495.1319, 430.1454, 469.5289, 430.1507
66 53 1.770000 467.5701, 413.0845, 493.1374, 413.4827, 492.8764, 430.2363, 467.3092, 429.8380
66 54 1.810000 464.9650, 412.7241, 490.4828, 413.6468, 489.8875, 430.1111, 464.3697, 429.1884
66 55 1.840000 462.9997, 412.5351, 488.5291, 413.8558, 487.7064, 429.7583, 462.1771, 428.4376
66 56 1.870000 461.1184, 411.9641, 486.5791, 413.7002, 485.4908, 429.6603, 460.0301, 427.9242
66 57 1.910000 458.6251, 411.3510, 484.0486, 413.6230, 482.6579, 429.1845, 457.2344, 426.9125
66 58 1.940000 456.8017, 410.9081, 482.2025, 413.5856, 480.6114, 428.6805, 455.2105, 426.0030
66 59 1.970000 455.0693, 410.2325, 480.4043, 413.2835, 478.5926, 428.3276, 453.2577, 425.2766
66 60 2.010000 452.8166, 409.5017, 478.0831, 412.9824, 476.0656, 427.6281, 450.7990, 424.1474
66 61 2.040000 451.1773, 409.0782, 476.4171, 412.8653, 474.2933, 427.0195, 449.0535, 423.2324
66 62 2.070000 449.6701, 408.4838, 474.8254, 412.5641, 472.5370, 426.6719, 447.3818, 422.5916
66 63 2.110000 447.7180, 407.9800, 472.8124, 412.4090, 470.4015, 426.0683, 445.3072, 421.6393
66 64 2.140000 446.3262, 407.7613, 471.3852, 412.4341, 468.9364, 425.5660, 443.8775, 420.8932
66 65 2.170000 445.0820, 407.3522, 470.0636, 412.2257, 467.5037, 425.3475, 442.5222, 420.4740
66 66 2.210000 443.5381, 406.9828, 468.4373, 412.0942, 465.7863, 425.0077, 440.8872, 419.8964
66 67 2.240000 442.4603, 406.8305, 467.3191, 412.0516, 464.6578, 424.7224, 439.7990, 419.5013
66 68 2.270000 441.5507, 406.4997, 466.3253, 411.7983, 463.5646, 424.7065, 438.7900, 419.4079
66 69 2.310000 440.4536, 406.2250, 465.1494, 411.5376, 462.3257, 424.6638, 437.6298, 419.3512
66 70 2.340000 439.7013, 406.2317, 464.3710, 411.5154, 461.5811, 424.5414, 436.9114, 419.2576
66 71 2.370000 439.1429, 406.0008, 463.7324, 411.2370, 460.8478, 424.7830, 436.2584, 419.5467
66 72 2.410000 438.4709, 406.0423, 463.0000, 411.1182, 460.1362, 424.9577, 435.6071, 419.8818
66 73 2.440000 438.0737, 406.1529, 462.5712, 411.0696, 459.7419, 425.1667, 435.2443, 420.2500
66 74 2.470000 437.7764, 406.1980, 462.3040, 410.9564, 459.4703, 425.5628, 434.9428, 420.8044
66 75 2.510000 437.5164, 406.3529, 462.1335, 410.9260, 459.3143, 426.1014, 434.6972, 421.5283
66 76 2.540000 437.4281, 406.5957, 462.0830, 410.9465, 459.3653, 426.3472, 434.7104, 421.9964
66 77 2.570000 437.4656, 406.6542, 462.1822, 410.7526, 459.5387, 426.6948, 434.8221, 422.5964
66 78 2.610000 437.6473, 406.8434, 462.4111, 410.4714, 460.0068, 426.8827, 435.2430, 423.2546
66 79 2.640000 437.9016, 407.0787, 462.6598, 410.3233, 460.4997, 426.8058, 435.7415, 423.5612
66 80 2.670000 438.2613, 407.0155, 463.0660, 409.8752, 461.1000, 426.9279, 436.2953, 424.0683
66 81 2.710000 438.8762, 407.1022, 463.6850, 409.4400, 462.0527, 426.7628, 437.2438, 424.4250
66 82 2.740000 439.4080, 407.2169, 464.1866, 409.0644, 462.8890, 426.4677, 438.1105, 424.6202
66 83 2.770000 440.0204, 407.1075, 464.7929, 408.5053, 463.7895, 426.2893, 439.0169, 424.8915
66 84 2.800000 440.6748, 407.1523, 465.4079, 408.0481, 464.7637, 425.8367, 440.0305, 424.9409
66 85 2.840000 441.6401, 407.0655, 466.3120, 407.3395, 466.1140, 425.1745, 441.4421, 424.9005
66 86 2.870000 442.3807, 406.7580, 467.0479, 406.5703, 467.1863, 424.7439, 442.5190, 424.9317
66 87 2.900000 443.1487, 406.6318, 467.7606, 405.9506, 468.2593, 423.9689, 443.6474, 424.6501
66 88 2.940000 444.1871, 406.2427, 468.7555, 404.9789, 469.6778, 422.9081, 445.1094, 424.1719
66 89 2.970000 444.9326, 405.7330, 469.5144, 404.0664, 470.7422, 422.1763, 446.1605, 423.8430
66 90 3.000000 445.6854, 405.4356, 470.2549, 403.3886, 471.7373, 421.1806, 447.1677, 423.2277
66 91 3.040000 446.6288, 405.0129, 471.1911, 402.4729, 473.0065, 420.0284, 448.4443, 422.5684
66 92 3.070000 447.2835, 404.7484, 471.8647, 401.8822, 473.9010, 419.3465, 449.3199, 422.2127
66 93 3.100000 447.9213, 404.7614, 472.4867, 401.5808, 474.6919, 418.6122, 450.1265, 421.7928
66 94 3.140000 448.6584, 404.8103, 473.2444, 401.2686, 475.6456, 417.9374, 451.0596, 421.4791
66 95 3.170000 449.1028, 404.8154, 473.7392, 401.0487, 476.2835, 417.6899, 451.6471, 421.4567
66 96 3.200000 449.5087, 405.0756, 474.1642, 401.1165, 476.7720, 417.3565, 452.1164, 421.3156
66 97 3.240000 449.8777, 405.3741, 474.5991, 401.2200, 477.2845, 417.2012, 452.5632, 421.3553
66 98 3.270000 450.0087, 405.5476, 474.8093, 401.2839, 477.5631, 417.3019, 452.7625, 421.5656
66 99 3.300000 450.0894, 405.9859, 474.9209, 401.6435, 477.6535, 417.2696, 452.8220, 421.6119
66 100 3.340000 449.9816, 406.4828, 474.9040, 402.0907, 477.6237, 417.5234, 452.7013, 421.9155
66 101 3.370000 449.7333, 406.8057, 474.7425, 402.4056, 477.4731, 417.9252, 452.4638, 422.3253
66 102 3.400000 449.3954, 407.3878, 474.5088, 402.9883, 477.1698, 418.1783, 452.0564, 422.5778
66 103 3.440000 448.7229, 408.1406, 473.9736, 403.7860, 476.5602, 418.7847, 451.3095, 423.1393
66 104 3.470000 448.0590, 408.6556, 473.3772, 404.3478, 475.9439, 419.4333, 450.6257, 423.7410
66 105 3.500000 447.2867, 409.4379, 472.7195, 405.2130, 475.1576, 419.8893, 449.7247, 424.1142
66 106 3.540000 446.0116, 410.2933, 471.5375, 406.1702, 473.8841, 420.6975, 448.3581, 424.8207
66 107 3.570000 444.8644, 410.7133, 470.4339, 406.6988, 472.7525, 421.4666, 447.1830, 425.4811
66 108 3.600000 443.5921, 411.3496, 469.2526, 407.4757, 471.4344, 421.9284, 445.7739, 425.8022
66 109 3.640000 441.6394, 411.9109, 467.3855, 408.2462, 469.4407, 422.6849, 443.6947, 426.3497
66 110 3.670000 439.9877, 412.1315, 465.7673, 408.6242, 467.7682, 423.3316, 441.9887, 426.8389
66 111 3.700000 438.2115, 412.5703, 464.0616, 409.2362, 465.9189, 423.6360, 440.0688, 426.9701
66 112 3.740000 435.6023, 412.8953, 461.5042, 409.7831, 463.2259, 424.1123, 437.3240, 427.2245
66 113 3.770000 433.4724, 412.9597, 459.3889, 410.0129, 461.0356, 424.4949, 435.1191, 427.4417
66 114 3.800000 431.2290, 413.3137, 457.1914, 410.5394, 458.6758, 424.4300, 432.7133, 427.2043
66 115 3.840000 428.0094, 413.3913, 453.9813, 410.8558, 455.3132, 424.4990, 429.3413, 427.0345
66 116 3.870000 425.4237, 413.1583, 451.3643, 410.7791, 452.6363, 424.6480, 426.6957, 427.0273
66 117 3.900000 422.7280, 413.1212, 448.6567, 410.9173, 449.8034, 424.4084, 423.8747, 426.6123
66 118 3.940000 418.9209, 412.6397, 444.7753, 410.6304, 445.8324, 424.2322, 419.9780, 426.2415
66 119 3.970000 415.9226, 412.0034, 441.7155, 410.1735, 442.7073, 424.1540, 416.9144, 425.9838
66 120 4.000000 412.8348, 411.4712, 438.5615, 409.8445, 439.4425, 423.7781, 413.7158, 425.4047
66 121 4.040000 408.5413, 410.5441, 434.1878, 409.1874, 434.9310, 423.2367, 409.2845, 424.5934
66 122 4.070000 405.2030, 409.4658, 430.7281, 408.2532, 431.4307, 423.0428, 405.9056, 424.2554
66 123 4.100000 401.7866, 408.6715, 427.2345, 407.6407, 427.8322, 422.3965, 402.3843, 423.4273
66 124 4.140000 397.1160, 407.3154, 422.4197, 406.5264, 422.8889, 421.5765, 397.5852, 422.3655
66 125 4.170000 393.5199, 406.0012, 418.7121, 405.3869, 419.0941, 421.0494, 393.9019, 421.6637
66 126 4.200000 389.8756, 404.9124, 414.9565, 404.4944, 415.2164, 420.0842, 390.1355, 420.5022
66 127 4.240000 384.9216, 403.0900, 409.8636, 402.9580, 409.9476, 418.8209, 385.0055, 418.9530
66 128 4.270000 381.1513, 401.4013, 405.9629, 401.4625, 405.9223, 417.9036, 381.1108, 417.8424
66 129 4.300000 377.3272, 400.0274, 402.0331, 400.2788, 401.8693, 416.3739, 377.1635, 416.1225
66 130 4.340000 372.1984, 397.6229, 396.7367, 398.1727, 396.3728, 414.4149, 371.8345, 413.8651
66 131 4.370000 368.3182, 395.5525, 392.7437, 396.3338, 392.2171, 412.7969, 367.7917, 412.0156
66 132 4.400000 364.4331, 393.5663, 388.7275, 394.6118, 388.0350, 410.7021, 363.7406, 409.6565
66 133 4.440000 359.2259, 390.5289, 383.3461, 391.8826, 382.4584, 407.6987, 358.3383, 406.3450
66 134 4.470000 355.3490, 387.7954, 379.3224, 389.3975, 378.2448, 405.5225, 354.2714, 403.9204
66 135 4.500000 351.4024, 385.3798, 375.2876, 387.2514, 374.0655, 402.8480, 350.1803, 400.9764
66 136 4.540000 346.0462, 382.0504, 369.9394, 384.3341, 368.4794, 399.6093, 344.5862, 397.3255
66 137 4.570000 342.0426, 379.7911, 365.9347, 382.3834, 364.3098, 397.3593, 340.4177, 394.7670
66 138 4.600000 338.0211, 377.9240, 361.9055, 380.8254, 360.1689, 395.1214, 336.2845, 392.2200
66 139 4.640000 332.7160, 375.5828, 356.5795, 378.8872, 354.6793, 392.6100, 330.8158, 389.3056
66 140 4.670000 328.7875, 373.9147, 352.6662, 377.5155, 350.6231, 391.0647, 326.7443, 387.4639
66 141 4.700000 324.8745, 372.6235, 348.8699, 376.5276, 346.7638, 389.4720, 322.7684, 385.5679
66 142 4.740000 319.7631, 370.9549, 343.9069, 375.2405, 341.6876, 387.7437, 317.5438, 383.4581
66 143 4.770000 316.0418, 369.7317, 340.2729, 374.3113, 337.9279, 386.7193, 313.6968, 382.1397
66 144 4.800000 312.3638, 368.8005, 336.6823, 373.6467, 334.2948, 385.6271, 309.9763, 380.7809
66 145 4.840000 307.6378, 367.5729, 332.0461, 372.7455, 329.5580, 384.4863, 305.1497, 379.3136
66 146 4.870000 304.2386, 366.6257, 328.7083, 372.0009, 326.0977, 383.8852, 301.6280, 378.5100
66 147 4.900000 300.9170, 365.9693, 325.4298, 371.5157, 322.7944, 383.1631, 298.2816, 377.6168
66 148 4.940000 296.7130, 365.0405, 321.2775, 370.7673, 318.5375, 382.5204, 293.9730, 376.7936
66 149 4.970000 293.7607, 364.2273, 318.3550, 370.0801, 315.4333, 382.3574, 290.8390, 376.5046
66 150 5.000000 290.8492, 363.8574, 315.4675, 369.7285, 312.5575, 381.9302, 287.9393, 376.0590
66 151 5.040000 287.2016, 363.3226, 311.8577, 369.1669, 308.8680, 381.7798, 284.2120, 375.9355
66 152 5.070000 284.6182, 362.9726, 309.3170, 368.7708, 306.2248, 381.9430, 281.5260, 376.1448
66 153 5.100000 282.0819, 363.0601, 306.8189, 368.7622, 303.7779, 381.9551, 279.0408, 376.2531
66 154 5.140000 278.8976, 363.2468, 303.7002, 368.7887, 300.6631, 382.3814, 275.8605, 376.8396
66 155 5.170000 276.6267, 363.5030, 301.5016, 368.8797, 298.4581, 382.9604, 273.5832, 377.5837
66 156 5.200000 274.4039, 364.1568, 299.3441, 369.3215, 296.4128, 383.4766, 271.4726, 378.3119
66 157 5.240000 271.5771, 365.2071, 296.6333, 370.0467, 293.8284, 384.5685, 268.7722, 379.7288
66 158 5.270000 269.5556, 366.1293, 294.7116, 370.7092, 291.9755, 385.7380, 266.8195, 381.1581
66 159 5.300000 267.5569, 367.5142, 292.8079, 371.8023, 290.2431, 386.9054, 264.9921, 382.6173
66 160 5.340000 264.9846, 369.6383, 290.3777, 373.5226, 288.0087, 389.0096, 262.6157, 385.1254
66 161 5.370000 263.0986, 371.5211, 288.6133, 375.0918, 286.3881, 390.9923, 260.8734, 387.4217
66 162 5.400000 261.2284, 373.8774, 286.8502, 377.1254, 284.8191, 393.1478, 259.1973, 389.8999
66 163 5.440000 258.7778, 377.4432, 284.5544, 380.2788, 282.7549, 396.6365, 256.9784, 393.8008
66 164 5.470000 256.9695, 380.3749, 282.8683, 382.9149, 281.2231, 399.6895, 255.3244, 397.1495
66 165 5.500000 255.1731, 383.6375, 281.1838, 385.8717, 279.7341, 402.7499, 253.7234, 400.5157
66 166 5.540000 252.8625, 387.7369, 279.0175, 389.6291, 277.7728, 406.8347, 251.6177, 404.9424
66 167 5.570000 251.1970, 390.3816, 277.4621, 392.0814, 276.3198, 409.7328, 250.0546, 408.0330
66 168 5.600000 249.5516, 392.9833, 275.9100, 394.4732, 274.9161, 412.0572, 248.5577, 410.5673
66 169 5.640000 247.3413, 395.8969, 273.8732, 397.0212, 273.1207, 414.7790, 246.5889, 413.6548
66 170 5.670000 245.6412, 397.7023, 272.3388, 398.4598, 271.8257, 416.5427, 245.1281, 415.7852
66 171 5.700000 243.9440, 399.6149, 270.7672, 399.9999, 270.5137, 417.6574, 243.6905, 417.2724
66 172 5.740000 241.6263, 401.5236, 268.6425, 401.3952, 268.7261, 418.9949, 241.7100, 419.1234
66 173 5.770000 239.8290, 402.4572, 267.0192, 401.9737, 267.3383, 419.9173, 240.1481, 420.4009
66 174 5.800000 238.0287, 403.4986, 265.3286, 402.6924, 265.8464, 420.2259, 238.5465, 421.0321
66 175 5.840000 235.5192, 404.1462, 262.9990, 402.9993, 263.7336, 420.6019, 236.2538, 421.7488
66 176 5.870000 233.5072, 404.1105, 261.1682, 402.7224, 262.0761, 420.8146, 234.4151, 422.2027
66 177 5.900000 231.4825, 404.1250, 259.2581, 402.5852, 260.2487, 420.4534, 232.4730, 421.9932
66 178 5.940000 228.6139, 403.4494, 256.5850, 401.8027, 257.6504, 419.9001, 229.6793, 421.5468
66 179 5.970000 226.3346, 402.4780, 254.4806, 400.8264, 255.5733, 419.4483, 227.4273, 421.0999
66 180 6.000000 224.0440, 401.7098, 252.2894, 400.1444, 253.3070, 418.5049, 225.0615, 420.0703
66 181 6.040000 220.8168, 400.2891, 249.2522, 398.9205, 250.1535, 417.6455, 221.7181, 419.0142
66 182 6.070000 218.2770, 399.1627, 246.8875, 397.9601, 247.7004, 417.2988, 219.0899, 418.5014
66 183 6.100000 215.6968, 398.3619, 244.4409, 397.3567, 245.1242, 416.8946, 216.3801, 417.8999
66 184 6.140000 212.1073, 397.3318, 241.0659, 396.6016, 241.5742, 416.7618, 212.6156, 417.4920
66 185 6.170000 209.3255, 396.6610, 238.4461, 396.1563, 238.8053, 416.8848, 209.6848, 417.3895
66 186 6.200000 206.4904, 396.3247, 235.7466, 396.0692, 235.9289, 416.9406, 206.6726, 417.1961
66 187 6.240000 202.5803, 396.0264, 232.0239, 396.1042, 231.9680, 417.2766, 202.5244, 417.1988
66 188 6.270000 199.5439, 395.8441, 229.1570, 396.1788, 228.9127, 417.7935, 199.2996, 417.4588
66 189 6.300000 196.4547, 396.0309, 226.2016, 396.6381, 225.7614, 418.2054, 196.0145, 417.5982
66 190 6.340000 192.2046, 396.3872, 222.1621, 397.3583, 221.4582, 419.0732, 191.5007, 418.1022
66 191 6.370000 188.9189, 396.7508, 219.0621, 397.9841, 218.1629, 419.9604, 188.0197, 418.7271
66 192 6.400000 185.5655, 397.5016, 215.8747, 398.9871, 214.8077, 420.7563, 184.4985, 419.2707
66 193 6.440000 180.9691, 398.6310, 211.5429, 400.4333, 210.2623, 422.1577, 179.6885, 420.3553
66 194 6.470000 177.4321, 399.5788, 208.2389, 401.6010, 206.8055, 423.4390, 175.9987, 421.4168
66 195 6.500000 173.8344, 400.8793, 204.8493, 403.1010, 203.3106, 424.5815, 172.2957, 422.3598
66 196 6.540000 168.9447, 402.5274, 200.2787, 404.9990, 198.5983, 426.3028, 167.2643, 423.8312
66 197 6.570000 165.2244, 403.5710, 196.8351, 406.2334, 195.0235, 427.7425, 163.4128, 425.0801
66 198 6.600000 161.4631, 404.9162, 193.2959, 407.7240, 191.4376, 428.7925, 159.6047, 425.9847
66 199 6.640000 156.4191, 406.3786, 188.5825, 409.4208, 186.6014, 430.3657, 154.4380, 427.3235
66 200 6.670000 152.6118, 407.2657, 185.0533, 410.4906, 182.9522, 431.6266, 150.5107, 428.4018
66 201 6.700000 148.8041, 408.3995, 181.4475, 411.7928, 179.2934, 432.5154, 146.6500, 429.1222
66 202 6.740000 143.6957, 409.6377, 176.6664, 413.2220, 174.4319, 433.7766, 141.4612, 430.1923
66 203 6.770000 139.8611, 410.3154, 173.1228, 414.0453, 170.7938, 434.8145, 137.5321, 431.0847
66 204 6.800000 135.9435, 411.2876, 169.5544, 415.1258, 167.2421, 435.3748, 133.6311, 431.5365
66 205 6.840000 130.7812, 412.2063, 164.8745, 416.1806, 162.5311, 436.2835, 128.4378, 432.3092
66 206 6.870000 126.9978, 412.6004, 161.3951, 416.6739, 158.9813, 437.0565, 124.5840, 432.9830
66 207 6.900000 123.1276, 413.2828, 157.9392, 417.4046, 155.5793, 437.3355, 120.7677, 433.2137
66 208 6.940000 118.1142, 413.7699, 153.3947, 417.9586, 151.0372, 437.8159, 115.7567, 433.6272
66 209 6.970000 114.4807, 413.8011, 150.0442, 418.0614, 147.6230, 438.2734, 112.0594, 434.0131
66 210 7.000000 110.7814, 414.1386, 146.7274, 418.4152, 144.3703, 438.2268, 108.4244, 433.9501
66 211 7.040000 106.0586, 414.1379, 142.4107, 418.5473, 139.9989, 438.4306, 103.6468, 434.0213
66 212 7.070000 102.6060, 413.9311, 139.2441, 418.4035, 136.7660, 438.7037, 100.1279, 434.2312
66 213 7.100000 99.0904, 414.1232, 136.1213, 418.6264, 133.7062, 438.4859, 96.6754, 433.9826
66 214 7.140000 94.5604, 414.0439, 132.0715, 418.5536, 129.6857, 438.3987, 92.1746, 433.8890
66 215 7.170000 91.3131, 413.7067, 129.1409, 418.2797, 126.6987, 438.4816, 88.8709, 433.9086
66 216 7.200000 88.0697, 413.6344, 126.2742, 418.2642, 123.8652, 438.1428, 85.6607, 433.5130
66 217 7.240000 83.9619, 413.1436, 122.6161, 417.9163, 120.1579, 437.8253, 81.5037, 433.0526
66 218 7.270000 81.0575, 412.4253, 119.9950, 417.3041, 117.4383, 437.7093, 78.5008, 432.8305
66 219 7.300000 78.1716, 411.9737, 117.4702, 416.9857, 114.9090, 437.0679, 75.6104, 432.0560
66 220 7.340000 74.5643, 410.8842, 114.2996, 416.0429, 111.6773, 436.2413, 71.9420, 431.0826
66 221 7.370000 72.1242, 409.6245, 112.0872, 415.0132, 109.2901, 435.7573, 69.3271, 430.3686
66 222 7.400000 69.6851, 408.6377, 109.9922, 414.1930, 107.1875, 434.5430, 66.8804, 428.9877
66 223 7.440000 66.7919, 406.7166, 107.4590, 412.6014, 104.5098, 432.9819, 63.8427, 427.0971
66 224 7.470000 64.9076, 404.8146, 105.7614, 410.9950, 102.6073, 431.8440, 61.7535, 425.6636
66 225 7.500000 63.0884, 403.2315, 104.2046, 409.7937, 100.9639, 430.0990, 59.8477, 423.5368
66 226 7.540000 61.0383, 400.7768, 102.3752, 407.9348, 98.8840, 428.0963, 57.5471, 420.9383
66 227 7.570000 59.7317, 398.7255, 101.2023, 406.2116, 97.4498, 426.9993, 55.9792, 419.5132
66 228 7.600000 58.5091, 397.0982, 100.1407, 404.9525, 96.2363, 425.6473, 54.6048, 417.7930
66 229 7.640000 57.1382, 395.0130, 98.9789, 403.2644, 94.8842, 424.0277, 53.0434, 415.7762
66 230 7.670000 56.4039, 393.3510, 98.3352, 401.9380, 94.0070, 423.0732, 52.0757, 414.4862
66 231 7.700000 55.7744, 392.0324, 97.8445, 400.9286, 93.4184, 421.8595, 51.3483, 412.9633
66 232 7.740000 55.3239, 390.1803, 97.5253, 399.4591, 92.9122, 420.4403, 50.7108, 411.1615
66 233 7.770000 55.3057, 388.6406, 97.5667, 398.1433, 92.7483, 419.5719, 50.4873, 410.0692
66 234 7.800000 55.4090, 387.4656, 97.7852, 397.1905, 92.9373, 418.3152, 50.5611, 408.5903
66 235 7.840000 56.0187, 385.6359, 98.4894, 395.5746, 93.5098, 416.8536, 51.0392, 406.9149
66 236 7.870000 56.8574, 384.0256, 99.3427, 394.0712, 94.1779, 415.9145, 51.6926, 405.8689
66 237 7.900000 57.8145, 382.7797, 100.3954, 392.9160, 95.2636, 414.4737, 52.6828, 404.3374
66 238 7.940000 59.6062, 380.7781, 102.2501, 390.9488, 97.0663, 412.6834, 54.4224, 402.5127
66 239 7.970000 61.3283, 379.0496, 103.9722, 389.1783, 98.6887, 411.4229, 56.0449, 401.2942
66 240 8.000000 63.1066, 377.7867, 105.8832, 387.8202, 100.7836, 409.5621, 58.0069, 399.5287
66 241 8.040000 65.9460, 375.8812, 108.8264, 385.6304, 103.8631, 407.4603, 60.9828, 397.7111
66 242 8.070000 68.4425, 374.3190, 111.3013, 383.8329, 106.3229, 406.2598, 63.4641, 396.7459
66 243 8.100000 70.9580, 373.3043, 113.9286, 382.5239, 109.1780, 404.6654, 66.2074, 395.4459
66 244 8.140000 74.8150, 371.6770, 117.7619, 380.4789, 113.1168, 403.1441, 70.1698, 394.3423
66 245 8.170000 77.9094, 370.5204, 120.8570, 378.9088, 116.3268, 402.1026, 73.3792, 393.7142
66 246 8.200000 81.0556, 369.7825, 124.0777, 377.6868, 119.8422, 400.7401, 76.8201, 392.8358
66 247 8.240000 85.5470, 368.7621, 128.6403, 375.9708, 124.7729, 399.0898, 81.6796, 391.8811
66 248 8.270000 89.1964, 367.7649, 132.2394, 374.4182, 128.5703, 398.1548, 85.5274, 391.5016
66 249 8.300000 92.8024, 367.2886, 135.9457, 373.3095, 132.6812, 396.7021, 89.5378, 390.6812
66 250 8.340000 97.8482, 366.4854, 141.0514, 371.5147, 138.3242, 394.9420, 95.1210, 389.9128
66 251 8.370000 101.7934, 365.7228, 144.9931, 369.9795, 142.6501, 393.7578, 99.4504, 389.5010
66 252 8.400000 105.7111, 365.3848, 148.9952, 368.8037, 147.1558, 392.0906, 103.8718, 388.6717
66 253 8.440000 111.1276, 364.5940, 154.4167, 366.9145, 153.1710, 390.1519, 109.8819, 387.8314
66 254 8.470000 115.2506, 363.8844, 158.4819, 365.3078, 157.7079, 388.8151, 114.4766, 387.3917
66 255 8.500000 119.2977, 363.6678, 162.5750, 364.1586, 162.3152, 387.0728, 119.0379, 386.5821
66 256 8.540000 124.7393, 363.3127, 167.9416, 362.5152, 168.3627, 385.3229, 125.1604, 386.1204
66 257 8.570000 128.7897, 363.2397, 171.9174, 361.5178, 172.8287, 384.3421, 129.7010, 386.0640
66 258 8.600000 132.7891, 363.6507, 175.8630, 361.0579, 177.2038, 383.3338, 134.1300, 385.9266
66 259 8.640000 138.0611, 364.2776, 181.0101, 360.6795, 182.8467, 382.6024, 139.8978, 386.2005
66 260 8.670000 141.9346, 364.7496, 184.7200, 360.4634, 186.9319, 382.5430, 144.1466, 386.8293
66 261 8.700000 145.6859, 365.7288, 188.3854, 360.7781, 190.8877, 382.3600, 148.1882, 387.3107
66 262 8.740000 150.5245, 367.1176, 193.0629, 361.4071, 195.9136, 382.6429, 153.3752, 388.3533
66 263 8.770000 153.9932, 368.1080, 196.3769, 361.9190, 199.5101, 383.3765, 157.1264, 389.5654
66 264 8.800000 157.3277, 369.6085, 199.6227, 362.9935, 202.9090, 384.0056, 160.6140, 390.6206
66 265 8.840000 161.5238, 371.6925, 203.6780, 364.6110, 207.1832, 385.4762, 165.0290, 392.5577
66 266 8.870000 164.4724, 373.3655, 206.5128, 366.0146, 210.1926, 387.0593, 168.1521, 394.4102
66 267 8.900000 167.2729, 375.6306, 209.2635, 368.0286, 212.9855, 388.5874, 170.9949, 396.1894
66 268 8.940000 170.7258, 378.8526, 212.6376, 371.0040, 216.4435, 391.3272, 174.5317, 399.1758
66 269 8.970000 173.0893, 381.4152, 214.9400, 373.4371, 218.8347, 393.8672, 176.9839, 401.8453
66 270 9.000000 175.2840, 384.4703, 217.1209, 376.3659, 220.9712, 396.2421, 179.1343, 404.3465
66 271 9.040000 177.8184, 388.2922, 219.6280, 380.0518, 223.4657, 399.5228, 181.6561, 407.7633
66 272 9.070000 179.3568, 390.3784, 221.1418, 382.1874, 225.0874, 402.3153, 183.3024, 410.5063
66 273 9.100000 180.7016, 392.7605, 222.5282, 384.6656, 226.3298, 404.3083, 184.5032, 412.4033
66 274 9.140000 182.0577, 395.0705, 223.9495, 387.3491, 227.5954, 407.1298, 185.7037, 414.8512
66 275 9.170000 182.7597, 396.3164, 224.6934, 388.9442, 228.2631, 409.2488, 186.3294, 416.6210
66 276 9.200000 183.2941, 397.9125, 225.3313, 390.9448, 228.5890, 410.5991, 186.5518, 417.5667
66 277 9.240000 183.5979, 399.3291, 225.7562, 392.9183, 228.7442, 412.5676, 186.5858, 418.9784
66 278 9.270000 183.6081, 400.0634, 225.8559, 394.2050, 228.5964, 413.9684, 186.3486, 419.8268
66 279 9.300000 183.4640, 400.9455, 225.8542, 395.7021, 228.2241, 414.8620, 185.8340, 420.1054
66 280 9.340000 183.0346, 401.5265, 225.5654, 397.2319, 227.4747, 416.1409, 184.9440, 420.4354
66 281 9.370000 182.5264, 401.4272, 225.1377, 397.8019, 226.7939, 417.2683, 184.1825, 420.8936
66 282 9.400000 181.9428, 401.8657, 224.6664, 398.9104, 225.9511, 417.4831, 183.2274, 420.4383
66 283 9.440000 181.0099, 401.6860, 223.8465, 399.6160, 224.7356, 418.0146, 181.8990, 420.0846
66 284 9.470000 180.2555, 401.1023, 223.1363, 399.6940, 223.7561, 418.5662, 180.8753, 419.9744
66 285 9.500000 179.4730, 400.7786, 222.4200, 400.0628, 222.7265, 418.4499, 179.7795, 419.1658
66 286 9.540000 178.4211, 399.9791, 221.3883, 400.0946, 221.3391, 418.4455, 178.3718, 418.3301
66 287 9.570000 177.6538, 399.4877, 220.5892, 400.1660, 220.2992, 418.5276, 177.3637, 417.8493
66 288 9.600000 176.9194, 398.4908, 219.8278, 399.7290, 219.3009, 417.9842, 176.3926, 416.7460
66 289 9.640000 176.0328, 397.2767, 218.8520, 399.1603, 218.0209, 418.0539, 175.2016, 416.1703
66 290 9.670000 175.4378, 396.7176, 218.1458, 398.9791, 217.1512, 417.7602, 174.4433, 415.4987
66 291 9.700000 174.9459, 395.6630, 217.5365, 398.2572, 216.3426, 417.8581, 173.7520, 415.2639
66 292 9.740000 174.4310, 394.7256, 216.7976, 397.6587, 215.4320, 417.3842, 173.0654, 414.4511
66 293 9.770000 174.1580, 394.2692, 216.3034, 397.3635, 214.8853, 416.6790, 172.7398, 413.5847
66 294 9.800000 174.0131, 393.4008, 215.9333, 396.6024, 214.4297, 416.2890, 172.5096, 413.0874
66 295 9.840000 173.9830, 392.6172, 215.5354, 395.8732, 214.0149, 415.2777, 172.4625, 412.0217
66 296 9.870000 174.0824, 392.3251, 215.3089, 395.5721, 213.8458, 414.1481, 172.6194, 410.9012
66 297 9.900000 174.3119, 391.5812, 215.2130, 394.7768, 213.7577, 413.4026, 172.8566, 410.2070
66 298 9.940000 174.7844, 390.9425, 215.1817, 394.0692, 213.7939, 411.9997, 173.3966, 408.8731
66 299 9.970000 175.2539, 390.6967, 215.2273, 393.7654, 213.9268, 410.7069, 173.9533, 407.6382
66 300 10.000000 175.8312, 390.0564, 215.3889, 393.0640, 214.1133, 409.8414, 174.5556, 406.8338
66 301 10.040000 176.7070, 389.6678, 215.6676, 392.5800, 214.4293, 409.1470, 175.4686, 406.2348
66 302 10.070000 177.4982, 388.8478, 215.9862, 391.6923, 214.7092, 408.9705, 176.2212, 406.1259
66 303 10.100000 178.2765, 388.4767, 216.3359, 391.1853, 215.1089, 408.4263, 177.0495, 405.7177
66 304 10.140000 179.4233, 387.8861, 216.8783, 390.4330, 215.6735, 408.1520, 178.2184, 405.6051
66 305 10.170000 180.3220, 387.4896, 217.3241, 389.8746, 216.1454, 408.1619, 179.1433, 405.7769
66 306 10.200000 181.2168, 387.4926, 217.7920, 389.7345, 216.6736, 407.9792, 180.0984, 405.7372
66 307 10.240000 182.4705, 387.4920, 218.4639, 389.5811, 217.3888, 408.1040, 181.3954, 406.0149
66 308 10.270000 183.4647, 387.4339, 218.9972, 389.4543, 217.9115, 408.5485, 182.3790, 406.5280
66 309 10.300000 184.4160, 387.8769, 219.5352, 389.8171, 218.4893, 408.7485, 183.3701, 406.8083
66 310 10.340000 185.7298, 388.4763, 220.2751, 390.3556, 219.2336, 409.4989, 184.6883, 407.6195
66 311 10.370000 186.7433, 388.9762, 220.8419, 390.8453, 219.7679, 410.4386, 185.6693, 408.5695
66 312 10.400000 187.7209, 389.9377, 221.4081, 391.8074, 220.3251, 411.3226, 186.6378, 409.4530
66 313 10.440000 189.0509, 391.3555, 222.1693, 393.2612, 221.0295, 413.0701, 187.9111, 411.1645
66 314 10.470000 190.0653, 392.5316, 222.7454, 394.4847, 221.5347, 414.7422, 188.8546, 412.7891
66 315 10.500000 191.0709, 393.9750, 223.3358, 396.0135, 222.0535, 416.3110, 189.7885, 414.2726
66 316 10.540000 192.4065, 395.6385, 224.1502, 397.6798, 222.8353, 418.1281, 191.0916, 416.0868
66 317 10.570000 193.5565, 396.2085, 224.8386, 398.3930, 223.3739, 419.3679, 192.0918, 417.1835
66 318 10.600000 194.6228, 397.0099, 225.5683, 399.2863, 224.0734, 419.6076, 193.1279, 417.3312
66 319 10.640000 196.1624, 397.2355, 226.6217, 399.6187, 225.0536, 419.6615, 194.5943, 417.2784
66 320 10.670000 197.4019, 396.7873, 227.4949, 399.2462, 225.8362, 419.5463, 195.7431, 417.0874
66 321 10.700000 198.6302, 396.4459, 228.4051, 398.9729, 226.7316, 418.6905, 196.9567, 416.1635
66 322 10.740000 200.3853, 395.2578, 229.7301, 397.8613, 227.9987, 417.3767, 198.6539, 414.7732
66 323 10.770000 201.7934, 393.8096, 230.8063, 396.4430, 229.0043, 416.2963, 199.9913, 413.6629
66 324 10.800000 203.1784, 392.4921, 231.9216, 395.1262, 230.1443, 414.5201, 201.4011, 411.8861
66 325 10.840000 205.1273, 390.0560, 233.5152, 392.6364, 231.7574, 411.9744, 203.3695, 409.3940
66 326 10.870000 206.6753, 387.6903, 234.7930, 390.2097, 233.0247, 409.9450, 204.9070, 407.4256
66 327 10.900000 208.1952, 385.4760, 236.1049, 387.9178, 234.4208, 407.1670, 206.5111, 404.7252
66 328 10.940000 210.3340, 381.7847, 237.9538, 384.1099, 236.3385, 403.2967, 208.7187, 400.9715
66 329 10.970000 211.9782, 378.5893, 239.3942, 380.7795, 237.8415, 400.2153, 210.4255, 398.0251
66 330 11.000000 213.5666, 375.7364, 240.8439, 377.7841, 239.4405, 396.4793, 212.1631, 394.4315
66 331 11.040000 215.7280, 371.6122, 242.7937, 373.4093, 241.5535, 392.0864, 214.4879, 390.2893
66 332 11.070000 217.3078, 368.6271, 244.2452, 370.2363, 243.1106, 389.2285, 216.1732, 387.6193
66 333 11.100000 218.8652, 366.0840, 245.6900, 367.5126, 244.6820, 386.4401, 217.8572, 385.0115
66 334 11.140000 220.9107, 362.9619, 247.6049, 364.1898, 246.7291, 383.2286, 220.0349, 382.0007
66 335 11.170000 222.4053, 360.7820, 249.0220, 361.8629, 248.2384, 381.1572, 221.6217, 380.0763
66 336 11.200000 223.8826, 358.9769, 250.3972, 359.9310, 249.7080, 379.0854, 223.1934, 378.1313
66 337 11.240000 225.7875, 356.6916, 252.1984, 357.4796, 251.6241, 376.7275, 225.2132, 375.9394
66 338 11.270000 227.1704, 355.0325, 253.5226, 355.7121, 253.0183, 375.2622, 226.6662, 374.5825
66 339 11.300000 228.5324, 353.7132, 254.8010, 354.3136, 254.3570, 373.7379, 228.0885, 373.1375
66 340 11.340000 230.2792, 352.0445, 256.4589, 352.5593, 256.0761, 372.0240, 229.8964, 371.5092
66 341 11.370000 231.5272, 350.8494, 257.6612, 351.3009, 257.3214, 370.9668, 231.1875, 370.5153
66 342 11.400000 232.7439, 349.9698, 258.8138, 350.3789, 258.5088, 369.8194, 232.4388, 369.4104
66 343 11.440000 234.2802, 348.8608, 260.2939, 349.2173, 260.0289, 368.5554, 234.0152, 368.1988
66 344 11.470000 235.3718, 348.0190, 261.3601, 348.3439, 261.1162, 367.8549, 235.1278, 367.5300
66 345 11.500000 236.4375, 347.5065, 262.3827, 347.8381, 262.1373, 367.0359, 236.1921, 366.7042
66 346 11.540000 237.7647, 346.8602, 263.6761, 347.1762, 263.4430, 366.2876, 237.5316, 365.9716
66 347 11.570000 238.7011, 346.4852, 264.6011, 346.7954, 264.3720, 365.9293, 238.4719, 365.6191
66 348 11.600000 239.6038, 346.4150, 265.4718, 346.7248, 265.2465, 365.5368, 239.3785, 365.2269
66 349 11.640000 240.7437, 346.4225, 266.5802, 346.7613, 266.3366, 365.3314, 240.5001, 364.9925
66 350 11.670000 241.5326, 346.4762, 267.3635, 346.8164, 267.1182, 365.4412, 241.2873, 365.1011
66 351 11.700000 242.2892, 346.8737, 268.0987, 347.2218, 267.8525, 365.4714, 242.0430, 365.1232
66 352 11.740000 243.2095, 347.5076, 269.0193, 347.8320, 268.7932, 365.8242, 242.9834, 365.4999
66 353 11.770000 243.8499, 348.0209, 269.6713, 348.3302, 269.4552, 366.3694, 243.6339, 366.0602
66 354 11.800000 244.4618, 348.9006, 270.2792, 349.2010, 270.0741, 366.8286, 244.2566, 366.5281
66 355 11.840000 245.2004, 350.1371, 271.0334, 350.3979, 270.8572, 367.8458, 245.0243, 367.5849
66 356 11.870000 245.6935, 351.1968, 271.5599, 351.4068, 271.4183, 368.8565, 245.5518, 368.6465
66 357 11.900000 246.1562, 352.6079, 272.0357, 352.7536, 271.9394, 369.8654, 246.0599, 369.7198
66 358 11.940000 246.6940, 354.7032, 272.6155, 354.7342, 272.5953, 371.5730, 246.6739, 371.5421
66 359 11.970000 247.0400, 356.4098, 273.0042, 356.3345, 273.0528, 373.1184, 247.0887, 373.1937
66 360 12.000000 247.3506, 358.4350, 273.3373, 358.2270, 273.4679, 374.5381, 247.4812, 374.7461
66 361 12.040000 247.6958, 360.8965, 273.7259, 360.5433, 273.9417, 376.4539, 247.9116, 376.8071
66 362 12.070000 247.8655, 362.1990, 273.9700, 361.7390, 274.2566, 378.0050, 248.1521, 378.4650
66 363 12.100000 248.0106, 363.5976, 274.1480, 363.0388, 274.4898, 379.0262, 248.3524, 379.5850
66 364 12.140000 248.0975, 364.8895, 274.3067, 364.2283, 274.7129, 380.3280, 248.5036, 380.9892
66 365 12.170000 248.0932, 365.4555, 274.3706, 364.7733, 274.7987, 381.2618, 248.5213, 381.9441
66 366 12.200000 248.0716, 366.1625, 274.3688, 365.4914, 274.7820, 381.6835, 248.4848, 382.3546
66 367 12.240000 247.9589, 366.6565, 274.2889, 366.0759, 274.6434, 382.1507, 248.3134, 382.7313
66 368 12.270000 247.7957, 366.6481, 274.1704, 366.1601, 274.4723, 382.4773, 248.0977, 382.9653
66 369 12.300000 247.6181, 366.8223, 273.9890, 366.4513, 274.2114, 382.2569, 247.8405, 382.6280
66 370 12.340000 247.2853, 366.5532, 273.6779, 366.3521, 273.7964, 381.8903, 247.4037, 382.0914
66 371 12.370000 246.9840, 365.8815, 273.4219, 365.8688, 273.4295, 381.6237, 246.9915, 381.6364
66 372 12.400000 246.6736, 365.2559, 273.1194, 365.4602, 273.0004, 380.8707, 246.5546, 380.6664
66 373 12.440000 246.2360, 363.8088, 272.7049, 364.3813, 272.3720, 379.7766, 245.9031, 379.2041
66 374 12.470000 245.9106, 362.2422, 272.3934, 363.1138, 271.8725, 378.9402, 245.3897, 378.0686
66 375 12.500000 245.5761, 360.9385, 272.0503, 362.1368, 271.3527, 377.5499, 244.8785, 376.3516
66 376 12.540000 245.1626, 358.9152, 271.6231, 360.5765, 270.6475, 376.1151, 244.1870, 374.4537
66 377 12.570000 244.8347, 357.4582, 271.3144, 359.4316, 270.1241, 375.4042, 243.6444, 373.4308
66 378 12.600000 244.5166, 356.3664, 270.9917, 358.6430, 269.6108, 374.7014, 243.1357, 372.4249
66 379 12.640000 244.1091, 355.0488, 270.6064, 357.7027, 268.9523, 374.2180, 242.4549, 371.5640
66 380 12.670000 243.8342, 354.2203, 270.3433, 357.1316, 268.4790, 374.1076, 241.9699, 371.1963
66 381 12.700000 243.5659, 353.7721, 270.0822, 356.9134, 268.0646, 373.9441, 241.5483, 370.8027
66 382 12.740000 243.2548, 353.3295, 269.7964, 356.7287, 267.5757, 374.0678, 241.0341, 370.6685
66 383 12.770000 243.0713, 353.0773, 269.6492, 356.6542, 267.2546, 374.4469, 240.6767, 370.8701
66 384 12.800000 242.9091, 353.2350, 269.5058, 356.9697, 267.0124, 374.7263, 240.4158, 370.9916
66 385 12.840000 242.7583, 353.5980, 269.4089, 357.5022, 266.7792, 375.4533, 240.1286, 371.5491
66 386 12.870000 242.7032, 353.9922, 269.4126, 358.0013, 266.6694, 376.2774, 239.9599, 372.2683
66 387 12.900000 242.6656, 354.8251, 269.4257, 358.9109, 266.6601, 377.0246, 239.9000, 372.9389
66 388 12.940000 242.7034, 356.1275, 269.5526, 360.2977, 266.7363, 378.4298, 239.8872, 374.2596
66 389 12.970000 242.7957, 357.2785, 269.7288, 361.4938, 266.8717, 379.7493, 239.9386, 375.5340
66 390 13.000000 242.9297, 358.8106, 269.9314, 363.0567, 267.1147, 380.9685, 240.1130, 376.7224
66 391 13.040000 243.2600, 360.8010, 270.3639, 365.0907, 267.5735, 382.7209, 240.4697, 378.4312
66 392 13.070000 243.6372, 361.9591, 270.8588, 366.2288, 268.0345, 384.2349, 240.8129, 379.9651
66 393 13.100000 244.0692, 363.4427, 271.3957, 367.6624, 268.6789, 385.2560, 241.3524, 381.0363
66 394 13.140000 244.8053, 365.0995, 272.3132, 369.1655, 269.7223, 386.6940, 242.2144, 382.6281
66 395 13.170000 245.4713, 366.2023, 273.1422, 370.1217, 270.6454, 387.7492, 242.9745, 383.8298
66 396 13.200000 246.1772, 367.5538, 274.0241, 371.2908, 271.7274, 388.4053, 243.8805, 384.6684
66 397 13.240000 247.3252, 369.0656, 275.4003, 372.5821, 273.2986, 389.3619, 245.2234, 385.8454
66 398 13.270000 248.2897, 369.9864, 276.5409, 373.2251, 274.6019, 390.1390, 246.3507, 386.9003
66 399 13.300000 249.2672, 371.2045, 277.7252, 374.0920, 276.0636, 390.4681, 247.6056, 387.5807
66 400 13.340000 250.6902, 372.6776, 279.4228, 375.0074, 278.1391, 390.8400, 249.4065, 388.5103
66 401 13.370000 251.8893, 373.3990, 280.7826, 375.3026, 279.7257, 391.3437, 250.8324, 389.4400
66 402 13.400000 253.0863, 374.6159, 282.1768, 376.0896, 281.4121, 391.1851, 252.3216, 389.7115
66 403 13.440000 254.8211, 375.6805, 284.0855, 376.5428, 283.6500, 391.3227, 254.3856, 390.4604
66 404 13.470000 256.1228, 376.3732, 285.5341, 376.6820, 285.3799, 391.3686, 255.9686, 391.0598
66 405 13.500000 257.4504, 377.2597, 286.9529, 376.9808, 287.0861, 391.0714, 257.5836, 391.3503
66 406 13.540000 259.1822, 377.9800, 288.8103, 376.8517, 289.3366, 390.6721, 259.7085, 391.8003
66 407 13.570000 260.5018, 378.4271, 290.1665, 376.7930, 290.9303, 390.6573, 261.2656, 392.2914
66 408 13.600000 261.7421, 378.3616, 291.4409, 376.2493, 292.4366, 390.2481, 262.7378, 392.3604
66 409 13.640000 263.3385, 378.1865, 293.0512, 375.6227, 294.3036, 390.1382, 264.5909, 392.7019
66 410 13.670000 264.4578, 378.1886, 294.1503, 375.2682, 295.5643, 389.6446, 265.8718, 392.5650
66 411 13.700000 265.4419, 377.6237, 295.1199, 374.4295, 296.7364, 389.4490, 267.0584, 392.6432
66 412 13.740000 266.6318, 376.9333, 296.2710, 373.4776, 298.0468, 388.7083, 268.4076, 392.1640
66 413 13.770000 267.4297, 376.5508, 297.0328, 372.9588, 298.8211, 387.6961, 269.2179, 391.2882
66 414 13.800000 268.0617, 375.5869, 297.6371, 371.9570, 299.4792, 386.9666, 269.9039, 390.5965
66 415 13.840000 268.7552, 374.3557, 298.2890, 370.7838, 300.0656, 385.4735, 270.5318, 389.0453
66 416 13.870000 269.1588, 373.4588, 298.6651, 370.0218, 300.3072, 384.1190, 270.8009, 387.5560
66 417 13.900000 269.3812, 371.9612, 298.8477, 368.6945, 300.4119, 382.8042, 270.9455, 386.0709
66 418 13.940000 269.5109, 369.8774, 298.9198, 366.9228, 300.3526, 381.1839, 270.9436, 384.1385
66 419 13.970000 269.4281, 367.5483, 298.7713, 364.8771, 300.1493, 380.0143, 270.8061, 382.6854
66 420 14.000000 269.2896, 365.6273, 298.5785, 363.3033, 299.7679, 378.2931, 270.4790, 380.6171
66 421 14.040000 268.9595, 362.7764, 298.1614, 360.9606, 299.1432, 376.7502, 269.9413, 378.5660
66 422 14.070000 268.6344, 360.7991, 297.7692, 359.3635, 298.5925, 376.0714, 269.4577, 377.5070
66 423 14.100000 268.2610, 359.3826, 297.3274, 358.2998, 297.9643, 375.3989, 268.8979, 376.4816
66 424 14.140000 267.6785, 357.8075, 296.6665, 357.1671, 297.0612, 375.0345, 268.0733, 375.6748
66 425 14.170000 267.1947, 356.8659, 296.1709, 356.5456, 296.3760, 375.1063, 267.3998, 375.4265
66 426 14.200000 266.6658, 356.4265, 295.6348, 356.4039, 295.6494, 375.1379, 266.6805, 375.1605
66 427 14.240000 265.9074, 356.0914, 294.8647, 356.4344, 294.6372, 375.6384, 265.6799, 375.2953
66 428 14.270000 265.3067, 356.0126, 294.2546, 356.6049, 293.8502, 376.3666, 264.9023, 375.7743
66 429 14.300000 264.6757, 356.4023, 293.6202, 357.2290, 293.0535, 377.0741, 264.1089, 376.2474
66 430 14.340000 263.8084, 357.1706, 292.7495, 358.2790, 291.9745, 378.5150, 263.0334, 377.4066
66 431 14.370000 263.1477, 357.9803, 292.0884, 359.2836, 291.1570, 379.9639, 262.2164, 378.6605
66 432 14.400000 262.4665, 359.3169, 291.4136, 360.8118, 290.3483, 381.4411, 261.4012, 379.9463
66 433 14.440000 261.5527, 361.4817, 290.5118, 363.2127, 289.2709, 383.9720, 260.3118, 382.2411
66 434 14.470000 260.8733, 363.4029, 289.8436, 365.3069, 288.4659, 386.2692, 259.4955, 384.3651
66 435 14.500000 260.1883, 365.7592, 289.1767, 367.8349, 287.6932, 388.5524, 258.7049, 386.4768
66 436 14.540000 259.3196, 368.7903, 288.3386, 371.0457, 286.7355, 391.6721, 257.7165, 389.4166
66 437 14.570000 258.7193, 370.7540, 287.7672, 373.0867, 286.0925, 393.9414, 257.0445, 391.6087
66 438 14.600000 258.1632, 372.8214, 287.2473, 375.2527, 285.5368, 395.7143, 256.4527, 393.2830
66 439 14.640000 257.4809, 375.1330, 286.6226, 377.5819, 284.9089, 397.9745, 255.7672, 395.5256
66 440 14.670000 257.0773, 376.4184, 286.2609, 378.8802, 284.4997, 399.7586, 255.3160, 397.2968
66 441 14.700000 256.6944, 377.9747, 285.9333, 380.4442, 284.1988, 400.9801, 254.9599, 398.5106
66 442 14.740000 256.3013, 379.6052, 285.6142, 382.0684, 283.8831, 402.6689, 254.5702, 400.2056
66 443 14.770000 256.0904, 380.5231, 285.4618, 382.9707, 283.7114, 403.9756, 254.3400, 401.5280
66 444 14.800000 255.9042, 381.7097, 285.3573, 384.1425, 283.6521, 404.7872, 254.1990, 402.3544
66 445 14.840000 255.7724, 382.8822, 285.3335, 385.2916, 283.6483, 405.9667, 254.0872, 403.5573
66 446 14.870000 255.7645, 383.4532, 285.4012, 385.8494, 283.6965, 406.9335, 254.0598, 404.5374
66 447 14.900000 255.7824, 384.2902, 285.4940, 386.6774, 283.8269, 407.4269, 254.1153, 405.0397
66 448 14.940000 255.9260, 384.9981, 285.7309, 387.3788, 284.0677, 408.2008, 254.2628, 405.8201
66 449 14.970000 256.1230, 385.2300, 285.9924, 387.6105, 284.2976, 408.8754, 254.4282, 406.4949
