87 0 0.010000 166.9464, 307.3464, 197.2452, 308.3877, 196.7737, 322.1083, 166.4749, 321.0670
87 1 0.040000 166.9131, 307.9999, 197.2145, 309.0408, 196.7422, 322.7898, 166.4408, 321.7489
87 2 0.070000 166.8669, 309.2591, 197.1835, 310.4141, 196.6532, 324.3344, 166.3365, 323.1793
87 3 0.110000 166.7786, 311.5040, 197.1146, 312.7960, 196.5078, 327.0435, 166.1718, 325.7515
87 4 0.140000 166.6841, 313.4324, 197.0427, 314.7460, 196.4159, 329.2326, 166.0573, 327.9190
87 5 0.170000 166.5765, 315.4687, 196.9613, 316.7587, 196.3360, 331.4869, 165.9512, 330.1969
87 6 0.200000 166.4485, 317.6150, 196.8690, 318.8278, 196.2732, 333.7718, 165.8527, 332.5590
87 7 0.240000 166.2570, 320.6280, 196.7311, 321.7035, 196.1939, 336.9254, 165.7198, 335.8499
87 8 0.270000 166.0973, 323.0193, 196.6142, 323.9841, 196.1263, 339.4144, 165.6095, 338.4495
87 9 0.310000 165.8499, 326.4513, 196.4320, 327.2531, 196.0208, 342.9349, 165.4387, 342.1330
87 10 0.340000 165.6334, 329.2421, 196.2717, 329.9148, 195.9237, 345.7611, 165.2855, 345.0884
87 11 0.370000 165.4030, 332.1953, 196.0926, 332.7725, 195.7909, 348.8166, 165.1012, 348.2394
87 12 0.400000 165.1343, 335.3830, 195.8862, 335.8511, 195.6396, 352.0494, 164.8878, 351.5813
87 13 0.440000 164.7320, 339.9076, 195.5784, 340.2680, 195.3865, 356.6953, 164.5401, 356.3350
87 14 0.470000 164.3991, 343.4405, 195.3215, 343.7580, 195.1507, 360.3871, 164.2283, 360.0696
87 15 0.500000 164.0262, 347.0771, 195.0224, 347.3233, 194.8894, 364.0644, 163.8932, 363.8182
87 16 0.540000 163.4968, 351.6931, 194.5856, 351.9115, 194.4670, 368.8027, 163.3782, 368.5844
87 17 0.570000 163.0794, 354.8122, 194.2341, 355.0751, 194.0904, 372.1050, 162.9357, 371.8422
87 18 0.610000 162.4713, 358.5642, 193.7110, 358.8863, 193.5349, 375.9641, 162.2953, 375.6420
87 19 0.640000 161.9493, 361.1178, 193.2941, 361.4521, 193.1133, 378.4027, 161.7685, 378.0684
87 20 0.670000 161.4528, 363.2189, 192.8617, 363.6732, 192.6153, 380.7097, 161.2064, 380.2554
87 21 0.700000 160.8444, 365.3298, 192.3894, 365.7263, 192.1792, 382.4524, 160.6341, 382.0559
87 22 0.740000 160.0320, 367.6660, 191.7319, 368.0407, 191.5379, 384.4514, 159.8380, 384.0766
87 23 0.770000 159.4604, 368.9449, 191.2261, 369.4174, 190.9816, 385.8599, 159.2158, 385.3874
87 24 0.800000 158.8056, 370.3543, 190.7224, 370.8561, 190.4737, 386.6709, 158.5569, 386.1691
87 25 0.840000 158.0517, 371.2763, 190.0425, 372.0223, 189.6690, 388.0397, 157.6782, 387.2937
87 26 0.870000 157.5248, 371.5798, 189.5118, 372.5230, 189.0267, 388.9744, 157.0397, 388.0312
87 27 0.900000 156.9472, 372.0694, 189.0236, 373.2486, 188.4331, 389.3139, 156.3567, 388.1347
87 28 0.940000 156.2507, 372.1372, 188.3613, 373.6213, 187.6148, 389.7741, 155.5042, 388.2901
87 29 0.970000 155.8157, 371.7598, 187.8860, 373.5368, 186.9660, 390.1408, 154.8957, 388.3638
87 30 1.000000 155.3599, 371.5866, 187.4653, 373.7183, 186.3860, 389.9744, 154.2806, 387.8427
87 31 1.040000 154.8488, 370.9479, 186.9390, 373.5075, 185.6427, 389.7601, 153.5525, 387.2005
87 32 1.070000 154.5368, 370.2460, 186.5860, 373.0772, 185.1296, 389.5642, 153.0803, 386.7330
87 33 1.110000 154.1385, 369.4467, 186.1997, 372.5949, 184.6070, 388.8152, 152.5457, 385.6670
87 34 1.140000 153.8578, 368.9460, 185.9757, 372.2780, 184.3580, 387.8717, 152.2401, 384.5397
87 35 1.170000 153.7226, 367.9992, 185.8243, 371.4632, 184.1346, 387.1217, 152.0330, 383.6577
87 36 1.210000 153.5948, 366.8530, 185.7400, 370.4184, 184.0642, 385.5276, 151.9189, 381.9622
87 37 1.240000 153.5371, 366.1155, 185.7699, 369.6844, 184.2048, 383.8194, 151.9720, 380.2504
87 38 1.270000 153.6948, 364.7498, 185.9128, 368.3035, 184.3627, 382.3572, 152.1446, 378.8034
87 39 1.310000 154.0330, 362.8422, 186.2527, 366.2683, 184.8107, 379.8291, 152.5909, 376.4029
87 40 1.340000 154.3983, 361.3040, 186.6243, 364.5645, 185.3210, 377.4461, 153.0950, 374.1856
87 41 1.370000 154.9528, 359.1623, 187.1131, 362.1947, 185.8778, 375.2963, 153.7175, 372.2638
87 42 1.410000 155.8169, 356.1873, 187.9013, 358.8119, 186.8474, 371.6954, 154.7630, 369.0708
87 43 1.440000 156.5772, 353.4314, 188.6093, 355.6437, 187.7248, 368.4501, 155.6927, 366.2378
87 44 1.470000 157.4143, 350.8994, 189.3284, 352.6461, 188.6295, 365.4166, 156.7154, 363.6699
87 45 1.510000 158.5969, 347.1153, 190.3527, 348.1026, 189.9573, 360.8212, 158.2015, 359.8340
87 46 1.540000 159.5048, 344.2366, 191.1337, 344.6405, 190.9669, 357.6999, 159.3381, 357.2960
87 47 1.570000 160.4567, 341.9098, 191.8874, 341.7947, 191.9337, 354.4239, 160.5030, 354.5390
87 48 1.610000 161.6856, 338.8167, 192.8757, 338.0103, 193.2005, 350.5723, 162.0104, 351.3787
87 49 1.640000 162.5823, 336.6052, 193.5794, 335.3319, 194.0932, 347.8404, 163.0961, 349.1137
87 50 1.670000 163.4521, 334.6699, 194.2445, 332.9569, 194.9412, 345.4815, 164.1489, 347.1945
87 51 1.710000 164.5270, 331.9364, 195.0509, 329.7751, 195.9446, 342.3962, 165.4206, 344.5575
87 52 1.740000 165.2454, 330.1584, 195.5938, 327.6609, 196.6099, 340.0081, 166.2616, 342.5056
87 53 1.770000 165.8831, 328.1709, 196.0231, 325.3716, 197.1918, 337.9557, 167.0518, 340.7549
87 54 1.810000 166.5899, 325.6436, 196.4677, 322.4888, 197.8092, 335.1937, 167.9314, 338.3485
87 55 1.840000 167.0111, 323.9921, 196.7366, 320.6262, 198.1250, 332.8878, 168.3996, 336.2538
87 56 1.870000 167.3288, 321.9138, 196.8484, 318.4444, 198.3265, 331.0205, 168.8069, 334.4899
87 57 1.910000 167.5570, 319.3586, 196.8679, 315.7467, 198.4015, 328.1927, 169.0906, 331.8045
87 58 1.940000 167.5825, 317.5649, 196.7808, 313.8593, 198.3038, 325.8596, 169.1055, 329.5652
87 59 1.970000 167.5004, 315.3649, 196.5340, 311.7084, 198.0823, 324.0025, 169.0487, 327.6590
87 60 2.010000 167.2114, 312.7393, 196.0892, 309.1807, 197.5933, 321.3867, 168.7155, 324.9453
87 61 2.040000 166.8796, 311.0027, 195.6651, 307.5691, 197.1005, 319.6026, 168.3150, 323.0363
87 62 2.070000 166.4474, 309.2286, 195.1118, 305.9510, 196.5317, 318.3695, 167.8673, 321.6471
87 63 2.110000 165.7447, 307.4056, 194.2799, 304.3706, 195.6271, 317.0374, 167.0919, 320.0724
87 64 2.140000 165.1247, 306.4721, 193.5903, 303.6398, 194.8454, 316.2534, 166.3798, 319.0858
87 65 2.170000 164.4287, 305.6284, 192.8046, 303.0295, 193.9869, 315.9392, 165.6110, 318.5381
87 66 2.210000 163.3912, 305.0650, 191.6810, 302.8099, 192.7175, 315.8121, 164.4277, 318.0673
87 67 2.240000 162.5356, 305.0588, 190.7844, 303.0891, 191.6810, 315.9477, 163.4322, 317.9173
87 68 2.270000 161.6288, 305.1516, 189.8120, 303.5005, 190.5773, 316.5631, 162.3940, 318.2142
87 69 2.310000 160.3400, 305.8570, 188.4621, 304.6702, 189.0134, 317.7331, 160.8913, 318.9199
87 70 2.340000 159.3205, 306.8295, 187.4119, 306.0205, 187.7829, 318.9046, 159.6915, 319.7136
87 71 2.370000 158.2798, 307.9675, 186.3137, 307.5660, 186.5001, 320.5818, 158.4662, 320.9833
87 72 2.410000 156.8469, 310.1130, 184.8174, 310.2884, 184.7362, 323.2453, 156.7657, 323.0699
87 73 2.440000 155.7449, 312.1730, 183.6742, 312.8037, 183.3863, 325.5505, 155.4571, 324.9199
87 74 2.470000 154.6588, 314.3521, 182.5146, 315.4684, 182.0011, 328.2824, 154.1453, 327.1661
87 75 2.510000 153.2263, 317.5453, 180.9814, 319.3310, 180.1629, 332.0531, 152.4078, 330.2675
87 76 2.540000 152.1595, 320.0165, 179.8476, 322.1943, 178.8699, 334.6239, 151.1818, 332.4461
87 77 2.570000 151.1868, 322.0733, 178.7746, 324.5845, 177.6289, 337.1709, 150.0411, 334.6597
87 78 2.610000 150.0077, 324.5489, 177.4638, 327.4501, 176.1398, 339.9804, 148.6836, 337.0791
87 79 2.640000 149.2211, 326.3692, 176.5829, 329.6412, 175.1705, 341.4523, 147.8087, 338.1803
87 80 2.670000 148.6329, 327.5230, 175.8459, 331.1523, 174.2578, 343.0598, 147.0448, 339.4306
87 81 2.710000 148.0183, 328.8884, 175.0431, 332.9270, 173.3036, 344.5672, 146.2788, 340.5286
87 82 2.740000 147.6933, 329.7560, 174.5893, 334.0146, 172.8089, 345.2593, 145.9129, 341.0007
87 83 2.770000 147.6394, 330.0028, 174.3278, 334.5001, 172.3600, 346.1777, 145.6716, 341.6805
87 84 2.800000 147.6413, 330.4216, 174.1747, 335.0500, 172.1865, 346.4473, 145.6532, 341.8189
87 85 2.840000 147.9734, 330.3741, 174.2558, 335.1309, 172.1490, 346.7715, 145.8666, 342.0148
87 86 2.870000 148.4318, 329.9744, 174.5236, 334.7335, 172.3007, 346.9205, 146.2089, 342.1614
87 87 2.900000 148.9585, 329.7220, 174.8889, 334.3885, 172.7027, 346.5368, 146.7722, 341.8703
87 88 2.940000 149.8687, 329.0693, 175.6178, 333.4876, 173.5027, 345.8142, 147.7536, 341.3959
87 89 2.970000 150.8036, 328.0822, 176.3512, 332.3177, 174.1755, 345.4410, 148.6279, 341.2055
87 90 3.000000 151.6780, 327.5950, 177.1288, 331.5614, 175.1373, 344.3399, 149.6865, 340.3735
87 91 3.040000 153.1096, 326.3820, 178.3472, 329.9533, 176.4582, 343.3028, 151.2206, 339.7316
87 92 3.070000 154.2354, 325.4834, 179.3568, 328.7407, 177.5737, 342.4929, 152.4523, 339.2356
87 93 3.100000 155.3935, 324.8019, 180.3884, 327.7405, 178.7747, 341.4670, 153.7797, 338.5284
87 94 3.140000 157.0040, 323.8670, 181.8536, 326.3787, 180.4638, 340.1293, 155.6141, 337.6176
87 95 3.170000 158.3011, 322.9660, 183.0053, 325.1864, 181.7356, 339.3136, 157.0313, 337.0931
87 96 3.200000 159.5667, 322.3478, 184.1749, 324.2676, 183.0900, 338.1733, 158.4818, 336.2535
87 97 3.240000 161.3164, 321.3308, 185.7679, 322.8653, 184.8957, 336.7653, 160.4441, 335.2309
87 98 3.270000 162.6558, 320.3785, 186.9814, 321.6360, 186.2484, 335.8147, 161.9228, 334.5572
87 99 3.300000 163.9677, 319.6224, 188.1882, 320.6025, 187.6231, 334.5669, 163.4026, 333.5868
87 100 3.340000 165.7117, 318.4040, 189.7960, 319.0289, 189.4352, 332.9375, 165.3509, 332.3126
87 101 3.370000 167.0233, 317.2462, 190.9777, 317.6263, 190.7527, 331.8065, 166.7983, 331.4264
87 102 3.400000 168.2803, 316.3262, 192.1539, 316.4834, 192.0630, 330.2819, 168.1895, 330.1247
87 103 3.440000 169.9171, 314.7850, 193.6575, 314.6291, 193.7475, 328.3319, 170.0071, 328.4878
87 104 3.470000 171.0930, 313.4521, 194.7355, 313.0579, 194.9659, 326.8804, 171.3235, 327.2746
87 105 3.500000 172.2239, 312.3410, 195.7859, 311.7466, 196.1241, 325.1531, 172.5621, 325.7475
87 106 3.540000 173.6542, 310.7473, 197.1001, 309.8897, 197.5800, 323.0078, 174.1341, 323.8655
87 107 3.570000 174.6779, 309.5195, 198.0216, 308.5088, 198.5869, 321.5663, 175.2432, 322.5770
87 108 3.600000 175.6403, 308.5841, 198.9087, 307.4356, 199.5268, 319.9576, 176.2583, 321.1062
87 109 3.640000 176.8514, 307.2364, 199.9944, 305.9704, 200.6579, 318.0990, 177.5149, 319.3650
87 110 3.670000 177.6979, 306.1347, 200.7303, 304.8231, 201.4186, 316.9096, 178.3861, 318.2211
87 111 3.700000 178.4813, 305.2969, 201.4290, 303.9563, 202.1045, 315.5196, 179.1568, 316.8602
87 112 3.740000 179.4394, 304.0325, 202.2556, 302.7091, 202.9037, 313.8825, 180.0874, 315.2059
87 113 3.770000 180.0935, 302.9538, 202.8020, 301.6933, 203.4188, 312.8050, 180.7102, 314.0654
87 114 3.800000 180.6896, 302.1394, 203.3139, 300.9569, 203.8619, 311.4421, 181.2376, 312.6246
87 115 3.840000 181.4060, 300.7695, 203.9031, 299.7631, 204.3544, 309.8497, 181.8572, 310.8561
87 116 3.870000 181.8913, 299.4911, 204.2798, 298.6649, 204.6551, 308.8333, 182.2666, 309.6595
87 117 3.900000 182.3300, 298.3505, 204.6279, 297.7250, 204.9024, 307.5092, 182.6045, 308.1346
87 118 3.940000 182.8723, 296.4676, 205.0316, 296.1761, 205.1600, 305.9382, 183.0008, 306.2297
87 119 3.970000 183.2693, 295.1343, 205.3113, 295.1606, 205.2996, 304.9052, 183.2577, 304.8789
87 120 4.000000 183.6466, 293.5456, 205.5819, 293.9110, 205.4177, 303.7625, 183.4824, 303.3971
87 121 4.040000 184.1384, 291.9508, 205.9110, 292.7573, 205.5517, 302.4569, 183.7791, 301.6504
87 122 4.070000 184.4836, 291.0979, 206.1334, 292.1859, 205.6447, 301.9113, 183.9949, 300.8234
87 123 4.100000 184.8186, 290.3254, 206.3547, 291.6521, 205.7517, 301.4405, 184.2156, 300.1138
87 124 4.140000 185.2630, 289.5768, 206.6514, 291.1604, 205.9035, 301.2606, 184.5152, 299.6769
87 125 4.170000 185.6008, 289.2272, 206.8825, 290.9608, 206.0276, 301.4554, 184.7459, 299.7218
87 126 4.200000 185.9175, 289.2781, 207.1092, 291.1223, 206.1884, 301.7040, 184.9966, 299.8598
87 127 4.240000 186.3475, 289.6337, 207.4305, 291.5688, 206.4298, 302.4713, 185.3468, 300.5362
87 128 4.270000 186.6714, 290.1383, 207.6857, 292.0950, 206.6362, 303.3668, 185.6219, 301.4101
87 129 4.300000 186.9734, 291.0473, 207.9367, 292.9917, 206.8829, 304.3536, 185.9196, 302.4092
87 130 4.340000 187.3702, 292.6135, 208.2855, 294.4825, 207.2434, 306.1440, 186.3281, 304.2750
87 131 4.370000 187.6579, 294.0799, 208.5524, 295.8487, 207.5359, 307.8569, 186.6414, 306.0882
87 132 4.400000 187.9182, 295.9671, 208.8097, 297.6082, 207.8566, 309.7407, 186.9652, 308.0996
87 133 4.440000 188.2428, 298.8888, 209.1502, 300.3075, 208.3041, 312.7763, 187.3967, 311.3576
87 134 4.470000 188.4643, 301.3583, 209.3997, 302.5691, 208.6574, 315.4042, 187.7220, 314.1934
87 135 4.500000 188.6557, 304.1298, 209.6368, 305.0984, 209.0369, 318.0939, 188.0558, 317.1253
87 136 4.540000 188.9394, 307.7989, 209.9727, 308.5205, 209.5182, 321.7683, 188.4849, 321.0467
87 137 4.570000 189.1541, 310.3824, 210.2216, 310.9183, 209.8768, 324.4758, 188.8093, 323.9399
87 138 4.600000 189.3740, 313.0190, 210.4820, 313.4431, 210.2120, 326.8791, 189.1040, 326.4550
87 139 4.640000 189.6360, 316.1086, 210.7753, 316.2852, 210.6593, 330.1679, 189.5201, 329.9914
87 140 4.670000 189.7795, 318.3155, 210.9767, 318.3149, 210.9771, 332.5466, 189.7799, 332.5473
87 141 4.700000 189.9223, 320.6700, 211.1541, 320.5114, 211.2598, 334.6654, 190.0280, 334.8239
87 142 4.740000 190.0443, 323.6700, 211.3387, 323.3011, 211.5857, 337.5567, 190.2913, 337.9256
87 143 4.770000 190.0906, 325.8156, 211.4279, 325.3095, 211.7727, 339.8465, 190.4354, 340.3526
87 144 4.800000 190.1161, 328.2280, 211.4919, 327.5904, 211.9199, 341.9407, 190.5441, 342.5782
87 145 4.840000 190.0775, 331.4252, 211.5039, 330.6345, 212.0327, 344.9642, 190.6062, 345.7548
87 146 4.870000 189.9897, 333.8581, 211.4542, 332.9658, 212.0552, 347.4236, 190.5907, 348.3158
87 147 4.900000 189.8675, 336.6014, 211.3716, 335.6070, 212.0284, 349.8115, 190.5244, 350.8059
87 148 4.940000 189.6020, 340.3656, 211.1753, 339.2408, 211.9083, 353.3021, 190.3351, 354.4269
87 149 4.970000 189.3393, 343.2724, 210.9606, 342.0505, 211.7550, 356.1074, 190.1337, 357.3293
87 150 5.000000 189.0091, 346.4130, 210.6984, 345.0740, 211.5440, 358.7713, 189.8547, 360.1103
87 151 5.040000 188.4570, 350.3761, 210.2376, 348.8756, 211.1598, 362.2612, 189.3792, 363.7618
87 152 5.070000 187.9621, 352.7757, 209.7937, 351.2182, 210.7772, 365.0042, 188.9456, 366.5617
87 153 5.100000 187.3968, 355.2759, 209.3115, 353.6852, 210.2926, 367.2022, 188.3779, 368.7929
87 154 5.140000 186.5448, 358.0520, 208.5589, 356.5322, 209.4909, 370.0317, 187.4768, 371.5515
87 155 5.170000 185.8035, 359.7490, 207.8927, 358.2847, 208.8074, 372.0825, 186.7182, 373.5468
87 156 5.200000 184.9934, 361.6777, 207.1899, 360.2746, 208.0279, 373.5316, 185.8313, 374.9346
87 157 5.240000 183.7948, 363.5986, 206.1331, 362.3244, 206.8900, 375.5925, 184.5517, 376.8667
87 158 5.270000 182.8416, 364.7957, 205.2711, 363.6765, 205.9363, 377.0092, 183.5068, 378.1283
87 159 5.300000 181.8360, 365.9539, 204.3930, 365.0572, 204.9136, 378.1535, 182.3565, 379.0501
87 160 5.340000 180.4304, 367.3260, 203.1297, 366.7377, 203.4576, 379.3907, 180.7583, 379.9790
87 161 5.370000 179.3229, 367.8825, 202.1461, 367.5537, 202.3319, 380.4563, 179.5087, 380.7850
87 162 5.400000 178.1952, 368.6652, 201.1381, 368.6175, 201.1639, 380.9957, 178.2209, 381.0434
87 163 5.440000 176.6989, 369.0943, 199.8031, 369.5500, 199.5598, 381.8855, 176.4556, 381.4298
87 164 5.470000 175.6096, 369.1614, 198.7922, 370.0307, 198.3257, 382.4719, 175.1431, 381.6026
87 165 5.500000 174.5219, 369.3151, 197.8209, 370.6750, 197.1208, 382.6688, 173.8219, 381.3089
87 166 5.540000 173.1512, 369.0650, 196.5473, 371.0169, 195.5537, 382.9261, 172.1576, 380.9742
87 167 5.570000 172.2055, 368.5436, 195.6607, 370.9165, 194.4286, 383.0949, 170.9735, 380.7220
87 168 5.600000 171.2931, 368.1931, 194.8059, 370.9657, 193.4151, 382.7603, 169.9022, 379.9877
87 169 5.640000 170.2294, 367.2932, 193.8074, 370.5357, 192.1988, 382.2328, 168.6208, 378.9903
87 170 5.670000 169.5822, 366.2908, 193.1809, 369.8350, 191.3896, 381.7622, 167.7909, 378.2181
87 171 5.700000 168.9729, 365.4863, 192.6286, 369.3079, 190.7862, 380.7130, 167.1304, 376.8914
87 172 5.740000 168.4006, 363.9933, 192.0952, 368.1357, 190.1739, 379.1258, 166.4793, 374.9835
87 173 5.770000 168.1478, 362.5196, 191.8814, 366.8029, 189.8972, 377.7973, 166.1636, 373.5140
87 174 5.800000 167.9997, 361.1135, 191.7727, 365.5045, 189.8486, 375.9218, 166.0756, 371.5308
87 175 5.840000 168.1131, 358.5996, 191.9329, 363.0174, 190.0367, 373.2416, 166.2169, 368.8238
87 176 5.870000 168.4816, 356.1375, 192.2977, 360.5433, 190.3296, 371.1817, 166.5136, 366.7758
87 177 5.900000 168.9321, 353.7697, 192.7848, 358.0695, 190.9413, 368.2966, 167.0885, 363.9968
87 178 5.940000 169.8755, 349.9382, 193.7309, 353.9989, 191.9770, 364.3020, 168.1217, 360.2413
87 179 5.970000 170.7836, 346.6052, 194.6516, 350.3712, 192.9695, 361.0321, 169.1015, 357.2660
87 180 6.000000 171.7445, 343.4743, 195.6328, 346.8170, 194.2003, 357.0545, 170.3119, 353.7118
87 181 6.040000 173.1930, 339.1529, 197.0884, 341.8810, 195.9193, 352.1210, 172.0239, 349.3928
87 182 6.070000 174.3838, 335.8918, 198.2402, 338.1831, 197.2121, 348.8883, 173.3556, 346.5970
87 183 6.100000 175.5667, 332.9872, 199.4094, 334.8263, 198.5786, 345.5973, 174.7359, 343.7583
87 184 6.140000 177.1935, 329.3015, 200.9893, 330.5512, 200.4095, 341.5919, 176.6137, 340.3423
87 185 6.170000 178.4284, 326.6663, 202.1901, 327.5068, 201.7899, 338.8216, 178.0281, 337.9811
87 186 6.200000 179.6584, 324.3586, 203.3827, 324.8090, 203.1708, 335.9694, 179.4466, 335.5190
87 187 6.240000 181.3074, 321.2592, 204.9727, 321.2595, 204.9726, 332.4995, 181.3073, 332.4992
87 188 6.270000 182.5224, 318.9613, 206.1290, 318.6117, 206.2983, 330.0440, 182.6917, 330.3936
87 189 6.300000 183.6999, 316.9193, 207.2694, 316.2353, 207.5941, 327.4245, 184.0246, 328.1084
87 190 6.340000 185.2155, 314.1584, 208.7199, 313.0378, 209.2450, 324.0516, 185.7407, 325.1722
87 191 6.370000 186.2960, 311.9106, 209.7407, 310.4947, 210.4179, 321.7080, 186.9733, 323.1240
87 192 6.400000 187.3248, 309.9149, 210.7305, 308.2354, 211.5076, 319.0651, 188.1019, 320.7446
87 193 6.440000 188.5905, 306.9771, 211.9340, 305.0050, 212.8387, 315.7136, 189.4952, 317.6857
87 194 6.470000 189.4443, 304.5801, 212.7288, 302.4142, 213.7425, 313.3130, 190.4580, 315.4789
87 195 6.500000 190.2280, 302.4209, 213.4860, 300.1060, 214.5357, 310.6528, 191.2777, 312.9677
87 196 6.540000 191.1371, 299.5056, 214.3413, 296.9907, 215.4642, 307.3513, 192.2600, 309.8662
87 197 6.570000 191.7184, 297.4010, 214.8753, 294.7386, 216.0614, 305.0556, 192.9045, 307.7179
87 198 6.600000 192.2092, 295.4818, 215.3345, 292.6709, 216.5423, 302.6072, 193.4169, 305.4181
87 199 6.640000 192.6862, 292.7022, 215.7501, 289.7112, 217.0804, 299.9694, 194.0165, 302.9604
87 200 6.670000 192.9505, 290.7882, 215.9539, 287.6823, 217.3581, 298.0827, 194.3548, 301.1886
87 201 6.700000 193.0713, 288.6913, 216.0264, 285.4777, 217.5640, 296.4613, 194.6089, 299.6749
87 202 6.740000 193.1077, 286.1080, 215.9792, 282.7963, 217.6230, 294.1491, 194.7516, 297.4608
87 203 6.770000 193.0390, 284.3080, 215.8376, 280.9617, 217.4976, 292.2713, 194.6990, 295.6177
87 204 6.800000 192.8111, 282.2430, 215.5510, 278.8737, 217.2893, 290.6057, 194.5494, 293.9750
87 205 6.840000 192.3712, 279.6089, 215.0244, 276.2694, 216.7725, 288.1272, 194.1193, 291.4667
87 206 6.870000 191.9389, 277.7018, 214.5216, 274.4355, 216.2018, 286.0517, 193.6190, 289.3180
87 207 6.900000 191.3387, 275.4319, 213.8708, 272.2617, 215.5470, 284.1745, 193.0148, 287.3448
87 208 6.940000 190.4036, 272.4311, 212.8623, 269.4642, 214.4353, 281.3707, 191.9766, 284.3376
87 209 6.970000 189.6068, 270.2065, 212.0049, 267.4521, 213.4311, 279.0496, 191.0330, 281.8041
87 210 7.000000 188.6570, 267.6088, 211.0142, 265.0751, 212.3658, 277.0018, 190.0086, 279.5355
87 211 7.040000 187.3033, 264.4826, 209.6128, 262.2968, 210.7609, 274.0150, 188.4515, 276.2008
87 212 7.070000 186.2147, 262.4142, 208.4879, 260.4899, 209.4537, 271.6700, 187.1806, 273.5942
87 213 7.100000 185.0176, 260.1888, 207.2762, 258.5163, 208.1113, 269.6296, 185.8527, 271.3021
87 214 7.140000 183.3329, 257.5004, 205.5697, 256.1581, 206.2129, 266.8142, 183.9762, 268.1565
87 215 7.170000 182.0038, 255.6474, 204.2198, 254.5469, 204.7189, 264.6223, 182.5029, 265.7228
87 216 7.200000 180.5889, 253.5584, 202.8095, 252.6933, 203.1983, 262.6804, 180.9777, 263.5455
87 217 7.240000 178.6292, 250.9425, 200.8499, 250.3663, 201.1014, 260.0652, 178.8807, 260.6413
87 218 7.270000 177.0916, 248.5874, 199.3111, 248.1860, 199.4946, 258.3454, 177.2751, 258.7467
87 219 7.300000 175.5052, 246.2847, 197.7628, 246.0947, 197.8501, 256.3234, 175.5925, 256.5133
87 220 7.340000 173.3289, 242.9551, 195.6555, 243.0421, 195.6144, 253.5877, 173.2878, 253.5007
87 221 7.370000 171.6340, 240.1283, 194.0618, 240.3789, 193.9369, 251.5588, 171.5091, 251.3082
87 222 7.400000 169.9477, 237.5145, 192.4292, 237.9568, 192.2123, 248.9829, 169.7308, 248.5406
87 223 7.440000 167.6325, 233.4721, 190.2556, 234.1405, 189.9186, 245.5470, 167.2954, 244.8785
87 224 7.470000 165.8692, 230.1963, 188.6050, 230.9982, 188.1881, 242.8175, 165.4524, 242.0156
87 225 7.500000 164.0933, 227.1608, 186.9296, 228.1158, 186.4472, 239.6511, 163.6109, 238.6961
87 226 7.540000 161.6702, 222.9358, 184.6822, 224.0201, 184.1253, 235.8371, 161.1134, 234.7527
87 227 7.570000 159.8435, 219.8468, 182.9986, 221.0755, 182.3483, 233.3306, 159.1932, 232.1018
87 228 7.600000 158.0186, 217.1193, 181.2830, 218.5291, 180.5348, 230.8762, 157.2704, 229.4663
87 229 7.640000 155.5401, 213.7046, 178.9793, 215.3225, 178.1054, 227.9832, 154.6662, 226.3653
87 230 7.670000 153.6669, 211.2934, 177.2345, 213.0648, 176.2581, 226.0565, 152.6904, 224.2851
87 231 7.700000 151.7781, 209.1781, 175.4638, 211.1210, 174.3975, 224.1195, 150.7119, 222.1766
87 232 7.740000 149.2405, 206.4950, 173.0871, 208.6684, 171.8922, 221.7787, 148.0457, 219.6053
87 233 7.770000 147.3215, 204.5278, 171.3044, 206.8708, 170.0004, 220.2184, 146.0175, 217.8754
87 234 7.800000 145.3881, 202.8728, 169.4820, 205.3987, 168.1067, 218.5170, 144.0128, 215.9911
87 235 7.840000 142.8017, 200.6601, 167.0645, 203.4429, 165.5695, 216.4775, 141.3067, 213.6947
87 236 7.870000 140.8623, 198.9997, 165.2624, 201.9836, 163.6601, 215.0863, 139.2600, 212.1023
87 237 7.900000 138.9169, 197.5950, 163.4306, 200.8027, 161.7648, 213.5330, 137.2511, 210.3254
87 238 7.940000 136.3364, 195.6837, 161.0181, 199.1964, 159.2492, 211.6252, 134.5675, 208.1124
87 239 7.970000 134.4232, 194.1868, 159.2492, 197.9434, 157.3729, 210.3429, 132.5469, 206.5863
87 240 8.000000 132.5181, 192.9611, 157.4515, 196.9809, 155.5353, 208.8663, 130.6019, 204.8466
87 241 8.040000 130.0214, 191.2870, 155.1197, 195.6614, 153.1260, 207.0999, 128.0278, 202.7255
87 242 8.070000 128.1779, 190.0282, 153.4285, 194.6345, 151.3722, 205.9065, 126.1216, 201.3001
87 243 8.100000 126.3627, 189.0183, 151.7255, 193.8509, 149.6868, 204.5509, 124.3240, 199.7184
87 244 8.140000 124.0215, 187.6050, 149.5708, 192.7009, 147.5336, 202.9148, 121.9843, 197.8188
87 245 8.170000 122.3379, 186.4410, 148.0704, 191.6934, 145.9983, 201.8445, 120.2659, 196.5921
87 246 8.200000 120.7678, 185.2844, 146.6196, 190.6883, 144.5642, 200.5212, 118.7123, 195.1173
87 247 8.240000 118.7854, 183.5079, 144.9093, 189.0608, 142.7306, 199.3108, 116.6067, 193.7579
87 248 8.270000 117.3600, 182.3205, 143.7067, 187.9318, 141.5017, 198.2851, 115.1549, 192.6737
87 249 8.300000 116.0474, 180.8677, 142.6863, 186.5430, 140.3524, 197.4977, 113.7135, 191.8224
87 250 8.340000 114.4363, 179.1337, 141.4124, 184.8379, 139.0100, 196.1995, 112.0338, 190.4953
87 251 8.370000 113.3268, 177.9489, 140.5381, 183.5918, 138.1599, 195.0599, 110.9487, 189.4171
87 252 8.400000 112.3401, 176.5281, 139.8365, 182.0965, 137.4072, 194.0920, 109.9109, 188.5236
87 253 8.440000 111.1671, 174.7506, 139.0201, 180.1276, 136.6157, 192.5823, 108.7628, 187.2054
87 254 8.470000 110.4017, 173.6041, 138.4612, 178.7750, 136.1731, 191.1909, 108.1136, 186.0200
87 255 8.500000 109.7514, 172.1108, 138.1032, 177.0843, 135.8207, 190.0963, 107.4688, 185.1228
87 256 8.540000 109.0250, 170.3849, 137.6851, 175.0454, 135.5117, 188.4110, 106.8516, 183.7505
87 257 8.570000 108.5848, 169.2668, 137.4302, 173.6916, 135.3815, 187.0469, 106.5361, 182.6220
87 258 8.600000 108.2443, 167.9213, 137.3216, 172.1522, 135.3109, 185.9710, 106.2336, 181.7401
87 259 8.640000 107.9173, 166.3498, 137.2474, 170.3194, 135.3410, 184.4056, 106.0108, 180.4361
87 260 8.670000 107.7813, 165.3143, 137.2503, 169.1259, 135.4377, 183.1397, 105.9687, 179.3281
87 261 8.700000 107.7266, 164.0144, 137.3989, 167.7119, 135.5986, 182.1592, 105.9263, 178.4617
87 262 8.740000 107.8011, 162.4267, 137.6838, 166.0532, 135.9027, 180.7300, 106.0200, 177.1035
87 263 8.770000 107.9557, 161.3584, 137.9528, 164.9394, 136.2098, 179.5394, 106.2128, 175.9583
87 264 8.800000 108.1898, 159.9881, 138.3706, 163.5685, 136.5835, 178.6327, 106.4027, 175.0523
87 265 8.840000 108.6383, 158.3065, 139.0036, 161.8822, 137.1945, 177.2456, 106.8292, 173.6700
87 266 8.870000 109.0953, 157.1319, 139.5633, 160.7839, 137.7299, 176.0789, 107.2620, 172.4269
87 267 8.900000 109.6532, 155.7142, 140.2589, 159.4807, 138.3364, 175.1026, 107.7307, 171.3361
87 268 8.940000 110.5680, 153.9109, 141.3127, 157.9087, 139.2701, 173.6174, 108.5253, 169.6196
87 269 8.970000 111.3988, 152.6370, 142.1846, 156.8563, 140.0628, 172.3375, 109.2770, 168.1182
87 270 9.000000 112.3381, 151.0254, 143.2455, 155.5024, 140.9568, 171.3024, 110.0494, 166.8254
87 271 9.040000 113.8000, 149.0186, 144.7739, 153.8626, 142.3054, 169.6472, 111.3315, 164.8031
87 272 9.070000 115.0230, 147.6400, 146.0046, 152.6841, 143.4830, 168.1715, 112.5015, 163.1274
87 273 9.100000 116.3844, 145.9542, 147.4166, 151.1601, 144.7788, 166.8845, 113.7465, 161.6786
87 274 9.140000 118.3696, 143.9060, 149.4083, 149.1541, 146.7689, 164.7646, 115.7302, 159.5165
87 275 9.170000 120.0341, 142.4615, 151.0076, 147.7525, 148.4205, 162.8974, 117.4470, 157.6064
87 276 9.200000 121.8406, 140.5004, 152.8610, 145.8001, 150.2053, 161.3450, 119.1848, 156.0452
87 277 9.240000 124.4740, 138.0124, 155.4603, 143.2851, 152.8183, 158.8114, 121.8321, 153.5387
87 278 9.270000 126.6005, 136.1306, 157.5221, 141.2759, 154.9666, 156.6333, 124.0450, 151.4880
87 279 9.300000 128.8573, 133.8444, 159.7827, 138.7793, 157.2646, 154.5598, 126.3391, 149.6250
87 280 9.340000 132.0707, 130.6935, 162.9436, 135.2476, 160.5648, 151.3737, 129.6919, 146.8195
87 281 9.370000 134.6455, 128.3202, 165.4049, 132.5671, 163.1990, 148.5433, 132.4397, 144.2963
87 282 9.400000 137.3409, 125.2961, 168.0787, 129.1927, 165.9593, 145.9115, 135.2215, 142.0150
87 283 9.440000 141.1378, 121.2153, 171.7233, 124.6271, 169.8162, 141.7233, 139.2307, 138.3115
87 284 9.470000 144.1047, 118.0606, 174.5205, 121.0614, 172.8334, 138.1614, 142.4176, 135.1606
87 285 9.500000 147.1409, 114.5183, 177.4015, 117.0395, 175.9293, 134.7087, 145.6688, 132.1875
87 286 9.540000 151.2489, 109.9683, 181.2765, 111.8460, 180.1346, 130.1066, 150.1070, 128.2289
87 287 9.570000 154.3611, 106.7955, 184.1775, 108.1886, 183.3060, 126.8414, 153.4896, 125.4483
87 288 9.600000 157.4719, 103.6152, 187.0883, 104.5222, 186.4924, 123.9841, 156.8759, 123.0772
87 289 9.640000 161.6504, 99.7933, 190.9335, 100.1084, 190.7160, 120.3168, 161.4329, 120.0017
87 290 9.670000 164.7887, 97.2180, 193.7963, 97.1270, 193.8605, 117.6073, 164.8529, 117.6983
87 291 9.700000 167.8873, 94.5742, 196.6271, 94.0697, 196.9977, 115.1825, 168.2579, 115.6870
87 292 9.740000 172.0177, 91.3556, 200.4201, 90.4232, 201.1276, 111.9762, 172.7253, 112.9086
87 293 9.770000 175.0880, 89.1264, 203.2402, 87.9238, 204.1650, 109.5719, 176.0128, 110.7746
87 294 9.800000 178.0580, 86.7464, 205.9842, 85.2894, 207.1393, 107.4292, 179.2131, 108.8862
87 295 9.840000 181.9130, 83.7580, 209.5758, 82.0277, 210.9817, 104.5047, 183.3189, 106.2349
87 296 9.870000 184.7180, 81.6446, 212.2089, 79.7600, 213.7492, 102.2297, 186.2583, 104.1142
87 297 9.900000 187.4278, 79.2793, 214.7361, 77.2619, 216.4315, 100.2108, 189.1231, 102.2282
87 298 9.940000 190.8926, 76.2636, 217.9969, 74.1341, 219.8223, 97.3671, 192.7180, 99.4967
87 299 9.970000 193.3759, 74.1238, 220.3476, 71.9510, 222.2144, 95.1245, 195.2427, 97.2972
87 300 10.000000 195.7303, 71.7629, 222.5747, 69.5540, 224.5212, 93.2097, 197.6768, 95.4187
87 301 10.040000 198.7131, 69.0225, 225.4214, 66.7959, 227.4202, 90.7710, 200.7119, 92.9977
87 302 10.070000 200.8294, 67.3189, 227.4319, 65.0584, 229.4805, 89.1672, 202.8780, 91.4277
87 303 10.100000 202.8343, 65.7736, 229.3545, 63.4920, 231.4579, 87.9410, 204.9377, 90.2226
87 304 10.140000 205.3482, 64.2638, 231.8796, 61.9302, 234.0471, 86.5730, 207.5157, 88.9067
87 305 10.170000 207.1184, 63.5485, 233.6533, 61.1809, 235.8442, 85.7340, 209.3092, 88.1017
87 306 10.200000 208.7580, 62.9445, 235.2813, 60.5413, 237.5237, 85.2900, 211.0004, 87.6932
87 307 10.240000 210.7764, 62.6782, 237.2756, 60.2124, 239.5753, 84.9273, 213.0761, 87.3931
87 308 10.270000 212.1603, 62.8759, 238.6334, 60.3442, 240.9749, 84.8288, 214.5018, 87.3606
87 309 10.300000 213.4086, 63.1839, 239.8425, 60.5937, 242.2453, 85.1148, 215.8114, 87.7051
87 310 10.340000 214.8978, 64.1501, 241.2691, 61.4573, 243.7463, 85.7178, 217.3750, 88.4106
87 311 10.370000 215.8801, 65.3033, 242.1956, 62.4995, 244.7358, 86.3405, 218.4203, 89.1443
87 312 10.400000 216.7247, 66.5909, 242.9736, 63.6874, 245.5925, 87.3625, 219.3435, 90.2661
87 313 10.440000 217.6708, 68.8983, 243.8205, 65.8218, 246.5436, 88.9678, 220.3939, 92.0443
87 314 10.470000 218.2406, 71.0577, 244.3070, 67.8199, 247.1028, 90.3272, 221.0363, 93.5650
87 315 10.500000 218.6562, 73.2617, 244.6333, 69.8767, 247.5166, 92.0038, 221.5395, 95.3888
87 316 10.540000 218.9674, 76.3214, 244.8224, 72.7684, 247.7686, 94.2077, 221.9137, 97.7607
87 317 10.570000 218.9922, 78.6871, 244.7471, 74.9385, 247.7534, 95.5934, 221.9986, 99.3420
87 318 10.600000 218.8067, 80.5628, 244.4747, 76.7777, 247.4911, 97.2327, 221.8231, 101.0179
87 319 10.640000 218.2736, 82.8814, 243.9488, 79.0218, 246.9818, 99.1982, 221.3066, 103.0578
87 320 10.670000 217.6794, 84.7780, 243.3967, 80.8341, 246.3752, 100.2569, 220.6579, 104.2007
87 321 10.700000 216.8677, 86.1142, 242.6725, 82.1993, 245.6246, 101.6578, 219.8198, 105.5728
87 322 10.740000 215.5440, 87.9078, 241.5231, 84.1306, 244.3001, 103.2298, 218.3210, 107.0070
87 323 10.770000 214.3734, 89.3593, 240.4853, 85.6890, 243.0752, 104.1143, 216.9633, 107.7847
87 324 10.800000 213.0000, 90.3205, 239.2611, 86.8179, 241.7298, 105.3271, 215.4687, 108.8297
87 325 10.840000 210.9475, 91.6726, 237.4159, 88.4105, 239.6673, 106.6785, 213.1990, 109.9405
87 326 10.870000 209.2549, 92.7245, 235.9122, 89.7042, 237.9326, 107.5359, 211.2753, 110.5562
87 327 10.900000 207.4188, 93.4415, 234.2597, 90.7140, 236.0815, 108.6420, 209.2406, 111.3695
87 328 10.940000 204.8028, 94.5116, 231.9153, 92.2315, 233.4030, 109.9219, 206.2905, 112.2020
87 329 10.970000 202.7238, 95.3968, 230.0393, 93.4727, 231.2564, 110.7501, 203.9409, 112.6742
87 330 11.000000 200.5418, 95.9608, 228.0487, 94.4156, 229.0267, 111.8246, 201.5198, 113.3699
87 331 11.040000 197.5095, 96.7329, 225.2500, 95.6835, 225.9057, 113.0182, 198.1652, 114.0676
87 332 11.070000 195.1424, 97.3393, 223.0943, 96.7000, 223.4821, 113.6553, 195.5302, 114.2946
87 333 11.100000 192.7486, 97.5224, 220.8652, 97.3412, 220.9757, 114.4880, 192.8591, 114.6692
87 334 11.140000 189.4829, 97.7453, 217.8421, 98.1944, 217.5715, 115.2806, 189.2123, 114.8315
87 335 11.170000 186.9928, 97.9714, 215.5417, 98.9109, 214.9935, 115.5654, 186.4447, 114.6259
87 336 11.200000 184.5321, 97.7522, 213.2261, 99.1948, 212.3777, 116.0693, 183.6837, 114.6267
87 337 11.240000 181.2569, 97.4921, 210.1447, 99.6351, 208.9029, 116.3740, 180.0151, 114.2310
87 338 11.270000 178.7872, 97.3544, 207.8469, 100.0023, 206.3626, 116.2927, 177.3029, 113.6448
87 339 11.300000 176.4361, 96.7665, 205.5799, 99.9104, 203.7979, 116.4286, 174.6542, 113.2847
87 340 11.340000 173.3235, 96.0762, 202.6197, 99.8214, 200.5308, 116.1618, 171.2346, 112.4166
87 341 11.370000 171.0492, 95.5574, 200.4743, 99.7826, 198.1913, 115.6818, 168.7662, 111.4566
87 342 11.400000 168.9437, 94.6143, 198.4295, 99.2999, 195.8767, 115.3639, 166.3909, 110.6783
87 343 11.440000 166.2756, 93.3228, 195.8549, 98.6775, 192.9784, 114.5670, 163.3991, 109.2123
87 344 11.470000 164.3256, 92.4465, 194.0173, 98.2311, 191.0248, 113.5913, 161.3331, 107.8067
87 345 11.500000 162.6212, 91.1183, 192.3272, 97.2829, 189.0903, 112.8809, 159.3843, 106.7163
87 346 11.540000 160.4203, 89.6369, 190.2030, 96.1997, 186.8035, 111.6270, 157.0208, 105.0641
87 347 11.570000 158.9019, 88.5759, 188.7451, 95.4136, 185.2325, 110.7445, 155.3893, 103.9068
87 348 11.600000 157.5613, 87.3710, 187.4382, 94.4508, 183.7235, 110.1268, 153.8466, 103.0470
87 349 11.640000 155.8908, 86.0541, 185.8727, 93.3708, 182.0191, 109.1618, 152.0372, 101.8452
87 350 11.670000 154.7824, 85.3221, 184.7721, 92.7339, 180.9272, 108.2910, 150.9376, 100.8793
87 351 11.700000 153.8223, 84.3240, 183.9330, 91.8106, 179.9698, 107.7504, 149.8591, 100.2639
87 352 11.740000 152.7481, 83.3101, 182.9237, 90.7798, 178.9535, 106.8187, 148.7778, 99.3490
87 353 11.770000 152.0743, 82.6903, 182.3018, 90.0453, 178.4087, 106.0450, 148.1813, 98.6899
87 354 11.800000 151.5773, 81.8321, 181.9033, 89.0472, 177.9772, 105.5492, 147.6511, 98.3342
87 355 11.840000 151.0837, 80.9845, 181.4951, 87.8674, 177.6940, 104.6619, 147.2827, 97.7790
87 356 11.870000 150.8684, 80.5812, 181.2714, 87.1734, 177.6648, 103.8073, 147.2618, 97.2151
87 357 11.900000 150.8078, 79.8433, 181.2923, 86.1488, 177.7443, 103.3018, 147.2599, 96.9964
87 358 11.940000 150.8898, 79.2011, 181.3857, 84.9956, 178.0923, 102.3286, 147.5964, 96.5341
87 359 11.970000 151.0740, 78.8749, 181.5400, 84.2360, 178.5041, 101.4882, 148.0381, 96.1272
87 360 12.000000 151.3646, 78.3530, 181.8473, 83.2653, 179.0004, 100.9313, 148.5177, 96.0189
87 361 12.040000 151.8634, 77.9642, 182.3340, 82.2837, 179.7903, 100.2276, 149.3197, 95.9081
87 362 12.070000 152.3035, 77.9276, 182.7249, 81.7573, 180.4530, 99.8037, 150.0316, 95.9740
87 363 12.100000 152.7883, 77.8834, 183.1955, 81.2337, 181.1602, 99.7060, 150.7531, 96.3557
87 364 12.140000 153.4975, 78.1841, 183.8323, 80.8786, 182.1596, 99.7094, 151.8249, 97.0149
87 365 12.170000 154.0770, 78.7272, 184.3203, 80.9613, 182.9320, 99.7549, 152.6887, 97.5208
87 366 12.200000 154.6748, 79.2003, 184.8666, 81.0107, 183.7179, 100.1681, 153.5261, 98.3578
87 367 12.240000 155.5023, 80.2013, 185.5984, 81.4931, 184.7688, 100.8209, 154.6727, 99.5292
87 368 12.270000 156.1384, 81.2488, 186.1234, 82.1514, 185.5447, 101.3763, 155.5596, 100.4737
87 369 12.300000 156.7501, 82.2576, 186.6805, 82.8085, 186.3220, 102.2892, 156.3915, 101.7383
87 370 12.340000 157.5599, 84.0243, 187.3731, 84.1148, 187.3139, 103.6227, 157.5006, 103.5322
87 371 12.370000 158.1504, 85.6637, 187.8686, 85.4337, 188.0180, 104.7458, 158.2998, 104.9758
87 372 12.400000 158.6944, 87.3393, 188.3533, 86.8125, 188.6984, 106.2392, 159.0395, 106.7660
87 373 12.440000 159.3767, 90.0622, 188.9401, 89.1580, 189.5293, 108.4231, 159.9659, 109.3273
87 374 12.470000 159.8525, 92.4560, 189.3330, 91.2868, 190.0835, 110.2093, 160.6030, 111.3785
87 375 12.500000 160.2565, 94.8724, 189.6909, 93.4551, 190.5976, 112.2842, 161.1632, 113.7016
87 376 12.540000 160.7177, 98.1312, 190.1237, 96.4940, 191.1569, 115.0526, 161.7509, 116.6898
87 377 12.570000 160.9998, 100.6266, 190.3545, 98.8229, 191.4646, 116.8882, 162.1098, 118.6919
87 378 12.600000 161.1471, 102.6381, 190.5316, 100.7160, 191.7282, 119.0084, 162.3436, 120.9305
87 379 12.640000 161.2494, 105.5041, 190.6132, 103.3890, 191.9114, 121.4117, 162.5476, 123.5268
87 380 12.670000 161.2631, 107.6790, 190.6038, 105.5003, 191.9074, 123.0561, 162.5667, 125.2348
87 381 12.700000 161.1312, 109.5037, 190.5292, 107.2934, 191.8584, 124.9715, 162.4604, 127.1818
87 382 12.740000 160.8731, 112.0576, 190.3362, 109.9221, 191.5997, 127.3544, 162.1366, 129.4899
87 383 12.770000 160.6066, 114.1384, 190.0667, 112.0408, 191.2732, 128.9860, 161.8131, 131.0836
87 384 12.800000 160.1928, 115.9743, 189.7309, 113.9263, 190.9079, 130.9019, 161.3698, 132.9499
87 385 12.840000 159.5422, 118.6683, 189.1229, 116.6654, 190.2531, 133.3572, 160.6724, 135.3600
87 386 12.870000 158.9699, 120.8527, 188.5914, 118.9228, 189.6523, 135.2053, 160.0308, 137.1353
87 387 12.900000 158.2836, 122.8773, 187.9900, 121.0527, 188.9946, 137.4104, 159.2882, 139.2349
87 388 12.940000 157.2558, 125.9060, 187.0731, 124.2138, 187.9922, 140.4078, 158.1749, 142.1001
87 389 12.970000 156.4239, 128.3445, 186.2999, 126.7985, 187.1259, 142.7612, 157.2500, 144.3072
87 390 13.000000 155.4685, 130.6708, 185.4643, 129.2494, 186.2242, 145.2861, 156.2285, 146.7075
87 391 13.040000 154.0776, 133.5331, 184.1950, 132.2468, 184.8816, 148.3221, 154.7641, 149.6083
87 392 13.070000 152.9593, 135.5446, 183.1149, 134.3084, 183.7572, 149.9757, 153.6016, 151.2119
87 393 13.100000 151.6920, 136.6813, 182.0147, 135.5888, 182.5983, 151.7866, 152.2756, 152.8792
87 394 13.140000 149.9682, 137.9848, 180.4656, 137.2279, 180.8665, 153.3802, 150.3691, 154.1371
87 395 13.170000 148.6589, 138.7015, 179.2492, 138.3242, 179.4439, 154.1115, 148.8536, 154.4887
87 396 13.200000 147.2547, 138.8002, 178.0451, 138.8612, 178.0134, 154.8683, 147.2229, 154.8073
87 397 13.240000 145.4035, 138.6615, 176.3779, 139.4093, 175.9946, 155.2842, 145.0202, 154.5363
87 398 13.270000 144.0343, 138.5568, 175.0610, 139.8262, 174.4412, 154.9735, 143.4145, 153.7040
87 399 13.300000 142.6421, 137.6561, 173.8364, 139.5423, 172.9075, 154.9056, 141.7131, 153.0194
87 400 13.340000 140.8848, 136.3269, 172.2035, 139.1396, 170.8602, 154.0973, 139.5415, 151.2846
87 401 13.370000 139.5943, 135.1953, 171.0018, 138.7108, 169.4069, 152.9598, 137.9994, 149.4443
87 402 13.400000 138.4529, 133.3102, 169.8911, 137.5080, 167.9629, 151.9482, 136.5247, 147.7503
87 403 13.440000 136.9576, 130.6925, 168.5121, 135.6427, 166.3051, 149.7108, 134.7506, 144.7605
87 404 13.470000 135.9347, 128.4804, 167.6078, 134.0421, 165.2319, 147.5726, 133.5588, 142.0110
87 405 13.500000 135.1894, 125.6361, 166.8275, 131.7549, 164.1340, 145.6820, 132.4959, 139.5632
87 406 13.540000 134.2124, 122.3765, 165.9094, 129.4342, 162.8991, 142.9537, 131.2021, 135.8960
87 407 13.570000 133.5195, 120.3567, 165.2491, 128.0609, 162.0637, 141.1798, 130.3342, 133.4756
87 408 13.600000 132.9308, 118.5618, 164.6525, 126.9113, 161.2457, 139.8545, 129.5240, 131.5050
87 409 13.640000 132.2498, 116.7144, 163.9359, 125.8682, 160.2724, 138.5496, 128.5862, 129.3958
87 410 13.670000 131.7750, 115.8160, 163.4649, 125.5466, 159.7061, 137.7882, 128.0161, 128.0575
87 411 13.700000 131.5092, 114.9910, 163.1240, 125.2411, 159.1462, 137.5100, 127.5314, 127.2599
87 412 13.740000 131.2639, 114.4660, 162.8120, 125.3972, 158.6519, 137.4033, 127.1039, 126.4721
87 413 13.770000 131.1984, 114.4546, 162.6993, 125.8613, 158.4642, 137.5569, 126.9633, 126.1501
87 414 13.800000 131.3622, 114.5415, 162.7683, 126.3638, 158.3362, 138.1377, 126.9301, 126.3154
87 415 13.840000 131.7401, 115.2263, 163.0479, 127.5563, 158.4629, 139.1983, 127.1551, 126.8682
87 416 13.870000 132.1591, 116.1623, 163.4057, 128.8557, 158.7378, 140.3464, 127.4912, 127.6530
87 417 13.900000 132.8538, 117.2201, 163.9724, 130.2486, 159.1381, 141.7952, 128.0195, 128.7667
87 418 13.940000 133.9757, 119.2548, 164.9390, 132.6909, 159.9115, 144.2768, 128.9482, 130.8407
87 419 13.970000 134.9777, 121.2547, 165.8271, 134.9890, 160.7091, 146.4848, 129.8597, 132.7506
87 420 14.000000 136.2707, 123.4340, 166.9509, 137.4094, 161.5831, 149.1932, 130.9030, 135.2178
87 421 14.040000 138.2515, 126.9057, 168.7580, 141.1292, 163.1660, 153.1229, 132.6595, 138.8994
87 422 14.070000 139.8999, 129.9494, 170.3723, 144.2448, 164.7509, 156.2276, 134.2784, 141.9322
87 423 14.100000 141.8120, 133.1001, 172.3523, 147.3572, 166.5553, 159.7751, 136.0150, 145.5180
87 424 14.140000 144.6108, 138.0066, 175.2732, 151.9941, 169.4285, 164.8066, 138.7661, 150.8191
87 425 14.170000 146.8841, 142.2807, 177.6389, 155.9320, 171.9035, 168.8531, 141.1487, 155.2019
87 426 14.200000 149.3776, 146.7909, 180.2980, 160.0256, 174.5322, 173.4963, 143.6118, 160.2617
87 427 14.240000 152.8632, 153.7772, 183.9820, 166.2896, 178.3864, 180.2062, 147.2675, 167.6939
87 428 14.270000 155.5782, 159.7611, 186.8506, 171.6063, 181.4871, 185.7663, 150.2148, 173.9212
87 429 14.300000 158.3981, 166.3031, 189.8368, 177.4086, 184.6753, 192.0206, 153.2365, 180.9150
87 430 14.340000 162.1825, 176.3467, 193.8129, 186.3500, 189.0703, 201.3462, 157.4399, 191.3429
87 431 14.370000 164.9937, 184.9900, 196.7564, 194.0632, 192.4099, 209.2792, 160.6472, 200.2061
87 432 14.400000 167.7836, 194.6327, 199.6578, 202.7457, 195.7434, 218.1243, 163.8692, 210.0112
87 433 14.440000 171.4887, 209.0473, 203.4747, 215.8825, 200.1599, 231.3946, 168.1739, 224.5594
87 434 14.470000 174.2567, 221.0492, 206.3049, 226.9284, 203.4526, 242.4763, 171.4044, 236.5970
87 435 14.500000 176.9943, 234.0578, 209.1169, 238.8829, 206.7930, 254.3540, 174.6704, 249.5289
87 436 14.540000 180.9257, 251.3222, 213.1175, 254.7647, 211.4809, 270.0689, 179.2891, 266.6264
87 437 14.570000 184.1869, 263.2712, 216.3957, 265.7445, 215.2317, 280.9032, 183.0229, 278.4299
87 438 14.600000 187.6811, 274.1484, 219.8788, 275.7457, 219.1342, 290.7539, 186.9366, 289.1566
87 439 14.640000 192.5963, 287.0201, 224.7439, 287.5943, 224.4797, 302.3879, 192.3320, 301.8137
87 440 14.670000 196.4034, 295.5238, 228.4929, 295.4404, 228.5309, 310.0640, 196.4414, 310.1473
87 441 14.700000 200.2674, 303.0876, 232.2865, 302.4618, 232.5691, 316.9231, 200.5501, 317.5490
87 442 14.740000 205.4364, 311.8250, 237.3462, 310.6138, 237.8869, 324.8576, 205.9770, 326.0687
87 443 14.770000 209.2868, 317.4270, 241.1054, 315.8689, 241.7977, 330.0052, 209.9790, 331.5633
87 444 14.800000 213.0941, 322.2317, 244.8167, 320.4287, 245.6224, 334.6057, 213.8999, 336.4087
87 445 14.840000 218.0635, 327.4913, 249.6483, 325.4557, 250.5650, 339.6801, 218.9802, 341.7156
87 446 14.870000 221.6918, 330.6084, 253.1661, 328.4543, 254.1417, 342.7091, 222.6674, 344.8632
87 447 14.900000 225.2249, 332.9285, 256.5838, 330.7291, 257.5909, 345.0880, 226.2320, 347.2874
87 448 14.940000 229.7705, 334.9578, 260.9648, 332.7342, 261.9987, 347.2386, 230.8044, 349.4622
87 449 14.970000 233.0519, 335.7709, 264.1148, 333.5393, 265.1624, 348.1208, 234.0995, 350.3524
