82 0 0.010000 117.1012, 193.2556, 150.9126, 194.9625, 150.1251, 210.5606, 116.3138, 208.8537
82 1 0.040000 117.4164, 190.5415, 151.4317, 193.2990, 150.0988, 209.7412, 116.0835, 206.9836
82 2 0.070000 117.8524, 187.0995, 151.9638, 190.4263, 150.3163, 207.3196, 116.2049, 203.9929
82 3 0.110000 118.5930, 182.1684, 152.7718, 185.9681, 150.8523, 203.2344, 116.6735, 199.4347
82 4 0.140000 119.2486, 178.5749, 153.4614, 182.7202, 151.3428, 200.2059, 117.1299, 196.0605
82 5 0.170000 119.8605, 175.5581, 154.0817, 179.6775, 151.9709, 197.2126, 117.7497, 193.0932
82 6 0.200000 120.5693, 172.8034, 154.7981, 177.1381, 152.5650, 194.7715, 118.3362, 190.4369
82 7 0.240000 121.4815, 170.0602, 155.6922, 174.3965, 153.4558, 192.0402, 119.2451, 187.7039
82 8 0.270000 122.1560, 168.6546, 156.3399, 172.8570, 154.1742, 190.4736, 119.9903, 186.2711
82 9 0.310000 123.1048, 167.4992, 157.2500, 171.6096, 155.1352, 189.1764, 120.9900, 185.0660
82 10 0.340000 123.8614, 167.1493, 157.9779, 171.2940, 155.8511, 188.8010, 121.7345, 184.6563
82 11 0.370000 124.5691, 167.4124, 158.6409, 171.3054, 156.6478, 188.7487, 122.5761, 184.8557
82 12 0.400000 125.3576, 168.0075, 159.3916, 171.9093, 157.4033, 189.2527, 123.3693, 185.3509
82 13 0.440000 126.3939, 169.5499, 160.3649, 173.2487, 158.4903, 190.4662, 124.5192, 186.7675
82 14 0.470000 127.1591, 171.2042, 161.0733, 174.5527, 159.3784, 191.7180, 125.4643, 188.3695
82 15 0.500000 128.0605, 172.9723, 161.9227, 176.3831, 160.2104, 193.3825, 126.3482, 189.9717
82 16 0.540000 129.3097, 175.6509, 163.0727, 178.9490, 161.4364, 195.7007, 127.6734, 192.4027
82 17 0.570000 130.2497, 177.8598, 163.9136, 180.7357, 162.4959, 197.3303, 128.8320, 194.4543
82 18 0.610000 131.6753, 180.7287, 165.1924, 183.3301, 163.9327, 199.5600, 130.4157, 196.9586
82 19 0.640000 132.9897, 182.5812, 166.3921, 185.7388, 164.9027, 201.4944, 131.5003, 198.3368
82 20 0.670000 134.1334, 184.7940, 167.4142, 187.5258, 166.1373, 203.0825, 132.8565, 200.3507
82 21 0.700000 135.5086, 186.7324, 168.6564, 189.8234, 167.2449, 204.9606, 134.0970, 201.8697
82 22 0.740000 137.2897, 189.5498, 170.2583, 192.5880, 168.8985, 207.3436, 135.9299, 204.3054
82 23 0.770000 138.5562, 191.9205, 171.3965, 194.4178, 170.2870, 209.0072, 137.4468, 206.5099
82 24 0.800000 140.0429, 194.0549, 172.7308, 196.8423, 171.5198, 211.0438, 138.8319, 208.2564
82 25 0.840000 141.9194, 197.2846, 174.4166, 199.8355, 173.3300, 213.6779, 140.8329, 211.1270
82 26 0.870000 143.2766, 199.9480, 175.6386, 202.0089, 174.7683, 215.6744, 142.4064, 213.6134
82 27 0.900000 144.7904, 202.4832, 176.9965, 204.7187, 176.0726, 218.0295, 143.8665, 215.7941
82 28 0.940000 146.7205, 206.2045, 178.7313, 208.2432, 177.9060, 221.2010, 145.8952, 219.1622
82 29 0.970000 148.1045, 209.2265, 179.9788, 210.8175, 179.3420, 223.5758, 147.4676, 221.9849
82 30 1.000000 149.6428, 212.0075, 181.3592, 213.8880, 180.6253, 226.2660, 148.9089, 224.3855
82 31 1.040000 151.5812, 215.7829, 183.1586, 217.6742, 182.4322, 229.8019, 150.8548, 227.9106
82 32 1.070000 152.9898, 218.5459, 184.4769, 220.2102, 183.8365, 232.3274, 152.3494, 230.6632
82 33 1.110000 155.0085, 221.6866, 186.3456, 223.6115, 185.5964, 235.8081, 154.2594, 233.8832
82 34 1.140000 156.6390, 223.5737, 187.8274, 226.0614, 186.8371, 238.4780, 155.6487, 235.9903
82 35 1.170000 158.0439, 225.9811, 189.1607, 228.0229, 188.3448, 240.4576, 157.2280, 238.4159
82 36 1.210000 160.0621, 228.8059, 191.0412, 230.7533, 190.2550, 243.2607, 159.2759, 241.3133
82 37 1.240000 161.6804, 230.6698, 192.5242, 232.9073, 191.6098, 245.5119, 160.7661, 243.2744
82 38 1.270000 163.0876, 233.0496, 193.8687, 234.6920, 193.1998, 247.2277, 162.4187, 245.5853
82 39 1.310000 165.0757, 235.9800, 195.7337, 237.2649, 195.2093, 249.7760, 164.5514, 248.4911
82 40 1.340000 166.6277, 238.0508, 197.1739, 239.3547, 196.6391, 251.8834, 166.0929, 250.5795
82 41 1.370000 167.9886, 240.6366, 198.4627, 241.1914, 198.2369, 253.5935, 167.7628, 253.0387
82 42 1.410000 169.8647, 243.9568, 200.2099, 243.9168, 200.2261, 256.2030, 169.8809, 256.2430
82 43 1.440000 171.3005, 246.3331, 201.5439, 246.1846, 201.6041, 258.4335, 171.3607, 258.5820
82 44 1.470000 172.5362, 249.2217, 202.6918, 248.2165, 203.0937, 260.2747, 172.9382, 261.2799
82 45 1.510000 174.1618, 252.6539, 204.2042, 250.9299, 204.8950, 262.9669, 174.8525, 264.6909
82 46 1.540000 175.3880, 254.8774, 205.3795, 253.1956, 206.0547, 265.2371, 176.0632, 266.9189
82 47 1.570000 176.3934, 257.2822, 206.2969, 254.9351, 207.2408, 266.9612, 177.3373, 269.3083
82 48 1.610000 177.6895, 259.9806, 207.5211, 257.3989, 208.5717, 269.5390, 178.7401, 272.1207
82 49 1.640000 178.5995, 261.6757, 208.4189, 259.2960, 209.3926, 271.4972, 179.5732, 273.8769
82 50 1.670000 179.2137, 263.7361, 208.9176, 260.4682, 210.2817, 272.8677, 180.5778, 276.1355
82 51 1.710000 179.9394, 266.0650, 209.5472, 262.2144, 211.1825, 274.7884, 181.5747, 278.6390
82 52 1.740000 180.4150, 267.4383, 210.0501, 263.7644, 211.6172, 276.4051, 181.9821, 280.0790
82 53 1.770000 180.6289, 269.1130, 210.1765, 264.8305, 212.0299, 277.6181, 182.4823, 281.9007
82 54 1.810000 180.8061, 270.9238, 210.3768, 266.6266, 212.2510, 279.5236, 182.6803, 283.8208
82 55 1.840000 180.8396, 272.0543, 210.5079, 268.1909, 212.1925, 281.1272, 182.5241, 284.9906
82 56 1.870000 180.6306, 273.5067, 210.2912, 269.3863, 212.1019, 282.4203, 182.4413, 286.5408
82 57 1.910000 180.2318, 275.2022, 209.9829, 271.3013, 211.7032, 284.4216, 181.9521, 288.3225
82 58 1.940000 179.8590, 276.3248, 209.7453, 273.0153, 211.1976, 286.1303, 181.3113, 289.4398
82 59 1.970000 179.2649, 277.7910, 209.1912, 274.4026, 210.6837, 287.5841, 180.7574, 290.9726
82 60 2.010000 178.3844, 279.6326, 208.4233, 276.5707, 209.7669, 289.7524, 179.7280, 292.8143
82 61 2.040000 177.6953, 280.8309, 207.8760, 278.5053, 208.8880, 291.6394, 178.7074, 293.9651
82 62 2.070000 176.7751, 282.4563, 206.9984, 280.0131, 208.0635, 293.1888, 177.8402, 295.6320
82 63 2.110000 175.5271, 284.4613, 205.8601, 282.4027, 206.7515, 295.5366, 176.4185, 297.5952
82 64 2.140000 174.5858, 285.8698, 205.0219, 284.4745, 205.6193, 297.5067, 175.1832, 298.9020
82 65 2.170000 173.4521, 287.6640, 203.9384, 286.2125, 204.5584, 299.2355, 174.0721, 300.6870
82 66 2.210000 171.9674, 289.9708, 202.5458, 288.9650, 202.9704, 301.8721, 172.3919, 302.8779
82 67 2.240000 170.8851, 291.6801, 201.5307, 291.3694, 201.6598, 304.1032, 171.0142, 304.4138
82 68 2.270000 169.6365, 293.8107, 200.3308, 293.5236, 200.4491, 306.1784, 169.7548, 306.4655
82 69 2.310000 168.0339, 296.7141, 198.7879, 296.9113, 198.7081, 309.3528, 167.9542, 309.1556
82 70 2.340000 166.8784, 299.0020, 197.6559, 299.8380, 197.3243, 312.0448, 166.5468, 311.2088
82 71 2.370000 165.5876, 301.7472, 196.4049, 302.6452, 196.0504, 314.8109, 165.2331, 313.9130
82 72 2.410000 163.9412, 305.6353, 194.7858, 306.9613, 194.2628, 319.1266, 163.4183, 317.8006
82 73 2.440000 162.7588, 308.6049, 193.6028, 310.4209, 192.8772, 322.7449, 162.0332, 320.9289
82 74 2.470000 161.4658, 311.9887, 192.3513, 313.7682, 191.6320, 326.2526, 160.7465, 324.4731
82 75 2.510000 159.8325, 316.5366, 190.7493, 318.4645, 189.9554, 331.1971, 159.0385, 329.2692
82 76 2.540000 158.8036, 319.5630, 189.6615, 322.0731, 188.5993, 335.1309, 157.7414, 332.6208
82 77 2.570000 157.5731, 322.9783, 188.4963, 325.1617, 187.5656, 338.3423, 156.6425, 336.1590
82 78 2.610000 156.1997, 326.9013, 187.1185, 329.2019, 186.1196, 342.6265, 155.2008, 340.3259
82 79 2.640000 155.3829, 329.3784, 186.2187, 332.1844, 184.9746, 345.8557, 154.1389, 343.0497
82 80 2.670000 154.2794, 332.3745, 185.2173, 334.5616, 184.2495, 348.2523, 153.3116, 346.0652
82 81 2.710000 153.0451, 335.8873, 184.0301, 337.7187, 183.2155, 351.5008, 152.2305, 349.6693
82 82 2.740000 152.2668, 338.2215, 183.2321, 340.0946, 182.3917, 353.9888, 151.4264, 352.1158
82 83 2.770000 151.2491, 341.0318, 182.3228, 342.0523, 181.8691, 355.8673, 150.7954, 354.8468
82 84 2.800000 150.5702, 343.1372, 181.5942, 344.3846, 181.0329, 358.3432, 150.0090, 357.0958
82 85 2.840000 149.5160, 346.2624, 180.5465, 347.2670, 180.0928, 361.2837, 149.0622, 360.2791
82 86 2.870000 148.6540, 348.7784, 179.7175, 349.3425, 179.4632, 363.3448, 148.3997, 362.7808
82 87 2.900000 148.0365, 350.8053, 179.0218, 351.7695, 178.5807, 365.9446, 147.5954, 364.9803
82 88 2.940000 147.1151, 353.7771, 178.0270, 354.9118, 177.5007, 369.2486, 146.5888, 368.1139
82 89 2.970000 146.3455, 356.1947, 177.2430, 357.1968, 176.7757, 371.6036, 145.8782, 370.6014
82 90 3.000000 145.8503, 358.0774, 176.5944, 359.7555, 175.7945, 374.4108, 145.0504, 372.7327
82 91 3.040000 145.1272, 360.6080, 175.7069, 362.8050, 174.6368, 377.6998, 144.0571, 375.5029
82 92 3.070000 144.3232, 362.7937, 174.9575, 364.4843, 174.1352, 379.3854, 143.5009, 377.6948
82 93 3.100000 143.9943, 364.0138, 174.4284, 366.3891, 173.2461, 381.5387, 142.8119, 379.1635
82 94 3.140000 143.3322, 365.8050, 173.6744, 368.2529, 172.4414, 383.5357, 142.0993, 381.0878
82 95 3.170000 142.7712, 367.0986, 173.1146, 369.2652, 172.0209, 384.5828, 141.6775, 382.4162
82 96 3.200000 142.6538, 367.5826, 172.7549, 370.4777, 171.2596, 386.0245, 141.1585, 383.1293
82 97 3.240000 142.3541, 368.3240, 172.2695, 371.5428, 170.5747, 387.2939, 140.6594, 384.0751
82 98 3.270000 142.0366, 368.9324, 171.9229, 371.9848, 170.3067, 387.8097, 140.4203, 384.7573
82 99 3.300000 142.1572, 368.8847, 171.7659, 372.6271, 169.7396, 388.6593, 140.1308, 384.9169
82 100 3.340000 142.2813, 368.8463, 171.6161, 373.0937, 169.2651, 389.3314, 139.9302, 385.0840
82 101 3.370000 142.1801, 369.0320, 171.5213, 373.0129, 169.3082, 389.3245, 139.9671, 385.3437
82 102 3.400000 142.6912, 368.4658, 171.6763, 373.2778, 168.9283, 389.8302, 139.9432, 385.0182
82 103 3.440000 143.1815, 367.9130, 171.9620, 373.1590, 168.9073, 389.9170, 140.1268, 384.6709
82 104 3.470000 143.4197, 367.6583, 172.2350, 372.7124, 169.2796, 389.5622, 140.4643, 384.5081
82 105 3.500000 144.2425, 366.7755, 172.7443, 372.5488, 169.2943, 389.5805, 140.7926, 383.8071
82 106 3.540000 145.2997, 365.7031, 173.5410, 371.9401, 169.7545, 389.0856, 141.5132, 382.8486
82 107 3.570000 146.0965, 364.9160, 174.2574, 371.2054, 170.4280, 388.3518, 142.2671, 382.0624
82 108 3.600000 147.5412, 363.5483, 175.2117, 370.7200, 170.7680, 387.8647, 143.0976, 380.6929
82 109 3.640000 149.2408, 361.9770, 176.6451, 369.4423, 172.0102, 386.4565, 144.6059, 378.9912
82 110 3.670000 150.3879, 360.9164, 177.8748, 368.0164, 173.5198, 384.8762, 146.0329, 377.7762
82 111 3.700000 152.1780, 359.2982, 179.3636, 366.7617, 174.7810, 383.4537, 147.5954, 375.9902
82 112 3.740000 154.4495, 357.2173, 181.5793, 364.4384, 177.2153, 380.8341, 150.0855, 373.6130
82 113 3.770000 156.0309, 355.7552, 183.3963, 362.1350, 179.6429, 378.2344, 152.2775, 371.8546
82 114 3.800000 158.3510, 353.5355, 185.5056, 360.0233, 181.7236, 375.8525, 154.5691, 369.3646
82 115 3.840000 161.3108, 350.5670, 188.5175, 356.3994, 185.2179, 371.7912, 158.0112, 365.9588
82 116 3.870000 163.4855, 348.2748, 190.9411, 353.0856, 188.3159, 368.0679, 160.8603, 363.2571
82 117 3.900000 166.3286, 345.1011, 193.6405, 349.9074, 191.0639, 364.5493, 163.7519, 359.7430
82 118 3.940000 170.0177, 340.7873, 197.3597, 344.8400, 195.2740, 358.9112, 167.9320, 354.8585
82 119 3.970000 172.7604, 337.4940, 200.2039, 340.4832, 198.7237, 354.0719, 171.2803, 351.0827
82 120 4.000000 176.0628, 333.3502, 203.2833, 336.4618, 201.7674, 349.7232, 174.5469, 346.6117
82 121 4.040000 180.1326, 328.5330, 207.2868, 330.6602, 206.2901, 343.3831, 179.1359, 341.2559
82 122 4.070000 183.0850, 325.4439, 210.2066, 326.3335, 209.8055, 338.5626, 182.6839, 337.6730
82 123 4.100000 186.2385, 322.2133, 213.2152, 322.4970, 213.0910, 334.3135, 186.1142, 334.0297
82 124 4.140000 190.3727, 318.3449, 217.1273, 317.5752, 217.4505, 328.8121, 190.6959, 329.5818
82 125 4.170000 193.4092, 315.4280, 219.9509, 313.7318, 220.6570, 324.7798, 194.1152, 326.4761
82 126 4.200000 196.5096, 312.1685, 222.8438, 310.2292, 223.6682, 321.4248, 197.3341, 323.3641
82 127 4.240000 200.4613, 308.0477, 226.4871, 305.5050, 227.6156, 317.0562, 201.5898, 319.5988
82 128 4.270000 203.2669, 305.1106, 229.0073, 301.8548, 230.4987, 313.6462, 204.7584, 316.9020
82 129 4.300000 206.0799, 301.7897, 231.6328, 298.5645, 233.1431, 310.5303, 207.5902, 313.7555
82 130 4.340000 209.5551, 297.4528, 234.7913, 293.8630, 236.5243, 306.0462, 211.2881, 309.6359
82 131 4.370000 211.9178, 294.3075, 236.8041, 289.9790, 238.9491, 302.3112, 214.0628, 306.6398
82 132 4.400000 214.2278, 290.6190, 238.9363, 286.3479, 241.0904, 298.8098, 216.3819, 303.0809
82 133 4.440000 216.9513, 285.6966, 241.3088, 281.0479, 243.7187, 293.6747, 219.3612, 298.3234
82 134 4.470000 218.7191, 282.0703, 242.6793, 276.7474, 245.5076, 289.4788, 221.5474, 294.8017
82 135 4.500000 220.4063, 277.9536, 244.2435, 272.8413, 247.0041, 285.7135, 223.1669, 290.8258
82 136 4.540000 222.3831, 272.8880, 245.9821, 267.7995, 248.7911, 280.8269, 225.1921, 285.9155
82 137 4.570000 223.7329, 269.4163, 247.2025, 264.4559, 249.9736, 277.5673, 226.5040, 282.5277
82 138 4.600000 225.0204, 266.1013, 248.5030, 261.6581, 250.9984, 274.8466, 227.5159, 279.2898
82 139 4.640000 226.5539, 262.3341, 250.0034, 258.4016, 252.2225, 271.6341, 228.7730, 275.5666
82 140 4.670000 227.5602, 259.9898, 250.9380, 256.2582, 253.0496, 269.4872, 229.6718, 273.2188
82 141 4.700000 228.5162, 257.7841, 251.9201, 254.5665, 253.7359, 267.7737, 230.3320, 270.9913
82 142 4.740000 229.6088, 255.4028, 252.9790, 252.6136, 254.5474, 265.7555, 231.1772, 268.5446
82 143 4.770000 230.2885, 254.0224, 253.5837, 251.3322, 255.0934, 264.4048, 231.7981, 267.0950
82 144 4.800000 230.9491, 252.6853, 254.2633, 250.4664, 255.4990, 263.4497, 232.1848, 265.6686
82 145 4.840000 231.6601, 251.3878, 254.9342, 249.5013, 255.9752, 262.3444, 232.7011, 264.2309
82 146 4.870000 232.0689, 250.7600, 255.2729, 248.8993, 256.2937, 261.6307, 233.0897, 263.4913
82 147 4.900000 232.4848, 250.1303, 255.6981, 248.6889, 256.4800, 261.2810, 233.2668, 262.7224
82 148 4.940000 232.8875, 249.7253, 256.0578, 248.5322, 256.6963, 260.9331, 233.5260, 262.1262
82 149 4.970000 233.0747, 249.7418, 256.1797, 248.4861, 256.8460, 260.7465, 233.7410, 262.0022
82 150 5.000000 233.2913, 249.7251, 256.3945, 248.8176, 256.8691, 260.9014, 233.7660, 261.8088
82 151 5.040000 233.4342, 250.1022, 256.4875, 249.3052, 256.8981, 261.1803, 233.8447, 261.9773
82 152 5.070000 233.4539, 250.6335, 256.4450, 249.7374, 256.9026, 261.4789, 233.9115, 262.3750
82 153 5.100000 233.5161, 251.1120, 256.4917, 250.5295, 256.7852, 262.1034, 233.8095, 262.6859
82 154 5.140000 233.4842, 252.0993, 256.4023, 251.6556, 256.6225, 263.0290, 233.7044, 263.4727
82 155 5.170000 233.3688, 253.1176, 256.2246, 252.5418, 256.5078, 263.7845, 233.6520, 264.3603
82 156 5.200000 233.3185, 254.0765, 256.1442, 253.8256, 256.2658, 264.8910, 233.4401, 265.1419
82 157 5.240000 233.1431, 255.7411, 255.9039, 255.6301, 255.9568, 266.4803, 233.1960, 266.5913
82 158 5.270000 232.9392, 257.2803, 255.6404, 257.0839, 255.7330, 267.7871, 233.0318, 267.9834
82 159 5.300000 232.8001, 258.8282, 255.4569, 258.9538, 255.3986, 269.4587, 232.7419, 269.3330
82 160 5.340000 232.5282, 261.3396, 255.1106, 261.6482, 254.9705, 271.9026, 232.3881, 271.5941
82 161 5.370000 232.2664, 263.5721, 254.7908, 263.8606, 254.6617, 273.9377, 232.1374, 273.6493
82 162 5.400000 232.0616, 265.9192, 254.5242, 266.5098, 254.2651, 276.3636, 231.8025, 275.7730
82 163 5.440000 231.7205, 269.5510, 254.0966, 270.3400, 253.7538, 280.0599, 231.3778, 279.2708
82 164 5.470000 231.4290, 272.5679, 253.7414, 273.3978, 253.3801, 283.1118, 231.0677, 282.2820
82 165 5.500000 231.2153, 275.3991, 253.4453, 276.5621, 252.9284, 286.4424, 230.6984, 285.2795
82 166 5.540000 230.9220, 279.1370, 253.0378, 280.5783, 252.3789, 290.6895, 230.2631, 289.2482
82 167 5.570000 230.6375, 281.8560, 252.7001, 283.1369, 252.1004, 293.4675, 230.0377, 292.1866
82 168 5.600000 230.5586, 284.0179, 252.4965, 285.7064, 251.6813, 296.2975, 229.7434, 294.6091
82 169 5.640000 230.2591, 287.0175, 252.1332, 288.4516, 251.4265, 299.2303, 229.5525, 297.7961
82 170 5.670000 229.9922, 289.1563, 251.8427, 290.1704, 251.3375, 301.0537, 229.4870, 300.0396
82 171 5.700000 229.9986, 290.6685, 251.7208, 292.0690, 251.0078, 303.1285, 229.2856, 301.7280
82 172 5.740000 229.8781, 292.7120, 251.4953, 294.1344, 250.7547, 305.3901, 229.1375, 303.9677
82 173 5.770000 229.7563, 294.1744, 251.3257, 295.4810, 250.6368, 306.8515, 229.0675, 305.5448
82 174 5.800000 229.8270, 295.2743, 251.2699, 296.9577, 250.3679, 308.4473, 228.9250, 306.7638
82 175 5.840000 229.9257, 296.6684, 251.2020, 298.7110, 250.0829, 310.3675, 228.8066, 308.3249
82 176 5.870000 229.8603, 297.8703, 251.1140, 299.7308, 250.0847, 311.4894, 228.8310, 309.6289
82 177 5.900000 230.1338, 298.6183, 251.1863, 301.0466, 249.8141, 312.9433, 228.7616, 310.5150
82 178 5.940000 230.3835, 299.8164, 251.2686, 302.5313, 249.7045, 314.5643, 228.8193, 311.8495
82 179 5.970000 230.5391, 300.7928, 251.3534, 303.5094, 249.7698, 315.6429, 228.9555, 312.9264
82 180 6.000000 230.9921, 301.4822, 251.5743, 304.7205, 249.6481, 316.9632, 229.0658, 313.7249
82 181 6.040000 231.5240, 302.5792, 251.9077, 306.1051, 249.7641, 318.4974, 229.3804, 314.9715
82 182 6.070000 231.9406, 303.4641, 252.2247, 307.0692, 250.0062, 319.5515, 229.7221, 315.9464
82 183 6.100000 232.7110, 304.1012, 252.6881, 308.2893, 250.0598, 320.8261, 230.0827, 316.6380
82 184 6.140000 233.7197, 305.1354, 253.4046, 309.7614, 250.4475, 322.3445, 230.7626, 317.7185
82 185 6.170000 234.4572, 306.0456, 254.0342, 310.7388, 251.0050, 323.3749, 231.4280, 318.6818
82 186 6.200000 235.5258, 306.8193, 254.8142, 311.9390, 251.4603, 324.5750, 232.1719, 319.4554
82 187 6.240000 236.9026, 308.0887, 255.9998, 313.3781, 252.4898, 326.0509, 233.3926, 320.7615
82 188 6.270000 237.8837, 309.2339, 257.0005, 314.3358, 253.6040, 327.0623, 234.4872, 321.9604
82 189 6.300000 239.2315, 310.2677, 258.1623, 315.5679, 254.5997, 328.2925, 235.6689, 322.9923
82 190 6.340000 240.9702, 311.9253, 259.8534, 317.1033, 256.3516, 329.8738, 237.4684, 324.6958
82 191 6.370000 242.2294, 313.3883, 261.2205, 318.1937, 257.9697, 331.0409, 238.9787, 326.2355
82 192 6.400000 243.8291, 314.7927, 262.7317, 319.5968, 259.4624, 332.4606, 240.5598, 327.6565
82 193 6.440000 245.8884, 316.9974, 264.8516, 321.4401, 261.8226, 334.3690, 242.8594, 329.9263
82 194 6.470000 247.3869, 318.9001, 266.5068, 322.8184, 263.8438, 335.8131, 244.7238, 331.8948
82 195 6.500000 249.1563, 320.7615, 268.2830, 324.4618, 265.7658, 337.4730, 246.6392, 333.7727
82 196 6.540000 251.5527, 323.3848, 270.7516, 326.6360, 268.5469, 339.6549, 249.3480, 336.4037
82 197 6.570000 253.3283, 325.4568, 272.6563, 328.1620, 270.8339, 341.1828, 251.5059, 338.4776
82 198 6.600000 255.4329, 327.3011, 274.7027, 329.9265, 272.9333, 342.9128, 253.6636, 340.2874
82 199 6.640000 258.1605, 329.9101, 277.4695, 332.1319, 275.9813, 345.0658, 256.6723, 342.8441
82 200 6.670000 260.1251, 332.0272, 279.5431, 333.6625, 278.4578, 346.5494, 259.0398, 344.9141
82 201 6.700000 262.3796, 333.9166, 281.7476, 335.4875, 280.7080, 348.3052, 261.3400, 346.7343
82 202 6.740000 265.2578, 336.6801, 284.6565, 337.8154, 283.9115, 350.5466, 264.5127, 349.4113
82 203 6.770000 267.3427, 338.9442, 286.8098, 339.5458, 286.4189, 352.1948, 266.9518, 351.5931
82 204 6.800000 269.6398, 341.0589, 289.0637, 341.5965, 288.7157, 354.1705, 269.2918, 353.6329
82 205 6.840000 272.5423, 344.2586, 291.9861, 344.3570, 291.9231, 356.8129, 272.4793, 356.7145
82 206 6.870000 274.6390, 346.9207, 294.1232, 346.5216, 294.3767, 358.8993, 274.8926, 359.2984
82 207 6.900000 276.8405, 349.6006, 296.3109, 349.0190, 296.6788, 361.3371, 277.2084, 361.9187
82 208 6.940000 279.6474, 353.5879, 299.1344, 352.5508, 299.7866, 364.8057, 280.2996, 365.8429
82 209 6.970000 281.6524, 356.8659, 301.1673, 355.3296, 302.1284, 367.5381, 282.6135, 369.0744
82 210 7.000000 283.7203, 360.0157, 303.2312, 358.3182, 304.2943, 370.5376, 284.7834, 372.2351
82 211 7.040000 286.3074, 364.0346, 305.8290, 362.0201, 307.0896, 374.2357, 287.5680, 376.2502
82 212 7.070000 288.0296, 366.8903, 307.5679, 364.3432, 309.1415, 376.4138, 289.6032, 378.9609
82 213 7.100000 289.8699, 368.8743, 309.3933, 366.5967, 310.8044, 378.6926, 291.2810, 380.9703
82 214 7.140000 291.8963, 371.2856, 311.4232, 368.7067, 313.0178, 380.7808, 293.4909, 383.3597
82 215 7.170000 293.0567, 372.9813, 312.5934, 369.5782, 314.6874, 381.5999, 295.1507, 385.0030
82 216 7.200000 294.3805, 373.6545, 313.9128, 370.5536, 315.8426, 382.7093, 296.3103, 385.8103
82 217 7.240000 295.6839, 374.3667, 315.2162, 371.0516, 317.2942, 383.2958, 297.7620, 386.6108
82 218 7.270000 296.3906, 374.6023, 315.9171, 370.9403, 318.2218, 383.2290, 298.6952, 386.8910
82 219 7.300000 297.1661, 373.9822, 316.6922, 370.8399, 318.6981, 383.3045, 299.1720, 386.4468
82 220 7.340000 297.7962, 372.8321, 317.3133, 369.9624, 319.1725, 382.6075, 299.6554, 385.4772
82 221 7.370000 297.9224, 371.7868, 317.4540, 368.6879, 319.4692, 381.3887, 299.9376, 384.4876
82 222 7.400000 298.1625, 369.8810, 317.6751, 367.3963, 319.3089, 380.2276, 299.7963, 382.7122
82 223 7.440000 298.0958, 367.0055, 317.6424, 364.8802, 319.0452, 377.7829, 299.4987, 379.9082
82 224 7.470000 297.5919, 364.9002, 317.1592, 362.2286, 318.9155, 375.0920, 299.3481, 377.7635
82 225 7.500000 297.2796, 362.0865, 316.8683, 359.7643, 318.3974, 372.6634, 298.8087, 374.9856
82 226 7.540000 296.5599, 358.6969, 316.1954, 356.4023, 317.7017, 369.2915, 298.0661, 371.5861
82 227 7.570000 296.0162, 356.3398, 315.7111, 354.2904, 317.0540, 367.1962, 297.3591, 369.2455
82 228 7.600000 295.5323, 354.1318, 315.3092, 352.6458, 316.2815, 365.5856, 296.5046, 367.0716
82 229 7.640000 294.7478, 351.7772, 314.6050, 350.8698, 315.1970, 363.8254, 295.3398, 364.7328
82 230 7.670000 294.0384, 350.4483, 313.9424, 349.7956, 314.3668, 362.7397, 294.4628, 363.3924
82 231 7.700000 293.3842, 349.2684, 313.3348, 349.1027, 313.4421, 362.0249, 293.4915, 362.1906
82 232 7.740000 292.3652, 348.2117, 312.3675, 348.4496, 312.2145, 361.3081, 292.2122, 361.0701
82 233 7.770000 291.4886, 347.7976, 311.5314, 348.1376, 311.3145, 360.9257, 291.2716, 360.5857
82 234 7.800000 290.7165, 347.4649, 310.7896, 348.2089, 310.3188, 360.9082, 290.2458, 360.1642
82 235 7.840000 289.5626, 347.5095, 309.6808, 348.5475, 309.0331, 361.1006, 288.9149, 360.0626
82 236 7.870000 288.6105, 347.9142, 308.7734, 348.9930, 308.1084, 361.4212, 287.9456, 360.3425
82 237 7.900000 287.7791, 348.4172, 307.9647, 349.8460, 307.0951, 362.1325, 286.9095, 360.7038
82 238 7.940000 286.5800, 349.5847, 306.8087, 351.2701, 305.8023, 363.3500, 285.5735, 361.6646
82 239 7.970000 285.6249, 350.7912, 305.9205, 352.5194, 304.9052, 364.4427, 284.6096, 362.7146
82 240 8.000000 284.8071, 351.9730, 305.1491, 354.0354, 303.9561, 365.8020, 283.6141, 363.7397
82 241 8.040000 283.6804, 353.5677, 304.1441, 355.8216, 302.8747, 367.3473, 282.4109, 365.0934
82 242 8.070000 282.7939, 354.6838, 303.4048, 356.7642, 302.2653, 368.0532, 281.6544, 365.9728
82 243 8.100000 282.1681, 355.2885, 302.8241, 357.6850, 301.5461, 368.7011, 280.8901, 366.3047
82 244 8.140000 281.3062, 355.8792, 302.0907, 358.2779, 300.8657, 368.8932, 280.0812, 366.4945
82 245 8.170000 280.5928, 356.2042, 301.5439, 358.0867, 300.6082, 368.4999, 279.6572, 366.6174
82 246 8.200000 280.2476, 355.7814, 301.2205, 358.0205, 300.1263, 368.2697, 279.1534, 366.0306
82 247 8.240000 279.7689, 354.9565, 300.8192, 357.2240, 299.7296, 367.3389, 278.6793, 365.0714
82 248 8.270000 279.4131, 354.0679, 300.5541, 356.0385, 299.6115, 366.1507, 278.4705, 364.1801
82 249 8.300000 279.4162, 352.4541, 300.5127, 355.0058, 299.2923, 365.0958, 278.1958, 362.5442
82 250 8.340000 279.3547, 350.1236, 300.4741, 352.7500, 299.2197, 362.8373, 278.1002, 360.2109
82 251 8.370000 279.2456, 348.2457, 300.4499, 350.3298, 299.4562, 360.4402, 278.2519, 358.3562
82 252 8.400000 279.4913, 345.5854, 300.6615, 347.9594, 299.5300, 358.0496, 278.3598, 355.6756
82 253 8.440000 279.7711, 341.7023, 300.9595, 343.8029, 299.9594, 353.8911, 278.7710, 351.7905
82 254 8.470000 279.9570, 338.5047, 301.1886, 339.9688, 300.4897, 350.1041, 279.2581, 348.6400
82 255 8.500000 280.5441, 334.4724, 301.6794, 336.4565, 300.7236, 346.6378, 279.5883, 344.6537
82 256 8.540000 281.1140, 329.6763, 302.2110, 331.4838, 301.3380, 341.6730, 280.2411, 339.8655
82 257 8.570000 281.4739, 326.5613, 302.5653, 327.9727, 301.8841, 338.1528, 280.7927, 336.7414
82 258 8.600000 281.8951, 323.6898, 302.9541, 324.9097, 302.3650, 335.0779, 281.3061, 333.8580
82 259 8.640000 282.4278, 320.4219, 303.4409, 321.2974, 303.0177, 331.4539, 282.0047, 330.5784
82 260 8.670000 282.7884, 318.3779, 303.7677, 318.8777, 303.5256, 329.0386, 282.5463, 328.5387
82 261 8.700000 283.2270, 316.4306, 304.1507, 316.8893, 303.9276, 327.0674, 283.0039, 326.6087
82 262 8.740000 283.7405, 314.3042, 304.5973, 314.5325, 304.4855, 324.7477, 283.6286, 324.5194
82 263 8.770000 284.0684, 313.0437, 304.8766, 312.9645, 304.9156, 323.2146, 284.1074, 323.2938
82 264 8.800000 284.4669, 311.8079, 305.2160, 311.7883, 305.2258, 322.0862, 284.4767, 322.1058
82 265 8.840000 284.9129, 310.5711, 305.5882, 310.4562, 305.6458, 320.8277, 284.9705, 320.9426
82 266 8.870000 285.1756, 309.9548, 305.8011, 309.6223, 305.9692, 320.0559, 285.3438, 320.3884
82 267 8.900000 285.5137, 309.3335, 306.0795, 309.1825, 306.1566, 319.6886, 285.5909, 319.8396
82 268 8.940000 285.8709, 308.9037, 306.3811, 308.8103, 306.4294, 319.4154, 285.9192, 319.5088
82 269 8.970000 286.0811, 308.8305, 306.5728, 308.6905, 306.6458, 319.3739, 286.1541, 319.5140
82 270 9.000000 286.3814, 308.6769, 306.8508, 308.8947, 306.7363, 319.6531, 286.2669, 319.4353
82 271 9.040000 286.7000, 308.5817, 307.1375, 309.0749, 306.8742, 319.9859, 286.4367, 319.4927
82 272 9.070000 286.7902, 308.6685, 307.2152, 308.9265, 307.0759, 319.9585, 286.6509, 319.7006
82 273 9.100000 287.0494, 308.3939, 307.4461, 308.9860, 307.1225, 320.1342, 286.7258, 319.5421
82 274 9.140000 287.2871, 308.0706, 307.6546, 308.7851, 307.2585, 320.0776, 286.8909, 319.3631
82 275 9.170000 287.3616, 307.8858, 307.7188, 308.3939, 307.4344, 319.7913, 287.0771, 319.2832
82 276 9.200000 287.6716, 307.2835, 307.9906, 308.2735, 307.4309, 319.7616, 287.1118, 318.7716
82 277 9.240000 287.9445, 306.5883, 308.2300, 307.7714, 307.5539, 319.3619, 287.2685, 318.1787
82 278 9.270000 288.0935, 306.0758, 308.3670, 307.1983, 307.7217, 318.8539, 287.4481, 317.7314
82 279 9.300000 288.4653, 305.2174, 308.6885, 306.8266, 307.7586, 318.5132, 287.5354, 316.9041
82 280 9.340000 288.9060, 304.0734, 309.0789, 306.0275, 307.9435, 317.7488, 287.7706, 315.7948
82 281 9.370000 289.1488, 303.2611, 309.3183, 305.1207, 308.2352, 316.8678, 288.0658, 315.0082
82 282 9.400000 289.6942, 302.0447, 309.7935, 304.4371, 308.3983, 316.1587, 288.2990, 313.7664
82 283 9.440000 290.3720, 300.4178, 310.4145, 303.1364, 308.8301, 314.8170, 288.7876, 312.0984
82 284 9.470000 290.7865, 299.2643, 310.8464, 301.7850, 309.3790, 313.4622, 289.3191, 310.9414
82 285 9.500000 291.5257, 297.7721, 311.5189, 300.7125, 309.8106, 312.3275, 289.8175, 309.3871
82 286 9.540000 292.4424, 296.0357, 312.4036, 299.1277, 310.6117, 310.6958, 290.6505, 307.6038
82 287 9.570000 293.1765, 294.8965, 313.1223, 298.0546, 311.2951, 309.5948, 291.3493, 306.4367
82 288 9.600000 294.1122, 293.7154, 314.0031, 297.3494, 311.9068, 308.8235, 292.0159, 305.1895
82 289 9.640000 295.3450, 292.4527, 315.2236, 296.4752, 312.9145, 307.8868, 293.0358, 303.8643
82 290 9.670000 296.3080, 291.7160, 316.1973, 295.8609, 313.8228, 307.2551, 293.9335, 303.1102
82 291 9.700000 297.5283, 290.8783, 317.3705, 295.6458, 314.6541, 306.9518, 294.8118, 302.1843
82 292 9.740000 299.1812, 290.0993, 319.0108, 295.2758, 316.0751, 306.5216, 296.2456, 301.3451
82 293 9.770000 300.4439, 289.7558, 320.3218, 294.9133, 317.3993, 306.1773, 297.5213, 301.0198
82 294 9.800000 301.9713, 289.3413, 321.8358, 294.8866, 318.7082, 306.0903, 298.8438, 300.5451
82 295 9.840000 304.0655, 289.0894, 323.9923, 294.7382, 320.8166, 305.9411, 300.8898, 300.2923
82 296 9.870000 305.6861, 289.1220, 325.7204, 294.5520, 322.6706, 305.8042, 302.6364, 300.3741
82 297 9.900000 307.5805, 289.0767, 327.6599, 294.6909, 324.5200, 305.9206, 304.4407, 300.3063
82 298 9.940000 310.1705, 289.3086, 330.3925, 294.7660, 327.3492, 306.0425, 307.1272, 300.5851
82 299 9.970000 312.1520, 289.7077, 332.5408, 294.7130, 329.7463, 306.0962, 309.3575, 301.0910
82 300 10.000000 314.4093, 290.0061, 334.9012, 295.0075, 332.1210, 306.3985, 311.6291, 301.3970
82 301 10.040000 317.5087, 290.6011, 338.1934, 295.2788, 335.6007, 306.7437, 314.9160, 302.0660
82 302 10.070000 319.8978, 291.1841, 340.7592, 295.3746, 338.4384, 306.9283, 317.5770, 302.7378
82 303 10.100000 322.5561, 291.5867, 343.5470, 295.7858, 341.2347, 307.3449, 320.2438, 303.1458
82 304 10.140000 326.1464, 292.3143, 347.3584, 296.1429, 345.2593, 307.7725, 324.0474, 303.9439
82 305 10.170000 328.8548, 293.0215, 350.2593, 296.2301, 348.4981, 307.9786, 327.0936, 304.7700
82 306 10.200000 331.8214, 293.5186, 353.3841, 296.7000, 351.6509, 308.4469, 330.0882, 305.2655
82 307 10.240000 335.7881, 294.3855, 357.5880, 297.1434, 356.0963, 308.9343, 334.2964, 306.1764
82 308 10.270000 338.7799, 295.1685, 360.7626, 297.3632, 359.5788, 309.2209, 337.5961, 307.0262
82 309 10.300000 341.9596, 295.7785, 364.1227, 297.9042, 362.9874, 309.7403, 340.8243, 307.6145
82 310 10.340000 346.1933, 296.7790, 368.6007, 298.4918, 367.6955, 310.3332, 345.2881, 308.6204
82 311 10.370000 349.3337, 297.7257, 371.9160, 298.7891, 371.3573, 310.6554, 348.7750, 309.5920
82 312 10.400000 352.6607, 298.4374, 375.4362, 299.5028, 374.8845, 311.2977, 352.1090, 310.2323
82 313 10.440000 357.0284, 299.6410, 380.0508, 300.2825, 379.7236, 312.0257, 356.7012, 311.3842
82 314 10.470000 360.2704, 300.7015, 383.4604, 300.7903, 383.4155, 312.5112, 360.2255, 312.4224
82 315 10.500000 363.6382, 301.5705, 387.0293, 301.6665, 386.9817, 313.2645, 363.5906, 313.1685
82 316 10.540000 368.0545, 302.9077, 391.6834, 302.6742, 391.7965, 314.1212, 368.1676, 314.3547
82 317 10.570000 371.3132, 303.9855, 395.1032, 303.2926, 395.4348, 314.6768, 371.6448, 315.3697
82 318 10.600000 374.6619, 304.8348, 398.6656, 304.2253, 398.9506, 315.4473, 374.9469, 316.0568
82 319 10.640000 379.0173, 306.0887, 403.2784, 305.2764, 403.6486, 316.3315, 379.3875, 317.1439
82 320 10.670000 382.1878, 307.1838, 406.6139, 305.8913, 407.1944, 316.8602, 382.7682, 318.1527
82 321 10.700000 385.4372, 308.0226, 410.0941, 306.9059, 410.5820, 317.6778, 385.9251, 318.7946
82 322 10.740000 389.6312, 309.3596, 414.5450, 308.0412, 415.1042, 318.6081, 390.1903, 319.9265
82 323 10.770000 392.6720, 310.5348, 417.7346, 308.7330, 418.4873, 319.2029, 393.4247, 321.0047
82 324 10.800000 395.7602, 311.4262, 421.0396, 309.7922, 421.7070, 320.1181, 396.4277, 321.7520
82 325 10.840000 399.7294, 312.6754, 425.2500, 310.9421, 425.9533, 321.2981, 400.4328, 323.0314
82 326 10.870000 402.5959, 313.8703, 428.2618, 311.7905, 429.1102, 322.2600, 403.4443, 324.3398
82 327 10.900000 405.4997, 314.7748, 431.3727, 312.9984, 432.1108, 323.7478, 406.2377, 325.5241
82 328 10.940000 409.2213, 316.3916, 435.3206, 314.6498, 436.0562, 325.6715, 409.9569, 327.4133
82 329 10.970000 411.9036, 317.8871, 438.1440, 315.9496, 438.9679, 327.1075, 412.7275, 329.0450
82 330 11.000000 414.6158, 319.1499, 441.0373, 317.5742, 441.7174, 328.9780, 415.2959, 330.5537
82 331 11.040000 418.0669, 321.0747, 444.6889, 319.6613, 445.3075, 331.3114, 418.6854, 332.7249
82 332 11.070000 420.4666, 322.8126, 447.1968, 321.0001, 447.9908, 332.7092, 421.2606, 334.5217
82 333 11.100000 422.9210, 324.0941, 449.7961, 322.6084, 450.4543, 334.5138, 423.5791, 335.9995
82 334 11.140000 425.9600, 326.1039, 452.9789, 324.5180, 453.6843, 336.5364, 426.6655, 338.1223
82 335 11.170000 428.0808, 327.7985, 455.1724, 325.8338, 456.0422, 337.8277, 428.9506, 339.7923
82 336 11.200000 430.2589, 329.0283, 457.4654, 327.4681, 458.1602, 339.5848, 430.9537, 341.1450
82 337 11.240000 432.9568, 330.9261, 460.2714, 329.5366, 460.8889, 341.6752, 433.5743, 343.0647
82 338 11.270000 434.8379, 332.5096, 462.2078, 331.0325, 462.8596, 343.1094, 435.4897, 344.5865
82 339 11.300000 436.8053, 333.6335, 464.2569, 332.8986, 464.5826, 345.0642, 437.1309, 345.7991
82 340 11.340000 439.1840, 335.6210, 466.6906, 335.1891, 466.8806, 347.2896, 439.3740, 347.7215
82 341 11.370000 440.8015, 337.4685, 468.3233, 336.8151, 468.6061, 348.7252, 441.0843, 349.3786
82 342 11.400000 442.4883, 339.0386, 470.0305, 338.7796, 470.1416, 350.5996, 442.5995, 350.8586
82 343 11.440000 444.5136, 341.7196, 472.0433, 341.3054, 472.2162, 352.7937, 444.6864, 353.2079
82 344 11.470000 445.9085, 344.0623, 473.3970, 343.1933, 473.7492, 354.3348, 446.2607, 355.2038
82 345 11.500000 447.3165, 346.2678, 474.7660, 345.3193, 475.1405, 356.1581, 447.6910, 357.1066
82 346 11.540000 449.0481, 349.3247, 476.4138, 348.0606, 476.9009, 358.6046, 449.5351, 359.8686
82 347 11.570000 450.1911, 351.4712, 477.4450, 349.6312, 478.1736, 360.4231, 450.9197, 362.2632
82 348 11.600000 451.3721, 353.0138, 478.6219, 351.5533, 479.2088, 362.5039, 451.9590, 363.9644
82 349 11.640000 452.7098, 355.2589, 479.8384, 353.5679, 480.5421, 364.8564, 453.4135, 366.5474
82 350 11.670000 453.5500, 357.0539, 480.5134, 354.7803, 481.4916, 366.3809, 454.5282, 368.6545
82 351 11.700000 454.4036, 358.5322, 481.3164, 356.4211, 482.2375, 368.1634, 455.3247, 370.2745
82 352 11.740000 455.3117, 360.7328, 482.0433, 358.2336, 483.1676, 370.2594, 456.4360, 372.7586
82 353 11.770000 455.8296, 362.5563, 482.3075, 359.3489, 483.7996, 371.6670, 457.3217, 374.8744
82 354 11.800000 456.3528, 364.0686, 482.7707, 360.9990, 484.2176, 373.4514, 457.7997, 376.5210
82 355 11.840000 456.8309, 366.3802, 482.9981, 362.9381, 484.6707, 375.6535, 458.5035, 379.0955
82 356 11.870000 457.0493, 368.2879, 482.9884, 364.4217, 484.9141, 377.3412, 458.9749, 381.2074
82 357 11.900000 457.2415, 370.0635, 483.1173, 366.3609, 484.9809, 379.3846, 459.1051, 383.0872
82 358 11.940000 457.3156, 372.7424, 483.0245, 368.9956, 484.9478, 382.1925, 459.2389, 385.9393
82 359 11.970000 457.2398, 374.9610, 482.7638, 371.0195, 484.8256, 384.3712, 459.3016, 388.3126
82 360 12.000000 457.1244, 377.0181, 482.6318, 373.4103, 484.5279, 386.8154, 459.0205, 390.4233
82 361 12.040000 456.7450, 379.6103, 482.1673, 376.2621, 483.9542, 389.8296, 458.5319, 393.1777
82 362 12.070000 456.2020, 381.4713, 481.3897, 377.7539, 483.4301, 391.5789, 458.2424, 395.2962
82 363 12.100000 455.6326, 382.7646, 480.8172, 379.4036, 482.6764, 393.3346, 457.4918, 396.6956
82 364 12.140000 454.5491, 384.4237, 479.5068, 380.7844, 481.5698, 394.9324, 456.6121, 398.5716
82 365 12.170000 453.5405, 385.5112, 478.2423, 381.4244, 480.6108, 395.7404, 455.9090, 399.8272
82 366 12.200000 452.5271, 386.0037, 477.2500, 382.3486, 479.3762, 396.7295, 454.6532, 400.3846
82 367 12.240000 450.9016, 386.5613, 475.4996, 383.0112, 477.5950, 397.5299, 452.9970, 401.0800
82 368 12.270000 449.4842, 386.9462, 473.8498, 383.0917, 476.1649, 397.7263, 451.7993, 401.5808
82 369 12.300000 448.0722, 386.8062, 472.4744, 383.4576, 474.4842, 398.1041, 450.0821, 401.4528
82 370 12.340000 445.9783, 386.4891, 470.3274, 383.5321, 472.1081, 398.1947, 447.7590, 401.1517
82 371 12.370000 444.2020, 386.3098, 468.3040, 383.0482, 470.2990, 397.7902, 446.1970, 401.0519
82 372 12.400000 442.5152, 385.4096, 466.7772, 383.0607, 468.2016, 397.7734, 443.9396, 400.1223
82 373 12.440000 439.9832, 384.4451, 464.0732, 382.2013, 465.4476, 396.9567, 441.3576, 399.2006
82 374 12.470000 437.9897, 383.5735, 461.9451, 381.3599, 463.3104, 396.1351, 439.3550, 398.3487
82 375 12.500000 436.0393, 382.3900, 459.9922, 380.7246, 461.0171, 395.4654, 437.0642, 397.1308
82 376 12.540000 433.3099, 381.0790, 457.1616, 379.7747, 457.9674, 394.5116, 434.1158, 395.8158
82 377 12.570000 431.2121, 380.3538, 454.9482, 379.1947, 455.6679, 393.9315, 431.9318, 395.0907
82 378 12.600000 429.1713, 379.6527, 452.9019, 379.0540, 453.2719, 393.7200, 429.5413, 394.3187
82 379 12.640000 426.3789, 379.1393, 450.0225, 378.9873, 450.1165, 393.6070, 426.4729, 393.7590
82 380 12.670000 424.2170, 379.0986, 447.7325, 378.9749, 447.8094, 393.6061, 424.2939, 393.7298
82 381 12.700000 422.1296, 379.0781, 445.6043, 379.3670, 445.4248, 393.9539, 421.9501, 393.6651
82 382 12.740000 419.2840, 379.4731, 442.6421, 379.9860, 442.3222, 394.5586, 418.9641, 394.0457
82 383 12.770000 417.1088, 380.0797, 440.3412, 380.5374, 440.0537, 395.1348, 416.8212, 394.6771
82 384 12.800000 415.0242, 380.7163, 438.2180, 381.5285, 437.7086, 396.0776, 414.5147, 395.2654
82 385 12.840000 412.1979, 382.0105, 435.2933, 383.0115, 434.6637, 397.5373, 411.5683, 396.5363
82 386 12.870000 410.0476, 383.3257, 433.0420, 384.2782, 432.4397, 398.8181, 409.4453, 397.8656
82 387 12.900000 407.9762, 384.7597, 430.9359, 385.9919, 430.1581, 400.4853, 407.1983, 399.2531
82 388 12.940000 405.1722, 387.1936, 428.0494, 388.5386, 427.1984, 403.0135, 404.3212, 401.6685
82 389 12.970000 403.0480, 389.3802, 425.8457, 390.6577, 425.0339, 405.1458, 402.2361, 403.8683
82 390 13.000000 401.0005, 391.6290, 423.7738, 393.1127, 422.8320, 407.5681, 400.0587, 406.0845
82 391 13.040000 398.2882, 394.6607, 420.9912, 396.2240, 419.9964, 410.6717, 397.2934, 409.1084
82 392 13.070000 396.2652, 396.8548, 418.8700, 398.2578, 417.9740, 412.6932, 395.3692, 411.2901
82 393 13.100000 394.4084, 398.6547, 417.0009, 400.4177, 415.8831, 414.7420, 393.2906, 412.9791
82 394 13.140000 391.9444, 400.8963, 414.4538, 402.7983, 413.2452, 417.1017, 390.7358, 415.1997
82 395 13.170000 390.0331, 402.6075, 412.4196, 404.1094, 411.4544, 418.4968, 389.0678, 416.9949
82 396 13.200000 388.3603, 403.8824, 410.7153, 405.7519, 409.5161, 420.0908, 387.1612, 418.2213
82 397 13.240000 386.0768, 405.6301, 408.3248, 407.4728, 407.1352, 421.8355, 384.8872, 419.9927
82 398 13.270000 384.3407, 406.9651, 406.4394, 408.4293, 405.4801, 422.9072, 383.3814, 421.4430
82 399 13.300000 382.7883, 407.9679, 404.8394, 409.6743, 403.7179, 424.1686, 381.6667, 422.4623
82 400 13.340000 380.6757, 409.3739, 402.5728, 410.9337, 401.5291, 425.5838, 379.6321, 424.0239
82 401 13.370000 379.0514, 410.5326, 400.7533, 411.6350, 400.0021, 426.4224, 378.3003, 425.3200
82 402 13.400000 377.6215, 411.3433, 399.2596, 412.7061, 398.3249, 427.5461, 376.6869, 426.1833
82 403 13.440000 375.6240, 412.6310, 397.0425, 413.7639, 396.2499, 428.7470, 374.8315, 427.6140
82 404 13.470000 374.0964, 413.6483, 395.2882, 414.3863, 394.7608, 429.5295, 373.5690, 428.7914
82 405 13.500000 372.6984, 414.3876, 393.7602, 415.2169, 393.1588, 430.4918, 372.0970, 429.6625
82 406 13.540000 370.7934, 415.2636, 391.6398, 416.0111, 391.0839, 431.5158, 370.2374, 430.7683
82 407 13.570000 369.2650, 415.9082, 389.8538, 416.2181, 389.6174, 431.9238, 369.0286, 431.6139
82 408 13.600000 367.8953, 416.0435, 388.4466, 416.6308, 387.9928, 432.5095, 367.4415, 431.9222
82 409 13.640000 365.9333, 416.2034, 386.2933, 416.6496, 385.9395, 432.7961, 365.5795, 432.3499
82 410 13.670000 364.3710, 416.2775, 384.5002, 416.3306, 384.4571, 432.6858, 364.3279, 432.6327
82 411 13.700000 362.9552, 415.8488, 383.0881, 416.2258, 382.7781, 432.7826, 362.6452, 432.4056
82 412 13.740000 360.9227, 415.2459, 380.9312, 415.6235, 380.6133, 432.4705, 360.6048, 432.0930
82 413 13.770000 359.2876, 414.7746, 379.0962, 414.8399, 379.0399, 431.9028, 359.2313, 431.8374
82 414 13.800000 357.7889, 413.8103, 377.6522, 414.2552, 377.2652, 431.5330, 357.4019, 431.0880
82 415 13.840000 355.5069, 412.4675, 375.4579, 413.0423, 374.9522, 430.5954, 355.0012, 430.0206
82 416 13.870000 353.5137, 411.4378, 373.5636, 411.7615, 373.2770, 429.5169, 353.2270, 429.1932
82 417 13.900000 352.0230, 409.8429, 372.1249, 410.6826, 371.3747, 428.6422, 351.2728, 427.8025
82 418 13.940000 349.5818, 407.7100, 369.8064, 408.6595, 368.9513, 426.8734, 348.7267, 425.9239
82 419 13.970000 347.4930, 406.0221, 367.9887, 406.7720, 367.3161, 425.1568, 346.8204, 424.4069
82 420 14.000000 345.7336, 404.0072, 366.3569, 405.0464, 365.4224, 423.5897, 344.7992, 422.5505
82 421 14.040000 343.1340, 401.5491, 364.0834, 402.7158, 363.0397, 421.4569, 342.0903, 420.2902
82 422 14.070000 341.1759, 399.8966, 362.3410, 401.2087, 361.1731, 420.0475, 340.0081, 418.7355
82 423 14.100000 339.4724, 398.2409, 360.6234, 400.0736, 358.9861, 418.9697, 337.8350, 417.1370
82 424 14.140000 336.9125, 396.4330, 358.2395, 398.6356, 356.2854, 417.5565, 334.9584, 415.3539
82 425 14.170000 334.8239, 395.2959, 356.4056, 397.5953, 354.3905, 416.5090, 332.8088, 414.2097
82 426 14.200000 333.0237, 394.0625, 354.6054, 396.8307, 352.1874, 415.6819, 330.6057, 412.9137
82 427 14.240000 330.4282, 392.6110, 352.1717, 395.7719, 349.4483, 414.5054, 327.7048, 411.3445
82 428 14.270000 328.1630, 391.8062, 350.2693, 394.8190, 347.7295, 413.4547, 325.6232, 410.4419
82 429 14.300000 326.4239, 390.6671, 348.4922, 394.2250, 345.5204, 412.6579, 323.4521, 409.1000
82 430 14.340000 323.7116, 389.4330, 346.0692, 393.1456, 343.0532, 411.3080, 320.6956, 407.5954
82 431 14.370000 321.6245, 388.5717, 344.2717, 392.2911, 341.3266, 410.2240, 318.6794, 406.5046
82 432 14.400000 319.7770, 387.6128, 342.5280, 391.6129, 339.4281, 409.2437, 316.6771, 405.2435
82 433 14.440000 317.2233, 386.5140, 340.2307, 390.7178, 337.1002, 407.8512, 314.0928, 403.6474
82 434 14.470000 315.1221, 385.9684, 338.4812, 389.9531, 335.6241, 406.7025, 312.2650, 402.7179
82 435 14.500000 313.3739, 385.3262, 336.8327, 389.6275, 333.8423, 405.9367, 310.3835, 401.6354
82 436 14.540000 310.8042, 385.0623, 334.5915, 389.3447, 331.7450, 405.1557, 307.9578, 400.8733
82 437 14.570000 308.8134, 385.2765, 332.9064, 389.4081, 330.2549, 404.8698, 306.1619, 400.7382
82 438 14.600000 307.0001, 385.5856, 331.2914, 389.8824, 328.6157, 405.0090, 304.3244, 400.7122
82 439 14.640000 304.5118, 386.3865, 329.1570, 390.6787, 326.5884, 405.4276, 301.9432, 401.1353
82 440 14.670000 302.6044, 387.2167, 327.5768, 391.2973, 325.2012, 405.8357, 300.2287, 401.7552
82 441 14.700000 300.9291, 387.9207, 326.1205, 392.2245, 323.6758, 406.5344, 298.4843, 402.2306
82 442 14.740000 298.6678, 389.0189, 324.2337, 393.3394, 321.8469, 407.4630, 296.2810, 403.1425
82 443 14.770000 296.9538, 389.9402, 322.8607, 394.0185, 320.6404, 408.1226, 294.7335, 404.0442
82 444 14.800000 295.5018, 390.6387, 321.6423, 395.0021, 319.3031, 409.0162, 293.1625, 404.6528
82 445 14.840000 293.5528, 391.6767, 320.0844, 396.0790, 317.7526, 410.1318, 291.2211, 405.7295
82 446 14.870000 292.0761, 392.5446, 318.9643, 396.6830, 316.7741, 410.9131, 289.8859, 406.7747
82 447 14.900000 290.8741, 393.2009, 318.0093, 397.6530, 315.6660, 411.9355, 288.5307, 407.4833
82 448 14.940000 289.2591, 394.2348, 316.8025, 398.7287, 314.4342, 413.2440, 286.8908, 408.7501
82 449 14.970000 288.0434, 395.1447, 315.9480, 399.3975, 313.6941, 414.1868, 285.7895, 409.9341
