58 0 0.010000 353.1136, 212.0261, 377.7277, 212.9321, 377.2450, 226.0458, 352.6309, 225.1397
58 1 0.040000 353.0934, 212.6414, 377.7089, 213.5472, 377.2271, 226.6399, 352.6117, 225.7342
58 2 0.070000 353.0484, 214.0106, 377.6670, 214.9156, 377.1874, 227.9619, 352.5688, 227.0569
58 3 0.110000 352.9498, 217.0098, 377.5752, 217.9130, 377.1005, 230.8575, 352.4750, 229.9543
58 4 0.140000 352.8469, 220.1407, 377.4795, 221.0421, 377.0096, 233.8803, 352.3771, 232.9789
58 5 0.170000 352.7192, 224.0286, 377.3605, 224.9278, 376.8969, 237.6338, 352.2555, 236.7346
58 6 0.200000 352.5665, 228.6753, 377.2184, 229.5718, 376.7620, 242.1197, 352.1102, 241.2232
58 7 0.240000 353.4786, 234.2554, 377.6543, 238.9165, 375.5176, 249.9992, 351.3418, 245.3381
58 8 0.270000 354.2973, 237.6804, 378.0649, 244.5867, 374.9068, 255.4553, 351.1392, 248.5490
58 9 0.310000 355.9782, 240.5664, 379.3994, 249.2755, 375.2505, 260.4333, 351.8292, 251.7242
58 10 0.340000 357.7254, 241.9270, 381.0425, 251.4010, 376.4443, 262.7181, 353.1271, 253.2441
58 11 0.370000 359.7362, 242.9861, 383.1600, 252.5965, 378.5167, 263.9138, 355.0929, 254.3034
58 12 0.400000 362.3017, 243.4701, 385.8116, 253.3424, 381.0044, 264.7901, 357.4946, 254.9178
58 13 0.440000 366.0453, 244.1024, 389.8949, 253.7444, 385.2564, 265.2180, 361.4067, 255.5761
58 14 0.470000 369.0113, 244.7928, 393.2623, 253.7560, 389.0742, 265.0876, 364.8231, 256.1244
58 15 0.500000 372.4438, 245.2331, 396.9789, 253.9111, 392.9941, 265.1770, 368.4591, 256.4989
58 16 0.540000 377.2492, 246.0779, 402.2901, 253.9486, 398.8062, 265.0325, 373.7654, 257.1618
58 17 0.570000 381.0192, 246.8380, 406.5360, 253.6887, 403.5864, 264.6753, 378.0696, 257.8246
58 18 0.610000 386.5124, 247.4297, 412.6346, 253.1333, 410.1763, 264.3922, 384.0541, 258.6886
58 19 0.640000 390.9286, 247.6762, 417.4585, 252.8065, 415.1941, 264.5157, 388.6643, 259.3854
58 20 0.670000 395.3355, 248.0825, 422.3617, 252.1433, 420.5314, 264.3248, 393.5052, 260.2641
58 21 0.700000 400.0911, 248.0655, 427.4883, 251.7567, 425.7892, 264.3676, 398.3921, 260.6764
58 22 0.740000 406.4338, 248.0747, 434.4026, 250.7860, 433.1257, 263.9574, 405.1569, 261.2461
58 23 0.770000 411.1283, 248.1902, 439.5672, 249.6791, 438.8633, 263.1243, 410.4244, 261.6355
58 24 0.800000 416.1092, 247.6654, 444.9120, 248.7219, 444.4060, 262.5169, 415.6032, 261.4603
58 25 0.840000 422.6676, 246.8382, 451.9532, 246.9641, 451.8926, 261.0471, 422.6071, 260.9212
58 26 0.870000 427.3499, 246.3326, 457.0109, 244.9654, 457.6651, 259.1583, 428.0041, 260.5255
58 27 0.900000 432.3901, 244.6246, 462.3380, 243.3636, 462.9499, 257.8961, 433.0020, 259.1571
58 28 0.940000 438.6224, 242.6701, 468.9677, 240.2326, 470.1502, 254.9535, 439.8048, 257.3910
58 29 0.970000 443.1877, 240.9187, 473.7711, 237.6603, 475.3478, 252.4592, 444.7644, 255.7176
58 30 1.000000 447.7830, 238.5829, 478.6277, 235.2633, 480.2466, 250.3062, 449.4019, 253.6257
58 31 1.040000 453.5660, 236.1123, 484.6816, 231.9092, 486.7223, 247.0162, 455.6066, 251.2193
58 32 1.070000 457.6962, 234.8650, 488.9365, 229.4951, 491.5101, 244.4673, 460.2698, 249.8373
58 33 1.110000 463.1413, 233.3946, 494.5191, 226.9288, 497.5767, 241.7670, 466.1989, 248.2328
58 34 1.140000 467.1265, 232.4863, 498.6046, 225.4558, 501.9035, 240.2261, 470.4253, 247.2566
58 35 1.170000 470.9274, 232.1549, 502.3947, 224.1442, 506.0917, 238.6665, 474.6243, 246.6771
58 36 1.210000 475.8126, 231.8773, 507.2903, 222.9983, 511.3188, 237.2800, 479.8410, 246.1589
58 37 1.240000 479.3036, 231.7792, 510.8356, 222.5813, 514.9724, 236.7631, 483.4404, 245.9610
58 38 1.270000 482.5824, 232.3182, 514.0004, 222.2876, 518.4243, 236.1443, 487.0063, 246.1749
58 39 1.310000 486.6855, 233.2227, 518.0070, 222.4811, 522.6442, 236.0028, 491.3228, 246.7445
58 40 1.340000 489.5373, 234.0105, 520.8706, 223.0881, 525.5334, 236.4644, 494.2001, 247.3867
58 41 1.370000 492.1865, 235.4206, 523.3505, 223.8754, 528.1750, 236.8982, 497.0110, 248.4434
58 42 1.410000 495.3985, 237.4759, 526.4615, 225.5679, 531.3282, 238.2633, 500.2652, 250.1712
58 43 1.440000 497.5481, 239.1737, 528.6296, 227.3003, 533.4210, 239.8429, 502.3395, 251.7163
58 44 1.470000 499.4870, 241.4609, 530.3919, 229.1977, 535.2272, 241.3832, 504.3222, 253.6464
58 45 1.510000 501.6409, 244.5343, 532.4578, 232.1959, 537.2056, 244.0540, 506.3887, 256.3925
58 46 1.540000 502.8577, 246.6537, 533.7727, 234.6933, 538.3216, 246.4511, 507.4065, 258.4115
58 47 1.570000 503.7699, 249.3417, 534.4164, 236.9475, 539.0025, 248.2872, 508.3559, 260.6814
58 48 1.610000 504.3789, 252.5344, 534.8635, 240.0616, 539.3814, 251.1037, 508.8968, 263.5765
58 49 1.640000 504.3569, 254.3548, 535.0894, 242.6803, 539.3144, 253.8024, 508.5819, 265.4770
58 50 1.670000 504.0806, 256.9529, 534.5417, 244.9537, 538.8911, 255.9949, 508.4300, 267.9941
58 51 1.710000 503.1194, 259.7337, 533.6914, 248.3824, 537.8138, 259.4852, 507.2418, 270.8365
58 52 1.740000 502.0432, 261.7522, 532.7592, 251.0928, 536.6348, 262.2606, 505.9188, 272.9200
58 53 1.770000 500.7340, 264.1891, 531.3925, 253.7770, 535.1888, 264.9554, 504.5303, 275.3674
58 54 1.810000 498.6053, 267.3493, 529.3539, 257.7542, 532.8618, 268.9956, 502.1132, 278.5908
58 55 1.840000 496.7629, 269.5791, 527.7047, 261.0837, 530.8149, 272.4116, 499.8731, 280.9069
58 56 1.870000 494.7568, 272.4526, 525.6674, 264.4264, 528.6147, 275.7771, 497.7041, 283.8033
58 57 1.910000 491.8456, 276.3247, 522.8118, 269.3678, 525.3753, 280.7785, 494.4091, 287.7354
58 58 1.940000 489.5369, 279.2976, 520.6056, 273.5179, 522.7394, 284.9880, 491.6707, 290.7677
58 59 1.970000 487.0999, 282.8019, 518.1248, 277.7276, 520.0045, 289.2200, 488.9795, 294.2944
58 60 2.010000 483.7058, 287.4289, 514.7104, 283.6760, 516.1057, 295.2035, 485.1011, 298.9564
58 61 2.040000 481.0749, 290.7294, 512.0398, 288.2127, 512.9782, 299.7575, 482.0133, 302.2742
58 62 2.070000 478.2585, 294.1645, 509.0665, 292.1743, 509.8238, 303.8980, 479.0159, 305.8882
58 63 2.110000 474.3954, 298.3656, 504.9516, 297.0519, 505.4690, 309.0878, 474.9129, 310.4015
58 64 2.140000 471.5323, 301.1026, 501.9251, 300.8266, 502.0354, 312.9645, 471.6425, 313.2406
58 65 2.170000 468.4771, 304.0751, 498.6304, 303.8296, 498.7317, 316.2701, 468.5784, 316.5156
58 66 2.210000 464.4759, 307.6623, 494.3330, 307.9638, 494.2048, 320.6611, 464.3477, 320.3596
58 67 2.240000 461.5737, 310.0598, 491.2205, 311.2441, 490.7095, 324.0371, 461.0627, 322.8528
58 68 2.270000 458.5020, 312.7900, 487.8888, 313.8286, 487.4249, 326.9552, 458.0381, 325.9166
58 69 2.310000 454.6129, 316.0880, 483.6756, 317.7345, 482.9165, 331.1343, 453.8538, 329.4878
58 70 2.340000 451.7829, 318.5285, 480.6151, 320.8381, 479.5296, 334.3893, 450.6974, 332.0797
58 71 2.370000 448.8391, 321.2861, 477.4726, 323.5727, 476.3657, 337.4330, 447.7322, 335.1464
58 72 2.410000 445.0847, 324.9667, 473.4440, 327.5792, 472.1345, 341.7944, 443.7751, 339.1818
58 73 2.440000 442.3998, 327.7460, 470.5592, 330.8580, 468.9625, 345.3060, 440.8031, 342.1939
58 74 2.470000 439.6380, 330.8508, 467.5847, 333.8234, 466.0081, 348.6459, 438.0613, 345.6732
58 75 2.510000 436.1473, 334.8593, 463.8056, 337.8791, 462.1397, 353.1376, 434.4814, 350.1178
58 76 2.540000 433.7440, 337.4380, 461.2287, 340.8821, 459.2825, 356.4130, 431.7978, 352.9689
58 77 2.570000 431.2241, 340.1321, 458.4894, 343.0165, 456.8140, 358.8528, 429.5488, 355.9684
58 78 2.610000 428.2242, 342.8545, 455.2551, 345.6919, 453.5637, 361.8053, 426.5328, 358.9679
58 79 2.640000 426.2642, 344.2527, 453.2004, 347.7231, 451.1280, 363.8083, 424.1918, 360.3378
58 80 2.670000 424.1312, 345.8211, 450.8763, 348.6924, 449.1342, 364.9192, 422.3891, 362.0480
58 81 2.710000 421.6304, 347.1545, 448.2117, 349.9596, 446.5048, 366.1347, 419.9235, 363.3296
58 82 2.740000 419.8996, 347.7377, 446.4009, 350.6140, 444.6533, 366.7160, 418.1520, 363.8397
58 83 2.770000 418.1046, 348.2787, 444.4567, 350.5501, 443.0655, 366.6908, 416.7134, 364.4194
58 84 2.800000 416.4986, 348.3038, 442.8021, 350.5158, 441.4539, 366.5477, 415.1503, 364.3357
58 85 2.840000 414.4099, 347.9335, 440.6206, 349.8634, 439.4529, 365.7226, 413.2421, 363.7926
58 86 2.870000 412.6665, 347.6872, 438.7065, 348.4565, 438.2399, 364.2501, 412.1999, 363.4809
58 87 2.900000 411.2400, 346.5441, 437.3124, 347.4838, 436.7533, 362.9959, 410.6809, 362.0562
58 88 2.940000 409.1888, 344.7122, 435.2570, 345.2309, 434.9533, 360.4914, 408.8851, 359.9727
58 89 2.970000 407.5015, 343.2786, 433.4666, 342.8214, 433.7322, 357.9032, 407.7671, 358.3604
58 90 3.000000 406.0951, 340.9487, 432.2183, 341.0672, 432.1516, 355.7669, 406.0284, 355.6483
58 91 3.040000 403.8796, 338.3514, 430.0001, 337.8264, 430.2888, 352.1903, 404.1683, 352.7153
58 92 3.070000 402.1494, 336.5158, 428.2266, 335.3542, 428.8582, 349.5328, 402.7810, 350.6944
58 93 3.100000 400.4722, 334.5436, 426.5980, 333.2970, 427.2618, 347.2084, 401.1360, 348.4550
58 94 3.140000 398.0899, 332.1741, 424.2165, 330.5201, 425.0768, 344.1086, 398.9501, 345.7626
58 95 3.170000 396.1665, 330.6136, 422.2310, 328.3420, 423.3959, 341.7083, 397.3314, 343.9798
58 96 3.200000 394.2750, 328.7935, 420.3951, 326.5861, 421.4995, 339.6542, 395.3794, 341.8617
58 97 3.240000 391.5389, 326.5559, 417.6531, 324.0495, 418.8727, 336.7559, 392.7585, 339.2624
58 98 3.270000 389.3192, 324.9922, 415.3655, 321.9730, 416.8097, 334.4319, 390.7634, 337.4512
58 99 3.300000 387.0946, 323.0667, 413.2000, 320.2651, 414.5032, 332.4087, 388.3979, 335.2103
58 100 3.340000 383.8788, 320.5681, 409.9818, 317.6988, 411.2731, 329.4458, 385.1701, 332.3152
58 101 3.370000 381.2599, 318.7513, 407.2975, 315.4805, 408.7401, 326.9651, 382.7026, 330.2358
58 102 3.400000 378.5943, 316.1245, 404.6851, 313.2897, 405.9328, 324.7735, 379.8420, 327.6083
58 103 3.440000 374.7672, 312.6989, 400.8386, 309.9834, 402.0677, 321.7832, 375.9963, 324.4986
58 104 3.470000 371.6642, 310.2901, 397.6616, 307.2093, 399.0851, 319.2212, 373.0876, 322.3019
58 105 3.500000 368.5921, 307.3712, 394.5956, 304.7753, 395.8280, 317.1210, 369.8246, 319.7169
58 106 3.540000 364.2476, 303.9087, 390.1985, 301.4778, 391.3865, 314.1600, 365.4356, 316.5910
58 107 3.570000 360.9008, 301.4999, 386.7987, 299.2451, 387.9220, 312.1465, 362.0241, 314.4013
58 108 3.600000 357.5670, 299.0715, 383.4208, 297.3798, 384.2809, 310.5238, 358.4271, 312.2155
58 109 3.640000 352.9836, 296.2248, 378.7319, 295.0848, 379.3251, 308.4832, 353.5768, 309.6232
58 110 3.670000 349.3594, 294.5045, 375.0270, 293.3534, 375.6330, 306.8641, 349.9653, 308.0152
58 111 3.700000 345.8400, 292.6179, 371.3970, 292.0081, 371.7229, 305.6640, 346.1659, 306.2738
58 112 3.740000 340.9526, 290.5226, 366.3620, 290.1995, 366.5368, 303.9497, 341.1275, 304.2728
58 113 3.770000 337.1436, 289.2331, 362.4553, 288.8154, 362.6824, 302.5735, 337.3706, 302.9912
58 114 3.800000 333.4975, 287.6991, 358.6567, 287.8090, 358.5965, 301.5976, 333.4373, 301.4877
58 115 3.840000 328.4698, 285.9811, 353.4452, 286.3901, 353.2199, 300.1501, 328.2445, 299.7411
58 116 3.870000 324.5730, 284.9314, 349.4375, 285.2484, 349.2629, 298.9421, 324.3984, 298.6251
58 117 3.900000 320.8758, 283.6189, 345.5551, 284.4606, 345.0898, 298.1038, 320.4105, 297.2621
58 118 3.940000 315.8028, 282.1727, 340.2735, 283.2868, 339.6577, 296.8120, 315.1870, 295.6979
58 119 3.970000 311.9036, 281.2972, 336.2541, 282.3202, 335.6905, 295.7359, 311.3400, 294.7129
58 120 4.000000 308.2285, 280.1837, 332.3739, 281.7062, 331.5341, 295.0233, 307.3888, 293.5008
58 121 4.040000 303.2267, 279.0060, 327.1515, 280.8183, 326.1536, 293.9914, 302.2289, 292.1791
58 122 4.070000 299.3994, 278.3668, 323.1992, 280.0868, 322.2560, 293.1384, 298.4561, 291.4184
58 123 4.100000 295.8121, 277.5367, 319.3926, 279.7178, 318.1972, 292.6405, 294.6168, 290.4593
58 124 4.140000 290.8877, 276.7450, 314.2973, 279.1245, 313.0019, 291.8690, 289.5922, 289.4895
58 125 4.170000 287.1037, 276.3507, 310.4832, 278.6119, 309.2627, 291.2317, 285.8832, 288.9706
58 126 4.200000 283.5278, 275.7642, 306.8213, 278.4201, 305.3982, 290.9014, 282.1047, 288.2455
58 127 4.240000 278.7579, 275.2363, 301.9766, 278.0614, 300.4792, 290.3684, 277.2605, 287.5433
58 128 4.270000 275.1717, 275.0368, 298.3721, 277.6897, 296.9773, 289.8877, 273.7769, 287.2348
58 129 4.300000 271.8272, 274.6184, 294.9386, 277.6479, 293.3581, 289.7053, 270.2467, 286.6758
58 130 4.340000 267.3745, 274.3078, 290.4445, 277.4581, 288.8202, 289.3531, 265.7502, 286.2029
58 131 4.370000 264.0454, 274.2543, 287.2026, 277.2239, 285.6900, 289.0196, 262.5328, 286.0500
58 132 4.400000 260.9882, 273.9574, 284.1708, 277.3550, 282.4649, 288.9942, 259.2823, 285.5966
58 133 4.440000 256.9546, 273.7790, 280.1924, 277.4229, 278.3970, 288.8721, 255.1593, 285.2283
58 134 4.470000 253.9668, 273.8088, 277.2733, 277.4060, 275.5259, 288.7278, 252.2194, 285.1307
58 135 4.500000 251.2739, 273.6274, 274.5529, 277.7945, 272.5639, 288.9058, 249.2849, 284.7387
58 136 4.540000 247.6675, 273.7746, 270.9818, 278.1466, 268.9379, 289.0465, 245.6236, 284.6746
58 137 4.570000 244.9845, 274.1499, 268.3730, 278.3634, 266.4285, 289.1570, 243.0400, 284.9435
58 138 4.600000 242.5495, 274.4521, 265.9247, 278.9567, 263.8548, 289.6979, 240.4796, 285.1934
58 139 4.640000 239.3407, 275.2219, 262.7583, 279.7357, 260.6952, 290.4387, 237.2777, 285.9249
58 140 4.670000 236.9598, 276.0803, 260.4605, 280.3173, 258.5318, 291.0147, 235.0312, 286.7778
58 141 4.700000 234.8431, 276.7876, 258.3274, 281.2151, 256.3016, 291.9601, 232.8173, 287.5326
58 142 4.740000 232.0508, 278.0984, 255.5802, 282.4142, 253.5875, 293.2782, 230.0581, 288.9624
58 143 4.770000 229.9738, 279.3937, 253.5822, 283.3802, 251.7321, 294.3364, 228.1238, 290.3500
58 144 4.800000 228.1208, 280.6464, 251.7176, 284.7289, 249.8047, 295.7854, 226.2079, 291.7029
58 145 4.840000 225.6483, 282.7909, 249.2913, 286.6735, 247.4531, 297.8676, 223.8100, 293.9850
58 146 4.870000 223.7935, 284.7650, 247.5102, 288.2880, 245.8321, 299.5848, 222.1154, 296.0617
58 147 4.900000 222.1137, 286.7963, 245.8308, 290.3143, 244.1383, 301.7245, 220.4213, 298.2065
58 148 4.940000 219.8613, 290.0250, 243.6250, 293.2932, 242.0357, 304.8488, 218.2721, 301.5806
58 149 4.970000 218.1719, 292.7976, 241.9970, 295.7315, 240.5614, 307.3887, 216.7364, 304.4547
58 150 5.000000 216.6450, 295.5548, 240.4682, 298.4852, 239.0218, 310.2440, 215.1986, 307.3135
58 151 5.040000 214.6790, 299.2478, 238.5074, 302.0456, 237.1049, 313.9913, 213.2765, 311.1935
58 152 5.070000 213.2260, 301.9642, 237.0910, 304.4682, 235.8226, 316.5575, 211.9575, 314.0535
58 153 5.100000 212.1386, 304.1137, 235.8749, 307.1181, 234.3237, 319.3734, 210.5874, 316.3691
58 154 5.140000 210.5929, 307.1145, 234.2734, 310.1716, 232.6706, 322.5864, 208.9901, 319.5292
58 155 5.170000 209.3715, 309.4552, 233.0965, 312.1511, 231.6748, 324.6627, 207.9498, 321.9667
58 156 5.200000 208.4803, 311.3656, 232.0924, 314.3638, 230.4880, 326.9990, 206.8759, 324.0008
58 157 5.240000 207.1732, 314.1387, 230.7633, 316.9627, 229.2343, 329.7345, 205.6443, 326.9105
58 158 5.270000 206.1465, 316.3512, 229.7831, 318.7505, 228.4791, 331.5962, 204.8426, 329.1969
58 159 5.300000 205.4004, 318.2549, 228.9464, 320.8103, 227.5414, 333.7561, 203.9954, 331.2008
58 160 5.340000 204.3036, 321.0682, 227.8231, 323.3965, 226.5305, 336.4530, 203.0111, 334.1247
58 161 5.370000 203.4093, 323.3964, 226.9693, 325.2659, 225.9278, 338.3913, 202.3678, 336.5218
58 162 5.400000 202.7497, 325.5229, 226.2299, 327.4579, 225.1399, 340.6854, 201.6597, 338.7504
58 163 5.440000 201.7583, 328.7028, 225.2086, 330.3587, 224.2659, 343.7084, 200.8156, 342.0525
58 164 5.470000 200.9480, 331.3059, 224.4169, 332.5344, 223.7138, 345.9660, 200.2449, 344.7375
58 165 5.500000 200.3152, 333.7009, 223.7130, 334.9210, 223.0063, 348.4736, 199.6085, 347.2535
58 166 5.540000 199.4295, 336.8232, 222.7726, 337.8923, 222.1484, 351.5226, 198.8052, 350.4535
58 167 5.570000 198.6672, 339.0770, 222.0237, 339.7423, 221.6345, 353.4030, 198.2780, 352.7376
58 168 5.600000 198.2907, 340.5911, 221.4728, 341.8097, 220.7508, 355.5436, 197.5687, 354.3250
58 169 5.640000 197.5262, 342.6684, 220.6226, 343.8889, 219.8942, 357.6729, 196.7978, 356.4525
58 170 5.670000 196.8424, 344.1858, 219.9501, 345.0992, 219.4063, 358.8556, 196.2986, 357.9421
58 171 5.700000 196.4372, 345.1930, 219.4122, 346.4284, 218.6725, 360.1853, 195.6975, 358.9499
58 172 5.740000 195.7525, 346.5161, 218.6476, 347.7630, 217.9000, 361.4892, 195.0049, 360.2424
58 173 5.770000 195.1072, 347.5511, 218.0237, 348.4309, 217.4992, 362.0916, 194.5828, 361.2117
58 174 5.800000 194.7572, 348.0915, 217.5469, 349.2844, 216.8338, 362.9083, 194.0440, 361.7154
58 175 5.840000 194.1341, 348.8680, 216.8511, 350.0262, 216.1613, 363.5558, 193.4443, 362.3977
58 176 5.870000 193.5226, 349.5284, 216.2717, 350.2524, 215.8441, 363.6891, 193.0950, 362.9652
58 177 5.900000 193.2036, 349.7099, 215.8369, 350.6914, 215.2573, 364.0563, 192.6240, 363.0748
58 178 5.940000 192.5881, 350.0572, 215.1757, 350.8585, 214.7062, 364.0913, 192.1187, 363.2899
58 179 5.970000 191.9820, 350.4130, 214.6066, 350.6696, 214.4581, 363.7605, 191.8335, 363.5039
58 180 6.000000 191.6295, 350.3016, 214.1696, 350.6802, 213.9517, 363.6531, 191.4116, 363.2744
58 181 6.040000 190.9774, 350.2210, 213.4886, 350.3049, 213.4409, 363.0821, 190.9298, 362.9982
58 182 6.070000 190.3933, 350.1370, 212.9132, 349.7656, 213.1217, 362.4037, 190.6017, 362.7751
58 183 6.100000 190.0543, 349.5079, 212.4841, 349.4575, 212.5123, 362.0161, 190.0826, 362.0665
58 184 6.140000 189.4442, 348.6686, 211.8067, 348.6770, 211.8020, 361.1214, 189.4395, 361.1130
58 185 6.170000 188.8690, 348.0435, 211.2237, 347.8151, 211.3498, 360.1507, 188.9950, 360.3792
58 186 6.200000 188.5385, 346.8710, 210.7860, 347.1695, 210.6213, 359.4435, 188.3738, 359.1450
58 187 6.240000 187.9138, 345.3652, 210.0919, 345.8548, 209.8237, 358.0010, 187.6456, 357.5114
58 188 6.270000 187.3012, 344.2869, 209.4881, 344.4920, 209.3770, 356.5091, 187.1901, 356.3040
58 189 6.300000 186.9255, 342.6660, 209.0305, 343.2803, 208.6992, 355.2017, 186.5942, 354.5875
58 190 6.340000 186.2538, 340.5034, 208.3278, 341.1220, 207.9986, 352.8705, 185.9245, 352.2519
58 191 6.370000 185.6065, 338.8933, 207.7200, 339.0390, 207.6437, 350.6166, 185.5302, 350.4709
58 192 6.400000 185.2028, 336.6519, 207.2683, 337.0654, 207.0539, 348.5051, 184.9884, 348.0916
58 193 6.440000 184.4750, 333.6085, 206.5509, 333.7733, 206.4673, 344.9701, 184.3913, 344.8052
58 194 6.470000 183.7892, 331.3170, 205.9025, 330.8092, 206.1542, 341.7699, 184.0409, 342.2777
58 195 6.500000 183.3052, 328.4129, 205.4049, 328.0264, 205.5936, 338.8126, 183.4938, 339.1991
58 196 6.540000 182.5369, 324.6401, 204.6351, 324.1345, 204.8764, 334.6793, 182.7782, 335.1850
58 197 6.570000 181.9180, 321.8943, 204.0144, 321.2757, 204.3049, 331.6515, 182.2085, 332.2701
58 198 6.600000 181.4143, 318.8898, 203.4930, 318.7534, 203.5565, 329.0363, 181.4778, 329.1727
58 199 6.640000 180.6437, 315.1229, 202.7047, 315.3622, 202.5945, 325.5120, 180.5336, 325.2726
58 200 6.670000 179.9828, 312.4844, 202.0416, 312.7293, 201.9301, 322.7711, 179.8713, 322.5262
58 201 6.700000 179.4620, 309.5326, 201.4875, 310.3507, 201.1161, 320.3485, 179.0906, 319.5304
58 202 6.740000 178.6910, 305.7582, 200.6848, 306.9713, 200.1372, 316.8979, 178.1435, 315.6848
58 203 6.770000 178.0560, 303.0305, 200.0484, 304.2307, 199.5101, 314.0947, 177.5177, 312.8945
58 204 6.800000 177.6331, 299.8586, 199.5608, 301.6992, 198.7330, 311.5611, 176.8053, 309.7205
58 205 6.840000 177.0406, 295.6635, 198.9086, 297.9489, 197.8796, 307.7941, 176.0117, 305.5088
58 206 6.870000 176.5627, 292.5378, 198.4313, 294.7719, 197.4277, 304.5961, 175.5590, 302.3620
58 207 6.900000 176.3869, 288.8262, 198.1505, 291.7358, 196.8332, 301.5897, 175.0695, 298.6801
58 208 6.940000 176.1368, 283.8450, 197.8337, 287.0772, 196.3623, 296.9541, 174.6655, 293.7219
58 209 6.970000 175.9287, 280.1053, 197.6518, 283.1261, 196.2772, 293.0110, 174.5541, 289.9902
58 210 7.000000 176.1247, 275.7576, 197.7004, 279.4981, 195.9786, 289.4296, 174.4029, 285.6891
58 211 7.040000 176.2619, 270.5025, 197.7679, 274.4898, 195.9266, 284.4210, 174.4206, 280.4337
58 212 7.070000 176.2887, 267.0491, 197.8246, 270.8518, 196.0788, 280.7386, 174.5430, 276.9359
58 213 7.100000 176.4630, 263.7063, 197.9621, 267.6216, 196.1695, 277.4652, 174.6704, 273.5500
58 214 7.140000 176.6851, 259.7532, 198.1839, 263.5810, 196.4456, 273.3443, 174.9468, 269.5165
58 215 7.170000 176.8454, 257.1375, 198.3802, 260.7037, 196.7768, 270.3861, 175.2420, 266.8199
58 216 7.200000 177.1852, 254.4953, 198.6801, 258.1780, 197.0331, 267.7912, 175.5382, 264.1085
58 217 7.240000 177.6331, 251.3481, 199.1266, 254.9034, 197.5559, 264.3995, 176.0623, 260.8443
58 218 7.270000 177.9597, 249.2575, 199.4913, 252.4653, 198.0924, 261.8550, 176.5608, 258.6472
58 219 7.300000 178.4790, 247.0238, 199.9742, 250.3181, 198.5485, 259.6208, 177.0533, 256.3264
58 220 7.340000 179.1663, 244.2671, 200.6644, 247.3355, 199.3484, 256.5558, 177.8503, 253.4874
58 221 7.370000 179.6722, 242.3115, 201.2064, 244.8995, 200.0973, 254.1276, 178.5631, 251.5395
58 222 7.400000 180.3772, 240.1377, 201.8773, 242.7952, 200.7370, 252.0202, 179.2370, 249.3627
58 223 7.440000 181.2924, 237.3777, 202.7852, 239.7592, 201.7452, 249.1453, 180.2524, 246.7639
58 224 7.470000 181.9616, 235.4050, 203.4628, 237.3303, 202.6072, 246.8856, 181.1059, 244.9603
58 225 7.500000 182.8354, 233.1699, 204.2966, 235.3352, 203.3256, 244.9591, 181.8644, 242.7938
58 226 7.540000 183.8440, 230.7466, 205.2957, 232.5325, 204.4808, 242.3202, 183.0291, 240.5343
58 227 7.570000 184.5352, 229.3376, 205.9769, 230.5496, 205.4162, 240.4688, 183.9745, 239.2569
58 228 7.600000 185.3007, 228.0460, 206.7177, 229.0158, 206.2667, 238.9756, 184.8497, 238.0057
58 229 7.640000 186.2580, 226.7867, 207.6314, 227.2392, 207.4199, 237.2345, 186.0464, 236.7820
58 230 7.670000 186.9258, 226.1679, 208.2500, 226.0953, 208.2841, 236.0991, 186.9599, 236.1717
58 231 7.700000 187.6373, 225.6046, 208.9280, 225.3489, 209.0475, 235.2959, 187.7567, 235.5516
58 232 7.740000 188.4899, 225.2424, 209.7208, 224.5467, 210.0442, 234.4132, 188.8132, 235.1089
58 233 7.770000 189.0422, 225.2700, 210.2158, 224.0580, 210.7768, 233.8573, 189.6031, 235.0693
58 234 7.800000 189.6126, 225.2941, 210.7726, 223.9658, 211.3800, 233.6413, 190.2199, 234.9696
58 235 7.840000 190.2328, 225.7200, 211.3664, 224.0050, 212.1381, 233.5144, 191.0045, 235.2293
58 236 7.870000 190.5920, 226.3321, 211.6872, 224.1516, 212.6574, 233.5383, 191.5622, 235.7188
58 237 7.900000 190.9390, 226.9700, 212.0434, 224.6748, 213.0459, 233.8919, 191.9415, 236.1871
58 238 7.940000 191.2382, 228.2251, 212.3306, 225.5289, 213.4803, 234.5232, 192.3879, 237.2194
58 239 7.970000 191.3352, 229.4439, 212.3980, 226.2737, 213.7427, 235.2078, 192.6799, 238.3780
58 240 8.000000 191.3772, 230.5798, 212.4710, 227.2978, 213.8608, 236.2299, 192.7669, 239.5119
58 241 8.040000 191.1780, 231.8955, 212.3040, 228.3791, 213.8271, 237.5292, 192.7010, 241.0456
58 242 8.070000 190.8094, 232.9696, 211.9093, 228.9616, 213.6597, 238.1762, 192.5597, 242.1842
58 243 8.100000 190.3200, 233.6630, 211.4776, 229.6048, 213.2684, 238.9409, 192.1108, 242.9992
58 244 8.140000 189.3729, 234.4725, 210.5859, 230.2381, 212.4722, 239.6878, 191.2592, 243.9223
58 245 8.170000 188.3953, 235.2282, 209.5828, 230.4383, 211.7061, 239.8306, 190.5186, 244.6204
58 246 8.200000 187.3219, 235.3116, 208.6587, 230.8823, 210.6377, 240.4154, 189.3010, 244.8448
58 247 8.240000 185.5538, 235.5126, 207.0314, 231.1996, 208.9560, 240.7836, 187.4784, 245.0966
58 248 8.270000 183.9737, 235.7206, 205.5204, 231.2247, 207.5116, 240.7676, 185.9650, 245.2635
58 249 8.300000 182.3034, 235.2929, 204.0665, 231.4559, 205.7803, 241.1760, 184.0172, 245.0130
58 250 8.340000 179.7528, 234.8803, 201.7316, 231.4541, 203.2592, 241.2537, 181.2804, 244.6798
58 251 8.370000 177.6238, 234.5780, 199.7452, 231.2778, 201.2060, 241.0696, 179.0846, 244.3698
58 252 8.400000 175.4398, 233.7948, 197.7708, 231.2398, 198.9052, 241.1547, 176.5742, 243.7096
58 253 8.440000 172.2983, 232.7364, 194.8699, 230.9567, 195.6599, 240.9759, 173.0882, 242.7555
58 254 8.470000 169.7489, 232.0527, 192.4844, 230.5144, 193.1616, 240.5234, 170.4261, 242.0617
58 255 8.500000 167.2813, 230.7770, 190.1870, 230.3149, 190.3927, 240.5114, 167.4870, 240.9735
58 256 8.540000 163.8162, 229.3190, 186.9045, 229.8489, 186.6681, 240.1496, 163.5797, 239.6197
58 257 8.570000 161.1037, 228.3741, 184.3310, 229.3836, 183.8829, 239.6941, 160.6556, 238.6846
58 258 8.600000 158.5240, 227.1188, 181.8115, 229.1329, 180.9148, 239.5012, 157.6273, 237.4871
58 259 8.640000 154.9989, 225.6033, 178.3772, 228.5937, 177.0466, 238.9965, 153.6683, 236.0062
58 260 8.670000 152.2856, 224.6151, 175.7735, 228.0218, 174.2711, 238.3800, 150.7832, 234.9733
58 261 8.700000 149.8310, 223.2302, 173.2849, 227.6490, 171.3245, 238.0543, 147.8706, 233.6355
58 262 8.740000 146.4984, 221.6134, 169.9869, 226.8723, 167.6692, 237.2241, 144.1807, 231.9652
58 263 8.770000 143.9846, 220.5131, 167.5774, 226.0860, 165.1531, 236.3491, 141.5603, 230.7762
58 264 8.800000 141.8079, 219.0363, 165.3230, 225.4717, 162.5222, 235.7059, 139.0071, 229.2705
58 265 8.840000 138.9768, 217.1703, 162.4746, 224.3932, 159.3634, 234.5147, 135.8656, 227.2919
58 266 8.870000 136.8193, 215.9661, 160.4751, 223.2640, 157.3983, 233.2373, 133.7425, 225.9394
58 267 8.900000 135.1836, 214.2224, 158.7065, 222.4122, 155.2633, 232.3018, 131.7404, 224.1119
58 268 8.940000 133.0170, 212.0974, 156.6239, 220.8339, 153.0218, 230.5672, 129.4149, 221.8308
58 269 8.970000 131.4036, 210.6905, 155.2836, 219.3364, 151.8220, 228.8972, 127.9420, 220.2513
58 270 9.000000 130.3829, 208.7905, 154.1740, 218.1721, 150.4343, 227.6558, 126.6431, 218.2742
58 271 9.040000 129.1074, 206.6229, 152.9356, 216.5836, 149.0304, 225.9257, 125.2022, 215.9649
58 272 9.070000 128.1686, 205.3911, 152.1663, 215.4487, 148.3105, 224.6487, 124.3128, 214.5911
58 273 9.100000 127.5671, 204.1505, 151.5484, 214.6832, 147.5569, 223.7711, 123.5756, 213.2384
58 274 9.140000 126.8314, 203.0181, 150.9646, 213.7854, 146.9904, 222.6930, 122.8572, 211.9257
58 275 9.170000 126.4480, 202.3092, 150.8324, 212.9439, 146.9211, 221.9121, 122.5367, 211.2774
58 276 9.200000 126.4253, 201.6463, 150.8299, 212.6245, 146.7487, 221.6969, 122.3442, 210.7187
58 277 9.240000 126.4945, 201.1899, 151.1771, 212.0677, 146.9870, 221.5755, 122.3044, 210.6977
58 278 9.270000 126.7020, 201.1292, 151.6581, 211.7497, 147.4534, 221.6298, 122.4973, 211.0093
58 279 9.300000 127.1925, 201.1913, 152.3040, 211.7751, 148.0209, 221.9373, 122.9094, 211.3535
58 280 9.340000 128.0887, 201.6290, 153.4510, 212.0369, 149.1083, 222.6191, 123.7461, 212.2113
58 281 9.370000 128.7896, 202.3708, 154.5118, 212.1180, 150.2988, 223.2357, 124.5767, 213.4885
58 282 9.400000 129.8724, 203.1767, 155.7175, 212.8742, 151.4439, 224.2640, 125.5988, 214.5665
58 283 9.440000 131.3348, 204.8809, 157.5198, 213.8582, 153.4185, 225.8210, 127.2334, 216.8437
58 284 9.470000 132.5391, 206.5344, 159.0043, 214.7461, 155.1373, 227.2089, 128.6721, 218.9972
58 285 9.500000 134.0157, 208.2951, 160.6485, 216.0331, 156.9231, 228.8554, 130.2902, 221.1174
58 286 9.540000 136.2526, 210.7716, 163.1120, 217.6221, 159.7135, 230.9470, 132.8541, 224.0965
58 287 9.570000 138.1096, 212.6136, 165.1404, 218.3567, 162.1900, 232.2433, 135.1592, 226.5002
58 288 9.600000 140.5494, 213.9187, 167.5800, 219.7467, 164.5665, 233.7237, 137.5359, 227.8957
58 289 9.640000 143.9836, 215.6374, 171.0470, 220.9980, 168.2331, 235.2042, 141.1696, 229.8435
58 290 9.670000 146.6774, 216.9398, 173.7585, 221.4727, 171.3379, 235.9339, 144.2568, 231.4009
58 291 9.700000 149.7696, 217.8222, 176.8140, 222.2869, 174.4242, 236.7625, 147.3799, 232.2979
58 292 9.740000 153.9289, 219.1047, 180.9121, 222.6189, 178.9989, 237.3090, 152.0157, 233.7948
58 293 9.770000 157.1036, 220.1074, 183.9665, 222.4136, 182.6849, 237.3423, 155.8220, 235.0362
58 294 9.800000 160.6108, 220.6319, 187.3715, 222.6281, 186.2586, 237.5474, 159.4979, 235.5512
58 295 9.840000 165.2605, 221.4248, 191.7756, 222.3147, 191.2729, 237.2936, 164.7577, 236.4037
58 296 9.870000 168.7582, 221.9881, 194.9839, 221.7617, 195.1138, 236.8111, 168.8881, 237.0375
58 297 9.900000 172.4177, 222.1310, 198.4497, 221.4998, 198.8125, 236.4615, 172.7805, 237.0926
58 298 9.940000 177.2124, 222.2855, 202.8684, 220.7728, 203.7445, 235.6321, 178.0885, 237.1449
58 299 9.970000 180.6824, 222.5039, 205.8861, 219.8603, 207.4368, 234.6441, 182.2330, 237.2877
58 300 10.000000 184.2419, 222.1593, 209.2606, 219.3946, 210.8769, 234.0210, 185.8582, 236.7856
58 301 10.040000 188.7395, 221.9405, 213.2919, 218.3815, 215.3878, 232.8404, 190.8353, 236.3993
58 302 10.070000 191.9490, 221.9027, 216.0361, 217.5054, 218.6451, 231.7969, 194.5580, 236.1942
58 303 10.100000 195.1139, 221.4794, 219.0077, 216.9900, 221.6542, 231.0760, 197.7604, 235.5653
58 304 10.140000 199.0151, 221.1272, 222.4497, 216.0115, 225.4572, 229.7883, 202.0225, 234.9040
58 305 10.170000 201.7033, 220.9065, 224.6881, 215.1172, 228.0978, 228.6543, 205.1131, 234.4437
58 306 10.200000 204.2428, 220.2689, 227.0744, 214.4634, 230.4623, 227.7875, 207.6307, 233.5929
58 307 10.240000 207.2451, 219.4412, 229.7454, 213.3402, 233.2786, 226.3708, 210.7783, 232.4717
58 308 10.270000 209.1826, 218.8680, 231.3058, 212.2582, 235.1307, 225.0604, 213.0075, 231.6701
58 309 10.300000 210.9246, 217.7523, 233.0516, 211.4343, 236.6623, 224.0796, 214.5353, 230.3976
58 310 10.340000 212.7930, 216.2757, 234.7674, 209.9765, 238.3345, 222.4203, 216.3601, 228.7194
58 311 10.370000 213.8568, 215.1241, 235.6316, 208.6318, 239.2975, 220.9267, 217.5227, 227.4191
58 312 10.400000 214.7099, 213.4245, 236.6260, 207.4824, 239.9327, 219.6786, 218.0167, 225.6207
58 313 10.440000 215.3899, 211.1587, 237.3085, 205.4965, 240.4205, 217.5429, 218.5018, 223.2052
58 314 10.470000 215.5638, 209.4809, 237.3556, 203.6641, 240.5440, 215.6087, 218.7521, 221.4255
58 315 10.500000 215.5598, 207.4606, 237.4434, 202.0150, 240.4042, 213.9132, 218.5206, 219.3589
58 316 10.540000 215.2874, 205.0867, 237.2486, 200.0075, 239.9820, 211.8262, 218.0208, 216.9054
58 317 10.570000 214.9534, 203.5968, 237.0193, 198.9031, 239.5206, 210.6625, 217.4548, 215.3562
58 318 10.600000 214.5503, 202.2958, 236.7997, 198.2490, 238.9257, 209.9384, 216.6764, 213.9851
58 319 10.640000 213.8490, 201.1341, 236.2774, 197.7845, 238.0032, 209.3401, 215.5748, 212.6897
58 320 10.670000 213.1828, 200.7197, 235.6847, 197.6478, 237.2474, 209.0944, 214.7454, 212.1663
58 321 10.700000 212.4860, 200.4266, 235.1207, 197.9400, 236.3636, 209.2528, 213.7289, 211.7395
58 322 10.740000 211.3969, 200.5739, 234.1437, 198.5839, 235.1184, 209.7250, 212.3716, 211.7150
58 323 10.770000 210.4688, 201.0714, 233.2674, 199.2606, 234.1429, 210.2827, 211.3442, 212.0936
58 324 10.800000 209.5381, 201.6834, 232.4282, 200.3619, 233.0557, 211.2309, 210.1656, 212.5524
58 325 10.840000 208.1693, 203.0357, 231.1413, 202.1046, 231.5743, 212.7861, 208.6022, 213.7172
58 326 10.870000 207.0539, 204.4628, 230.0711, 203.6434, 230.4468, 214.1981, 207.4296, 215.0175
58 327 10.900000 205.9506, 206.0771, 229.0304, 205.6330, 229.2303, 216.0228, 206.1506, 216.4670
58 328 10.940000 204.3758, 208.8382, 227.5206, 208.6542, 227.6016, 218.8402, 204.4568, 219.0242
58 329 10.970000 203.1252, 211.3367, 226.3143, 211.1995, 226.3737, 221.2457, 203.1846, 221.3829
58 330 11.000000 201.8890, 213.9632, 225.1273, 214.0927, 225.0722, 223.9672, 201.8340, 223.8378
58 331 11.040000 200.1596, 217.5663, 223.4586, 217.8761, 223.3289, 227.6310, 200.0299, 227.3213
58 332 11.070000 198.7784, 220.2189, 222.1169, 220.3818, 222.0489, 230.1286, 198.7104, 229.9658
58 333 11.100000 197.4946, 222.5236, 220.8644, 223.1010, 220.6238, 232.8365, 197.2541, 232.2591
58 334 11.140000 195.5995, 225.6494, 219.0352, 226.0888, 218.8524, 235.8375, 195.4168, 235.3981
58 335 11.170000 194.1233, 227.9713, 217.5995, 228.1389, 217.5298, 237.8954, 194.0536, 237.7277
58 336 11.200000 192.7429, 229.8903, 216.2638, 230.3694, 216.0630, 240.2327, 192.5420, 239.7537
58 337 11.240000 190.8009, 232.6098, 214.3734, 233.1571, 214.1427, 243.0908, 190.5703, 242.5435
58 338 11.270000 189.2464, 234.8073, 212.8743, 235.0955, 212.7528, 245.0585, 189.1249, 244.7703
58 339 11.300000 187.8128, 236.6533, 211.4728, 237.3030, 211.1956, 247.3963, 187.5356, 246.7466
58 340 11.340000 185.8037, 239.3550, 209.5135, 240.1752, 209.1598, 250.3985, 185.4500, 249.5783
58 341 11.370000 184.2249, 241.5790, 207.9844, 242.3093, 207.6677, 252.6119, 183.9082, 251.8815
58 342 11.400000 182.7809, 243.5594, 206.5469, 244.7774, 206.0100, 255.2547, 182.2440, 254.0368
58 343 11.440000 180.7840, 246.5316, 204.5661, 248.1339, 203.8452, 258.8328, 180.0632, 257.2306
58 344 11.470000 179.2652, 248.9487, 203.0624, 250.7530, 202.2380, 261.6267, 178.4408, 259.8224
58 345 11.500000 177.9211, 251.1490, 201.6490, 253.6526, 200.4756, 264.7732, 176.7478, 262.2696
58 346 11.540000 176.1454, 254.1205, 199.7787, 257.3413, 198.2354, 268.6657, 174.6021, 265.4450
58 347 11.570000 174.6028, 256.5928, 198.3371, 259.5347, 196.9266, 270.9141, 173.1923, 267.9721
58 348 11.600000 173.4276, 258.4182, 197.0852, 261.8891, 195.3970, 273.3961, 171.7393, 269.9252
58 349 11.640000 171.7834, 260.8847, 195.4644, 264.5258, 193.6819, 276.1189, 170.0009, 272.4778
58 350 11.670000 170.4890, 262.7873, 194.2876, 266.1576, 192.6461, 277.7483, 168.8475, 274.3780
58 351 11.700000 169.6256, 264.0607, 193.3158, 268.0860, 191.3386, 279.7225, 167.6484, 275.6972
58 352 11.740000 168.3469, 265.9763, 192.0610, 270.1807, 190.0031, 281.7875, 166.2890, 277.5831
58 353 11.770000 167.4599, 267.3419, 191.2276, 271.6039, 189.1518, 283.1800, 165.3841, 278.9181
58 354 11.800000 166.9229, 268.2879, 190.5715, 273.2349, 188.1487, 284.8170, 164.5000, 279.8699
58 355 11.840000 166.1473, 269.7539, 189.8078, 275.0361, 187.2306, 286.5797, 163.5702, 281.2975
58 356 11.870000 165.5551, 270.9930, 189.3351, 276.1738, 186.8377, 287.6370, 163.0577, 282.4562
58 357 11.900000 165.3910, 271.8082, 189.0645, 277.6024, 186.2697, 289.0208, 162.5962, 283.2265
58 358 11.940000 165.2306, 273.0636, 188.8675, 279.3199, 185.8803, 290.6059, 162.2434, 284.3496
58 359 11.970000 165.1347, 274.1541, 188.8611, 280.4139, 185.9099, 291.5998, 162.1835, 285.3400
58 360 12.000000 165.3646, 275.0313, 189.0394, 281.6700, 185.9313, 292.7539, 162.2566, 286.1151
58 361 12.040000 165.8611, 276.2193, 189.5294, 283.1748, 186.3047, 294.1478, 162.6364, 287.1923
58 362 12.070000 166.1457, 277.4317, 190.0469, 283.9409, 187.0999, 294.7621, 163.1987, 288.2530
58 363 12.100000 167.0508, 278.0498, 190.8271, 285.0911, 187.6394, 295.8551, 163.8631, 288.8139
58 364 12.140000 168.1071, 279.3567, 192.0691, 286.0648, 189.0864, 296.7194, 165.1243, 290.0113
58 365 12.170000 169.0739, 280.3438, 193.2032, 286.7142, 190.4134, 297.2814, 166.2840, 290.9110
58 366 12.200000 170.3669, 281.1124, 194.5313, 287.4780, 191.7585, 298.0039, 167.5941, 291.6382
58 367 12.240000 172.2107, 282.2953, 196.5261, 288.3374, 193.9380, 298.7530, 169.6226, 292.7109
58 368 12.270000 173.5648, 283.4908, 198.1391, 288.7092, 195.9560, 298.9898, 171.3817, 293.7714
58 369 12.300000 175.3381, 284.2668, 199.9578, 289.3940, 197.8264, 299.6285, 173.2066, 294.5012
58 370 12.340000 177.7122, 285.6014, 202.5120, 290.0520, 200.6880, 300.2159, 175.8882, 295.7654
58 371 12.370000 179.5290, 286.7789, 204.5074, 290.3895, 203.0480, 300.4860, 178.0695, 296.8754
58 372 12.400000 181.6305, 287.6406, 206.6585, 291.0283, 205.2883, 301.1507, 180.2604, 297.7629
58 373 12.440000 184.3805, 289.1052, 209.5490, 291.5924, 208.5434, 301.7686, 183.3749, 299.2814
58 374 12.470000 186.4285, 290.4254, 211.7039, 291.9256, 211.0916, 302.2416, 185.8161, 300.7413
58 375 12.500000 188.6250, 291.6224, 213.9404, 292.5739, 213.5502, 302.9566, 188.2348, 302.0051
58 376 12.540000 191.5516, 293.2214, 216.8929, 293.2861, 216.8661, 303.7544, 191.5249, 303.6897
58 377 12.570000 193.7138, 294.3381, 219.0485, 293.5856, 219.3628, 304.1643, 194.0281, 304.9169
58 378 12.600000 196.0099, 295.0065, 221.3337, 294.1863, 221.6751, 304.7256, 196.3513, 305.5458
58 379 12.640000 198.9175, 295.8496, 224.2031, 294.4949, 224.7687, 305.0517, 199.4831, 306.4064
58 380 12.670000 200.9541, 296.4760, 226.1672, 294.2952, 227.0873, 304.9335, 201.8743, 307.1144
58 381 12.700000 203.0813, 296.5622, 228.2756, 294.4381, 229.1667, 305.0063, 203.9723, 307.1304
58 382 12.740000 205.6591, 296.7236, 230.7590, 293.9964, 231.9031, 304.5265, 206.8032, 307.2538
58 383 12.770000 207.4100, 296.8044, 232.3701, 293.2450, 233.8741, 303.7916, 208.9140, 307.3510
58 384 12.800000 209.1574, 296.3538, 234.0708, 292.7347, 235.5910, 303.1995, 210.6775, 306.8186
58 385 12.840000 211.1375, 295.8232, 235.8385, 291.3047, 237.7479, 301.7429, 213.0470, 306.2614
58 386 12.870000 212.3940, 295.3181, 236.8434, 289.8644, 239.1674, 300.2831, 214.7180, 305.7368
58 387 12.900000 213.5952, 294.0619, 238.0262, 288.8299, 240.2305, 299.1229, 215.7995, 304.3548
58 388 12.940000 214.7835, 292.3031, 239.0621, 286.8031, 241.3666, 296.9756, 217.0880, 302.4757
58 389 12.970000 215.3898, 290.8425, 239.4917, 284.9298, 241.9709, 295.0357, 217.8691, 300.9484
58 390 13.000000 215.8474, 288.9458, 239.9333, 283.2580, 242.3034, 293.2945, 218.2175, 298.9823
58 391 13.040000 216.1936, 286.5890, 240.2451, 281.1657, 242.5092, 291.2067, 218.4577, 296.6300
58 392 13.070000 216.3092, 285.0611, 240.3671, 279.9411, 242.5100, 290.0099, 218.4520, 295.1299
58 393 13.100000 216.3501, 283.5523, 240.4980, 279.1587, 242.3505, 289.3406, 218.2027, 293.7342
58 394 13.140000 216.1993, 281.8625, 240.4129, 278.2560, 241.9793, 288.7726, 217.7657, 292.3791
58 395 13.170000 215.9526, 280.9976, 240.1820, 277.7794, 241.6093, 288.5264, 217.3800, 291.7445
58 396 13.200000 215.6892, 280.1377, 239.9609, 277.6877, 241.0773, 288.7482, 216.8057, 291.1982
58 397 13.240000 215.1824, 279.5175, 239.4795, 277.8095, 240.2839, 289.2531, 215.9869, 290.9610
58 398 13.270000 214.6838, 279.4386, 239.0038, 278.0918, 239.6522, 289.8006, 215.3323, 291.1475
58 399 13.300000 214.2296, 279.3886, 238.5560, 278.7693, 238.8623, 290.7986, 214.5359, 291.4179
58 400 13.340000 213.5181, 279.8567, 237.8313, 279.9624, 237.7773, 292.3872, 213.4641, 292.2815
58 401 13.370000 212.8912, 280.6429, 237.2043, 281.0774, 236.9773, 293.7792, 212.6642, 293.3447
58 402 13.400000 212.3761, 281.5093, 236.6243, 282.6523, 236.0106, 295.6717, 211.7624, 294.5287
58 403 13.440000 211.6019, 283.3009, 235.7712, 285.1295, 234.7564, 298.5422, 210.5871, 296.7136
58 404 13.470000 210.9803, 285.0844, 235.0979, 287.3055, 233.8368, 300.9984, 209.7192, 298.7773
58 405 13.500000 210.4929, 286.9902, 234.4715, 289.8724, 232.7919, 303.8459, 208.8133, 300.9637
58 406 13.540000 209.8222, 289.8100, 233.6490, 293.3387, 231.5298, 307.6479, 207.7030, 304.1192
58 407 13.570000 209.2263, 292.0555, 233.0648, 295.7137, 230.8228, 310.3242, 206.9842, 306.6660
58 408 13.600000 209.0360, 293.9635, 232.6336, 298.3562, 229.8614, 313.2490, 206.2637, 308.8563
58 409 13.640000 208.5852, 296.8376, 232.1122, 301.5585, 229.0615, 316.7617, 205.5345, 312.0408
58 410 13.670000 208.0914, 299.2363, 231.7779, 303.7432, 228.8447, 319.1591, 205.1582, 314.6523
58 411 13.700000 208.0256, 301.3794, 231.6073, 306.2454, 228.3902, 321.8360, 204.8086, 316.9700
58 412 13.740000 207.9046, 304.4661, 231.4920, 309.5030, 228.1194, 325.2964, 204.5320, 320.2596
58 413 13.770000 207.8255, 306.9283, 231.5041, 311.9321, 228.1338, 327.8807, 204.4552, 322.8769
58 414 13.800000 208.1766, 309.2290, 231.6713, 314.7195, 227.9192, 330.7755, 204.4245, 325.2850
58 415 13.840000 208.4662, 312.7301, 232.0011, 318.3351, 228.1391, 334.5516, 204.6041, 328.9466
58 416 13.870000 208.5832, 315.6863, 232.3353, 321.0525, 228.6438, 337.3919, 204.8917, 332.0257
58 417 13.900000 209.0752, 318.6228, 232.8069, 324.1763, 228.9631, 340.6016, 205.2314, 335.0481
58 418 13.940000 209.5598, 323.1039, 233.5269, 328.4477, 229.8375, 344.9947, 205.8704, 339.6509
58 419 13.970000 209.8415, 326.8664, 234.1360, 331.7751, 230.7734, 348.4173, 206.4789, 343.5086
58 420 14.000000 210.4387, 330.6039, 234.8794, 335.4222, 231.5793, 352.1624, 207.1385, 347.3441
58 421 14.040000 211.2782, 335.6135, 236.0483, 340.0881, 233.0081, 356.9176, 208.2380, 352.4430
58 422 14.070000 211.8364, 339.3814, 237.0186, 343.1780, 234.4865, 359.9726, 209.3043, 356.1760
58 423 14.100000 212.9565, 342.5458, 238.2174, 346.4066, 235.6606, 363.1355, 210.3997, 359.2747
58 424 14.140000 214.4218, 346.6392, 239.9343, 350.1945, 237.6208, 366.7958, 212.1083, 363.2405
58 425 14.170000 215.4722, 349.6489, 241.2969, 352.6346, 239.3881, 369.1443, 213.5635, 366.1586
58 426 14.200000 216.9322, 352.1729, 242.8362, 355.1586, 240.9398, 371.6120, 215.0358, 368.6264
58 427 14.240000 218.8867, 355.4254, 244.9942, 358.1785, 243.2715, 374.5150, 217.1640, 371.7619
58 428 14.270000 220.1176, 358.0954, 246.5810, 359.9637, 245.4395, 376.1311, 218.9762, 374.2627
58 429 14.300000 221.8935, 360.0426, 248.4298, 362.1093, 247.1782, 378.1798, 220.6419, 376.1131
58 430 14.340000 224.0298, 362.8423, 250.8426, 364.4140, 249.9083, 380.3525, 223.0956, 378.7808
58 431 14.370000 225.4981, 365.1128, 252.6156, 365.8338, 252.1970, 381.5795, 225.0794, 380.8584
58 432 14.400000 227.4231, 366.7046, 254.6160, 367.6359, 254.0797, 383.2932, 226.8868, 382.3619
58 433 14.440000 229.7240, 369.1846, 257.1659, 369.6070, 256.9286, 385.0253, 229.4867, 384.6029
58 434 14.470000 231.3903, 371.1037, 259.0385, 370.8983, 259.1519, 386.1561, 231.5037, 386.3615
58 435 14.500000 233.3337, 372.5415, 261.0697, 372.4927, 261.0964, 387.6875, 233.3605, 387.7363
58 436 14.540000 235.7625, 374.6813, 263.6768, 374.3741, 263.8427, 389.4466, 235.9284, 389.7538
58 437 14.570000 237.4404, 376.5028, 265.5323, 375.5737, 266.0260, 390.4989, 237.9341, 391.4280
58 438 14.600000 239.3348, 377.8647, 267.5241, 377.0549, 267.9512, 391.9225, 239.7619, 392.7323
58 439 14.640000 241.6701, 379.8765, 270.0361, 378.7361, 270.6289, 393.4811, 242.2630, 394.6216
58 440 14.670000 243.2708, 381.5382, 271.7847, 379.7399, 272.7071, 394.3657, 244.1933, 396.1640
58 441 14.700000 245.0696, 382.6194, 273.6823, 381.0420, 274.4890, 395.6758, 245.8763, 397.2532
58 442 14.740000 247.2551, 384.2045, 276.0210, 382.4403, 276.9177, 397.0614, 248.1518, 398.8256
58 443 14.770000 248.7206, 385.5330, 277.6081, 383.2139, 278.7786, 397.7935, 249.8910, 400.1126
58 444 14.800000 250.3556, 386.2520, 279.3413, 384.2960, 280.3311, 398.9634, 251.3453, 400.9194
58 445 14.840000 252.2807, 387.4078, 281.4077, 385.3582, 282.4456, 400.1072, 253.3186, 402.1569
58 446 14.870000 253.5414, 388.4018, 282.7795, 385.8940, 284.0475, 400.6777, 254.8095, 403.1855
58 447 14.900000 254.9423, 388.8269, 284.2762, 386.7205, 285.3487, 401.6563, 256.0148, 403.7626
58 448 14.940000 256.5499, 389.5958, 286.0191, 387.4753, 287.1043, 402.5564, 257.6351, 404.6770
58 449 14.970000 257.5509, 390.3423, 287.1283, 387.7768, 288.4416, 402.9188, 258.8642, 405.4842
