30 0 0.010000 437.6807, 323.5131, 488.9226, 323.6254, 488.8683, 348.4243, 437.6264, 348.3120
30 1 0.040000 436.8512, 323.8784, 487.2768, 319.5578, 489.6638, 347.4175, 439.2383, 351.7381
30 2 0.070000 436.0887, 323.3654, 485.6528, 316.0297, 490.0119, 345.4824, 440.4478, 352.8180
30 3 0.110000 434.8572, 321.0830, 483.3102, 311.1003, 489.5516, 341.3940, 441.0987, 351.3768
30 4 0.140000 433.5857, 318.5185, 481.2791, 307.0778, 488.5711, 337.4763, 440.8777, 348.9170
30 5 0.170000 432.1999, 315.2769, 479.7991, 303.9241, 486.8716, 333.5774, 439.2724, 344.9301
30 6 0.200000 430.4088, 312.2428, 477.6498, 300.4416, 484.8822, 329.3933, 437.6412, 341.1945
30 7 0.240000 427.5753, 308.7555, 474.3631, 296.3171, 481.7486, 324.0979, 434.9608, 336.5364
30 8 0.270000 425.2311, 306.2816, 472.0712, 294.2360, 479.0045, 321.1963, 432.1644, 333.2420
30 9 0.310000 421.7150, 304.1110, 468.6304, 292.4274, 475.0850, 318.3457, 428.1695, 330.0293
30 10 0.340000 418.8433, 303.3653, 465.8081, 291.9444, 471.9345, 317.1373, 424.9697, 328.5582
30 11 0.370000 415.8563, 303.1188, 463.0779, 292.6208, 468.5325, 317.1565, 421.3109, 327.6545
30 12 0.400000 412.6663, 303.8524, 459.9984, 293.9871, 464.9895, 317.9340, 417.6575, 327.7993
30 13 0.440000 408.2022, 305.8650, 455.7694, 297.3466, 459.9373, 320.6205, 412.3701, 329.1389
30 14 0.470000 404.6870, 308.0747, 452.4509, 300.8875, 455.8943, 323.7713, 408.1304, 330.9586
30 15 0.500000 400.9411, 311.0016, 448.7793, 304.8303, 451.6951, 327.4329, 403.8569, 333.6043
30 16 0.540000 395.6835, 315.3203, 443.6046, 310.8039, 445.6964, 332.9997, 397.7754, 337.5160
30 17 0.570000 391.6063, 318.5445, 439.5561, 315.7203, 440.8392, 337.5039, 392.8894, 340.3282
30 18 0.610000 385.8303, 322.5028, 433.6420, 321.4159, 434.1381, 343.2396, 386.3264, 344.3265
30 19 0.640000 381.2874, 325.5929, 428.8989, 325.3329, 429.0185, 347.2339, 381.4070, 347.4939
30 20 0.670000 376.8931, 328.1438, 424.2526, 329.5773, 423.5865, 351.5823, 376.2270, 350.1487
30 21 0.700000 372.0841, 331.4612, 419.1541, 332.9930, 418.4284, 355.2934, 371.3584, 353.7616
30 22 0.740000 365.8178, 335.4535, 412.4460, 337.7507, 411.3364, 360.2745, 364.7082, 357.9774
30 23 0.770000 361.4463, 337.8010, 407.6304, 341.7130, 405.7106, 364.3771, 359.5266, 360.4651
30 24 0.800000 356.6148, 340.9457, 402.4508, 344.7255, 400.5863, 367.3357, 354.7502, 363.5558
30 25 0.840000 350.1540, 344.5434, 395.8122, 349.0601, 393.5945, 371.4780, 347.9363, 366.9612
30 26 0.870000 345.6200, 346.7378, 391.1057, 352.7445, 388.1894, 374.8285, 342.7037, 368.8218
30 27 0.900000 340.7632, 349.5688, 386.2000, 355.5048, 383.3148, 377.5897, 337.8780, 371.6537
30 28 0.940000 334.8793, 352.6913, 380.0986, 359.6814, 376.6947, 381.7019, 331.4754, 374.7119
30 29 0.970000 330.9099, 354.6384, 375.8274, 363.1332, 371.6880, 385.0211, 326.7704, 376.5263
30 30 1.000000 326.7855, 356.8863, 371.5825, 365.5131, 367.3336, 387.5770, 322.5365, 378.9503
30 31 1.040000 322.0371, 358.8990, 366.5437, 368.3559, 361.7220, 391.0480, 317.2154, 381.5911
30 32 1.070000 319.1663, 359.7885, 363.2914, 370.5826, 357.6253, 393.7451, 313.5002, 382.9510
30 33 1.110000 315.4020, 361.2557, 359.2688, 372.4582, 353.1586, 396.3846, 309.2919, 385.1821
30 34 1.140000 312.7220, 362.4413, 356.5452, 373.2513, 350.4842, 397.8222, 306.6610, 387.0122
30 35 1.170000 310.8662, 362.9719, 354.4233, 374.4678, 347.8013, 399.5581, 304.2442, 388.0622
30 36 1.210000 308.5843, 363.8309, 351.9744, 375.3390, 345.0964, 401.2718, 301.7063, 389.7637
30 37 1.240000 306.8887, 364.7042, 350.3979, 375.4307, 343.8342, 402.0546, 300.3250, 391.3280
30 38 1.270000 306.0485, 365.0130, 349.2440, 376.0001, 342.3367, 403.1560, 299.1412, 392.1689
30 39 1.310000 305.1368, 365.6132, 348.1800, 376.3920, 341.2087, 404.2303, 298.1655, 393.4514
30 40 1.340000 304.3481, 366.3387, 347.4746, 376.0827, 341.0268, 404.6202, 297.9003, 394.8763
30 41 1.370000 304.7140, 366.3512, 347.5713, 376.7106, 340.5700, 405.6749, 297.7128, 395.3154
30 42 1.410000 304.9346, 366.8670, 347.7085, 376.7674, 340.8277, 406.4955, 298.0537, 396.5951
30 43 1.440000 305.2707, 367.3604, 348.0302, 376.6790, 341.4267, 406.9802, 298.6671, 397.6616
30 44 1.470000 306.3471, 367.5191, 348.9066, 377.1328, 341.9734, 407.8255, 299.4139, 398.2117
30 45 1.510000 307.9382, 367.8942, 350.3222, 377.4603, 343.2609, 408.7466, 300.8769, 399.1805
30 46 1.540000 308.9813, 368.4185, 351.3953, 377.2778, 344.7571, 409.0582, 302.3431, 400.1989
30 47 1.570000 311.0622, 368.4810, 353.2174, 377.9458, 346.0651, 409.8018, 303.9098, 400.3370
30 48 1.610000 313.4338, 368.7301, 355.7897, 378.3248, 348.5530, 410.2709, 306.1972, 400.6762
30 49 1.640000 315.1516, 369.0400, 357.7996, 378.1233, 350.9606, 410.2335, 308.3127, 401.1502
30 50 1.670000 317.5665, 368.7445, 360.6421, 378.7974, 353.2170, 410.6132, 310.1414, 400.5602
30 51 1.710000 320.8064, 368.6635, 364.4312, 378.8077, 357.0729, 410.4516, 313.4481, 400.3075
30 52 1.740000 323.3085, 368.8492, 367.3076, 378.1782, 360.6100, 409.7666, 316.6109, 400.4376
30 53 1.770000 326.4559, 368.4502, 370.9434, 378.2497, 364.0750, 409.4307, 319.5875, 399.6312
30 54 1.810000 330.7775, 368.1646, 375.8671, 377.4616, 369.5196, 408.2464, 324.4299, 398.9494
30 55 1.840000 334.1156, 368.1075, 379.6320, 376.1981, 374.1899, 406.8149, 328.6735, 398.7243
30 56 1.870000 338.0864, 367.4286, 384.1128, 375.6759, 378.7291, 405.7215, 332.7026, 397.4742
30 57 1.910000 343.4935, 366.6886, 390.1579, 374.1438, 385.4529, 403.5940, 338.7885, 396.1388
30 58 1.940000 347.6232, 366.2899, 394.7337, 372.4195, 390.9482, 401.5137, 343.8378, 395.3842
30 59 1.970000 352.3632, 365.2049, 399.9944, 371.6036, 396.1820, 399.9828, 348.5508, 393.5840
30 60 2.010000 358.7112, 364.1136, 407.0109, 369.9506, 403.6768, 397.5396, 355.3771, 391.7026
30 61 2.040000 363.4745, 363.6286, 412.3024, 368.3743, 409.6558, 395.6049, 360.8279, 390.8592
30 62 2.070000 368.5647, 362.9644, 417.9627, 367.4862, 415.5182, 394.1912, 366.1202, 389.6694
30 63 2.110000 375.3867, 362.4608, 425.5210, 366.2285, 423.5502, 392.4520, 373.4160, 388.6843
30 64 2.140000 380.3991, 362.6342, 431.0518, 364.9679, 429.8523, 391.0025, 379.1996, 388.6688
30 65 2.170000 385.8247, 362.2814, 437.0958, 364.8375, 435.8208, 390.4125, 384.5497, 387.8564
30 66 2.210000 392.8914, 362.3723, 444.8923, 364.0768, 444.0624, 389.3925, 392.0616, 387.6879
30 67 2.240000 398.1566, 362.6771, 450.6419, 363.3553, 450.3158, 388.5920, 397.8305, 387.9138
30 68 2.270000 403.6586, 362.5450, 456.7321, 363.4334, 456.3141, 388.4057, 403.2405, 387.5173
30 69 2.310000 410.8297, 362.7227, 464.5730, 363.0449, 464.4238, 387.9427, 410.6804, 387.6205
30 70 2.340000 416.0566, 363.1587, 470.1896, 362.3150, 470.5799, 387.3584, 416.4469, 388.2022
30 71 2.370000 421.4770, 363.0653, 476.1380, 362.4346, 476.4260, 387.3940, 421.7650, 388.0248
30 72 2.410000 428.4193, 363.3645, 483.5784, 361.8043, 484.2916, 387.0203, 429.1326, 388.5806
30 73 2.440000 433.4336, 363.8099, 488.8119, 360.8767, 490.1688, 386.4940, 434.7904, 389.4272
30 74 2.470000 438.5476, 363.7154, 494.3176, 360.7104, 495.7075, 386.5051, 439.9375, 389.5102
30 75 2.510000 445.0425, 363.7893, 501.1225, 359.8222, 502.9847, 386.1465, 446.9046, 390.1136
30 76 2.540000 449.6337, 364.0567, 505.7222, 358.5828, 508.3439, 385.4460, 452.2554, 390.9199
30 77 2.570000 454.2829, 363.5618, 510.7495, 358.3114, 513.2626, 385.3397, 456.7960, 390.5900
30 78 2.610000 460.0546, 363.1082, 516.7631, 357.1958, 519.6188, 384.5861, 462.9103, 390.4985
30 79 2.640000 464.0360, 362.9557, 520.6554, 355.6879, 524.2271, 383.5131, 467.6077, 390.7809
30 80 2.670000 468.0194, 361.9810, 525.0218, 355.1627, 528.3582, 383.0558, 471.3558, 389.8741
30 81 2.710000 472.8162, 360.9545, 529.9435, 353.4996, 533.6267, 381.7237, 476.4993, 389.1786
30 82 2.740000 476.0074, 360.4473, 532.8684, 351.4715, 537.3893, 380.1110, 480.5282, 389.0868
30 83 2.770000 479.1045, 359.2282, 536.1453, 350.2164, 540.6877, 378.9682, 483.6469, 387.9800
30 84 2.800000 481.7477, 358.4824, 538.4468, 347.9380, 543.8622, 377.0576, 487.1631, 387.6020
30 85 2.840000 484.9559, 356.6783, 541.6844, 345.5788, 547.4186, 374.8856, 490.6901, 385.9851
30 86 2.870000 487.0970, 354.7106, 544.1733, 344.2034, 549.5588, 373.4578, 492.4826, 383.9651
30 87 2.900000 488.7377, 353.2403, 545.6023, 341.7819, 551.5309, 371.2036, 494.6663, 382.6621
30 88 2.940000 490.5636, 350.4968, 547.5745, 339.0849, 553.4556, 368.4656, 496.4447, 379.8775
30 89 2.970000 491.6889, 347.9592, 549.1067, 337.5179, 554.4034, 366.6452, 496.9856, 377.0865
30 90 3.000000 492.3251, 346.0856, 549.5678, 334.9809, 555.2167, 364.1000, 497.9740, 375.2046
30 91 3.040000 492.9724, 343.2107, 550.4789, 332.7922, 555.6990, 361.6053, 498.1925, 372.0238
30 92 3.070000 493.2859, 341.0206, 551.2933, 332.0665, 555.6839, 360.5096, 497.6764, 369.4637
30 93 3.100000 493.2702, 339.6392, 551.3353, 330.9062, 555.5947, 359.2269, 497.5296, 367.9598
30 94 3.140000 493.0569, 338.0042, 551.4080, 330.3642, 555.0759, 358.3777, 496.7248, 366.0177
30 95 3.170000 492.7750, 336.9424, 551.4510, 330.6865, 554.4005, 358.3510, 495.7245, 364.6069
30 96 3.200000 492.2024, 336.6255, 550.8938, 330.6228, 553.7125, 358.1824, 495.0210, 364.1850
30 97 3.240000 491.3220, 336.4160, 550.1967, 331.5061, 552.4672, 358.7308, 493.5925, 363.6408
30 98 3.270000 490.6087, 336.4060, 549.7198, 332.9427, 551.2902, 359.7463, 492.1791, 363.2097
30 99 3.300000 489.6227, 337.1689, 548.7178, 333.9277, 550.1817, 360.6177, 491.0866, 363.8589
30 100 3.340000 488.2798, 338.4414, 547.4807, 336.2893, 548.4383, 362.6315, 489.2374, 364.7836
30 101 3.370000 487.2768, 339.6255, 546.6218, 338.8904, 546.9427, 364.7979, 487.5977, 365.5330
30 102 3.400000 486.0415, 341.6017, 545.3692, 341.1449, 545.5678, 366.9307, 486.2401, 367.3875
30 103 3.440000 484.4588, 344.5284, 543.8580, 345.3349, 543.5135, 370.7089, 484.1143, 369.9024
30 104 3.470000 483.3282, 346.9206, 542.8062, 349.2423, 541.8346, 374.1335, 482.3566, 371.8118
30 105 3.500000 482.0191, 349.8385, 541.4832, 352.6455, 540.3159, 377.3731, 480.8519, 374.5661
30 106 3.540000 480.3547, 353.4955, 539.8168, 357.3403, 538.2462, 381.6299, 478.7841, 377.7850
30 107 3.570000 479.2460, 355.7383, 538.6776, 360.8317, 536.6386, 384.6240, 477.2070, 379.5307
30 108 3.600000 477.7439, 358.4458, 537.0807, 362.2129, 535.5491, 386.3382, 476.2123, 382.5711
30 109 3.640000 476.1868, 360.7693, 535.3971, 364.8074, 533.7656, 388.7301, 474.5553, 384.6919
30 110 3.670000 475.1985, 361.8217, 534.3026, 366.7253, 532.3444, 390.3284, 473.2403, 385.4248
30 111 3.700000 473.9302, 363.1341, 532.8595, 366.9678, 531.3042, 390.8742, 472.3749, 387.0405
30 112 3.740000 472.5872, 363.7784, 531.2864, 367.7401, 529.6762, 391.5977, 470.9770, 387.6360
30 113 3.770000 471.8357, 363.4665, 530.3531, 368.6028, 528.2902, 392.1055, 469.7728, 386.9693
30 114 3.800000 470.8159, 363.3999, 529.1055, 367.8539, 527.2918, 391.5893, 469.0023, 387.1352
30 115 3.840000 469.8878, 362.1364, 527.8591, 367.4260, 525.7134, 390.9413, 467.7422, 385.6517
30 116 3.870000 469.5967, 360.2452, 527.2514, 367.6378, 524.3151, 390.5374, 466.6605, 383.1448
30 117 3.900000 469.0478, 358.6587, 526.4100, 366.0632, 523.4465, 389.0218, 466.0842, 381.6172
30 118 3.940000 468.7434, 355.7196, 525.6407, 363.9469, 522.3470, 386.7250, 465.4497, 378.4978
30 119 3.970000 468.9175, 352.8909, 525.3671, 362.5928, 521.5254, 384.9455, 465.0758, 375.2437
30 120 4.000000 468.8136, 350.6066, 524.9934, 359.5896, 521.3731, 382.2307, 465.1933, 373.2477
30 121 4.040000 469.1028, 347.3647, 524.8633, 356.2711, 521.2396, 378.9586, 465.4791, 370.0522
30 122 4.070000 469.5016, 345.1284, 524.9547, 354.1015, 521.2856, 376.7761, 465.8325, 367.8030
30 123 4.100000 469.7292, 343.5796, 524.9930, 351.3006, 521.7686, 374.3794, 466.5048, 366.6584
30 124 4.140000 470.3852, 341.6041, 525.3424, 348.5418, 522.3936, 371.9007, 467.4364, 364.9630
30 125 4.170000 471.1019, 340.2136, 525.8219, 347.1293, 522.8653, 370.5235, 468.1453, 363.6078
30 126 4.200000 471.6761, 339.4162, 526.2100, 345.2400, 523.6748, 368.9799, 469.1408, 363.1561
30 127 4.240000 472.7069, 338.4404, 526.9779, 343.5232, 524.7311, 367.5131, 470.4601, 362.4303
30 128 4.270000 473.7071, 337.6805, 527.7979, 342.9777, 525.4516, 366.9360, 471.3608, 361.6389
30 129 4.300000 474.4963, 337.5818, 528.4049, 341.7453, 526.5262, 366.0694, 472.6177, 361.9059
30 130 4.340000 475.8130, 337.4317, 529.5090, 341.0737, 527.8473, 365.5727, 474.1513, 361.9307
30 131 4.370000 476.9534, 337.3600, 530.5255, 341.1772, 528.7828, 365.6353, 475.2107, 361.8181
30 132 4.400000 477.8992, 337.8958, 531.3092, 340.7178, 530.0019, 365.4596, 476.5919, 362.6376
30 133 4.440000 479.3465, 338.6432, 532.5918, 340.9367, 531.5208, 365.8026, 478.2754, 363.5091
30 134 4.470000 480.5493, 339.2266, 533.7281, 341.6795, 532.5854, 366.4520, 479.4067, 363.9991
30 135 4.500000 481.5377, 340.3845, 534.5654, 341.7841, 533.9059, 366.7702, 480.8782, 365.3706
30 136 4.540000 483.0162, 341.7318, 535.9008, 342.5657, 535.5055, 367.6357, 482.6208, 366.8018
30 137 4.570000 484.2651, 342.4678, 537.1268, 343.7075, 536.5418, 368.6510, 483.6801, 367.4112
30 138 4.600000 485.2455, 343.7357, 537.9072, 343.8786, 537.8386, 369.1448, 485.1770, 369.0019
30 139 4.640000 486.6980, 345.1057, 539.2079, 344.8196, 539.3463, 370.2257, 486.8365, 370.5119
30 140 4.670000 487.8528, 345.9666, 540.3298, 345.9467, 540.3394, 371.3004, 487.8625, 371.3203
30 141 4.700000 488.7398, 347.3388, 541.0091, 346.2880, 541.5247, 371.9367, 489.2554, 372.9874
30 142 4.740000 489.9914, 348.9865, 542.0819, 347.3550, 542.8912, 373.1924, 490.8006, 374.8239
30 143 4.770000 490.9693, 350.1089, 543.0185, 348.6315, 543.7517, 374.4611, 491.7025, 375.9385
30 144 4.800000 491.6573, 351.8158, 543.4549, 349.1648, 544.7942, 375.3348, 492.9966, 377.9857
30 145 4.840000 492.6174, 353.9808, 544.1951, 350.6555, 545.8964, 377.0438, 494.3187, 380.3691
30 146 4.870000 493.3304, 355.5775, 544.8424, 352.2972, 546.5260, 378.7349, 495.0140, 382.0152
30 147 4.900000 493.7640, 357.7863, 544.9561, 353.3784, 547.2613, 380.1500, 496.0692, 384.5579
30 148 4.940000 494.2993, 360.7550, 545.1830, 355.5599, 547.9460, 382.6225, 497.0623, 387.8176
30 149 4.970000 494.6403, 362.9881, 545.4039, 357.7029, 548.2348, 384.8943, 497.4712, 390.1794
30 150 5.000000 494.6862, 365.7681, 545.0106, 359.2921, 548.5541, 386.8288, 498.2297, 393.3048
30 151 5.040000 494.5732, 369.2967, 544.3963, 361.7402, 548.6181, 389.5761, 498.7950, 397.1326
30 152 5.070000 494.3739, 371.5379, 544.0531, 363.9689, 548.2998, 391.8417, 498.6206, 399.4108
30 153 5.100000 493.7654, 374.2887, 542.7602, 365.2330, 547.9539, 393.3333, 498.9592, 402.3890
30 154 5.140000 492.7268, 377.3629, 541.1443, 367.4273, 546.9286, 395.6153, 498.5112, 405.5509
30 155 5.170000 491.7508, 379.1936, 540.0769, 369.4994, 545.7183, 397.6221, 497.3922, 407.3163
30 156 5.200000 490.3680, 381.4600, 538.1091, 370.8588, 544.3649, 399.0310, 496.6238, 409.6322
30 157 5.240000 488.2292, 383.9041, 535.6654, 373.2857, 541.9528, 401.3742, 494.5166, 411.9925
30 158 5.270000 486.3901, 385.3636, 533.9216, 375.5245, 539.7056, 403.4667, 492.1741, 413.3057
30 159 5.300000 484.1457, 387.2994, 531.2866, 377.1194, 537.3181, 405.0498, 490.1773, 415.2298
30 160 5.340000 480.8520, 389.4999, 527.8512, 379.8042, 533.5922, 407.6333, 486.5930, 417.3289
30 161 5.370000 478.1775, 390.8951, 525.3547, 382.2509, 530.4298, 409.9493, 483.2526, 418.5935
30 162 5.400000 475.1335, 392.8240, 522.0295, 384.1543, 527.1500, 411.8523, 480.2540, 420.5220
30 163 5.440000 470.8570, 395.1165, 517.7242, 387.3342, 522.3109, 414.9566, 475.4437, 422.7389
30 164 5.470000 467.5118, 396.6339, 514.5738, 390.1892, 518.3370, 417.6698, 471.2750, 424.1145
30 165 5.500000 463.8365, 398.5844, 510.7097, 392.4694, 514.2990, 419.9822, 467.4258, 426.0972
30 166 5.540000 458.7211, 400.8514, 505.4730, 395.6172, 508.5457, 423.0621, 461.7937, 428.2963
30 167 5.570000 454.7873, 402.0690, 501.6138, 398.1157, 503.9184, 425.4135, 457.0919, 429.3668
30 168 5.600000 450.5156, 403.6268, 497.0317, 399.6972, 499.3392, 427.0126, 452.8231, 430.9422
30 169 5.640000 444.7964, 404.9591, 491.2036, 402.1434, 492.8498, 429.2747, 446.4426, 432.0904
30 170 5.670000 440.5469, 405.4175, 487.0748, 404.3266, 487.7025, 431.0983, 441.1746, 432.1892
30 171 5.700000 435.9931, 406.2612, 482.2550, 405.4335, 482.7330, 432.1501, 436.4710, 432.9778
30 172 5.740000 430.0446, 406.7590, 476.1552, 407.2842, 475.8543, 433.6995, 429.7437, 433.1742
30 173 5.770000 425.7016, 406.7287, 471.7522, 408.8422, 470.5551, 434.9258, 424.5045, 432.8123
30 174 5.800000 421.1480, 407.0447, 466.9259, 409.4978, 465.5330, 435.4901, 419.7552, 433.0370
30 175 5.840000 415.3562, 406.9265, 460.8777, 410.7370, 458.7302, 436.3925, 413.2086, 432.5820
30 176 5.870000 411.3245, 406.3963, 456.7011, 412.1535, 453.5175, 437.2460, 408.1409, 431.4888
30 177 5.900000 407.0791, 406.3031, 452.1660, 412.3981, 448.7862, 437.3998, 403.6992, 431.3048
30 178 5.940000 401.8671, 405.7119, 446.5963, 413.1395, 442.5055, 437.7746, 397.7763, 430.3471
30 179 5.970000 398.3128, 404.9858, 442.7391, 413.9132, 437.8719, 438.1344, 393.4456, 429.2070
30 180 6.000000 394.6854, 404.5892, 438.8259, 413.8500, 433.7659, 437.9680, 389.6254, 428.7072
30 181 6.040000 390.4034, 403.7099, 434.1383, 414.0763, 428.5010, 437.8596, 384.7661, 427.4932
30 182 6.070000 387.6918, 402.7239, 431.0561, 414.5262, 424.6904, 437.9152, 381.3261, 426.1129
30 183 6.100000 384.8788, 402.1301, 428.0146, 413.8832, 421.6200, 437.3522, 378.4843, 425.5991
30 184 6.140000 381.9185, 400.8469, 424.6602, 413.5349, 417.7556, 436.7945, 375.0139, 424.1065
30 185 6.170000 380.4187, 399.4395, 422.7080, 413.8363, 414.9589, 436.5986, 372.6696, 422.2018
30 186 6.200000 378.7998, 398.4735, 420.9088, 412.8564, 413.0970, 435.7270, 370.9880, 421.3442
30 187 6.240000 377.4151, 396.9058, 419.2296, 411.7525, 411.1308, 434.5622, 369.3162, 419.7155
30 188 6.270000 377.0075, 395.4908, 418.5346, 411.1441, 410.0227, 433.7257, 368.4956, 418.0724
30 189 6.300000 376.5142, 394.4892, 418.0895, 409.3102, 409.9057, 432.2672, 368.3304, 417.4463
30 190 6.340000 376.7292, 392.7985, 418.2679, 407.2445, 410.2106, 430.4127, 368.6719, 415.9667
30 191 6.370000 377.4613, 391.3379, 418.9547, 405.8744, 410.8390, 429.0404, 369.3455, 414.5040
30 192 6.400000 378.1408, 390.1969, 419.8574, 403.4387, 412.3469, 427.0995, 370.6303, 413.8576
30 193 6.440000 379.8088, 388.3867, 421.7543, 400.4969, 414.8109, 424.5465, 372.8654, 412.4364
30 194 6.470000 381.6788, 386.7152, 423.7231, 398.7668, 416.8358, 422.7944, 374.7916, 410.7428
30 195 6.500000 383.4179, 385.5217, 425.7206, 396.0593, 419.6326, 420.4994, 377.3299, 409.9617
30 196 6.540000 386.3442, 383.8053, 428.9095, 393.0646, 423.5270, 417.8078, 380.9618, 408.5485
30 197 6.570000 388.8488, 382.5867, 431.5908, 391.1031, 426.6240, 416.0306, 383.8819, 407.5142
30 198 6.600000 391.2771, 381.8150, 434.1988, 388.6107, 430.1705, 414.0536, 387.2488, 407.2579
30 199 6.640000 394.9727, 380.6827, 438.0778, 385.9766, 434.8965, 411.8800, 391.7914, 406.5861
30 200 6.670000 398.0477, 379.7065, 441.3141, 384.5089, 438.4201, 410.5823, 395.1536, 405.7799
30 201 6.700000 401.0193, 379.1335, 444.3504, 382.5541, 442.2651, 408.9698, 398.9341, 405.5492
30 202 6.740000 405.2520, 378.1978, 448.6834, 380.3471, 447.3600, 407.0885, 403.9287, 404.9392
30 203 6.770000 408.6665, 377.1898, 452.2907, 379.1876, 451.0625, 406.0054, 407.4383, 404.0076
30 204 6.800000 411.8350, 376.6862, 455.3951, 377.1411, 455.1111, 404.3393, 411.5510, 403.8845
30 205 6.840000 416.3358, 375.5260, 459.9916, 375.0858, 460.2678, 402.4831, 416.6121, 402.9232
30 206 6.870000 419.8468, 374.2977, 463.7267, 373.8791, 463.9883, 401.2993, 420.1084, 401.7180
30 207 6.900000 423.1168, 373.4733, 466.9214, 371.8706, 467.9322, 399.4989, 424.1276, 401.1016
30 208 6.940000 427.5734, 371.9306, 471.4421, 369.5092, 472.9732, 397.2483, 429.1045, 399.6697
30 209 6.970000 430.9873, 370.3598, 475.1093, 368.0642, 476.5521, 395.7947, 432.4301, 398.0903
30 210 7.000000 434.1444, 369.2547, 478.1663, 365.9244, 480.2752, 393.8007, 436.2533, 397.1310
30 211 7.040000 438.3809, 367.6123, 482.5188, 363.7131, 484.9879, 391.6625, 440.8499, 395.5617
30 212 7.070000 441.5105, 366.5035, 485.8372, 362.4531, 488.3917, 390.4080, 444.0650, 394.4584
30 213 7.100000 444.4258, 366.0074, 488.6394, 360.9486, 491.8458, 388.9719, 447.6322, 394.0308
30 214 7.140000 448.2529, 365.4386, 492.5323, 359.6595, 496.1905, 387.6883, 451.9111, 393.4675
30 215 7.170000 451.0485, 365.0921, 495.5328, 359.1833, 499.2502, 387.1699, 454.7660, 393.0787
30 216 7.200000 453.5935, 365.3699, 497.9197, 358.4250, 502.3071, 386.4278, 457.9809, 393.3727
30 217 7.240000 456.8923, 365.6566, 501.3712, 358.2705, 506.0101, 386.2062, 461.5312, 393.5923
30 218 7.270000 459.2478, 365.8856, 504.0604, 358.6891, 508.5328, 386.5391, 463.7202, 393.7355
30 219 7.300000 461.3476, 366.6808, 506.1678, 358.9147, 510.9865, 386.7244, 466.1662, 394.4905
30 220 7.340000 463.9732, 367.7952, 509.0941, 359.9704, 513.8964, 387.6625, 468.7755, 395.4873
30 221 7.370000 465.8129, 368.6718, 511.3724, 361.3497, 515.8039, 388.9230, 470.2443, 396.2451
30 222 7.400000 467.3481, 370.1920, 513.0814, 362.5292, 517.6926, 390.0495, 471.9593, 397.7123
30 223 7.440000 469.2066, 372.3378, 515.4435, 364.8847, 519.8631, 392.3029, 473.6262, 399.7559
30 224 7.470000 470.4635, 374.0151, 517.2697, 367.2463, 521.2150, 394.5285, 474.4089, 401.2973
30 225 7.500000 471.4300, 376.2088, 518.5005, 369.3120, 522.4902, 396.5423, 475.4198, 403.4391
30 226 7.540000 472.4451, 378.9230, 520.0039, 372.2613, 523.8004, 399.3654, 476.2417, 406.0271
30 227 7.570000 473.0002, 380.5352, 521.0577, 374.5106, 524.4446, 401.5277, 476.3871, 407.5523
30 228 7.600000 473.1515, 382.4614, 521.2448, 375.7766, 525.0159, 402.9071, 476.9225, 409.5919
30 229 7.640000 473.1097, 384.2362, 521.5747, 377.6957, 525.2427, 404.8752, 476.7777, 411.4157
30 230 7.670000 472.9213, 384.9032, 521.9408, 379.3997, 524.9867, 406.5293, 475.9672, 412.0328
30 231 7.700000 472.3083, 385.9410, 521.4003, 380.0353, 524.6844, 407.3349, 475.5924, 413.2406
30 232 7.740000 471.2988, 386.4953, 520.8281, 381.2198, 523.7437, 408.5942, 474.2144, 413.8696
30 233 7.770000 470.4283, 386.2728, 520.5119, 382.3813, 522.6332, 409.6831, 472.5497, 413.5746
30 234 7.800000 469.1617, 386.3961, 519.3864, 382.4744, 521.5292, 409.9172, 471.3045, 413.8389
30 235 7.840000 467.3589, 385.7599, 518.0028, 382.8104, 519.6032, 410.2890, 468.9593, 413.2384
30 236 7.870000 465.9812, 384.6310, 517.0973, 383.2973, 517.8103, 410.6255, 466.6942, 411.9592
30 237 7.900000 464.2143, 383.8862, 515.4227, 382.5021, 516.1650, 409.9627, 464.9566, 411.3469
30 238 7.940000 461.8894, 382.0381, 513.4094, 381.6674, 513.6065, 409.0619, 462.0865, 409.4326
30 239 7.970000 460.2152, 380.0318, 512.0536, 381.2263, 511.4275, 408.4006, 459.5891, 407.2061
30 240 8.000000 458.1553, 378.5707, 510.0202, 379.4601, 509.5519, 406.7654, 457.6870, 405.8761
30 241 8.040000 455.6617, 376.0019, 507.7756, 378.1298, 506.6695, 405.2209, 454.5556, 403.0930
30 242 8.070000 453.9397, 373.9472, 506.2838, 377.8071, 504.3175, 404.4717, 451.9735, 400.6118
30 243 8.100000 451.9144, 372.6243, 504.3612, 376.6650, 502.3150, 403.2240, 449.8682, 399.1833
30 244 8.140000 449.4705, 370.7239, 502.1081, 376.0179, 499.4817, 402.1319, 446.8441, 396.8379
30 245 8.170000 447.8442, 369.2171, 500.6228, 376.1271, 497.2769, 401.6834, 444.4983, 394.7733
30 246 8.200000 446.0310, 368.2391, 498.9535, 375.5658, 495.4546, 400.8389, 442.5321, 393.5122
30 247 8.240000 443.7665, 367.1513, 496.8978, 375.0639, 493.2062, 399.8520, 440.0749, 391.9394
30 248 8.270000 442.3740, 366.2021, 495.6216, 375.2951, 491.4922, 399.4769, 438.2445, 390.3839
30 249 8.300000 440.6762, 365.9969, 494.1774, 374.4534, 490.3782, 398.4901, 436.8770, 390.0336
30 250 8.340000 438.7723, 365.6284, 492.5832, 373.9263, 488.9379, 397.5653, 435.1270, 389.2674
30 251 8.370000 437.6066, 365.2872, 491.6318, 374.0302, 487.8879, 397.1646, 433.8627, 388.4215
30 252 8.400000 436.1975, 365.6241, 490.5642, 373.2366, 487.3435, 396.2384, 432.9768, 388.6259
30 253 8.440000 434.7083, 365.9141, 489.4635, 373.0245, 486.5425, 395.5185, 431.7873, 388.4081
30 254 8.470000 433.8125, 365.9650, 488.8353, 373.1519, 485.9439, 395.2885, 430.9211, 388.1016
30 255 8.500000 432.7266, 366.4733, 488.0854, 372.4023, 485.6973, 394.6998, 430.3385, 388.7708
30 256 8.540000 431.5370, 367.0562, 487.2625, 372.0589, 485.2474, 394.5055, 429.5219, 389.5029
30 257 8.570000 430.8234, 367.4338, 486.7660, 372.3333, 484.7942, 394.8475, 428.8516, 389.9481
30 258 8.600000 429.8123, 368.8351, 485.9581, 372.2147, 484.5947, 394.8662, 428.4489, 391.4867
30 259 8.640000 428.6972, 370.4604, 485.0199, 372.8246, 484.0644, 395.5879, 427.7417, 393.2237
30 260 8.670000 427.9692, 371.5594, 484.3770, 373.7674, 483.4841, 396.5800, 427.0763, 394.3720
30 261 8.700000 426.9426, 373.6050, 483.3510, 374.3233, 483.0593, 397.2246, 426.6510, 396.5063
30 262 8.740000 425.6670, 376.1605, 482.0005, 375.6929, 482.1912, 398.6620, 425.8577, 399.1297
30 263 8.770000 424.7292, 377.9574, 480.9953, 377.1951, 481.3068, 400.1910, 425.0407, 400.9532
30 264 8.800000 423.5136, 380.3855, 479.5868, 378.2355, 480.4795, 401.5162, 424.4062, 403.6662
30 265 8.840000 421.9303, 382.8952, 477.7083, 380.0839, 478.9150, 404.0261, 423.1370, 406.8374
30 266 8.870000 420.7136, 384.7450, 476.3660, 382.2465, 477.4585, 406.5800, 421.8060, 409.0785
30 267 8.900000 419.2352, 387.2056, 474.5901, 384.0786, 476.0006, 409.0465, 420.6456, 412.1735
30 268 8.940000 417.2408, 390.5233, 472.3027, 387.5759, 473.6790, 413.2869, 418.6171, 416.2343
30 269 8.970000 415.7449, 393.0042, 470.6930, 390.9951, 471.6504, 417.1799, 416.7024, 419.1890
30 270 9.000000 413.9926, 396.0491, 468.6334, 393.9765, 469.6512, 420.8081, 415.0104, 422.8807
30 271 9.040000 411.6282, 399.6017, 465.9416, 398.2073, 466.6495, 425.7834, 412.3361, 427.1778
30 272 9.070000 409.9049, 401.5305, 464.0677, 401.4600, 464.1042, 429.4977, 409.9414, 429.5682
30 273 9.100000 407.8043, 403.8549, 461.4918, 403.2678, 461.8058, 431.9841, 408.1184, 432.5712
30 274 9.140000 405.1110, 406.0527, 458.3078, 405.7762, 458.4601, 435.0782, 405.2633, 435.3547
30 275 9.170000 403.2513, 406.9304, 456.2526, 407.9438, 455.6893, 437.4040, 402.6880, 436.3906
30 276 9.200000 401.0385, 408.2634, 453.5303, 408.7637, 453.2460, 438.5865, 400.7543, 438.0862
30 277 9.240000 398.3155, 409.1704, 450.3268, 410.2158, 449.7248, 440.1645, 397.7135, 439.1191
30 278 9.270000 396.4712, 409.1941, 448.2554, 411.5560, 446.8944, 441.3947, 395.1103, 439.0328
30 279 9.300000 394.2976, 409.7091, 445.5515, 411.5523, 444.4726, 441.5548, 393.2186, 439.7115
30 280 9.340000 391.8009, 409.3719, 442.5983, 412.1685, 440.9526, 442.0601, 390.1553, 439.2634
30 281 9.370000 390.1097, 408.6935, 440.5937, 412.6376, 438.2761, 442.3024, 387.7922, 438.3583
30 282 9.400000 388.1878, 408.3582, 438.1797, 412.0131, 436.0114, 441.6722, 386.0194, 438.0173
30 283 9.440000 386.0047, 407.1531, 435.4447, 411.4287, 432.8966, 440.8929, 383.4567, 436.6174
30 284 9.470000 384.6382, 405.7733, 433.7147, 411.1131, 430.5379, 440.3103, 381.4614, 434.9705
30 285 9.500000 383.0084, 404.9077, 431.5483, 409.6392, 428.6999, 438.8617, 380.1600, 434.1303
30 286 9.540000 381.2571, 403.2867, 429.2211, 408.3702, 426.1521, 437.3267, 378.1881, 432.2432
30 287 9.570000 380.2389, 401.8493, 427.8455, 407.9424, 424.1864, 436.5320, 376.5798, 430.4389
30 288 9.600000 379.0480, 400.9614, 426.2363, 406.9353, 422.6455, 435.2984, 375.4573, 429.3245
30 289 9.640000 377.9076, 399.4839, 424.6281, 406.3637, 420.5274, 434.2118, 373.8069, 427.3320
30 290 9.670000 377.2716, 398.3774, 423.6664, 406.1863, 419.0575, 433.5696, 372.6627, 425.7607
30 291 9.700000 376.4723, 397.8233, 422.5284, 405.3610, 418.0909, 432.4743, 372.0349, 424.9365
30 292 9.740000 375.7768, 396.9996, 421.4371, 404.7212, 416.9404, 431.3116, 371.2801, 423.5899
30 293 9.770000 375.5652, 396.2621, 420.9510, 404.6019, 416.1529, 430.7136, 370.7671, 422.3738
30 294 9.800000 375.1991, 396.0377, 420.3322, 403.8048, 415.8791, 429.6811, 370.7459, 421.9140
30 295 9.840000 375.0301, 395.6918, 419.8686, 403.0174, 415.7009, 428.5277, 370.8623, 421.2022
30 296 9.870000 375.2926, 395.1797, 419.9191, 403.0050, 415.5261, 428.0570, 370.8996, 420.2316
30 297 9.900000 375.2241, 395.4277, 419.6846, 401.9975, 416.0096, 426.8679, 371.5491, 420.2981
30 298 9.940000 375.6850, 395.2848, 419.9147, 401.4991, 416.4816, 425.9340, 372.2519, 419.7198
30 299 9.970000 376.1802, 395.1801, 420.2679, 401.2400, 416.9565, 425.3316, 372.8688, 419.2717
30 300 10.000000 376.5297, 395.5306, 420.4556, 400.4414, 417.7865, 424.3162, 373.8605, 419.4054
30 301 10.040000 377.3175, 395.6985, 421.0262, 399.8428, 418.7946, 423.3789, 375.0859, 419.2346
30 302 10.070000 378.1179, 395.5965, 421.6754, 399.7359, 419.4666, 422.9792, 375.9091, 418.8399
30 303 10.100000 378.7274, 395.9281, 422.0660, 399.0065, 420.4215, 422.1585, 377.0829, 419.0801
30 304 10.140000 379.7630, 396.0681, 422.8243, 398.4927, 421.5312, 421.4584, 378.4699, 419.0339
30 305 10.170000 380.6878, 395.9312, 423.5706, 398.4653, 422.2244, 421.2463, 379.3416, 418.7123
30 306 10.200000 381.3718, 396.2736, 423.9668, 397.7870, 423.1574, 420.5670, 380.5625, 419.0536
30 307 10.240000 382.4252, 396.4365, 424.6711, 397.3421, 424.1841, 420.0594, 381.9382, 419.1538
30 308 10.270000 383.3039, 396.3221, 425.3400, 397.3664, 424.7776, 420.0034, 382.7415, 418.9591
30 309 10.300000 383.9207, 396.6995, 425.5972, 396.7826, 425.5519, 419.4923, 383.8754, 419.4092
30 310 10.340000 384.8095, 396.9418, 426.0693, 396.4694, 426.3298, 419.2293, 385.0700, 419.7016
30 311 10.370000 385.4845, 396.9880, 426.4859, 396.5312, 426.7396, 419.3055, 385.7382, 419.7623
30 312 10.400000 385.8646, 397.6001, 426.3919, 396.0065, 427.2926, 418.9102, 386.7652, 420.5039
30 313 10.440000 386.3941, 398.1530, 426.4146, 395.9193, 427.6978, 418.9100, 387.6772, 421.1437
30 314 10.470000 386.7994, 398.3102, 426.5914, 396.3378, 427.7334, 419.3768, 387.9415, 421.3492
30 315 10.500000 386.9497, 398.9018, 426.3143, 396.3691, 427.8033, 419.5114, 388.4387, 422.0441
30 316 10.540000 387.1147, 399.3173, 426.0851, 396.8499, 427.5599, 420.1422, 388.5894, 422.6096
30 317 10.570000 387.1844, 399.4389, 425.9404, 397.4179, 427.1590, 420.7871, 388.4031, 422.8082
30 318 10.600000 387.0107, 399.8715, 425.3766, 397.5744, 426.7835, 421.0739, 388.4177, 423.3709
30 319 10.640000 386.7176, 400.2117, 424.6579, 398.0328, 426.0171, 421.6995, 388.0768, 423.8785
30 320 10.670000 386.5274, 400.1217, 424.3425, 398.7881, 425.1809, 422.5597, 387.3658, 423.8933
30 321 10.700000 386.0533, 400.5648, 423.4514, 398.9689, 424.4726, 422.9013, 387.0746, 424.4972
30 322 10.740000 385.4608, 400.8732, 422.5071, 399.7263, 423.2517, 423.7772, 386.2054, 424.9241
30 323 10.770000 385.0597, 400.9033, 421.9643, 400.6306, 422.1428, 424.7748, 385.2382, 425.0476
30 324 10.800000 384.3977, 401.4977, 420.8916, 401.0106, 421.2161, 425.3232, 384.7222, 425.8103
30 325 10.840000 383.6404, 402.0208, 419.8047, 402.1262, 419.7332, 426.6459, 383.5689, 426.5405
30 326 10.870000 383.1028, 402.4705, 419.0688, 403.2500, 418.5351, 427.8738, 382.5691, 427.0944
30 327 10.900000 382.4042, 403.3681, 418.0233, 404.1467, 417.4813, 428.9434, 381.8621, 428.1648
30 328 10.940000 381.5682, 404.6441, 416.8234, 405.8545, 415.9653, 430.8476, 380.7101, 429.6371
30 329 10.970000 381.0769, 405.5472, 416.1885, 407.6296, 414.6992, 432.7414, 379.5876, 430.6590
30 330 11.000000 380.4388, 406.8842, 415.2472, 409.1011, 413.6370, 434.3833, 378.8286, 432.1664
30 331 11.040000 379.7015, 408.4955, 414.1972, 411.1396, 412.2528, 436.5066, 377.7571, 433.8625
30 332 11.070000 379.2789, 409.3927, 413.6146, 412.6100, 411.2405, 437.9466, 376.9048, 434.7293
30 333 11.100000 378.5941, 410.6549, 412.5326, 413.1602, 410.6591, 438.5382, 376.7206, 436.0328
30 334 11.140000 378.0122, 411.6028, 411.6611, 414.1605, 409.7424, 439.4031, 376.0935, 436.8454
30 335 11.170000 377.7696, 411.8867, 411.3490, 415.0413, 409.0024, 440.0199, 375.4230, 436.8654
30 336 11.200000 377.3481, 412.4122, 410.6716, 415.2160, 408.5858, 440.0064, 375.2623, 437.2026
30 337 11.240000 377.0999, 412.5032, 410.3118, 415.7722, 407.9186, 440.0861, 374.7067, 436.8170
30 338 11.270000 377.1211, 412.1936, 410.3496, 416.3160, 407.3909, 440.1641, 374.1624, 436.0416
30 339 11.300000 376.9675, 412.1604, 410.0658, 416.1433, 407.2375, 439.6470, 374.1392, 435.6641
30 340 11.340000 377.0997, 411.5930, 410.1727, 416.1663, 407.0077, 439.0546, 373.9347, 434.4813
30 341 11.370000 377.4122, 410.8847, 410.5218, 416.2690, 406.8934, 438.5810, 373.7839, 433.1968
30 342 11.400000 377.5269, 410.5266, 410.5732, 415.5280, 407.2528, 437.4674, 374.2065, 432.4660
30 343 11.440000 378.0781, 409.5545, 411.1472, 414.8752, 407.7319, 436.1022, 374.6628, 430.7815
30 344 11.470000 378.7041, 408.6037, 411.8227, 414.4415, 408.1879, 435.0622, 375.0693, 429.2244
30 345 11.500000 379.2168, 407.9372, 412.3547, 413.3988, 409.0214, 433.6231, 375.8835, 428.1614
30 346 11.540000 380.2098, 406.9025, 413.4184, 412.4161, 410.1576, 432.0560, 376.9490, 426.5424
30 347 11.570000 381.1375, 406.1707, 414.4028, 411.9872, 411.0527, 431.1470, 377.7874, 425.3305
30 348 11.600000 381.9488, 405.8687, 415.2611, 411.1572, 412.2590, 430.0670, 378.9467, 424.7784
30 349 11.640000 383.3054, 405.4469, 416.6870, 410.5485, 413.8610, 429.0404, 380.4794, 423.9388
30 350 11.670000 384.5232, 405.0919, 417.9576, 410.4470, 415.0560, 428.5631, 381.6216, 423.2079
30 351 11.700000 385.6204, 405.1218, 419.1011, 409.8871, 416.5427, 427.8617, 383.0621, 423.0964
30 352 11.740000 387.3261, 405.0849, 420.8620, 409.5354, 418.5109, 427.2509, 384.9751, 422.8003
30 353 11.770000 388.7922, 404.9582, 422.3689, 409.6022, 419.9546, 427.0577, 386.3779, 422.4137
30 354 11.800000 390.1163, 405.2096, 423.7117, 409.1416, 421.6693, 426.5923, 388.0739, 422.6602
30 355 11.840000 392.1076, 405.4021, 425.7261, 408.9759, 423.8827, 426.3167, 390.2641, 422.7429
30 356 11.870000 393.7377, 405.4715, 427.3769, 409.1413, 425.5004, 426.3423, 391.8612, 422.6725
30 357 11.900000 395.2235, 405.9055, 428.8426, 408.8415, 427.3332, 426.1254, 393.7141, 423.1893
30 358 11.940000 397.3557, 406.3998, 430.9472, 408.8372, 429.6906, 426.1550, 396.0991, 423.7176
30 359 11.970000 399.0470, 406.7023, 432.6336, 409.1134, 431.3931, 426.3937, 397.8065, 423.9827
30 360 12.000000 400.5643, 407.3465, 434.0540, 408.8269, 433.2819, 426.2952, 399.7921, 424.8148
30 361 12.040000 402.6990, 407.8232, 436.0499, 408.5611, 435.6586, 426.2494, 402.3077, 425.5115
30 362 12.070000 404.4635, 407.6069, 437.8083, 408.7106, 437.2226, 426.4057, 403.8778, 425.3020
30 363 12.100000 406.0064, 407.6056, 439.1786, 408.0077, 438.9611, 425.9559, 405.7888, 425.5538
30 364 12.140000 408.1620, 407.0517, 441.1736, 407.2220, 441.0801, 425.3681, 408.0685, 425.1978
30 365 12.170000 409.8581, 406.2004, 442.8298, 406.7860, 442.5067, 424.9803, 409.5350, 424.3946
30 366 12.200000 411.3017, 405.6440, 444.0095, 405.4448, 444.1223, 423.9511, 411.4144, 424.1504
30 367 12.240000 413.3463, 404.2860, 445.8786, 404.0283, 446.0269, 422.7622, 413.4947, 423.0199
30 368 12.270000 414.8826, 402.9517, 447.3325, 402.9481, 447.3346, 421.8003, 414.8847, 421.8039
30 369 12.300000 416.2004, 401.7949, 448.4432, 401.2050, 448.7931, 420.3335, 416.5504, 420.9234
30 370 12.340000 418.0039, 399.7981, 450.0464, 398.9234, 450.5767, 418.3530, 418.5343, 419.2277
30 371 12.370000 419.4360, 397.8280, 451.4750, 397.4266, 451.7200, 416.9831, 419.6810, 417.3845
30 372 12.400000 420.6040, 396.1767, 452.3712, 395.0925, 453.0492, 414.9571, 421.2820, 416.0414
30 373 12.440000 422.2445, 393.4197, 453.8165, 392.2146, 454.5846, 412.3364, 423.0126, 413.5415
30 374 12.470000 423.5357, 390.9442, 455.0973, 390.2151, 455.5647, 410.4499, 424.0031, 411.1789
30 375 12.500000 424.5732, 388.8325, 455.8114, 387.4366, 456.7282, 407.9544, 425.4900, 409.3503
30 376 12.540000 426.0691, 385.5515, 457.1577, 384.2439, 458.0288, 404.9574, 426.9403, 406.2650
30 377 12.570000 427.1585, 383.0547, 458.1708, 381.8981, 458.9466, 402.7013, 427.9344, 403.8578
30 378 12.600000 428.0869, 380.8334, 458.8252, 379.1820, 459.9488, 400.0952, 429.2104, 401.7466
30 379 12.640000 429.3426, 377.6047, 459.8803, 375.7829, 461.1298, 396.7276, 430.5921, 398.5494
30 380 12.670000 430.3124, 374.8711, 460.9115, 373.4536, 461.8791, 394.3403, 431.2801, 395.7579
30 381 12.700000 431.0766, 372.4591, 461.4041, 370.5021, 462.7530, 391.4050, 432.4255, 393.3620
30 382 12.740000 432.1281, 368.7610, 462.3717, 366.7805, 463.7345, 387.5917, 433.4909, 389.5722
30 383 12.770000 432.9353, 365.6148, 463.3134, 364.1065, 464.3387, 384.7560, 433.9605, 386.2643
30 384 12.800000 433.5253, 362.7436, 463.6744, 360.6870, 465.0773, 381.2533, 434.9281, 383.3099
30 385 12.840000 434.3226, 358.3259, 464.4127, 356.1349, 465.8946, 376.4859, 435.8044, 378.6769
30 386 12.870000 434.9262, 354.4982, 465.1650, 352.6827, 466.3726, 372.7963, 436.1338, 374.6118
30 387 12.900000 435.2778, 350.8638, 465.2539, 348.2575, 466.9905, 368.2308, 437.0144, 370.8371
30 388 12.940000 435.7454, 345.1161, 465.6801, 342.2267, 467.5790, 361.8992, 437.6443, 364.7887
30 389 12.970000 436.1326, 339.9957, 466.3752, 337.7904, 467.7851, 357.1247, 437.5424, 359.3300
30 390 13.000000 436.2490, 335.1896, 466.3874, 332.4506, 468.1259, 351.5803, 437.9876, 354.3193
30 391 13.040000 436.4755, 328.5977, 466.8201, 326.1389, 468.3455, 344.9645, 438.0010, 347.4234
30 392 13.070000 436.5344, 324.3606, 466.8911, 321.6761, 468.5424, 340.3483, 438.1856, 343.0328
30 393 13.100000 436.5197, 320.7291, 466.7953, 317.5565, 468.7408, 336.1226, 438.4653, 339.2952
30 394 13.140000 436.4723, 316.5051, 466.7095, 312.9179, 468.8939, 331.3317, 438.6568, 334.9188
30 395 13.170000 436.4142, 313.7255, 466.6962, 310.0625, 468.9075, 328.3438, 438.6256, 332.0068
30 396 13.200000 436.2565, 311.4582, 466.4795, 307.4285, 468.9032, 325.6061, 438.6802, 329.6358
30 397 13.240000 435.9888, 308.8559, 466.2273, 304.6311, 468.7436, 322.6413, 438.5052, 326.8661
30 398 13.270000 435.7426, 307.1778, 466.0771, 303.0669, 468.4965, 320.9200, 438.1620, 325.0309
30 399 13.300000 435.3583, 306.0085, 465.6344, 301.5699, 468.2348, 319.3076, 437.9587, 323.7461
30 400 13.340000 434.7727, 304.7546, 465.0922, 300.2524, 467.6985, 317.8044, 437.3790, 322.3065
30 401 13.370000 434.2724, 304.0372, 464.7111, 299.7621, 467.1543, 317.1577, 436.7157, 321.4329
30 402 13.400000 433.6267, 303.8102, 464.0398, 299.3339, 466.5826, 316.6109, 436.1696, 321.0872
30 403 13.440000 432.6807, 303.7960, 463.1800, 299.4375, 465.6230, 316.5330, 435.1237, 320.8915
30 404 13.470000 431.9082, 303.9809, 462.5570, 300.0147, 464.7489, 316.9525, 434.1001, 320.9187
30 405 13.500000 430.9738, 304.5803, 461.6397, 300.5662, 463.8442, 317.4075, 433.1783, 321.4216
30 406 13.540000 429.5967, 305.4378, 460.3591, 301.6288, 462.4187, 318.2622, 431.6563, 322.0712
30 407 13.570000 428.4832, 305.9574, 459.3965, 302.6573, 461.1456, 319.0420, 430.2324, 322.3421
30 408 13.600000 427.1199, 306.8326, 457.9768, 303.1977, 459.8864, 319.4084, 429.0295, 323.0432
30 409 13.640000 425.1619, 307.7872, 456.0387, 304.0777, 457.9583, 320.0555, 427.0814, 323.7650
30 410 13.670000 423.6259, 308.2586, 454.6389, 305.0177, 456.2840, 320.7594, 425.2710, 324.0003
30 411 13.700000 421.7983, 309.1216, 452.7754, 305.4171, 454.6428, 321.0319, 423.6656, 324.7364
30 412 13.740000 419.2637, 309.9451, 450.3511, 306.3532, 452.1289, 321.7399, 421.0414, 325.3317
30 413 13.770000 417.2575, 310.4043, 448.4954, 307.2506, 450.0285, 322.4368, 418.7907, 325.5905
30 414 13.800000 415.0043, 311.1926, 446.2304, 307.7234, 447.9050, 322.7968, 416.6790, 326.2660
30 415 13.840000 411.8675, 312.0334, 443.1773, 308.6673, 444.7739, 323.5177, 413.4640, 326.8839
30 416 13.870000 409.4251, 312.4676, 440.8641, 309.6240, 442.1904, 324.2879, 410.7515, 327.1316
30 417 13.900000 406.7377, 313.2328, 438.1703, 310.1826, 439.5829, 324.7400, 408.1503, 327.7902
30 418 13.940000 403.0076, 314.0866, 434.4901, 311.1569, 435.8322, 325.5793, 404.3497, 328.5090
30 419 13.970000 400.1510, 314.5312, 431.7346, 312.2432, 432.7665, 326.4871, 401.1829, 328.7752
30 420 14.000000 397.0071, 315.4541, 428.5513, 312.8098, 429.7409, 327.0004, 398.1967, 329.6446
30 421 14.040000 392.7675, 316.4587, 424.3482, 314.1614, 425.3708, 328.2196, 393.7901, 330.5169
30 422 14.070000 389.5153, 317.1996, 421.1476, 315.5026, 421.8954, 329.4423, 390.2631, 331.1393
30 423 14.100000 386.0466, 318.3511, 417.6490, 316.5934, 418.4231, 330.5118, 386.8207, 332.2694
30 424 14.140000 381.3454, 319.9088, 412.9378, 318.5137, 413.5497, 332.3700, 381.9573, 333.7651
30 425 14.170000 377.7777, 320.9752, 409.3704, 320.2043, 409.7100, 334.1221, 378.1173, 334.8929
30 426 14.200000 374.0063, 322.5746, 405.5486, 321.7691, 405.9055, 335.7436, 374.3631, 336.5490
30 427 14.240000 368.9465, 324.7591, 400.4332, 324.3512, 400.6152, 338.4017, 369.1285, 338.8097
30 428 14.270000 365.1477, 326.4527, 396.5910, 326.6903, 396.4844, 340.7938, 365.0411, 340.5562
30 429 14.300000 361.1619, 328.7080, 392.5360, 328.9744, 392.4158, 343.1347, 361.0417, 342.8683
30 430 14.340000 355.8708, 331.8740, 387.1511, 332.6537, 386.7964, 346.8834, 355.5162, 346.1037
30 431 14.370000 351.9244, 334.4505, 383.1224, 335.9193, 382.4504, 350.1915, 351.2524, 348.7226
30 432 14.400000 347.8361, 337.5527, 378.9488, 339.2207, 378.1762, 353.6330, 347.0634, 351.9650
30 433 14.440000 342.4359, 342.0980, 373.4216, 344.4041, 372.3339, 359.0183, 341.3482, 356.7122
30 434 14.470000 338.4210, 345.8746, 369.2961, 348.8560, 367.8705, 363.6195, 336.9954, 360.6381
30 435 14.500000 334.3017, 350.1036, 365.0828, 353.3114, 363.5220, 368.2883, 332.7409, 365.0806
30 436 14.540000 328.9581, 355.4771, 359.5958, 359.2047, 357.7403, 374.4556, 327.1026, 370.7280
30 437 14.570000 325.1543, 358.9694, 355.6568, 363.3695, 353.4328, 378.7866, 322.9303, 374.3864
30 438 14.600000 321.2780, 362.3721, 351.6937, 366.6985, 349.4641, 382.3733, 319.0484, 378.0469
30 439 14.640000 316.4432, 366.1576, 346.7104, 370.7684, 344.2808, 386.7170, 314.0137, 382.1061
30 440 14.670000 313.1218, 368.4073, 343.2401, 373.6359, 340.4419, 389.7543, 310.3236, 384.5257
30 441 14.700000 309.7038, 370.7288, 339.7397, 375.6943, 337.0347, 392.0566, 306.9988, 387.0911
30 442 14.740000 305.6058, 373.0922, 335.4864, 378.3696, 332.5564, 394.9593, 302.6758, 389.6819
30 443 14.770000 302.8701, 374.3573, 332.6134, 380.3485, 329.2561, 397.0157, 299.5128, 391.0244
30 444 14.800000 299.8494, 375.8339, 329.6768, 381.4269, 326.5125, 398.3016, 296.6852, 392.7085
30 445 14.840000 296.3845, 377.1804, 326.2085, 382.8869, 322.9504, 399.9151, 293.1263, 394.2085
30 446 14.870000 294.2154, 377.7378, 323.9485, 383.9970, 320.3579, 401.0535, 290.6248, 394.7942
30 447 14.900000 291.8239, 378.5092, 321.6490, 384.2948, 318.3134, 401.4898, 288.4883, 395.7041
30 448 14.940000 289.2218, 378.9471, 319.0453, 384.7432, 315.6901, 402.0075, 285.8666, 396.2115
30 449 14.970000 287.7523, 378.8177, 317.4591, 385.1625, 313.7800, 402.3885, 284.0732, 396.0437
