61 0 0.010000 226.0447, 414.5418, 250.8510, 416.0930, 249.7988, 432.9200, 224.9925, 431.3687
61 1 0.040000 227.3091, 408.8722, 251.4597, 411.9553, 249.2218, 429.4858, 225.0711, 426.4027
61 2 0.070000 228.5238, 401.1014, 252.3114, 404.8973, 249.5099, 422.4533, 225.7223, 418.6574
61 3 0.110000 230.1398, 389.8003, 253.6927, 393.9912, 250.6351, 411.1749, 227.0822, 406.9840
61 4 0.140000 231.6730, 381.1286, 254.8910, 385.8775, 251.4044, 402.9238, 228.1865, 398.1750
61 5 0.170000 232.9969, 373.0639, 256.0890, 378.0414, 252.4658, 394.8508, 229.3737, 389.8733
61 6 0.200000 234.4266, 365.4324, 257.3261, 370.7701, 253.4688, 387.3184, 230.5693, 381.9807
61 7 0.240000 236.3165, 356.0348, 259.0094, 361.7546, 254.9241, 377.9627, 232.2313, 372.2429
61 8 0.270000 237.7122, 349.5063, 260.3197, 355.3831, 256.1671, 371.3577, 233.5596, 365.4809
61 9 0.310000 239.7374, 341.2486, 262.2043, 347.3839, 257.9303, 363.0348, 235.4634, 356.8995
61 10 0.340000 241.4602, 335.2749, 263.7583, 341.7266, 259.3199, 357.0664, 237.0218, 350.6147
61 11 0.370000 243.1012, 329.5788, 265.4224, 335.9882, 261.0817, 351.1053, 238.7604, 344.6959
61 12 0.400000 245.0944, 323.8654, 267.2700, 330.5499, 262.8149, 345.3296, 240.6393, 338.6452
61 13 0.440000 247.9492, 316.3623, 269.9992, 323.2715, 265.4779, 337.7008, 243.4279, 330.7916
61 14 0.470000 250.0600, 310.9884, 272.2134, 317.6681, 267.9235, 331.8957, 245.7701, 325.2160
61 15 0.500000 252.7142, 305.4730, 274.6817, 312.5614, 270.1831, 326.5029, 248.2156, 319.4145
61 16 0.540000 256.0211, 298.8312, 278.0883, 305.7338, 273.7979, 319.4502, 251.7307, 312.5477
61 17 0.570000 258.4560, 294.4050, 280.6878, 300.8711, 276.7397, 314.4454, 254.5079, 307.9793
61 18 0.610000 261.9172, 289.0604, 284.3177, 295.0889, 280.7336, 308.4067, 258.3331, 302.3783
61 19 0.640000 264.6524, 285.4539, 287.1581, 291.2205, 283.8009, 304.3229, 261.2952, 298.5563
61 20 0.670000 267.3656, 282.2890, 290.0330, 287.5496, 287.0391, 300.4504, 264.3716, 295.1899
61 21 0.700000 270.2817, 279.3307, 293.0516, 284.3115, 290.2841, 296.9634, 267.5141, 291.9826
61 22 0.740000 274.2632, 275.8529, 297.1893, 280.3429, 294.7807, 292.6413, 271.8547, 288.1513
61 23 0.770000 277.2523, 273.6595, 300.3422, 277.4812, 298.3527, 289.5013, 275.2628, 285.6796
61 24 0.800000 280.5386, 271.4007, 303.6874, 275.1129, 301.8127, 286.8037, 278.6638, 283.0915
61 25 0.840000 284.9002, 268.8531, 308.1943, 271.9622, 306.6879, 283.2485, 283.3938, 280.1393
61 26 0.870000 288.2629, 266.8585, 311.6686, 269.3911, 310.4477, 280.6736, 287.0421, 278.1410
61 27 0.900000 291.8185, 264.7465, 315.2871, 267.1100, 314.1220, 278.6788, 290.6534, 276.3153
61 28 0.940000 296.5566, 262.1975, 320.1353, 264.0737, 319.1683, 276.2266, 295.5896, 274.3504
61 29 0.970000 299.9951, 260.5588, 323.7511, 261.8199, 323.0854, 274.3610, 299.3294, 273.1000
61 30 1.000000 303.5515, 258.8362, 327.4790, 259.9109, 326.8989, 272.8265, 302.9714, 271.7518
61 31 1.040000 308.2495, 256.8917, 332.4108, 257.5483, 332.0493, 270.8501, 307.8880, 270.1935
61 32 1.070000 311.6181, 255.8384, 336.0169, 255.7595, 336.0608, 269.3263, 311.6620, 269.4052
61 33 1.110000 316.2894, 254.4209, 340.9300, 253.9532, 341.1922, 267.7668, 316.5516, 268.2346
61 34 1.140000 319.8452, 253.4130, 344.6472, 252.9006, 344.9353, 266.8476, 320.1333, 267.3599
61 35 1.170000 323.2149, 252.7850, 348.2122, 251.7518, 348.7915, 265.7663, 323.7942, 266.7995
61 36 1.210000 327.7641, 251.9482, 352.9844, 250.5837, 353.7452, 264.6459, 328.5249, 266.0104
61 37 1.240000 331.2035, 251.3070, 356.5704, 249.9669, 357.3137, 264.0383, 331.9468, 265.3784
61 38 1.270000 334.4172, 251.0694, 359.9501, 249.1922, 360.9790, 263.1865, 335.4461, 265.0637
61 39 1.310000 338.7250, 250.6909, 364.4505, 248.5025, 365.6305, 262.3734, 339.9050, 264.5618
61 40 1.340000 341.9509, 250.3520, 367.8134, 248.2264, 368.9463, 262.0109, 343.0838, 264.1365
61 41 1.370000 344.9418, 250.4234, 370.9350, 247.7781, 372.3202, 261.3886, 346.3270, 264.0340
61 42 1.410000 348.8928, 250.4609, 375.0489, 247.4836, 376.5741, 260.8827, 350.4180, 263.8600
61 43 1.440000 351.7974, 250.4769, 378.0797, 247.4713, 379.5954, 260.7251, 353.3131, 263.7307
61 44 1.470000 354.4576, 250.9632, 380.8189, 247.2736, 382.6389, 260.2778, 356.2777, 263.9673
61 45 1.510000 357.9592, 251.4596, 384.4512, 247.4307, 386.3900, 260.1796, 359.8981, 264.2085
61 46 1.540000 360.5148, 251.7696, 387.1345, 247.8403, 388.9975, 260.4615, 362.3778, 264.3908
61 47 1.570000 362.8574, 252.5232, 389.5347, 248.1581, 391.5638, 260.5588, 364.8865, 264.9239
61 48 1.610000 365.8687, 253.4807, 392.6645, 248.9850, 394.7103, 261.1787, 367.9145, 265.6743
61 49 1.640000 368.0270, 254.1786, 394.9510, 249.8984, 396.8761, 262.0075, 369.9521, 266.2877
61 50 1.670000 369.9811, 255.3430, 396.9457, 250.7365, 398.9836, 262.6655, 372.0190, 267.2720
61 51 1.710000 372.4499, 256.9037, 399.5207, 252.2647, 401.5399, 264.0473, 374.4691, 268.6863
61 52 1.740000 374.1941, 258.1090, 401.3856, 253.7291, 403.2764, 265.4677, 376.0849, 269.8476
61 53 1.770000 375.7524, 259.8128, 402.9727, 255.1744, 404.9645, 266.8633, 377.7442, 271.5017
61 54 1.810000 377.6978, 262.2021, 405.0123, 257.5951, 406.9875, 269.3061, 379.6730, 273.9130
61 55 1.840000 379.0556, 264.1385, 406.4777, 259.7953, 408.3378, 271.5394, 380.9156, 275.8826
61 56 1.870000 380.2566, 266.6062, 407.7042, 262.0885, 409.6379, 273.8370, 382.1904, 278.3547
61 57 1.910000 381.7220, 270.1443, 409.2427, 265.6567, 411.1700, 277.4760, 383.6493, 281.9636
61 58 1.940000 382.7124, 272.9954, 410.3124, 268.6905, 412.1715, 280.6094, 384.5714, 284.9143
61 59 1.970000 383.5345, 276.2655, 411.1299, 271.7226, 413.1130, 283.7685, 385.5176, 288.3113
61 60 2.010000 384.4472, 280.6469, 412.0683, 276.0158, 414.1157, 288.2271, 386.4946, 292.8582
61 61 2.040000 384.9752, 283.6438, 412.6844, 279.2974, 414.6045, 291.5389, 386.8954, 295.8852
61 62 2.070000 385.1963, 286.7191, 412.8244, 281.8567, 414.9891, 294.1563, 387.3610, 299.0187
61 63 2.110000 385.1679, 290.2236, 412.6852, 284.7891, 415.1276, 297.1557, 387.6103, 302.5902
61 64 2.140000 384.9548, 292.1071, 412.5433, 286.9598, 414.8543, 299.3462, 387.2658, 304.4936
61 65 2.170000 384.3897, 294.0665, 411.8222, 288.3182, 414.4319, 300.7729, 386.9995, 306.5211
61 66 2.210000 383.3494, 295.7783, 410.7792, 290.1040, 413.3644, 302.6009, 385.9346, 308.2752
61 67 2.240000 382.3647, 296.3898, 409.9472, 291.4486, 412.1857, 303.9444, 384.6033, 308.8856
61 68 2.270000 381.0304, 297.1333, 408.5335, 291.9851, 410.8840, 304.5421, 383.3808, 309.6902
61 69 2.310000 379.0132, 297.2839, 406.5924, 292.6958, 408.6857, 305.2784, 381.1064, 309.8665
61 70 2.340000 377.3508, 296.7910, 405.0814, 293.2063, 406.7040, 305.7589, 378.9734, 309.3436
61 71 2.370000 375.3796, 296.4167, 403.0795, 292.9182, 404.6699, 305.5109, 376.9701, 309.0094
61 72 2.410000 372.6357, 295.0987, 400.4072, 292.5049, 401.5843, 305.1078, 373.8128, 307.7016
61 73 2.440000 370.5311, 293.5733, 398.3763, 292.1424, 399.0224, 304.7146, 371.1772, 306.1455
61 74 2.470000 368.1545, 292.2959, 395.9521, 290.9717, 396.5538, 303.6027, 368.7562, 304.9269
61 75 2.510000 365.0027, 290.1398, 392.7711, 289.5444, 393.0428, 302.2148, 365.2744, 302.8102
61 76 2.540000 362.7343, 288.3058, 390.4830, 288.8924, 390.2165, 301.4995, 362.4678, 300.9129
61 77 2.570000 360.3194, 286.9121, 388.0035, 288.0060, 387.5049, 300.6229, 359.8208, 299.5289
61 78 2.610000 357.2108, 285.1554, 384.7770, 287.3429, 383.7805, 299.9010, 356.2143, 297.7136
61 79 2.640000 354.9529, 283.9937, 382.3906, 287.1290, 380.9644, 299.6106, 353.5266, 296.4754
61 80 2.670000 352.6023, 283.2223, 379.9387, 286.7349, 378.3308, 299.2482, 350.9944, 295.7355
61 81 2.710000 349.6360, 282.3309, 376.8035, 286.5979, 374.8377, 299.1142, 347.6702, 294.8472
61 82 2.740000 347.5819, 281.7310, 374.5759, 286.8186, 372.2239, 299.2980, 345.2299, 294.2104
61 83 2.770000 345.4261, 281.5515, 372.3456, 286.7880, 369.9024, 299.3477, 342.9829, 294.1112
61 84 2.800000 343.5197, 281.3288, 370.2827, 287.2040, 367.5316, 299.7359, 340.7686, 293.8607
61 85 2.840000 341.0346, 281.4154, 367.6579, 287.7425, 364.6653, 300.3349, 338.0420, 294.0077
61 86 2.870000 339.2030, 281.7973, 365.7933, 288.1220, 362.7692, 300.8361, 336.1789, 294.5113
61 87 2.900000 337.6796, 282.1270, 364.1313, 289.0162, 360.8199, 301.7306, 334.3682, 294.8414
61 88 2.940000 335.7241, 282.9847, 362.0850, 290.2064, 358.5778, 303.0087, 332.2169, 295.7870
61 89 2.970000 334.3450, 283.8922, 360.7031, 291.1104, 357.1625, 304.0394, 330.8044, 296.8212
61 90 3.000000 333.3319, 284.6788, 359.5569, 292.4764, 355.7163, 305.3933, 329.4913, 297.5957
61 91 3.040000 332.2555, 285.7935, 358.3455, 294.2225, 354.1667, 307.1571, 328.0767, 298.7281
61 92 3.070000 331.5472, 286.7583, 357.6824, 295.1594, 353.4839, 308.2204, 327.3488, 299.8193
61 93 3.100000 331.3153, 287.4356, 357.3402, 296.4275, 352.8439, 309.4413, 326.8189, 300.4494
61 94 3.140000 331.1718, 288.4924, 357.2600, 297.6101, 352.6827, 310.7069, 326.5946, 301.5893
61 95 3.170000 331.1474, 289.4452, 357.4722, 298.0209, 353.1258, 311.3631, 326.8010, 302.7874
61 96 3.200000 331.6554, 290.0781, 358.0256, 298.9113, 353.5536, 312.2618, 327.1834, 303.4286
61 97 3.240000 332.4089, 291.1890, 359.0840, 299.4869, 354.8566, 313.0766, 328.1815, 304.7787
61 98 3.270000 333.1142, 292.1350, 360.1152, 299.6500, 356.2584, 313.5074, 329.2573, 305.9924
61 99 3.300000 334.2234, 292.8705, 361.4311, 300.1648, 357.6907, 314.1164, 330.4830, 306.8221
61 100 3.340000 335.8454, 293.9994, 363.4415, 300.5038, 360.0882, 314.7309, 332.4920, 308.2265
61 101 3.370000 337.1034, 295.0583, 365.0535, 300.4174, 362.2661, 314.9550, 334.3160, 309.5960
61 102 3.400000 338.7272, 295.8492, 366.9378, 300.7910, 364.3690, 315.4550, 336.1584, 310.5132
61 103 3.440000 340.9099, 297.1743, 369.5150, 300.9426, 367.5498, 315.8604, 338.9447, 312.0921
61 104 3.470000 342.5417, 298.3628, 371.4271, 300.7404, 370.1719, 315.9897, 341.2865, 313.6120
61 105 3.500000 344.4518, 299.2547, 373.5967, 301.0763, 372.6356, 316.4528, 343.4907, 314.6312
61 106 3.540000 346.9366, 300.7038, 376.3561, 301.1683, 376.1089, 316.8237, 346.6894, 316.3591
61 107 3.570000 348.8169, 301.8505, 378.3813, 301.2222, 378.7174, 317.0353, 349.1530, 317.6635
61 108 3.600000 350.8278, 302.7297, 380.5744, 301.6419, 381.1545, 317.5069, 351.4080, 318.5948
61 109 3.640000 353.4100, 303.9807, 383.3464, 302.0408, 384.3813, 318.0112, 354.4449, 319.9512
61 110 3.670000 355.2089, 305.0958, 385.1692, 302.0559, 386.8040, 318.1676, 356.8437, 321.2075
61 111 3.700000 357.1262, 305.7419, 387.3001, 302.6778, 388.9351, 318.7779, 358.7612, 321.8420
61 112 3.740000 359.4606, 306.7960, 389.8017, 303.2063, 391.7109, 319.3431, 361.3698, 322.9328
61 113 3.770000 361.0313, 307.7646, 391.3821, 303.3648, 393.7287, 319.5517, 363.3778, 323.9515
61 114 3.800000 362.6161, 308.3664, 393.1558, 303.9650, 395.4846, 320.1242, 364.9450, 324.5255
61 115 3.840000 364.4240, 309.5006, 395.0098, 304.3617, 397.7268, 320.5331, 367.1410, 325.6720
61 116 3.870000 365.5610, 310.5551, 396.0327, 304.4419, 399.2823, 320.6395, 368.8106, 326.7527
61 117 3.900000 366.6844, 311.1428, 397.3261, 305.1098, 400.5060, 321.2610, 369.8643, 327.2939
61 118 3.940000 367.8588, 312.1556, 398.5857, 305.8121, 401.9121, 321.9246, 371.1852, 328.2681
61 119 3.970000 368.5170, 313.0292, 399.2392, 306.3046, 402.7580, 322.3808, 372.0359, 329.1054
61 120 4.000000 369.1002, 313.5541, 400.0649, 307.2982, 403.2944, 323.2833, 372.3297, 329.5392
61 121 4.040000 369.5577, 314.5025, 400.7071, 308.5236, 403.7487, 324.3700, 372.5993, 330.3489
61 122 4.070000 369.6354, 315.4620, 400.8134, 309.2956, 403.9284, 325.0453, 372.7504, 331.2117
61 123 4.100000 369.6583, 316.0582, 401.0953, 310.6171, 403.7949, 326.2151, 372.3579, 331.6561
61 124 4.140000 369.3699, 317.1431, 401.0189, 312.2496, 403.4039, 327.6751, 371.7549, 332.5685
61 125 4.170000 368.9007, 318.2603, 400.6132, 313.3202, 402.9968, 328.6213, 371.2842, 333.5614
61 126 4.200000 368.4387, 319.0221, 400.4203, 315.0408, 402.2945, 330.0958, 370.3128, 334.0771
61 127 4.240000 367.4405, 320.5820, 399.5852, 316.9534, 401.2533, 331.7297, 369.1085, 335.3584
61 128 4.270000 366.5343, 321.9050, 398.8008, 318.5327, 400.3226, 333.0933, 368.0561, 336.4656
61 129 4.300000 365.5723, 323.1548, 398.0294, 320.4865, 399.2053, 334.7900, 366.7482, 337.4583
61 130 4.340000 364.1079, 325.0200, 396.7391, 323.1395, 397.5487, 337.1875, 364.9175, 339.0680
61 131 4.370000 362.7865, 326.6592, 395.4922, 324.8029, 396.2933, 338.9168, 363.5876, 340.7731
61 132 4.400000 361.5498, 328.0262, 394.3674, 327.0409, 394.7997, 341.4388, 361.9821, 342.4241
61 133 4.440000 359.7059, 330.4952, 392.6119, 330.1339, 392.7759, 345.0655, 359.8698, 345.4268
61 134 4.470000 358.1999, 332.7386, 391.1443, 332.5673, 391.2239, 347.8624, 358.2794, 348.0338
61 135 4.500000 356.7975, 334.7917, 389.7656, 335.4238, 389.4640, 351.1524, 356.4959, 350.5203
61 136 4.540000 354.7597, 337.8005, 387.7358, 339.0145, 387.1366, 355.2904, 354.1605, 354.0764
61 137 4.570000 353.0526, 340.2643, 386.0503, 341.3889, 385.4854, 357.9631, 352.4877, 356.8384
61 138 4.600000 351.5040, 342.3376, 384.4710, 343.9638, 383.6409, 360.7911, 350.6740, 359.1650
61 139 4.640000 349.2254, 345.3004, 382.1725, 346.9363, 381.3276, 363.9513, 348.3805, 362.3153
61 140 4.670000 347.3118, 347.7231, 380.2850, 348.7642, 379.7461, 365.8340, 346.7729, 364.7929
61 141 4.700000 345.7225, 349.5033, 378.6146, 351.0321, 377.8171, 368.1908, 344.9250, 366.6621
61 142 4.740000 343.3680, 352.1432, 376.1940, 353.6356, 375.4133, 370.8054, 342.5874, 369.3129
61 143 4.770000 341.4491, 354.3131, 374.2503, 355.3366, 373.7167, 372.4366, 340.9156, 371.4131
61 144 4.800000 339.8214, 355.9705, 372.5043, 357.4897, 371.7113, 374.5499, 339.0284, 373.0307
61 145 4.840000 337.4717, 358.4832, 370.0276, 360.1320, 369.1707, 377.0516, 336.6148, 375.4028
61 146 4.870000 335.6031, 360.5846, 368.0801, 361.9988, 367.3498, 378.7708, 334.8728, 377.3566
61 147 4.900000 334.0086, 362.3021, 366.3238, 364.3551, 365.2660, 381.0058, 332.9507, 378.9529
61 148 4.940000 331.7290, 364.9849, 363.8622, 367.3338, 362.6608, 383.7692, 330.5276, 381.4203
61 149 4.970000 329.8877, 367.3023, 361.9241, 369.3707, 360.8764, 385.5980, 328.8400, 383.5297
61 150 5.000000 328.2624, 369.2584, 360.1378, 371.6334, 358.9432, 387.6672, 327.0677, 385.2922
61 151 5.040000 326.0293, 371.7344, 357.7121, 374.0833, 356.5539, 389.7055, 324.8710, 387.3565
61 152 5.070000 324.2181, 373.5423, 355.7627, 375.1195, 355.0037, 390.2982, 323.4591, 388.7209
61 153 5.100000 322.8829, 374.1241, 354.1875, 376.4287, 353.0966, 391.2477, 321.7920, 388.9431
61 154 5.140000 320.9235, 374.7175, 351.9210, 376.9424, 350.8799, 391.4475, 319.8824, 389.2226
61 155 5.170000 319.3285, 375.0642, 350.1017, 376.4401, 349.4548, 390.9084, 318.6816, 389.5324
61 156 5.200000 318.1656, 374.0775, 348.6552, 376.0208, 347.7263, 390.5945, 317.2368, 388.6512
61 157 5.240000 316.3965, 372.5196, 346.5229, 374.0297, 345.7740, 388.9688, 315.6476, 387.4587
61 158 5.270000 314.9892, 371.1064, 344.8214, 371.8007, 344.4683, 386.9721, 314.6361, 386.2777
61 159 5.300000 313.8789, 368.7701, 343.3988, 369.6932, 342.9201, 385.0029, 313.4002, 384.0798
61 160 5.340000 312.2827, 365.2416, 341.3743, 365.8876, 341.0305, 381.3663, 311.9390, 380.7203
61 161 5.370000 310.9318, 362.3669, 339.6387, 362.1103, 339.7781, 377.7104, 311.0712, 377.9670
61 162 5.400000 309.9139, 358.3114, 338.3215, 358.5552, 338.1869, 374.2346, 309.7794, 373.9908
61 163 5.440000 308.3490, 352.5658, 336.2844, 352.6494, 336.2373, 368.3942, 308.3019, 368.3106
61 164 5.470000 306.8523, 348.1643, 334.4828, 347.3610, 334.9411, 363.1253, 307.3106, 363.9287
61 165 5.500000 305.5594, 343.0272, 333.0047, 342.4578, 333.3323, 358.2484, 305.8870, 358.8178
61 166 5.540000 303.5415, 336.9630, 330.7279, 335.9346, 331.3237, 351.6859, 304.1373, 352.7143
61 167 5.570000 302.1579, 332.7745, 329.1621, 331.8861, 329.6791, 347.5997, 302.6749, 348.4882
61 168 5.600000 300.8212, 329.0437, 327.6487, 328.5106, 327.9607, 344.2065, 301.1332, 344.7397
61 169 5.640000 298.9642, 324.9974, 325.5548, 324.7743, 325.6866, 340.4753, 299.0959, 340.6984
61 170 5.670000 297.5046, 322.6285, 323.9290, 322.4853, 324.0142, 338.2011, 297.5898, 338.3444
61 171 5.700000 296.1291, 320.5735, 322.4832, 320.7712, 322.3649, 336.5412, 296.0108, 336.3436
61 172 5.740000 294.2002, 318.6270, 320.4836, 319.0653, 320.2196, 334.8959, 293.9362, 334.4575
61 173 5.770000 292.6809, 317.7461, 318.9311, 318.1818, 318.6677, 334.0513, 292.4175, 333.6156
61 174 5.800000 291.2770, 317.1010, 317.4408, 317.8455, 316.9876, 333.7735, 290.8237, 333.0289
61 175 5.840000 289.3164, 317.0003, 315.3897, 317.9132, 314.8297, 333.9068, 288.7564, 332.9938
61 176 5.870000 287.7842, 317.4878, 313.8122, 318.3658, 313.2711, 334.4053, 287.2431, 333.5273
61 177 5.900000 286.3696, 318.2414, 312.2899, 319.3666, 311.5911, 335.4653, 285.6707, 334.3402
61 178 5.940000 284.4063, 319.9932, 310.2120, 321.2372, 309.4325, 337.4068, 283.6269, 336.1628
61 179 5.970000 282.8790, 321.8083, 308.6236, 322.9920, 307.8779, 339.2110, 282.1333, 338.0273
61 180 6.000000 281.4849, 323.7152, 307.0976, 325.1177, 306.2063, 341.3941, 280.5936, 339.9915
61 181 6.040000 279.5904, 326.3474, 305.0655, 327.8801, 304.0819, 344.2288, 278.6067, 342.6961
61 182 6.070000 278.1070, 328.2791, 303.5385, 329.6963, 302.6283, 346.0316, 277.1967, 344.6145
61 183 6.100000 276.9678, 329.6852, 302.1811, 331.6674, 300.9011, 347.9487, 275.6877, 345.9664
61 184 6.140000 275.2279, 331.5720, 300.3260, 333.6717, 298.9662, 349.9247, 273.8681, 347.8249
61 185 6.170000 273.6838, 333.1280, 298.8702, 334.6810, 297.8701, 350.9006, 272.6837, 349.3475
61 186 6.200000 272.5742, 334.1073, 297.6239, 335.9836, 296.4120, 352.1633, 271.3623, 350.2869
61 187 6.240000 270.8929, 335.5137, 295.9127, 337.2659, 294.7827, 353.4022, 269.7628, 351.6500
61 188 6.270000 269.5723, 336.5605, 294.6321, 338.0237, 293.6922, 354.1203, 268.6324, 352.6572
61 189 6.300000 268.6015, 337.1663, 293.5131, 339.0397, 292.3049, 355.1054, 267.3933, 353.2320
61 190 6.340000 267.1584, 338.0954, 291.9925, 340.0967, 290.7032, 356.0960, 265.8691, 354.0947
61 191 6.370000 265.9510, 338.9035, 290.8268, 340.6508, 289.7063, 356.6031, 264.8305, 354.8558
61 192 6.400000 265.0957, 339.3045, 289.8243, 341.4831, 288.4210, 357.4116, 263.6923, 355.2329
61 193 6.440000 263.9073, 339.9024, 288.5058, 342.4230, 286.8770, 358.3178, 262.2785, 355.7972
61 194 6.470000 262.8791, 340.5278, 287.4996, 342.9099, 285.9649, 358.7714, 261.3445, 356.3893
61 195 6.500000 262.2123, 340.8146, 286.6572, 343.7033, 284.7860, 359.5375, 260.3411, 356.6487
61 196 6.540000 261.2098, 341.4507, 285.5411, 344.6051, 283.4972, 360.3704, 259.1659, 357.2160
61 197 6.570000 260.4186, 342.0843, 284.7338, 345.2228, 282.7059, 360.9340, 258.3907, 357.7955
61 198 6.600000 260.0230, 342.4524, 284.0909, 346.2216, 281.6429, 361.8532, 257.5750, 358.0840
61 199 6.640000 259.3329, 343.3128, 283.2554, 347.3671, 280.6213, 362.9096, 256.6989, 358.8554
61 200 6.670000 258.7175, 344.2270, 282.6639, 348.1319, 280.1412, 363.6014, 256.1949, 359.6964
61 201 6.700000 258.4723, 344.9550, 282.2327, 349.2559, 279.4510, 364.6234, 255.6906, 360.3225
61 202 6.740000 257.9783, 346.3507, 281.6978, 350.6128, 278.9609, 365.8441, 255.2414, 361.5820
61 203 6.770000 257.5877, 347.6124, 281.3607, 351.6233, 278.8036, 366.7798, 255.0306, 362.7690
61 204 6.800000 257.4804, 348.8042, 281.1530, 352.9509, 278.5160, 368.0048, 254.8434, 363.8580
61 205 6.840000 257.2915, 350.7435, 280.9457, 354.7682, 278.4051, 369.7001, 254.7509, 365.6754
61 206 6.870000 257.0588, 352.5512, 280.8093, 356.1358, 278.5697, 370.9747, 254.8192, 367.3901
61 207 6.900000 257.1229, 354.2883, 280.8069, 357.9157, 278.5511, 372.6444, 254.8671, 369.0170
61 208 6.940000 257.0942, 357.0708, 280.8201, 360.3637, 278.7949, 374.9552, 255.0690, 371.6623
61 209 6.970000 257.0244, 359.4611, 280.8487, 362.2729, 279.1395, 376.7549, 255.3152, 373.9431
61 210 7.000000 257.1664, 361.7589, 280.9853, 364.4263, 279.3764, 378.7931, 255.5574, 376.1257
61 211 7.040000 257.3646, 364.7918, 281.2250, 367.0776, 279.8663, 381.2614, 256.0058, 378.9756
61 212 7.070000 257.4694, 366.9530, 281.4191, 368.6609, 280.4146, 382.7471, 256.4649, 381.0392
61 213 7.100000 258.0911, 368.2907, 281.8615, 370.5226, 280.5431, 384.5647, 256.7727, 382.3328
61 214 7.140000 258.7305, 370.0546, 282.4162, 372.3164, 281.0788, 386.3207, 257.3932, 384.0589
61 215 7.170000 259.0585, 371.3914, 282.8042, 373.1594, 281.7625, 387.1506, 258.0168, 385.3826
61 216 7.200000 259.7603, 372.1338, 283.3775, 374.1764, 282.1664, 388.1792, 258.5492, 386.1366
61 217 7.240000 260.5024, 373.1659, 284.0962, 374.9484, 283.0370, 388.9680, 259.4432, 387.1854
61 218 7.270000 260.9360, 373.9513, 284.5968, 375.1320, 283.8967, 389.1636, 260.2359, 387.9830
61 219 7.300000 261.7065, 374.1735, 285.2654, 375.5146, 284.4644, 389.5852, 260.9055, 388.2441
61 220 7.340000 262.5384, 374.5038, 286.0752, 375.5134, 285.4695, 389.6338, 261.9327, 388.6242
61 221 7.370000 263.0263, 374.7679, 286.6113, 375.1630, 286.3745, 389.2982, 262.7895, 388.9031
61 222 7.400000 263.8026, 374.4774, 287.2931, 375.0024, 286.9758, 389.1956, 263.4854, 388.6706
61 223 7.440000 264.6313, 374.1066, 288.0794, 374.3330, 287.9419, 388.5760, 264.4938, 388.3497
61 224 7.470000 265.0839, 373.8563, 288.5575, 373.4862, 288.7823, 387.7450, 265.3087, 388.1151
61 225 7.500000 265.8265, 373.0096, 289.1868, 372.8899, 289.2603, 387.2261, 265.8999, 387.3458
61 226 7.540000 266.5649, 371.9965, 289.8573, 371.7085, 290.0350, 386.0885, 266.7427, 386.3764
61 227 7.570000 266.9240, 371.3480, 290.2247, 370.5528, 290.7149, 384.9150, 267.4142, 385.7103
61 228 7.600000 267.5032, 370.2239, 290.7073, 369.6363, 291.0717, 384.0251, 267.8675, 384.6126
61 229 7.640000 268.0222, 368.8344, 291.1670, 368.0760, 291.6378, 382.4420, 268.4930, 383.2004
61 230 7.670000 268.2139, 367.8752, 291.3617, 366.6380, 292.1261, 380.9398, 268.9783, 382.1771
61 231 7.700000 268.6179, 366.3898, 291.6731, 365.4314, 292.2675, 379.7300, 269.2123, 380.6883
61 232 7.740000 268.8696, 364.5028, 291.8693, 363.4222, 292.5378, 377.6516, 269.5381, 378.7322
61 233 7.770000 268.8247, 363.1715, 291.8328, 361.5779, 292.8107, 375.6969, 269.8026, 377.2905
61 234 7.800000 268.9506, 361.2950, 291.8913, 359.8957, 292.7495, 373.9653, 269.8088, 375.3647
61 235 7.840000 268.7355, 358.9241, 291.6619, 357.0738, 292.7841, 370.9781, 269.8577, 372.8284
61 236 7.870000 268.3210, 357.1671, 291.2563, 354.5405, 292.8251, 368.2387, 269.8898, 370.8653
61 237 7.900000 268.0871, 354.6353, 290.9803, 352.1929, 292.4308, 365.7884, 269.5375, 368.2307
61 238 7.940000 267.4459, 351.1017, 290.3105, 348.5206, 291.8214, 361.9047, 268.9568, 364.4858
61 239 7.970000 266.6782, 348.4553, 289.5326, 345.3177, 291.3377, 358.4664, 268.4834, 361.6040
61 240 8.000000 266.0267, 345.1886, 288.8651, 342.3677, 290.4767, 355.4152, 267.6383, 358.2361
61 241 8.040000 264.9188, 341.2323, 287.7475, 338.5315, 289.2708, 351.4077, 266.4421, 354.1084
61 242 8.070000 264.0717, 338.4886, 286.8972, 336.1374, 288.2153, 348.9327, 265.3897, 351.2839
61 243 8.100000 263.2567, 335.9317, 286.0663, 334.2447, 287.0095, 346.9985, 264.2000, 348.6855
61 244 8.140000 262.0433, 333.1818, 284.8290, 332.1970, 285.3764, 344.8628, 262.5908, 345.8476
61 245 8.170000 261.0265, 331.6192, 283.8034, 330.9685, 284.1624, 343.5355, 261.3855, 344.1862
61 246 8.200000 260.0707, 330.2060, 282.8079, 330.1882, 282.8177, 342.6743, 260.0805, 342.6921
61 247 8.240000 258.6745, 328.9383, 281.3739, 329.4945, 281.0715, 341.8378, 258.3721, 341.2816
61 248 8.270000 257.5581, 328.4094, 280.2460, 329.2478, 279.7943, 341.4707, 257.1064, 340.6323
61 249 8.300000 256.5349, 328.0192, 279.1610, 329.4289, 278.4061, 341.5459, 255.7800, 340.1363
61 250 8.340000 255.1017, 328.0797, 277.6663, 330.0451, 276.6242, 342.0092, 254.0596, 340.0437
61 251 8.370000 253.9789, 328.5782, 276.5189, 330.8004, 275.3509, 342.6477, 252.8109, 340.4255
61 252 8.400000 252.9790, 329.2560, 275.4276, 332.0301, 273.9761, 343.7758, 251.5275, 341.0017
61 253 8.440000 251.6038, 330.8074, 273.9554, 334.1107, 272.2382, 345.7302, 249.8866, 342.4269
61 254 8.470000 250.5742, 332.4092, 272.8629, 336.0262, 270.9903, 347.5659, 248.7016, 343.9490
61 255 8.500000 249.6855, 334.1749, 271.8373, 338.3303, 269.6847, 349.8055, 247.5329, 345.6501
61 256 8.540000 248.5588, 336.8445, 270.5553, 341.5256, 268.1316, 352.9147, 246.1351, 348.2337
61 257 8.570000 247.7436, 339.0303, 269.6837, 343.8640, 267.1967, 355.1526, 245.2566, 350.3190
61 258 8.600000 247.2111, 341.0654, 268.9713, 346.4034, 266.2355, 357.5560, 244.4752, 352.2180
61 259 8.640000 246.4722, 344.0586, 268.1693, 349.4707, 265.4069, 360.5453, 243.7098, 355.1332
61 260 8.670000 245.9797, 346.4410, 267.7014, 351.6700, 265.0397, 362.7270, 243.3180, 357.4979
61 261 8.700000 245.8575, 348.6095, 267.4170, 354.1784, 264.5677, 365.2092, 243.0082, 359.6404
61 262 8.740000 245.7729, 351.7415, 267.2089, 357.4470, 264.2680, 368.4965, 242.8319, 362.7910
61 263 8.770000 245.7933, 354.2653, 267.1850, 359.9071, 264.2584, 371.0038, 242.8667, 365.3620
61 264 8.800000 246.1451, 356.6962, 267.3244, 362.7063, 264.1661, 373.8359, 242.9868, 367.8257
61 265 8.840000 246.6129, 360.3679, 267.6545, 366.4392, 264.4129, 377.6739, 243.3713, 371.6027
61 266 8.870000 246.9708, 363.4613, 268.0050, 369.3175, 264.8427, 380.6757, 243.8086, 374.8195
61 267 8.900000 247.5674, 366.6528, 268.4742, 372.5797, 265.2231, 384.0477, 244.3163, 378.1208
61 268 8.940000 248.3678, 371.4342, 269.2057, 377.1829, 265.9892, 388.8421, 245.1513, 383.0934
61 269 8.970000 248.9881, 375.3781, 269.8364, 380.8250, 266.7473, 392.6486, 245.8990, 387.2017
61 270 9.000000 249.8522, 379.3191, 270.6056, 384.7127, 267.4978, 396.6712, 246.7444, 391.2777
61 271 9.040000 251.2109, 384.3560, 271.8973, 389.4743, 268.8901, 401.6286, 248.2037, 396.5104
61 272 9.070000 252.3595, 387.7224, 273.1156, 392.3184, 270.3521, 404.7986, 249.5961, 400.2026
61 273 9.100000 254.0536, 390.3335, 274.6279, 395.0079, 271.7226, 407.7953, 251.1483, 403.1209
61 274 9.140000 256.5556, 393.2238, 276.9451, 397.8535, 273.9541, 411.0261, 253.5646, 406.3964
61 275 9.170000 258.4196, 395.1364, 278.8472, 399.3143, 276.0936, 412.7782, 255.6660, 408.6003
61 276 9.200000 260.8316, 396.4123, 281.0180, 400.8087, 278.0535, 414.4206, 257.8670, 410.0242
61 277 9.240000 264.0685, 397.7952, 284.1117, 402.0390, 281.1825, 415.8733, 261.1393, 411.6295
61 278 9.270000 266.3666, 398.7034, 286.5430, 402.3095, 284.0347, 416.3439, 263.8582, 412.7379
61 279 9.300000 269.2867, 398.9383, 289.2265, 402.7178, 286.5491, 416.8433, 266.6093, 413.0638
61 280 9.340000 273.0072, 399.0894, 292.9099, 402.4749, 290.4865, 416.7216, 270.5838, 413.3362
61 281 9.370000 275.7272, 399.0061, 295.7421, 401.7291, 293.7849, 416.1148, 273.7701, 413.3918
61 282 9.400000 279.0197, 398.2581, 298.8231, 401.1411, 296.7269, 415.5401, 276.9235, 412.6571
61 283 9.440000 283.2042, 397.0357, 302.9892, 399.5341, 301.1556, 414.0546, 281.3705, 411.5562
61 284 9.470000 286.2903, 395.9358, 306.0860, 397.9010, 304.6426, 412.4403, 284.8469, 410.4750
61 285 9.500000 289.7764, 394.3126, 309.5122, 396.3743, 307.9959, 410.8895, 288.2601, 408.8278
61 286 9.540000 294.2332, 392.2053, 313.9394, 393.9387, 312.6676, 408.3980, 292.9614, 406.6647
61 287 9.570000 297.3130, 390.8184, 317.0277, 391.7628, 316.3346, 406.2323, 296.6199, 405.2878
61 288 9.600000 300.8035, 389.0446, 320.4773, 389.9691, 319.7994, 404.3950, 300.1256, 403.4705
61 289 9.640000 305.2025, 386.8174, 324.8388, 387.2532, 324.5192, 401.6486, 304.8830, 401.2127
61 290 9.670000 308.4092, 385.1537, 328.0116, 385.0771, 328.0676, 399.4175, 308.4653, 399.4941
61 291 9.700000 311.8944, 383.0931, 331.4606, 383.1352, 331.4299, 397.4043, 311.8636, 397.3621
61 292 9.740000 316.2975, 380.3606, 335.8270, 380.2012, 335.9425, 394.3578, 316.4130, 394.5171
61 293 9.770000 319.3976, 378.3171, 338.8924, 377.6843, 339.3490, 391.7539, 319.8543, 392.3866
61 294 9.800000 322.5955, 375.8012, 342.2388, 375.3572, 342.5544, 389.3202, 322.9111, 389.7642
61 295 9.840000 326.6760, 372.3914, 346.3884, 371.7382, 346.8460, 385.5463, 327.1336, 386.1996
61 296 9.870000 329.5875, 369.7713, 349.2405, 368.5766, 350.0723, 382.2608, 330.4193, 383.4555
61 297 9.900000 332.5860, 366.5290, 352.3940, 365.5501, 353.0636, 379.0995, 333.2556, 380.0784
61 298 9.940000 336.3490, 362.0502, 356.2010, 360.7970, 357.0445, 374.1584, 337.1925, 375.4116
61 299 9.970000 338.9787, 358.6225, 358.7151, 356.6726, 360.0202, 369.8820, 340.2838, 371.8320
61 300 10.000000 341.6860, 354.5823, 361.5704, 352.8224, 362.7268, 365.8886, 342.8424, 367.6484
61 301 10.040000 345.0620, 349.5958, 364.9581, 347.4771, 366.3306, 360.3659, 346.4345, 362.4846
61 302 10.070000 347.5455, 346.0310, 367.4939, 343.7971, 368.9257, 356.5827, 348.9773, 358.8167
61 303 10.100000 350.0352, 342.5123, 370.1470, 340.5512, 371.3862, 353.2599, 351.2744, 355.2209
61 304 10.140000 353.2432, 338.1969, 373.5335, 336.5050, 374.5871, 349.1405, 354.2968, 350.8324
61 305 10.170000 355.5435, 335.2604, 375.9083, 333.5677, 376.9563, 346.1765, 356.5916, 347.8692
61 306 10.200000 357.8561, 332.2919, 378.3810, 330.9606, 379.1973, 343.5460, 358.6724, 344.8773
61 307 10.240000 360.8061, 328.6410, 381.4663, 327.5082, 382.1561, 340.0905, 361.4959, 341.2233
61 308 10.270000 362.9093, 326.1239, 383.6047, 324.8662, 384.3713, 337.4806, 363.6759, 338.7383
61 309 10.300000 365.0550, 323.4536, 385.8857, 322.5273, 386.4472, 335.1546, 365.6165, 336.0809
61 310 10.340000 367.7722, 320.1233, 388.6897, 319.2401, 389.2254, 331.9258, 368.3078, 332.8089
61 311 10.370000 369.7063, 317.7620, 390.6253, 316.6297, 391.3154, 329.3794, 370.3964, 330.5117
61 312 10.400000 371.6983, 315.1452, 392.7301, 314.2746, 393.2591, 327.0541, 372.2272, 327.9246
61 313 10.440000 374.2188, 311.7590, 395.3209, 310.8758, 395.8582, 323.7137, 374.7561, 324.5968
61 314 10.470000 376.0103, 309.3008, 397.0993, 308.1342, 397.8125, 321.0276, 376.7235, 322.1942
61 315 10.500000 377.9123, 306.5114, 399.1653, 305.8327, 399.5768, 318.7199, 378.3238, 319.3986
61 316 10.540000 380.2495, 303.4315, 401.5357, 302.5873, 402.0484, 315.5132, 380.7622, 316.3575
61 317 10.570000 381.9200, 301.5588, 403.1670, 300.3124, 403.9282, 313.2880, 382.6812, 314.5343
61 318 10.600000 383.6077, 299.8482, 404.8765, 298.4492, 405.7325, 311.4627, 384.4636, 312.8617
61 319 10.640000 385.7762, 298.0500, 407.0334, 296.2896, 408.1155, 309.3558, 386.8584, 311.1162
61 320 10.670000 387.3346, 297.0466, 408.5408, 294.8821, 409.8781, 307.9839, 388.6719, 310.1484
61 321 10.700000 388.9029, 296.1025, 410.1597, 293.8742, 411.5351, 306.9943, 390.2783, 309.2227
61 322 10.740000 390.8826, 295.2570, 412.1482, 292.7543, 413.6940, 305.8891, 392.4284, 308.3918
61 323 10.770000 392.2741, 294.9413, 413.4829, 292.0527, 415.2719, 305.1877, 394.0631, 308.0763
61 324 10.800000 393.6555, 294.6488, 414.9247, 291.7213, 416.7308, 304.8437, 395.4616, 307.7712
61 325 10.840000 395.3590, 294.6710, 416.6248, 291.4592, 418.6023, 304.5528, 397.3365, 307.7646
61 326 10.870000 396.5358, 294.9861, 417.7432, 291.4243, 419.9366, 304.4844, 398.7293, 308.0462
61 327 10.900000 397.6899, 295.3143, 418.9819, 291.7890, 421.1382, 304.8125, 399.8462, 308.3378
61 328 10.940000 399.0822, 296.1714, 420.4116, 292.5055, 422.6396, 305.4684, 401.3101, 309.1343
61 329 10.970000 400.0139, 297.1016, 421.3230, 293.2111, 423.6798, 306.1193, 402.3706, 310.0099
61 330 11.000000 400.8952, 297.9704, 422.3248, 294.2294, 424.5710, 307.0958, 403.1414, 310.8369
61 331 11.040000 401.8764, 299.2085, 423.3922, 295.5390, 425.5635, 308.2704, 404.0477, 311.9398
61 332 11.070000 402.4153, 300.1535, 423.9010, 296.2756, 426.1714, 308.8548, 404.6857, 312.7327
61 333 11.100000 402.8720, 300.6988, 424.4970, 297.1103, 426.5615, 309.5515, 404.9365, 313.1399
61 334 11.140000 403.2006, 301.3535, 424.8815, 297.8019, 426.8941, 310.0881, 405.2132, 313.6397
61 335 11.170000 403.2233, 301.8294, 424.8608, 298.0075, 427.0110, 310.1809, 405.3735, 314.0028
61 336 11.200000 403.2186, 301.7516, 425.0764, 298.5189, 426.8578, 310.5639, 405.0001, 313.7966
61 337 11.240000 402.9158, 301.7043, 424.9027, 298.7247, 426.5115, 310.5963, 404.5247, 313.5760
61 338 11.270000 402.5250, 301.5495, 424.5758, 298.6845, 426.1019, 310.4303, 404.0511, 313.2953
61 339 11.300000 402.0923, 301.0077, 424.3238, 298.7802, 425.4870, 310.3895, 403.2555, 312.6170
61 340 11.340000 401.3467, 300.1280, 423.7432, 298.6531, 424.4941, 310.0561, 402.0976, 311.5310
61 341 11.370000 400.5797, 299.5522, 423.0120, 298.0934, 423.7451, 309.3670, 401.3129, 310.8258
61 342 11.400000 399.8958, 298.4346, 422.4499, 297.8200, 422.7523, 308.9209, 400.1983, 309.5354
61 343 11.440000 398.8206, 296.8993, 421.4516, 296.9754, 421.4149, 307.8610, 398.7839, 307.7848
61 344 11.470000 397.8744, 295.7858, 420.5274, 295.9155, 420.4658, 306.6739, 397.8128, 306.5442
61 345 11.500000 397.0842, 294.2354, 419.7645, 295.2158, 419.3085, 305.7648, 396.6281, 304.7843
61 346 11.540000 395.8983, 292.4921, 418.5817, 294.0588, 417.8679, 304.3942, 395.1844, 302.8275
61 347 11.570000 395.0057, 291.3283, 417.6812, 293.2971, 416.7940, 303.5149, 394.1185, 301.5461
61 348 11.600000 394.2317, 290.0223, 416.8630, 292.7068, 415.6501, 302.9311, 393.0189, 300.2466
61 349 11.640000 393.2129, 288.6066, 415.7742, 292.0168, 414.1938, 302.4730, 391.6324, 299.0629
61 350 11.670000 392.3804, 287.8802, 414.9524, 291.4203, 413.2724, 302.1317, 390.7005, 298.5916
61 351 11.700000 391.7856, 287.0278, 414.2663, 291.1900, 412.2379, 302.1457, 389.7572, 297.9835
61 352 11.740000 390.9554, 286.2663, 413.4036, 290.7915, 411.1251, 302.0941, 388.6770, 297.5688
61 353 11.770000 390.3308, 285.9391, 412.8181, 290.4675, 410.4892, 302.0322, 388.0019, 297.5038
61 354 11.800000 389.9222, 285.5649, 412.3730, 290.4116, 409.8239, 302.2192, 387.3731, 297.3725
61 355 11.840000 389.4091, 285.3628, 411.8876, 290.3243, 409.2039, 302.4831, 386.7254, 297.5216
61 356 11.870000 388.9438, 285.5314, 411.5861, 290.1453, 409.0460, 302.6107, 386.4037, 297.9967
61 357 11.900000 388.8035, 285.5919, 411.4442, 290.3812, 408.7529, 303.1038, 386.1123, 298.3145
61 358 11.940000 388.5121, 286.1362, 411.3226, 290.6329, 408.7451, 303.7079, 385.9346, 299.2113
61 359 11.970000 388.2786, 286.8120, 411.2902, 290.8388, 408.9492, 304.2166, 385.9376, 300.1899
61 360 12.000000 388.2915, 287.4495, 411.3859, 291.3753, 409.0666, 305.0193, 385.9722, 301.0936
61 361 12.040000 388.2766, 288.5587, 411.5829, 292.0345, 409.4979, 306.0154, 386.1915, 302.5395
61 362 12.070000 388.2878, 289.5126, 411.7790, 292.5195, 409.9670, 306.6751, 386.4759, 303.6682
61 363 12.100000 388.5774, 290.2816, 412.1177, 293.2993, 410.2917, 307.5438, 386.7514, 304.5261
61 364 12.140000 388.8963, 291.5075, 412.5906, 294.1939, 410.9664, 308.5194, 387.2721, 305.8330
61 365 12.170000 389.0525, 292.6175, 412.9342, 294.7329, 411.6630, 309.0841, 387.7813, 306.9686
61 366 12.200000 389.4664, 293.5361, 413.3998, 295.5840, 412.1757, 309.8895, 388.2423, 307.8416
61 367 12.240000 389.8948, 295.0148, 413.9780, 296.5880, 413.0512, 310.7753, 388.9681, 309.2021
61 368 12.270000 390.0969, 296.3691, 414.3411, 297.2213, 413.8477, 311.2580, 389.6035, 310.4057
61 369 12.300000 390.5585, 297.4445, 414.8362, 298.2377, 414.3829, 312.1125, 390.1051, 311.3193
61 370 12.340000 391.0159, 299.1685, 415.3861, 299.4939, 415.2043, 313.1074, 390.8341, 312.7819
61 371 12.370000 391.2499, 300.6984, 415.6985, 300.3935, 415.8652, 313.7576, 391.4165, 314.0625
61 372 12.400000 391.6578, 301.9961, 416.1218, 301.6944, 416.2836, 314.8113, 391.8196, 315.1130
61 373 12.440000 392.0094, 304.1170, 416.5097, 303.3859, 416.8893, 316.1091, 392.3890, 316.8402
61 374 12.470000 392.1642, 305.9543, 416.6797, 304.6782, 417.3248, 317.0706, 392.8093, 318.3468
61 375 12.500000 392.3961, 307.6242, 416.9142, 306.3100, 417.5616, 318.3881, 393.0436, 319.7024
61 376 12.540000 392.5394, 310.0302, 417.0561, 308.4473, 417.8066, 320.0705, 393.2899, 321.6535
61 377 12.570000 392.4814, 312.0280, 416.9579, 309.8664, 417.9527, 321.1317, 393.4762, 323.2933
61 378 12.600000 392.4612, 313.6596, 416.9471, 311.5798, 417.9023, 322.8260, 393.4165, 324.9058
61 379 12.640000 392.2027, 315.7947, 416.6666, 313.5007, 417.7412, 324.9603, 393.2773, 327.2543
61 380 12.670000 391.8410, 317.4395, 416.2456, 314.7428, 417.5400, 326.4572, 393.1355, 329.1539
61 381 12.700000 391.4916, 318.8015, 415.9334, 316.3858, 417.1135, 328.3263, 392.6717, 330.7419
61 382 12.740000 390.8094, 320.8802, 415.2425, 318.4809, 416.4432, 330.7085, 392.0101, 333.1078
61 383 12.770000 390.1461, 322.6264, 414.5319, 320.0227, 415.8597, 332.4588, 391.4739, 335.0626
61 384 12.800000 389.4894, 324.1826, 413.9251, 321.9577, 415.0742, 334.5783, 390.6385, 336.8032
61 385 12.840000 388.4261, 326.5652, 412.8739, 324.5454, 413.9372, 337.4158, 389.4895, 339.4357
61 386 12.870000 387.4965, 328.6072, 411.9114, 326.5245, 413.0258, 339.5875, 388.6109, 341.6702
61 387 12.900000 386.5949, 330.5467, 411.0736, 328.9551, 411.9341, 342.1885, 387.4553, 343.7801
61 388 12.940000 385.2520, 333.5288, 409.7681, 332.3467, 410.4179, 345.8218, 385.9018, 347.0040
61 389 12.970000 384.1612, 336.0234, 408.6869, 335.0444, 409.2324, 348.7130, 384.7068, 349.6919
61 390 13.000000 383.1189, 338.4274, 407.7219, 338.1178, 407.8959, 351.9371, 383.2929, 352.2468
61 391 13.040000 381.6066, 341.6894, 406.2466, 341.9236, 406.1130, 355.9777, 381.4730, 355.7435
61 392 13.070000 380.3302, 344.1639, 404.9277, 344.2851, 404.8574, 358.5496, 380.2599, 358.4284
61 393 13.100000 379.1689, 346.1895, 403.7990, 346.7938, 403.4457, 361.1947, 378.8156, 360.5904
61 394 13.140000 377.4467, 348.9371, 402.0324, 349.4956, 401.6999, 364.1330, 377.1142, 363.5745
61 395 13.170000 376.0862, 350.9451, 400.6021, 351.2325, 400.4284, 366.0530, 375.9125, 365.7656
61 396 13.200000 374.8877, 352.4952, 399.4444, 353.2838, 398.9650, 368.2113, 374.4084, 367.4227
61 397 13.240000 373.1818, 354.6187, 397.7270, 355.6265, 397.1068, 370.7325, 372.5616, 369.7248
61 398 13.270000 371.8392, 356.2435, 396.3412, 357.1461, 395.7786, 372.4167, 371.2767, 371.5141
61 399 13.300000 370.6988, 357.4601, 395.2604, 359.0671, 394.2560, 374.4180, 369.6944, 372.8110
61 400 13.340000 369.0867, 359.2674, 393.6583, 361.2870, 392.3836, 376.7960, 367.8120, 374.7764
61 401 13.370000 367.7863, 360.8237, 392.3060, 362.6379, 391.1435, 378.3511, 366.6237, 376.5370
61 402 13.400000 366.6831, 362.1099, 391.2292, 364.3803, 389.7644, 380.2158, 365.2184, 377.9454
61 403 13.440000 365.1109, 364.1372, 389.6234, 366.3905, 388.1441, 382.4827, 363.6316, 380.2294
61 404 13.470000 363.8864, 365.8339, 388.3358, 367.7407, 387.0612, 384.0839, 362.6118, 382.1771
61 405 13.500000 362.8011, 367.3427, 387.2374, 369.3045, 385.9079, 385.8634, 361.4717, 383.9016
61 406 13.540000 361.3288, 369.2858, 385.7085, 371.0033, 384.5183, 387.8982, 360.1386, 386.1807
61 407 13.570000 360.1927, 370.6416, 384.4833, 371.9050, 383.5923, 389.0345, 359.3017, 387.7711
61 408 13.600000 359.3255, 371.3667, 383.7034, 373.1370, 382.4515, 390.3764, 358.0736, 388.6062
61 409 13.640000 358.0416, 372.3334, 382.4175, 374.0686, 381.1765, 391.5025, 356.8005, 389.7673
61 410 13.670000 356.9933, 373.0483, 381.2744, 374.2800, 380.3814, 391.8853, 356.1003, 390.6537
61 411 13.700000 356.1661, 373.2336, 380.5183, 374.7470, 379.4196, 392.4268, 355.0674, 390.9135
61 412 13.740000 354.9307, 373.4846, 379.2492, 374.7278, 378.3383, 392.5454, 354.0198, 391.3022
61 413 13.770000 353.8942, 373.6892, 378.0736, 374.2260, 377.6754, 392.1624, 353.4960, 391.6256
61 414 13.800000 353.0236, 373.3831, 377.2321, 373.9157, 376.8363, 391.9022, 352.6279, 391.3695
61 415 13.840000 351.6250, 373.0657, 375.6402, 372.7211, 375.8994, 390.7860, 351.8842, 391.1306
61 416 13.870000 350.3812, 372.7262, 374.2112, 371.4307, 375.1937, 389.5038, 351.3637, 390.7994
61 417 13.900000 349.3582, 371.6201, 373.2706, 370.4361, 374.1642, 388.4843, 350.2518, 389.6682
61 418 13.940000 347.6341, 369.9216, 371.6483, 368.4900, 372.7202, 386.4719, 348.7060, 387.9035
61 419 13.970000 346.0182, 368.5495, 370.0866, 366.5338, 371.5849, 384.4242, 347.5165, 386.4398
61 420 14.000000 344.6922, 366.5435, 368.8750, 364.7980, 370.1621, 382.6295, 345.9792, 384.3750
61 421 14.040000 342.6197, 364.1394, 366.9421, 362.4617, 368.1651, 380.1914, 343.8427, 381.8692
61 422 14.070000 341.0581, 362.5022, 365.5007, 361.0771, 366.5317, 378.7601, 342.0891, 380.1852
61 423 14.100000 339.5844, 360.9556, 364.1602, 360.1274, 364.7553, 377.7844, 340.1795, 378.6126
61 424 14.140000 337.4221, 359.4134, 362.1594, 359.1787, 362.3264, 376.7828, 337.5891, 377.0175
61 425 14.170000 335.5763, 358.7249, 360.4309, 358.5946, 360.5229, 376.1297, 335.6683, 376.2600
61 426 14.200000 333.9178, 358.0183, 358.8883, 358.5063, 358.5474, 375.9516, 333.5769, 375.4636
61 427 14.240000 331.4328, 357.6525, 356.5598, 358.5135, 355.9667, 375.8203, 330.8398, 374.9593
61 428 14.270000 329.4379, 357.7223, 354.6908, 358.6765, 354.0407, 375.8826, 328.7877, 374.9283
61 429 14.300000 327.5916, 357.8378, 352.9561, 359.2617, 351.9971, 376.3442, 326.6326, 374.9203
61 430 14.340000 324.9602, 358.4894, 350.4866, 360.2620, 349.3120, 377.1771, 323.7856, 375.4045
61 431 14.370000 322.8296, 359.4177, 348.4978, 361.1446, 347.3680, 377.9385, 321.6998, 376.2117
61 432 14.400000 320.8997, 360.3904, 346.6810, 362.5614, 345.2792, 379.2086, 319.4979, 377.0375
61 433 14.440000 318.1318, 362.3350, 344.0925, 364.6955, 342.5936, 381.1805, 316.6329, 378.8200
61 434 14.470000 315.9629, 364.2303, 342.0753, 366.5424, 340.6239, 382.9335, 314.5115, 380.6213
61 435 14.500000 313.9456, 366.1907, 340.1848, 368.8007, 338.5621, 385.1136, 312.3229, 382.5035
61 436 14.540000 311.1726, 369.0021, 337.6032, 371.7421, 335.9200, 387.9788, 309.4894, 385.2389
61 437 14.570000 309.0232, 371.1408, 335.6198, 373.7046, 334.0599, 389.8877, 307.4632, 387.3239
61 438 14.600000 307.1670, 372.8775, 333.8780, 375.8873, 332.0684, 391.9467, 305.3575, 388.9368
61 439 14.640000 304.5986, 375.1791, 331.4958, 378.3511, 329.6151, 394.2992, 302.7178, 391.1272
61 440 14.670000 302.5651, 376.9668, 329.6401, 379.8115, 327.9700, 395.7070, 300.8950, 392.8623
61 441 14.700000 300.9363, 378.1918, 328.1085, 381.5966, 326.1242, 397.4330, 298.9520, 394.0283
61 442 14.740000 298.6530, 379.8877, 326.0013, 383.4742, 323.9257, 399.3021, 296.5773, 395.7155
61 443 14.770000 296.8488, 381.2214, 324.3779, 384.4832, 322.4963, 400.3640, 294.9671, 397.1022
61 444 14.800000 295.4409, 382.0578, 323.0569, 385.8140, 320.8939, 401.7168, 293.2779, 397.9606
61 445 14.840000 293.4665, 383.2495, 321.2647, 387.0855, 319.0571, 403.0836, 291.2589, 399.2476
61 446 14.870000 291.9063, 384.2232, 319.9636, 387.6897, 317.9734, 403.7982, 289.9160, 400.3317
61 447 14.900000 290.7716, 384.6963, 318.9087, 388.6117, 316.6566, 404.7960, 288.5194, 400.8805
61 448 14.940000 289.1683, 385.4327, 317.5300, 389.3877, 315.2534, 405.7130, 286.8918, 401.7580
61 449 14.970000 287.8962, 386.0772, 316.5175, 389.6392, 314.4701, 406.0903, 285.8488, 402.5284
