70 0 0.010000 346.0124, 158.9737, 363.5295, 159.6450, 363.1116, 170.5499, 345.5945, 169.8786
70 1 0.040000 345.9975, 159.4154, 363.5154, 160.0866, 363.0980, 170.9807, 345.5801, 170.3095
70 2 0.070000 345.9644, 160.3983, 363.4839, 161.0691, 363.0677, 171.9390, 345.5482, 171.2682
70 3 0.110000 345.8918, 162.5510, 363.4149, 163.2209, 363.0014, 174.0379, 345.4782, 173.3679
70 4 0.140000 345.8160, 164.7978, 363.3430, 165.4668, 362.9322, 176.2285, 345.4053, 175.5595
70 5 0.170000 346.3729, 167.5426, 363.5315, 170.1497, 362.2297, 178.7172, 345.0712, 176.1101
70 6 0.200000 347.1844, 168.1429, 364.0954, 172.6379, 361.6571, 181.8110, 344.7461, 177.3159
70 7 0.240000 348.6846, 167.1508, 365.5445, 172.7176, 362.1840, 182.8955, 345.3241, 177.3287
70 8 0.270000 350.3268, 165.3874, 367.2169, 171.6168, 363.3052, 182.2226, 346.4152, 175.9932
70 9 0.310000 352.2237, 163.5864, 369.4465, 169.0400, 366.1734, 179.3768, 348.9505, 173.9232
70 10 0.340000 353.8171, 162.3310, 371.2967, 167.1218, 368.5380, 177.1873, 351.0583, 172.3965
70 11 0.370000 355.6090, 161.2901, 373.2468, 165.6899, 370.8122, 175.4496, 353.1744, 171.0497
70 12 0.400000 357.3322, 160.8603, 375.1854, 164.6750, 373.1762, 174.0779, 355.3231, 170.2632
70 13 0.440000 359.6610, 161.0972, 377.8001, 164.1523, 376.2898, 173.1192, 358.1507, 170.0641
70 14 0.470000 361.4407, 161.8879, 379.7801, 164.4206, 378.5873, 173.0578, 360.2479, 170.5251
70 15 0.500000 363.2905, 163.0660, 381.8003, 165.2121, 380.8314, 173.5690, 362.3216, 171.4229
70 16 0.540000 365.8420, 164.6668, 384.5838, 166.2463, 383.8566, 174.8751, 365.1148, 173.2957
70 17 0.570000 367.7838, 166.0040, 386.7027, 167.1098, 386.1729, 176.1730, 367.2541, 175.0672
70 18 0.610000 370.4005, 167.8508, 389.5531, 168.2786, 389.3375, 177.9309, 370.1850, 177.5031
70 19 0.640000 372.3598, 169.2244, 391.6985, 169.1172, 391.7544, 179.2014, 372.4157, 179.3085
70 20 0.670000 374.2957, 170.5486, 393.8506, 169.8930, 394.2026, 180.3942, 374.6478, 181.0498
70 21 0.700000 376.2078, 171.7814, 395.9732, 170.5880, 396.6305, 181.4726, 376.8651, 182.6661
70 22 0.740000 378.6824, 173.2240, 398.7173, 171.3255, 399.7920, 182.6670, 379.7571, 184.5655
70 23 0.770000 380.4550, 174.1082, 400.6809, 171.6991, 402.0672, 183.3380, 381.8413, 185.7472
70 24 0.800000 382.1449, 174.7710, 402.5484, 171.9135, 404.2131, 183.8000, 383.8097, 186.6576
70 25 0.840000 384.2161, 175.2743, 404.8380, 171.8820, 406.8376, 184.0379, 386.2157, 187.4302
70 26 0.870000 385.6023, 175.3416, 406.3747, 171.5913, 408.5987, 183.9098, 387.8263, 187.6601
70 27 0.900000 386.8540, 175.0942, 407.7639, 171.1138, 410.1315, 183.5513, 389.2216, 187.5317
70 28 0.940000 388.2532, 174.3322, 409.3321, 170.1239, 411.8401, 182.6860, 390.7612, 186.8943
70 29 0.970000 389.0842, 173.4940, 410.2803, 169.1332, 412.8814, 181.7762, 391.6853, 186.1370
70 30 1.000000 389.8015, 172.4261, 411.1058, 168.1203, 413.6710, 180.8119, 392.3667, 185.1178
70 31 1.040000 390.5206, 171.0001, 411.9598, 166.7542, 414.4867, 179.5135, 393.0475, 183.7593
70 32 1.070000 390.8594, 170.0992, 412.4032, 165.7490, 414.9997, 178.6080, 393.4559, 182.9581
70 33 1.110000 391.2351, 169.0127, 412.9059, 164.8342, 415.3984, 177.7610, 393.7276, 181.9395
70 34 1.140000 391.4390, 168.3042, 413.1956, 164.4191, 415.5149, 177.4070, 393.7583, 181.2920
70 35 1.170000 391.4577, 167.8891, 413.2963, 164.0401, 415.5973, 177.0953, 393.7587, 180.9443
70 36 1.210000 391.4101, 167.4761, 413.3422, 163.9454, 415.4575, 177.0852, 393.5254, 180.6159
70 37 1.240000 391.3351, 167.2551, 413.3176, 164.1867, 415.1640, 177.4152, 393.1816, 180.4835
70 38 1.270000 391.0296, 167.4968, 413.0735, 164.4306, 414.9140, 177.6627, 392.8701, 180.7289
70 39 1.310000 390.6014, 167.9391, 412.7014, 165.2177, 414.3414, 178.5357, 392.2414, 181.2571
70 40 1.340000 390.2721, 168.4069, 412.3869, 166.1741, 413.7429, 179.6045, 391.6281, 181.8373
70 41 1.370000 389.7736, 169.3172, 411.9228, 167.2619, 413.1740, 180.7448, 391.0248, 182.8001
70 42 1.410000 389.1305, 170.7901, 411.2815, 169.2798, 412.2093, 182.8862, 390.0582, 184.3966
70 43 1.440000 388.6561, 172.1475, 410.7707, 171.2046, 411.3555, 184.9202, 389.2409, 185.8631
70 44 1.470000 388.0492, 173.9130, 410.1541, 173.2981, 410.5375, 187.0811, 388.4326, 187.6960
70 45 1.510000 387.2437, 176.4697, 409.2936, 176.4417, 409.3112, 190.3228, 387.2613, 190.3509
70 46 1.540000 386.6907, 178.3161, 408.6387, 178.9146, 408.2579, 192.8766, 386.3099, 192.2781
70 47 1.570000 385.9132, 180.3292, 407.8634, 181.0828, 407.3830, 195.0742, 385.4328, 194.3205
70 48 1.610000 384.8611, 182.8140, 406.8148, 183.7570, 406.2111, 197.8119, 384.2573, 196.8689
70 49 1.640000 384.2561, 184.3610, 406.0969, 185.8292, 405.1520, 199.8854, 383.3113, 198.4172
70 50 1.670000 383.3182, 186.1555, 405.2526, 187.4295, 404.4381, 201.4517, 382.5038, 200.1776
70 51 1.710000 382.3422, 188.1101, 404.2441, 189.6536, 403.2586, 203.6368, 381.3568, 202.0933
70 52 1.740000 381.8094, 189.2914, 403.5722, 191.3899, 402.2279, 205.3306, 380.4651, 203.2321
70 53 1.770000 380.9715, 190.7381, 402.8095, 192.7064, 401.5602, 206.5680, 379.7221, 204.5997
70 54 1.810000 380.1623, 192.3053, 401.9371, 194.6077, 400.4838, 208.3522, 378.7091, 206.0498
70 55 1.840000 379.7904, 193.2410, 401.3898, 196.1483, 399.5534, 209.7920, 377.9540, 206.8848
70 56 1.870000 379.2197, 194.3869, 400.8176, 197.3926, 398.9354, 210.9175, 377.3375, 207.9118
70 57 1.910000 378.7545, 195.6990, 400.2133, 199.1930, 398.0408, 212.5355, 376.5820, 209.0414
70 58 1.940000 378.5662, 196.6051, 399.8684, 200.5786, 397.4084, 213.7669, 376.1063, 209.7935
70 59 1.970000 378.1569, 197.7663, 399.5365, 201.6163, 397.1868, 214.6642, 375.8072, 210.8142
70 60 2.010000 377.8208, 199.1880, 399.2642, 202.9503, 397.0153, 215.7679, 375.5719, 212.0057
70 61 2.040000 377.9069, 199.9039, 399.2552, 204.0135, 396.8270, 216.6275, 375.4787, 212.5179
70 62 2.070000 377.7376, 200.8157, 399.2629, 204.4839, 397.1459, 216.9065, 375.6206, 213.2382
70 63 2.110000 377.9306, 201.5023, 399.5343, 205.0230, 397.5490, 217.2049, 375.9453, 213.6841
70 64 2.140000 378.3407, 201.6542, 399.9205, 205.3352, 397.8724, 217.3420, 376.2926, 213.6610
70 65 2.170000 378.5184, 202.0168, 400.3003, 205.0514, 398.6533, 216.8734, 376.8714, 213.8389
70 66 2.210000 379.1348, 201.9694, 401.0400, 204.6321, 399.6338, 216.2005, 377.7286, 213.5378
70 67 2.240000 379.7831, 201.6041, 401.7339, 204.1867, 400.3928, 215.5848, 378.4421, 213.0022
70 68 2.270000 380.2895, 201.3395, 402.4055, 203.2451, 401.4387, 214.4661, 379.3227, 212.5605
70 69 2.310000 381.1445, 200.5913, 403.4080, 201.7445, 402.8390, 212.7302, 380.5755, 211.5771
70 70 2.340000 382.0460, 199.3891, 404.3626, 200.6893, 403.7291, 211.5612, 381.4126, 210.2610
70 71 2.370000 382.6457, 198.5666, 405.1112, 198.8668, 404.9689, 209.5197, 382.5034, 209.2195
70 72 2.410000 383.7071, 196.5754, 406.3002, 196.4118, 406.3762, 206.9168, 383.7831, 207.0803
70 73 2.440000 384.5621, 194.6342, 407.2305, 194.3837, 407.3459, 204.8265, 384.6775, 205.0770
70 74 2.470000 385.2212, 192.8629, 407.9826, 191.8287, 408.4502, 202.1203, 385.6888, 203.1545
70 75 2.510000 386.2804, 189.7636, 409.1619, 188.7172, 409.6293, 198.9404, 386.7479, 199.9867
70 76 2.540000 386.9940, 187.6248, 409.9676, 186.3962, 410.5122, 196.5793, 387.5385, 197.8078
70 77 2.570000 387.5872, 185.9403, 410.6320, 184.1023, 411.4364, 194.1864, 388.3915, 196.0245
70 78 2.610000 388.3475, 184.0009, 411.4778, 181.4879, 412.5630, 191.4761, 389.4326, 193.9891
70 79 2.640000 388.9036, 182.6655, 412.1155, 179.9154, 413.3002, 189.9142, 390.0882, 192.6643
70 80 2.670000 389.3452, 181.7398, 412.5940, 178.4046, 414.0267, 188.3920, 390.7779, 191.7271
70 81 2.710000 389.8613, 180.5045, 413.1925, 176.7518, 414.8119, 186.8203, 391.4808, 190.5731
70 82 2.740000 390.1867, 179.5835, 413.6250, 175.8324, 415.2503, 185.9879, 391.8120, 189.7390
70 83 2.770000 390.3650, 178.9972, 413.8468, 174.8702, 415.6503, 185.1314, 392.1685, 189.2585
70 84 2.800000 390.5213, 178.3191, 414.1355, 174.3509, 415.8728, 184.6891, 392.2586, 188.6573
70 85 2.840000 390.5563, 177.7386, 414.3168, 173.8275, 416.0356, 184.2699, 392.2752, 188.1810
70 86 2.870000 390.4484, 177.5686, 414.2916, 173.5506, 416.0659, 184.0790, 392.2227, 188.0970
70 87 2.900000 390.3280, 177.3268, 414.3428, 173.7514, 415.9172, 184.3263, 391.9024, 187.9017
70 88 2.940000 390.0042, 177.3819, 414.2073, 174.1984, 415.6088, 184.8531, 391.4057, 188.0366
70 89 2.970000 389.6514, 177.6776, 413.9786, 174.6917, 415.2949, 185.4154, 390.9676, 188.4014
70 90 3.000000 389.3081, 177.9003, 413.8118, 175.6200, 414.8111, 186.3585, 390.3074, 188.6388
70 91 3.040000 388.7078, 178.4559, 413.3919, 176.8632, 414.0833, 187.5795, 389.3993, 189.1722
70 92 3.070000 388.1035, 179.1044, 412.8832, 177.5738, 413.5454, 188.2942, 388.7656, 189.8247
70 93 3.100000 387.5725, 179.4830, 412.4698, 178.6664, 412.8182, 189.2901, 387.9210, 190.1067
70 94 3.140000 386.7250, 180.0050, 411.7432, 179.7428, 411.8551, 190.4222, 386.8369, 190.6845
70 95 3.170000 385.9906, 180.5517, 411.0932, 180.3928, 411.1611, 191.1262, 386.0585, 191.2852
70 96 3.200000 385.3990, 180.7094, 410.5603, 181.3376, 410.2865, 192.3009, 385.1253, 191.6726
70 97 3.240000 384.4842, 181.2469, 409.7249, 182.3823, 409.2165, 193.6857, 383.9758, 192.5503
70 98 3.270000 383.7311, 181.8287, 409.0470, 183.0670, 408.4827, 194.6047, 383.1668, 193.3664
70 99 3.300000 383.1381, 182.1702, 408.4787, 184.0229, 407.6140, 195.8496, 382.2734, 193.9968
70 100 3.340000 382.3031, 182.8699, 407.6893, 185.2183, 406.5602, 197.4237, 381.1740, 195.0753
70 101 3.370000 381.5680, 183.6908, 407.0619, 185.9770, 405.9433, 198.4505, 380.4494, 196.1643
70 102 3.400000 381.0955, 184.2382, 406.5940, 187.1533, 405.1308, 199.9523, 379.6322, 197.0371
70 103 3.440000 380.3771, 185.3775, 405.9667, 188.6585, 404.2738, 201.8620, 378.6842, 198.5811
70 104 3.470000 379.8009, 186.4896, 405.5086, 189.7778, 403.7810, 203.2845, 378.0733, 199.9962
70 105 3.500000 379.4728, 187.4404, 405.1927, 191.2185, 403.1612, 205.0482, 377.4413, 201.2700
70 106 3.540000 379.0293, 188.9048, 404.8372, 193.0020, 402.5730, 207.2638, 376.7651, 203.1666
70 107 3.570000 378.6373, 190.1689, 404.6213, 194.1403, 402.3966, 208.6959, 376.4126, 204.7245
70 108 3.600000 378.6546, 191.0712, 404.6095, 195.6229, 402.0111, 210.4398, 376.0561, 205.8882
70 109 3.640000 378.5503, 192.5698, 404.6643, 197.2581, 401.9475, 212.3905, 375.8336, 207.7022
70 110 3.670000 378.4114, 193.8791, 404.7762, 198.2828, 402.2094, 213.6501, 375.8446, 209.2463
70 111 3.700000 378.6684, 194.9210, 405.0851, 199.6603, 402.2930, 215.2229, 375.8764, 210.4836
70 112 3.740000 378.9152, 196.6222, 405.5874, 201.2739, 402.8242, 217.1172, 376.1521, 212.4654
70 113 3.770000 379.0398, 198.1558, 406.0272, 202.3856, 403.5138, 218.4218, 376.5264, 214.1920
70 114 3.800000 379.5067, 199.5348, 406.6385, 203.8672, 404.0499, 220.0783, 376.9181, 215.7458
70 115 3.840000 380.0809, 201.7584, 407.5254, 205.8587, 405.0716, 222.2829, 377.6271, 218.1826
70 116 3.870000 380.3931, 203.8183, 408.2134, 207.3151, 406.1279, 223.9077, 378.3075, 220.4109
70 117 3.900000 381.0606, 205.7800, 409.0582, 209.2900, 406.9594, 226.0302, 378.9619, 222.5201
70 118 3.940000 381.7652, 209.0143, 410.1756, 211.9652, 408.4186, 228.8805, 380.0082, 225.9296
70 119 3.970000 382.2405, 211.8002, 411.0131, 214.0684, 409.6712, 231.0903, 380.8986, 228.8221
70 120 4.000000 382.9491, 214.4551, 411.9646, 216.4700, 410.7747, 233.6063, 381.7592, 231.5914
70 121 4.040000 383.8789, 217.8996, 413.2531, 219.4149, 412.3667, 236.5986, 382.9925, 235.0834
70 122 4.070000 384.3693, 220.3802, 414.1276, 220.9251, 413.8114, 238.1931, 384.0532, 237.6482
70 123 4.100000 385.5263, 221.6580, 415.3246, 222.8866, 414.6071, 240.2880, 384.8089, 239.0594
70 124 4.140000 386.7202, 223.2554, 416.7442, 224.5046, 416.0160, 242.0053, 385.9920, 240.7560
70 125 4.170000 387.3989, 224.3309, 417.6903, 225.0186, 417.2922, 242.5538, 387.0007, 241.8661
70 126 4.200000 388.4882, 224.5193, 418.8464, 225.6849, 418.1699, 243.3054, 387.8117, 242.1399
70 127 4.240000 389.5750, 224.7181, 420.1886, 225.5839, 419.6892, 243.2430, 389.0755, 242.3772
70 128 4.270000 390.1017, 224.8462, 421.0182, 224.7406, 421.0784, 242.3672, 390.1619, 242.4727
70 129 4.300000 390.9538, 224.1085, 422.0127, 223.9783, 422.0867, 241.6420, 391.0279, 241.7722
70 130 4.340000 391.6065, 223.1282, 422.9861, 221.8406, 423.7081, 239.4362, 392.3285, 240.7238
70 131 4.370000 391.9199, 222.0553, 423.5241, 219.6478, 424.8575, 237.1511, 393.2532, 239.5586
70 132 4.400000 392.5320, 219.8006, 424.2515, 217.6248, 425.4573, 235.2044, 393.7379, 237.3802
70 133 4.440000 392.9605, 216.3774, 424.8572, 214.0067, 426.1663, 231.6201, 394.2695, 233.9908
70 134 4.470000 392.9104, 213.6830, 424.9539, 210.5083, 426.6939, 228.0710, 394.6504, 231.2457
70 135 4.500000 393.1002, 209.9474, 425.2261, 207.2815, 426.6976, 225.0136, 394.5717, 227.6795
70 136 4.540000 393.0341, 205.1776, 425.2736, 202.7412, 426.6278, 220.6615, 394.3884, 223.0979
70 137 4.570000 392.9133, 201.7220, 425.2245, 199.5905, 426.4181, 217.6846, 394.1070, 219.8161
70 138 4.600000 392.9511, 198.1171, 425.2502, 196.9763, 425.8983, 215.3239, 393.5992, 216.4647
70 139 4.640000 392.7075, 194.0128, 425.0222, 193.5439, 425.2920, 212.1357, 392.9773, 212.6046
70 140 4.670000 392.3401, 191.3571, 424.7096, 191.0359, 424.8955, 209.7667, 392.5259, 210.0878
70 141 4.700000 392.1594, 188.5531, 424.4805, 188.9726, 424.2348, 207.8976, 391.9138, 207.4781
70 142 4.740000 391.6726, 185.3335, 424.0093, 186.1965, 423.4988, 205.3263, 391.1621, 204.4633
70 143 4.770000 391.1344, 183.2609, 423.5561, 184.0855, 423.0665, 203.3386, 390.6447, 202.5140
70 144 4.800000 390.8768, 180.9188, 423.2343, 182.4152, 422.3355, 201.8512, 389.9779, 200.3547
70 145 4.840000 390.3527, 178.1669, 422.7139, 180.1171, 421.5299, 199.7643, 389.1687, 197.8141
70 146 4.870000 389.8334, 176.3444, 422.2782, 178.3261, 421.0692, 198.1203, 388.6245, 196.1387
70 147 4.900000 389.7293, 174.1328, 422.0253, 177.0107, 420.2436, 197.0048, 387.9476, 194.1269
70 148 4.940000 389.4029, 171.5432, 421.6475, 175.0516, 419.4449, 195.2944, 387.2004, 191.7860
70 149 4.970000 388.9472, 169.9338, 421.3357, 173.3585, 419.1770, 193.7743, 386.7885, 190.3496
70 150 5.000000 388.9338, 167.9978, 421.2199, 172.1045, 418.5965, 192.7289, 386.3104, 188.6222
70 151 5.040000 388.5996, 166.0140, 421.0275, 170.2013, 418.3356, 191.0485, 385.9076, 186.8612
70 152 5.070000 388.1969, 164.9311, 420.8836, 168.7479, 418.4378, 189.6929, 385.7511, 185.8760
70 153 5.100000 388.2067, 163.6693, 420.9086, 167.7919, 418.2574, 188.8226, 385.5554, 184.7001
70 154 5.140000 388.0080, 162.5349, 420.9329, 166.4747, 418.4127, 187.5359, 385.4878, 183.5960
70 155 5.170000 387.7725, 161.9999, 420.9685, 165.5009, 418.7474, 186.5611, 385.5514, 183.0601
70 156 5.200000 387.8803, 161.3229, 421.1451, 164.9468, 418.8513, 186.0023, 385.5865, 182.3785
70 157 5.240000 387.9294, 160.7950, 421.4026, 164.2502, 419.2337, 185.2625, 385.7605, 181.8073
70 158 5.270000 387.7540, 160.8516, 421.5408, 163.6151, 419.8305, 184.5255, 386.0437, 181.7619
70 159 5.300000 388.0474, 160.5602, 421.8782, 163.5417, 420.0401, 184.3987, 386.2093, 181.4172
70 160 5.340000 388.1564, 160.7282, 422.2429, 163.2769, 420.6917, 184.0229, 386.6052, 181.4743
70 161 5.370000 388.1377, 161.1640, 422.4856, 163.0891, 421.3305, 183.6989, 386.9826, 181.7738
70 162 5.400000 388.4474, 161.3458, 422.8729, 163.3510, 421.6770, 183.8829, 387.2515, 181.8776
70 163 5.440000 388.6402, 162.0935, 423.2895, 163.6577, 422.3719, 183.9852, 387.7225, 182.4210
70 164 5.470000 388.6257, 163.0140, 423.5151, 163.8368, 423.0399, 183.9862, 388.1505, 183.1634
70 165 5.500000 388.8992, 163.6739, 423.8758, 164.5020, 423.4014, 184.5404, 388.4248, 183.7124
70 166 5.540000 389.0361, 165.0623, 424.2200, 165.3910, 424.0345, 185.2496, 388.8506, 184.9209
70 167 5.570000 388.9745, 166.5145, 424.3583, 166.0919, 424.5933, 185.7737, 389.2096, 186.1963
70 168 5.600000 389.1321, 167.7363, 424.6144, 167.2974, 424.8572, 186.9252, 389.3749, 187.3641
70 169 5.640000 389.0952, 169.9526, 424.7661, 168.9941, 425.2902, 188.4966, 389.6193, 189.4551
70 170 5.670000 388.8894, 172.0691, 424.7239, 170.3610, 425.6468, 189.7246, 389.8124, 191.4327
70 171 5.700000 388.8351, 174.0186, 424.7711, 172.2557, 425.7205, 191.6099, 389.7846, 193.3728
70 172 5.740000 388.5087, 177.2768, 424.6034, 174.9922, 425.8235, 194.2675, 389.7288, 196.5521
70 173 5.770000 388.0946, 180.2183, 424.3063, 177.2707, 425.8662, 196.4349, 389.6545, 199.3825
70 174 5.800000 387.7840, 183.0902, 424.0828, 180.1577, 425.6325, 199.3405, 389.3338, 202.2730
70 175 5.840000 387.1331, 187.7095, 423.5481, 184.4469, 425.2621, 203.5764, 388.8470, 206.8390
70 176 5.870000 386.4901, 191.7938, 422.9837, 188.0862, 424.9175, 207.1209, 388.4239, 210.8286
70 177 5.900000 385.8981, 196.0451, 422.4633, 192.4295, 424.3456, 211.4663, 387.7804, 215.0819
70 178 5.940000 384.9020, 202.6850, 421.5545, 198.9215, 423.5016, 217.8837, 386.8490, 221.6472
70 179 5.970000 384.0201, 208.3163, 420.7291, 204.3329, 422.7767, 223.2028, 386.0678, 227.1862
70 180 6.000000 383.1357, 214.0468, 419.9037, 210.2925, 421.8284, 229.1423, 385.0604, 232.8966
70 181 6.040000 381.6695, 221.8488, 418.4847, 218.1889, 420.3513, 236.9649, 383.5361, 240.6248
70 182 6.070000 380.2996, 227.5800, 417.1194, 223.7392, 419.0725, 242.4621, 382.2527, 246.3029
70 183 6.100000 378.9469, 232.5275, 415.7624, 229.3209, 417.4116, 248.2556, 380.5961, 251.4623
70 184 6.140000 376.6658, 239.5220, 413.4128, 236.2189, 415.0905, 254.8837, 378.3435, 258.1867
70 185 6.170000 374.5995, 244.9312, 411.2576, 240.8961, 413.2814, 259.2812, 376.6232, 263.3163
70 186 6.200000 372.6946, 249.4222, 409.2810, 246.0280, 410.9848, 264.3936, 374.3985, 267.7879
70 187 6.240000 369.6920, 255.8677, 406.1195, 252.3857, 407.8530, 270.5213, 371.4256, 274.0033
70 188 6.270000 367.2014, 260.8866, 403.4790, 257.0483, 405.3657, 274.8809, 369.0881, 278.7191
70 189 6.300000 364.7921, 265.4180, 400.9263, 262.1658, 402.5143, 279.8089, 366.3801, 283.0612
70 190 6.340000 361.2553, 271.9337, 397.1593, 268.9283, 398.6010, 286.1514, 362.6970, 289.1568
70 191 6.370000 358.4022, 277.2040, 394.0855, 274.0447, 395.5728, 290.8434, 359.8895, 294.0027
70 192 6.400000 355.6183, 282.2183, 391.1176, 279.7340, 392.2702, 296.2037, 356.7709, 298.6880
70 193 6.440000 351.6551, 289.6224, 386.8487, 287.4900, 387.8106, 303.3644, 352.6170, 305.4968
70 194 6.470000 348.5418, 295.6011, 383.4843, 293.5161, 384.4093, 309.0188, 349.4669, 311.1038
70 195 6.500000 345.4494, 301.4252, 380.1538, 299.9013, 380.8352, 315.4209, 346.1309, 316.9448
70 196 6.540000 341.1056, 308.4151, 375.4827, 307.3765, 375.9738, 323.6311, 341.5967, 324.6697
70 197 6.570000 337.6274, 313.4273, 371.7258, 312.1902, 372.3401, 329.1223, 338.2417, 330.3594
70 198 6.600000 334.2999, 317.5643, 368.2041, 317.1829, 368.4013, 334.7178, 334.4972, 335.0992
70 199 6.640000 329.5128, 323.2632, 363.0654, 322.7181, 363.3606, 340.8911, 329.8080, 341.4362
70 200 6.670000 325.7412, 327.4761, 358.9665, 326.2574, 359.6501, 344.8939, 326.4248, 346.1125
70 201 6.700000 322.2170, 330.7849, 355.2936, 330.3274, 355.5569, 349.3620, 322.4803, 349.8196
70 202 6.740000 317.2086, 335.4457, 349.9191, 334.8670, 350.2659, 354.4654, 317.5553, 355.0441
70 203 6.770000 313.4191, 338.7573, 345.8771, 338.2098, 346.2135, 358.1536, 313.7555, 358.7011
70 204 6.800000 309.7503, 341.6817, 342.0324, 341.7976, 341.9596, 362.0553, 309.6775, 361.9394
70 205 6.840000 304.6235, 345.9231, 336.5632, 346.1080, 336.4438, 366.7483, 304.5040, 366.5634
70 206 6.870000 300.3972, 349.3536, 332.2126, 349.0760, 332.3953, 370.0091, 300.5799, 370.2867
70 207 6.900000 296.4225, 352.3649, 328.2294, 352.5794, 328.0863, 373.7977, 296.2795, 373.5832
70 208 6.940000 290.8105, 356.8229, 322.6096, 357.0695, 322.4423, 378.6393, 290.6432, 378.3926
70 209 6.970000 286.4665, 360.3885, 318.2631, 360.4354, 318.2310, 382.2312, 286.4344, 382.1843
70 210 7.000000 282.4095, 363.6051, 314.1981, 364.1555, 313.8170, 386.1656, 282.0284, 385.6152
70 211 7.040000 276.7994, 367.7990, 308.5889, 368.6211, 308.0128, 390.9009, 276.2233, 390.0789
70 212 7.070000 272.1561, 371.0452, 304.4009, 371.1934, 304.2978, 393.6116, 272.0530, 393.4634
70 213 7.100000 267.9694, 373.4190, 300.4110, 373.9069, 300.0718, 396.4635, 267.6301, 395.9756
70 214 7.140000 262.0575, 376.3913, 294.9221, 376.7476, 294.6763, 399.4193, 261.8117, 399.0630
70 215 7.170000 257.3056, 378.6084, 290.6298, 378.2670, 290.8620, 400.9233, 257.5377, 401.2647
70 216 7.200000 253.1915, 379.7164, 286.6305, 380.2078, 286.2970, 402.9066, 252.8579, 402.4152
70 217 7.240000 247.2109, 381.2905, 281.0265, 381.9388, 280.5921, 404.5983, 246.7765, 403.9500
70 218 7.270000 242.5378, 382.3472, 276.7261, 382.8080, 276.4221, 405.3629, 242.2338, 404.9022
70 219 7.300000 238.3397, 382.5472, 272.6205, 383.9248, 271.7163, 406.4274, 237.4354, 405.0498
70 220 7.340000 232.3940, 382.8436, 266.9843, 384.7349, 265.7659, 407.0165, 231.1757, 405.1252
70 221 7.370000 227.6986, 383.0634, 262.6602, 384.8136, 261.5564, 406.8643, 226.5947, 405.1141
70 222 7.400000 223.4828, 382.4684, 258.5361, 385.0852, 256.9014, 406.9832, 221.8481, 404.3664
70 223 7.440000 217.7291, 381.5307, 253.0098, 384.8955, 250.9484, 406.5103, 215.6677, 403.1455
70 224 7.470000 213.0176, 381.1408, 248.7495, 384.0490, 247.0168, 405.3390, 211.2848, 402.4308
70 225 7.500000 209.0807, 379.7264, 244.8062, 383.7807, 242.4166, 404.8370, 206.6912, 400.7827
70 226 7.540000 203.4075, 378.4223, 239.4372, 382.8130, 236.9108, 403.5448, 200.8811, 399.1542
70 227 7.570000 199.1951, 377.5422, 235.4772, 382.1172, 232.8908, 402.6281, 196.6088, 398.0532
70 228 7.600000 195.4272, 376.3120, 231.6885, 381.8486, 228.5808, 402.2023, 192.3195, 396.6658
70 229 7.640000 190.2184, 375.1771, 226.6794, 381.2512, 223.3282, 401.3675, 186.8672, 395.2934
70 230 7.670000 186.1795, 374.7104, 222.9690, 380.5834, 219.7891, 400.5030, 182.9996, 394.6300
70 231 7.700000 182.6567, 373.8138, 219.4869, 380.3322, 215.9830, 400.1299, 179.1528, 393.6115
70 232 7.740000 177.8679, 373.0354, 214.9569, 379.7144, 211.4250, 399.3278, 174.3359, 392.6488
70 233 7.770000 174.2261, 372.7361, 211.6660, 379.0309, 208.3920, 398.5034, 170.9522, 392.2087
70 234 7.800000 171.1963, 371.8868, 208.6296, 378.8005, 205.0414, 398.2281, 167.6082, 391.3145
70 235 7.840000 167.0860, 371.1429, 204.7337, 378.1455, 201.1318, 397.5099, 163.4842, 390.5073
70 236 7.870000 163.9657, 370.8778, 201.9316, 377.4139, 198.6132, 396.6896, 160.6473, 390.1535
70 237 7.900000 161.4750, 370.0267, 199.3998, 377.1231, 195.7900, 396.4149, 157.8652, 389.3185
70 238 7.940000 158.1599, 369.2152, 196.2052, 376.4494, 192.5431, 395.7090, 154.4977, 388.4747
70 239 7.970000 155.6939, 368.8262, 193.9541, 375.7223, 190.4877, 394.9545, 152.2274, 388.0585
70 240 8.000000 153.9194, 367.8054, 191.9888, 375.4985, 188.0841, 394.8207, 150.0148, 387.1276
70 241 8.040000 151.6291, 366.7867, 189.5693, 375.0358, 185.3463, 394.4585, 147.4061, 386.2095
70 242 8.070000 149.8396, 366.4527, 187.8989, 374.5095, 183.7847, 393.9449, 145.7253, 385.8881
70 243 8.100000 148.5898, 365.8041, 186.4717, 374.3841, 182.0539, 393.8893, 144.1720, 385.3093
70 244 8.140000 146.9712, 365.3698, 184.8007, 374.1019, 180.2893, 393.6462, 142.4598, 384.9141
70 245 8.170000 145.7406, 365.4133, 183.7174, 373.7309, 179.4337, 393.2896, 141.4569, 384.9719
70 246 8.200000 145.1695, 365.0194, 182.9039, 373.8545, 178.3047, 393.4975, 140.5703, 384.6625
70 247 8.240000 144.3275, 365.0450, 182.0403, 373.7486, 177.4861, 393.4819, 139.7733, 384.7782
70 248 8.270000 143.7377, 365.3745, 181.5674, 373.5883, 177.2767, 393.3496, 139.4470, 385.1359
70 249 8.300000 143.6974, 365.3836, 181.3435, 373.8288, 176.8899, 393.6816, 139.2438, 385.2364
70 250 8.340000 143.7207, 365.7739, 181.2679, 374.0744, 176.8558, 394.0324, 139.3086, 385.7318
70 251 8.370000 143.6389, 366.5157, 181.3445, 374.0713, 177.3325, 394.0928, 139.6269, 386.5373
70 252 8.400000 144.2115, 366.8256, 181.6707, 374.6274, 177.4737, 394.7788, 140.0145, 386.9770
70 253 8.440000 144.8875, 367.7993, 182.2642, 375.2434, 178.2272, 395.5130, 140.8505, 388.0690
70 254 8.470000 145.3828, 368.8628, 182.8287, 375.6301, 179.1505, 395.9831, 141.7046, 389.2159
70 255 8.500000 146.3816, 369.5707, 183.6160, 376.3770, 179.8700, 396.8700, 142.6356, 390.0636
70 256 8.540000 147.7604, 370.5990, 184.8677, 376.9943, 181.3084, 397.6459, 144.2012, 391.2505
70 257 8.570000 148.8887, 371.2776, 185.9684, 377.1245, 182.7025, 397.8357, 145.6229, 391.9888
70 258 8.600000 150.6735, 371.1896, 187.3637, 377.4996, 183.7873, 398.2954, 147.0971, 391.9854
70 259 8.640000 152.9794, 371.1105, 189.3938, 377.2995, 185.8479, 398.1630, 149.4335, 391.9740
70 260 8.670000 154.5420, 371.2142, 191.0096, 376.5693, 187.9526, 397.3875, 151.4849, 392.0324
70 261 8.700000 156.7903, 370.5084, 192.9156, 376.1279, 189.6777, 396.9433, 153.5523, 391.3237
70 262 8.740000 159.6559, 369.6673, 195.5740, 374.8871, 192.5690, 395.5645, 156.6509, 390.3446
70 263 8.770000 161.6028, 369.1815, 197.6103, 373.2901, 195.2626, 393.8650, 159.2551, 389.7563
70 264 8.800000 164.3360, 367.6821, 199.9583, 372.1314, 197.3951, 392.6533, 161.7728, 388.2040
70 265 8.840000 167.5472, 365.9868, 203.0629, 369.5514, 201.0149, 389.9565, 165.4992, 386.3918
70 266 8.870000 169.9795, 364.5363, 205.4368, 367.2160, 203.9074, 387.4523, 168.4502, 384.7726
70 267 8.900000 172.7441, 362.4312, 207.9834, 364.8516, 206.6018, 384.9666, 171.3626, 382.5462
70 268 8.940000 176.4630, 359.1563, 211.4061, 361.0965, 210.2957, 381.0963, 175.3525, 379.1561
70 269 8.970000 178.8677, 356.9169, 213.7991, 357.4216, 213.5125, 377.2584, 178.5811, 376.7537
70 270 9.000000 181.9924, 353.3888, 216.5279, 354.3591, 215.9704, 374.2037, 181.4349, 373.2335
70 271 9.040000 185.4959, 349.6298, 219.8237, 349.6024, 219.8394, 369.1830, 185.5116, 369.2105
70 272 9.070000 187.9534, 347.1571, 222.1549, 346.0120, 222.8034, 365.3804, 188.6018, 366.5254
70 273 9.100000 190.6198, 344.3602, 224.5921, 342.9217, 225.4074, 362.1757, 191.4351, 363.6142
70 274 9.140000 193.8902, 341.0424, 227.6088, 338.7767, 228.8924, 357.8786, 195.1738, 360.1443
70 275 9.170000 196.1701, 338.7625, 229.7099, 335.7208, 231.4273, 354.6589, 197.8876, 357.7006
70 276 9.200000 198.5282, 336.1228, 231.8658, 333.0158, 233.6261, 351.9045, 200.2886, 355.0115
70 277 9.240000 201.3731, 332.8041, 234.4739, 329.3602, 236.4281, 348.1437, 203.3273, 351.5876
70 278 9.270000 203.1991, 330.5808, 236.1517, 326.4419, 238.4941, 345.0910, 205.5415, 349.2300
70 279 9.300000 205.0947, 327.8283, 237.9017, 323.8670, 240.1545, 342.5242, 207.3475, 346.4855
70 280 9.340000 207.1287, 324.5560, 239.7799, 320.0595, 242.3334, 338.6016, 209.6822, 343.0982
70 281 9.370000 208.3169, 322.3025, 240.8553, 316.9642, 243.8661, 335.3161, 211.3277, 340.6544
70 282 9.400000 209.5364, 319.3207, 242.0210, 314.1767, 244.9273, 332.5299, 212.4427, 337.6739
70 283 9.440000 210.6977, 315.4244, 243.1385, 310.1331, 246.1135, 328.3728, 213.6728, 333.6641
70 284 9.470000 211.1710, 312.6679, 243.5907, 306.7866, 246.8597, 324.8060, 214.4400, 330.6873
70 285 9.500000 211.6863, 309.0966, 244.1559, 303.7857, 247.1041, 321.8104, 214.6345, 327.1213
70 286 9.540000 211.8796, 304.7073, 244.4350, 299.5335, 247.2789, 317.4282, 214.7235, 322.6021
70 287 9.570000 211.7916, 301.4973, 244.4234, 296.4088, 247.1943, 314.1784, 214.5624, 319.2668
70 288 9.600000 211.6640, 297.9461, 244.4094, 293.5839, 246.7752, 311.3428, 214.0298, 315.7050
70 289 9.640000 211.1369, 293.4391, 244.0319, 289.7108, 246.0341, 307.3761, 213.1391, 311.1044
70 290 9.670000 210.3928, 290.3948, 243.4217, 286.5611, 245.4478, 304.0173, 212.4189, 307.8510
70 291 9.700000 209.7161, 286.7322, 242.8880, 283.7279, 244.4645, 301.1338, 211.2926, 304.1381
70 292 9.740000 208.4444, 282.0546, 241.8241, 279.6352, 243.0676, 296.7905, 209.6879, 299.2099
70 293 9.770000 207.2270, 278.6453, 240.7862, 276.2867, 241.9699, 293.1304, 208.4108, 295.4889
70 294 9.800000 206.1591, 274.4465, 239.8755, 273.2428, 240.4699, 289.8925, 206.7535, 291.0962
70 295 9.840000 204.4055, 268.9382, 238.3558, 268.6295, 238.5030, 284.8323, 204.5528, 285.1409
70 296 9.870000 202.8568, 264.8545, 237.0191, 264.6797, 237.0995, 280.3998, 202.9373, 280.5746
70 297 9.900000 201.5090, 259.8305, 235.8669, 260.9209, 235.3800, 276.2622, 201.0221, 275.1717
70 298 9.940000 199.4625, 253.1054, 234.1398, 255.0940, 233.3011, 269.7189, 198.6239, 267.7304
70 299 9.970000 197.7279, 247.5569, 232.7161, 249.2306, 232.0159, 263.8694, 197.0277, 262.1957
70 300 10.000000 196.2983, 241.2772, 231.5354, 243.7975, 230.4502, 258.9697, 195.2131, 256.4494
70 301 10.040000 194.2530, 233.3384, 229.8678, 236.3117, 228.5383, 252.2372, 192.9235, 249.2639
70 302 10.070000 192.8060, 227.5895, 228.6880, 231.1759, 227.0493, 247.5710, 191.1673, 243.9846
70 303 10.100000 191.5149, 221.9728, 227.6066, 226.5772, 225.4738, 243.2953, 189.3820, 238.6908
70 304 10.140000 189.8373, 214.9015, 226.2174, 220.6318, 223.5046, 237.8543, 187.1245, 232.1240
70 305 10.170000 188.5165, 210.0409, 225.1494, 215.9463, 222.2846, 233.7174, 185.6518, 227.8120
70 306 10.200000 187.5610, 204.9664, 224.3579, 211.9107, 220.9456, 229.9923, 184.1487, 223.0481
70 307 10.240000 186.3185, 198.6214, 223.3702, 206.1724, 219.5720, 224.8097, 182.5203, 217.2586
70 308 10.270000 185.4423, 194.0881, 222.7287, 201.5646, 218.8824, 220.7469, 181.5959, 213.2704
70 309 10.300000 185.0628, 189.2018, 222.4523, 197.5597, 218.1142, 216.9663, 180.7248, 208.6084
70 310 10.340000 184.7175, 182.8331, 222.2957, 191.6323, 217.6275, 211.5683, 180.0494, 202.7691
70 311 10.370000 184.5226, 178.2480, 222.2874, 186.5398, 217.7814, 207.0622, 180.0166, 198.7703
70 312 10.400000 184.9016, 173.1671, 222.7362, 181.9074, 217.9360, 202.6864, 180.1014, 193.9461
70 313 10.440000 185.6536, 166.3682, 223.6056, 174.9714, 218.7864, 196.2307, 180.8344, 187.6275
70 314 10.470000 186.2852, 161.3848, 224.3251, 168.8727, 220.0037, 190.8263, 181.9638, 183.3384
70 315 10.500000 187.7480, 155.6185, 225.7868, 164.0671, 220.9051, 186.0464, 182.8663, 177.5978
70 316 10.540000 189.2590, 149.2959, 227.3205, 156.6500, 222.9437, 179.3023, 184.8822, 171.9482
70 317 10.570000 190.3483, 145.4022, 228.3424, 151.3987, 224.6710, 174.6608, 186.6769, 168.6643
70 318 10.600000 191.6165, 141.9440, 229.4958, 147.0159, 226.3234, 170.7090, 188.4442, 165.6372
70 319 10.640000 193.3608, 138.2536, 230.9804, 141.9549, 228.5982, 166.1674, 190.9786, 162.4661
70 320 10.670000 194.6904, 136.1537, 232.0099, 138.6631, 230.3586, 163.2216, 193.0390, 160.7122
70 321 10.700000 196.1813, 134.2955, 233.2630, 136.1723, 232.0113, 160.9032, 194.9296, 159.0263
70 322 10.740000 198.1553, 132.5966, 234.8075, 133.4086, 234.2556, 158.3206, 197.6033, 157.5085
70 323 10.770000 199.6050, 131.9114, 235.8184, 131.7126, 235.9557, 156.7152, 199.7423, 156.9141
70 324 10.800000 201.1636, 131.3596, 237.1012, 130.7654, 237.5138, 155.7212, 201.5762, 156.3154
70 325 10.840000 203.1434, 131.3956, 238.5694, 129.9597, 239.5766, 154.8109, 204.1507, 156.2468
70 326 10.870000 204.5483, 132.0005, 239.4755, 129.7255, 241.0863, 154.4542, 206.1591, 156.7292
70 327 10.900000 205.9909, 132.7582, 240.6258, 130.1990, 242.4379, 154.7218, 207.8029, 157.2810
70 328 10.940000 207.7716, 134.5392, 241.8972, 131.3656, 244.1486, 155.5747, 210.0230, 158.7482
70 329 10.970000 208.9904, 136.4250, 242.6456, 132.6298, 245.3454, 156.5709, 211.6902, 160.3660
70 330 11.000000 210.1818, 138.3406, 243.5998, 134.4376, 246.3637, 158.1021, 212.9457, 162.0051
70 331 11.040000 211.5548, 141.1282, 244.5513, 136.9195, 247.5083, 160.1029, 214.5118, 164.3116
70 332 11.070000 212.3370, 143.3499, 244.8489, 138.5218, 248.2236, 161.2466, 215.7118, 166.0748
70 333 11.100000 213.0471, 145.0389, 245.4378, 140.3708, 248.6429, 162.6100, 216.2522, 167.2780
70 334 11.140000 213.6173, 147.2918, 245.6666, 142.3971, 248.9622, 163.9765, 216.9130, 168.8711
70 335 11.170000 213.7680, 148.9850, 245.4426, 143.6320, 248.9972, 164.6653, 217.3226, 170.0182
70 336 11.200000 213.8178, 150.0857, 245.5019, 145.1252, 248.7126, 165.6326, 217.0285, 170.5931
70 337 11.240000 213.4428, 151.6758, 244.8967, 146.5747, 248.1007, 166.3311, 216.6468, 171.4322
70 338 11.270000 212.8761, 152.7798, 244.1018, 147.3670, 247.4405, 166.6272, 216.2148, 172.0400
70 339 11.300000 212.1260, 153.3902, 243.3739, 148.2251, 246.4912, 167.0845, 215.2433, 172.2496
70 340 11.340000 210.7917, 153.9303, 242.0853, 149.1672, 244.8760, 167.5016, 213.5823, 172.2647
70 341 11.370000 209.3842, 154.6174, 240.4542, 149.2318, 243.5667, 167.1877, 212.4967, 172.5734
70 342 11.400000 208.0032, 154.3424, 239.3343, 149.9199, 241.8137, 167.4855, 210.4826, 171.9080
70 343 11.440000 205.6249, 154.3092, 236.9652, 149.9031, 239.3816, 167.0912, 208.0413, 171.4973
70 344 11.470000 203.6209, 154.0755, 234.9788, 149.7317, 237.3258, 166.6747, 205.9679, 171.0185
70 345 11.500000 201.5299, 153.4118, 233.1084, 149.8061, 235.0119, 166.4771, 203.4335, 170.0828
70 346 11.540000 198.4069, 152.7771, 230.1416, 149.5883, 231.7857, 165.9500, 200.0510, 169.1389
70 347 11.570000 195.8472, 152.4566, 227.6566, 149.2972, 229.2662, 165.5031, 197.4569, 168.6625
70 348 11.600000 193.2892, 151.7723, 225.3273, 149.4225, 226.5051, 165.4811, 194.4670, 167.8310
70 349 11.640000 189.5864, 151.1909, 221.8262, 149.2957, 222.7614, 165.2051, 190.5216, 167.1003
70 350 11.670000 186.6051, 150.9302, 218.9441, 148.9581, 219.9128, 164.8433, 187.5738, 166.8154
70 351 11.700000 183.6831, 150.2492, 216.2506, 149.0770, 216.8189, 164.8658, 184.2514, 166.0380
70 352 11.740000 179.5473, 149.5340, 212.3492, 148.8811, 212.6632, 164.6567, 179.8613, 165.3095
70 353 11.770000 176.2707, 149.1390, 209.2112, 148.4497, 209.5431, 164.3082, 176.6026, 164.9975
70 354 11.800000 173.0933, 148.3388, 206.2560, 148.4519, 206.2020, 164.2895, 173.0393, 164.1765
70 355 11.840000 168.6672, 147.4416, 202.0743, 148.0795, 201.7701, 164.0112, 168.3630, 163.3732
70 356 11.870000 165.1967, 146.9298, 198.7550, 147.4663, 198.4974, 163.5809, 164.9391, 163.0444
70 357 11.900000 161.8913, 145.9917, 195.6589, 147.3581, 195.0056, 163.5035, 161.2380, 162.1371
70 358 11.940000 157.3048, 144.9994, 191.3083, 146.7660, 190.4606, 163.0823, 156.4571, 161.3157
70 359 11.970000 153.7492, 144.4207, 187.9125, 146.0214, 187.1371, 162.5699, 152.9738, 160.9692
70 360 12.000000 150.3734, 143.5046, 184.7295, 145.7725, 183.6340, 162.3675, 149.2780, 160.0996
70 361 12.040000 145.7543, 142.5221, 180.3445, 145.1153, 179.0862, 161.8994, 144.4960, 159.3062
70 362 12.070000 142.2105, 141.9692, 176.9639, 144.3986, 175.7745, 161.4128, 141.0212, 158.9834
70 363 12.100000 138.8670, 141.1093, 173.8232, 144.2505, 172.2939, 161.2691, 137.3377, 158.1280
70 364 12.140000 134.3142, 140.1911, 169.5620, 143.7457, 167.8348, 160.8728, 132.5870, 157.3181
70 365 12.170000 130.8147, 139.7346, 166.2641, 143.0273, 164.6530, 160.3729, 129.2036, 157.0803
70 366 12.200000 127.5972, 138.8860, 163.2653, 142.9757, 161.2840, 160.2553, 125.6159, 156.1656
70 367 12.240000 123.2138, 138.0772, 159.1435, 142.4261, 157.0414, 159.7938, 121.1116, 155.4449
70 368 12.270000 119.9288, 137.5846, 156.0538, 141.8384, 153.9935, 159.3348, 117.8686, 155.0811
70 369 12.300000 116.9098, 136.7870, 153.2120, 141.7691, 150.8254, 159.1585, 114.5232, 154.1763
70 370 12.340000 112.8758, 135.9487, 149.4029, 141.3285, 146.8459, 158.6900, 110.3188, 153.3102
70 371 12.370000 109.8419, 135.4912, 146.5419, 140.6970, 144.0651, 158.1577, 107.3652, 152.9519
70 372 12.400000 107.1370, 134.6871, 143.9648, 140.6888, 141.1540, 157.9368, 104.3262, 151.9351
70 373 12.440000 103.5489, 133.8323, 140.5510, 140.2709, 137.5697, 157.4040, 100.5677, 150.9655
70 374 12.470000 100.8722, 133.3625, 138.0254, 139.6375, 135.1234, 156.8197, 97.9702, 150.5447
70 375 12.500000 98.5651, 132.5450, 135.7866, 139.6600, 132.5562, 156.5594, 95.3348, 149.4444
70 376 12.540000 95.5301, 131.6835, 132.8795, 139.2841, 129.4720, 156.0290, 92.1225, 148.4284
70 377 12.570000 93.2937, 131.1961, 130.7888, 138.7012, 127.4222, 155.5204, 89.9272, 148.0153
70 378 12.600000 91.4664, 130.3641, 128.9860, 138.7955, 125.2622, 155.3666, 87.7425, 146.9351
70 379 12.640000 89.1764, 129.4014, 126.7569, 138.6440, 122.7224, 155.0483, 85.1419, 145.8056
70 380 12.670000 87.5544, 128.8186, 125.2388, 138.2341, 121.1268, 154.6918, 83.4424, 145.2764
70 381 12.700000 86.3534, 127.9783, 123.9889, 138.3662, 119.5098, 154.5939, 81.8743, 144.2060
70 382 12.740000 84.8319, 127.1574, 122.5567, 137.9048, 117.9130, 154.2050, 80.1881, 143.4575
70 383 12.770000 83.7565, 126.7742, 121.6736, 137.0952, 117.1493, 153.7162, 79.2323, 143.3952
70 384 12.800000 83.1453, 126.1345, 121.0814, 136.8683, 116.3771, 153.4946, 78.4410, 142.7607
70 385 12.840000 82.4671, 125.5504, 120.5618, 136.0639, 115.8927, 152.9821, 77.7980, 142.4685
70 386 12.870000 82.0215, 125.3526, 120.3411, 134.9608, 115.9690, 152.3977, 77.6494, 142.7896
70 387 12.900000 82.0980, 124.8113, 120.4522, 134.6346, 115.9639, 152.1588, 77.6097, 142.3354
70 388 12.940000 82.2642, 124.4259, 120.7828, 133.5513, 116.5168, 151.5583, 77.9982, 142.4330
70 389 12.970000 82.5257, 124.2905, 121.1797, 132.5470, 117.2325, 151.0266, 78.5784, 142.7701
70 390 13.000000 83.2300, 123.9049, 121.8974, 132.3348, 117.8495, 150.9025, 79.1820, 142.4726
70 391 13.040000 84.0934, 124.1062, 122.8530, 131.7103, 119.1202, 150.7371, 80.3606, 143.1330
70 392 13.070000 84.7551, 124.7906, 123.5652, 131.3616, 120.2715, 150.8146, 81.4615, 144.2436
70 393 13.100000 85.6541, 125.6114, 124.4677, 131.7802, 121.3498, 151.3977, 82.5362, 145.2289
70 394 13.140000 86.8763, 127.3688, 125.6668, 132.6318, 122.9680, 152.5233, 84.1775, 147.2603
70 395 13.170000 87.8076, 129.1781, 126.5416, 133.5028, 124.2946, 153.6271, 85.5607, 149.3024
70 396 13.200000 88.9357, 131.0940, 127.6261, 135.1449, 125.5205, 155.2551, 86.8301, 151.2042
70 397 13.240000 90.4276, 134.3058, 129.0241, 137.6791, 127.2653, 157.8029, 88.6688, 154.4296
70 398 13.270000 91.5317, 137.2197, 130.0243, 139.8711, 128.6364, 160.0206, 90.1438, 157.3692
70 399 13.300000 92.7797, 140.2896, 131.2197, 142.8472, 129.8915, 162.8101, 91.4515, 160.2525
70 400 13.340000 94.3836, 145.1524, 132.7188, 147.2791, 131.6231, 167.0290, 93.2879, 164.9023
70 401 13.370000 95.5407, 149.4172, 133.7759, 151.0408, 132.9437, 170.6415, 94.7084, 169.0180
70 402 13.400000 96.7693, 154.0414, 134.9548, 155.6143, 134.1596, 174.9198, 95.9741, 173.3469
70 403 13.440000 98.3137, 161.2263, 136.4077, 162.4690, 135.7901, 181.3991, 97.6962, 180.1564
70 404 13.470000 99.4236, 167.3291, 137.4467, 168.2559, 136.9924, 186.8930, 98.9693, 185.9662
70 405 13.500000 100.5720, 173.7235, 138.5578, 174.6450, 138.1154, 192.8853, 100.1295, 191.9638
70 406 13.540000 102.1036, 182.0803, 140.0330, 182.9810, 139.6126, 200.6821, 101.6833, 199.7814
70 407 13.570000 103.2439, 187.8538, 141.1225, 188.6156, 140.7734, 205.9691, 102.8948, 205.2072
70 408 13.600000 104.5279, 192.8913, 142.3842, 194.1437, 141.8269, 210.9889, 103.9706, 209.7365
70 409 13.640000 106.3005, 198.9823, 144.0608, 200.9274, 143.2369, 216.9213, 105.4767, 214.9762
70 410 13.670000 107.5517, 203.2530, 145.2298, 205.1700, 144.4360, 220.7707, 106.7579, 218.8536
70 411 13.700000 108.9600, 206.9668, 146.5588, 209.4658, 145.5601, 224.4917, 107.9613, 221.9927
70 412 13.740000 110.7607, 211.6619, 148.2531, 214.3220, 147.2256, 228.8036, 109.7332, 226.1435
70 413 13.770000 111.9920, 215.0858, 149.4616, 217.1880, 148.6564, 231.5409, 111.1867, 229.4386
70 414 13.800000 113.5723, 217.6796, 150.9474, 220.7241, 149.8147, 234.6291, 112.4397, 231.5846
70 415 13.840000 115.5789, 221.0750, 152.8687, 224.6295, 151.5444, 238.5224, 114.2546, 234.9679
70 416 13.870000 117.0542, 223.5403, 154.3204, 227.0893, 152.9969, 240.9864, 115.7307, 237.4374
70 417 13.900000 118.9291, 225.0731, 156.0094, 229.8891, 154.1676, 244.0697, 117.0873, 239.2537
70 418 13.940000 121.3215, 227.3228, 158.2763, 232.7985, 156.1247, 247.3193, 119.1699, 241.8436
70 419 13.970000 123.1395, 229.0695, 160.0567, 234.7612, 157.7959, 249.4251, 120.8787, 243.7335
70 420 14.000000 125.3280, 230.2606, 162.0537, 236.9950, 159.3095, 251.9603, 122.5837, 245.2258
70 421 14.040000 128.2054, 232.4133, 164.7723, 239.8205, 161.6957, 255.0085, 125.1289, 247.6013
70 422 14.070000 130.4029, 234.3702, 166.8951, 242.0229, 163.6839, 257.3357, 127.1916, 249.6830
70 423 14.100000 132.9736, 236.1234, 169.1939, 244.6986, 165.5123, 260.2487, 129.2920, 251.6735
70 424 14.140000 136.3546, 239.2059, 172.3604, 248.3236, 168.3714, 264.0763, 132.3656, 254.9585
70 425 14.170000 138.8384, 242.1022, 174.8218, 251.1069, 170.8635, 266.9248, 134.8800, 257.9201
70 426 14.200000 141.6987, 244.9129, 177.4625, 254.3914, 173.2285, 270.3669, 137.4647, 260.8884
70 427 14.240000 145.4297, 249.5158, 181.1003, 258.9226, 176.8585, 275.0076, 141.1879, 265.6008
70 428 14.270000 148.1918, 253.5878, 183.9187, 262.5017, 179.8963, 278.6235, 144.1694, 269.7097
70 429 14.300000 151.2612, 257.7525, 186.8834, 266.6333, 182.8380, 282.8598, 147.2159, 273.9790
70 430 14.340000 155.2899, 264.2473, 190.9162, 272.5548, 187.1118, 288.8698, 151.4855, 280.5622
70 431 14.370000 158.2788, 269.8675, 193.9780, 277.4264, 190.5169, 293.7725, 154.8177, 286.2136
70 432 14.400000 161.4526, 275.8666, 197.1151, 283.0133, 193.8220, 299.4458, 158.1595, 292.2991
70 433 14.440000 165.5829, 285.0939, 201.2867, 291.3369, 198.4000, 307.8460, 162.6962, 301.6029
70 434 14.470000 168.6439, 292.9260, 204.4110, 298.3277, 201.9110, 314.8811, 166.1439, 309.4794
70 435 14.500000 171.7960, 301.1929, 207.5821, 305.8736, 205.4077, 322.4978, 169.6217, 317.8172
70 436 14.540000 176.1437, 312.0561, 211.9575, 315.6471, 210.2817, 332.3602, 174.4679, 328.7692
70 437 14.570000 179.5367, 319.5790, 215.3701, 322.2279, 214.1302, 339.0010, 178.2968, 336.3521
70 438 14.600000 183.1738, 326.2022, 218.9448, 328.3045, 217.9528, 345.1823, 182.1818, 343.0800
70 439 14.640000 188.1056, 334.1027, 223.7950, 335.3599, 223.1961, 352.3615, 187.5067, 351.1044
70 440 14.670000 191.8049, 339.4276, 227.4377, 339.8780, 227.2217, 356.9695, 191.5889, 356.5190
70 441 14.700000 195.6900, 343.8849, 231.1954, 344.1312, 231.0761, 361.3361, 195.5706, 361.0898
70 442 14.740000 200.7851, 349.1552, 236.1379, 348.9003, 236.2630, 366.2480, 200.9102, 366.5029
70 443 14.770000 204.5025, 352.6690, 239.7539, 351.7955, 240.1866, 369.2601, 204.9353, 370.1336
70 444 14.800000 208.3746, 355.3711, 243.4695, 354.6031, 243.8538, 372.1649, 208.7589, 372.9329
70 445 14.840000 213.3517, 358.4828, 248.2623, 357.5111, 248.7549, 375.2076, 213.8443, 376.1793
70 446 14.870000 216.9241, 360.4802, 251.7151, 359.0598, 252.4425, 376.8774, 217.6515, 378.2978
70 447 14.900000 220.6369, 361.7273, 255.2608, 360.6105, 255.8372, 378.4807, 221.2133, 379.5976
70 448 14.940000 225.3496, 362.9915, 259.7798, 361.8519, 260.3742, 379.8085, 225.9440, 380.9481
70 449 14.970000 228.6953, 363.6665, 263.0050, 362.1706, 263.7918, 380.2159, 229.4821, 381.7118
