78 0 0.010000 -1.9673, 1.1874, 1.1004, 1.0000, 0.0000, 0.0000, 0.0000
78 1 0.040000 -1.9673, 1.1874, 1.0932, 1.0000, 0.0000, 0.0000, 0.0000
78 2 0.070000 -1.9673, 1.1874, 1.0771, 1.0000, 0.0000, 0.0000, 0.0000
78 3 0.110000 -1.9673, 1.1874, 1.0420, 1.0000, 0.0000, 0.0000, 0.0000
78 4 0.140000 -1.9673, 1.1874, 1.0054, 1.0000, 0.0000, 0.0000, 0.0000
78 5 0.170000 -1.9673, 1.1874, 0.9599, 1.0000, 0.0000, 0.0000, 0.0000
78 6 0.200000 -1.9673, 1.1874, 0.9065, 0.9997, 0.0182, 0.0186, 0.0006
78 7 0.240000 -1.9665, 1.1866, 0.8372, 0.9972, 0.0525, 0.0532, 0.0028
78 8 0.270000 -1.9639, 1.1840, 0.7947, 0.9952, 0.0691, 0.0692, 0.0045
78 9 0.310000 -1.9563, 1.1766, 0.7526, 0.9934, 0.0822, 0.0802, 0.0069
78 10 0.340000 -1.9474, 1.1677, 0.7308, 0.9926, 0.0871, 0.0837, 0.0089
78 11 0.370000 -1.9359, 1.1562, 0.7156, 0.9931, 0.0859, 0.0789, 0.0107
78 12 0.400000 -1.9220, 1.1422, 0.7053, 0.9934, 0.0844, 0.0761, 0.0129
78 13 0.440000 -1.9007, 1.1204, 0.6972, 0.9942, 0.0807, 0.0691, 0.0154
78 14 0.470000 -1.8828, 1.1019, 0.6936, 0.9956, 0.0749, 0.0535, 0.0169
78 15 0.500000 -1.8639, 1.0820, 0.6910, 0.9965, 0.0681, 0.0438, 0.0198
78 16 0.540000 -1.8375, 1.0536, 0.6872, 0.9976, 0.0564, 0.0327, 0.0228
78 17 0.570000 -1.8171, 1.0313, 0.6833, 0.9985, 0.0479, 0.0122, 0.0247
78 18 0.610000 -1.7895, 1.0004, 0.6763, 0.9990, 0.0346, -0.0023, 0.0269
78 19 0.640000 -1.7688, 0.9766, 0.6699, 0.9992, 0.0253, -0.0116, 0.0289
78 20 0.670000 -1.7483, 0.9524, 0.6627, 0.9991, 0.0168, -0.0254, 0.0299
78 21 0.700000 -1.7282, 0.9279, 0.6549, 0.9990, 0.0085, -0.0315, 0.0314
78 22 0.740000 -1.7022, 0.8949, 0.6438, 0.9986, -0.0009, -0.0405, 0.0327
78 23 0.770000 -1.6836, 0.8702, 0.6351, 0.9980, -0.0067, -0.0530, 0.0335
78 24 0.800000 -1.6658, 0.8455, 0.6261, 0.9980, -0.0120, -0.0525, 0.0341
78 25 0.840000 -1.6436, 0.8129, 0.6137, 0.9975, -0.0168, -0.0595, 0.0346
78 26 0.870000 -1.6283, 0.7888, 0.6041, 0.9967, -0.0189, -0.0711, 0.0349
78 27 0.900000 -1.6141, 0.7649, 0.5943, 0.9967, -0.0200, -0.0708, 0.0349
78 28 0.940000 -1.5972, 0.7335, 0.5808, 0.9958, -0.0189, -0.0828, 0.0348
78 29 0.970000 -1.5863, 0.7103, 0.5705, 0.9946, -0.0167, -0.0963, 0.0346
78 30 1.000000 -1.5771, 0.6873, 0.5605, 0.9949, -0.0136, -0.0935, 0.0342
78 31 1.040000 -1.5678, 0.6570, 0.5485, 0.9945, -0.0084, -0.0988, 0.0336
78 32 1.070000 -1.5633, 0.6344, 0.5411, 0.9935, -0.0040, -0.1089, 0.0334
78 33 1.110000 -1.5607, 0.6043, 0.5335, 0.9932, 0.0020, -0.1119, 0.0330
78 34 1.140000 -1.5614, 0.5816, 0.5297, 0.9941, 0.0057, -0.1036, 0.0327
78 35 1.170000 -1.5644, 0.5587, 0.5274, 0.9934, 0.0099, -0.1098, 0.0324
78 36 1.210000 -1.5719, 0.5277, 0.5269, 0.9939, 0.0146, -0.1050, 0.0320
78 37 1.240000 -1.5800, 0.5040, 0.5284, 0.9952, 0.0176, -0.0912, 0.0318
78 38 1.270000 -1.5901, 0.4799, 0.5315, 0.9951, 0.0202, -0.0914, 0.0313
78 39 1.310000 -1.6064, 0.4470, 0.5384, 0.9961, 0.0226, -0.0800, 0.0309
78 40 1.340000 -1.6205, 0.4217, 0.5455, 0.9973, 0.0238, -0.0616, 0.0307
78 41 1.370000 -1.6360, 0.3959, 0.5544, 0.9975, 0.0239, -0.0595, 0.0302
78 42 1.410000 -1.6585, 0.3606, 0.5690, 0.9983, 0.0228, -0.0450, 0.0296
78 43 1.440000 -1.6764, 0.3336, 0.5818, 0.9990, 0.0212, -0.0263, 0.0294
78 44 1.470000 -1.6948, 0.3061, 0.5961, 0.9991, 0.0192, -0.0244, 0.0289
78 45 1.510000 -1.7201, 0.2688, 0.6166, 0.9994, 0.0161, -0.0103, 0.0282
78 46 1.540000 -1.7391, 0.2404, 0.6325, 0.9995, 0.0130, 0.0077, 0.0280
78 47 1.570000 -1.7581, 0.2119, 0.6484, 0.9995, 0.0095, 0.0138, 0.0273
78 48 1.610000 -1.7830, 0.1736, 0.6696, 0.9993, 0.0047, 0.0267, 0.0267
78 49 1.640000 -1.8010, 0.1448, 0.6858, 0.9987, 0.0014, 0.0438, 0.0260
78 50 1.670000 -1.8183, 0.1159, 0.7025, 0.9987, -0.0019, 0.0441, 0.0255
78 51 1.710000 -1.8399, 0.0776, 0.7259, 0.9982, -0.0062, 0.0543, 0.0243
78 52 1.740000 -1.8547, 0.0490, 0.7447, 0.9974, -0.0091, 0.0678, 0.0236
78 53 1.770000 -1.8683, 0.0206, 0.7648, 0.9975, -0.0117, 0.0657, 0.0226
78 54 1.810000 -1.8841, -0.0168, 0.7942, 0.9968, -0.0144, 0.0761, 0.0212
78 55 1.840000 -1.8939, -0.0444, 0.8185, 0.9952, -0.0160, 0.0947, 0.0196
78 56 1.870000 -1.9018, -0.0717, 0.8451, 0.9951, -0.0171, 0.0960, 0.0185
78 57 1.910000 -1.9086, -0.1073, 0.8843, 0.9946, -0.0175, 0.1007, 0.0162
78 58 1.940000 -1.9110, -0.1336, 0.9165, 0.9933, -0.0165, 0.1138, 0.0144
78 59 1.970000 -1.9110, -0.1594, 0.9505, 0.9943, -0.0154, 0.1047, 0.0127
78 60 2.010000 -1.9079, -0.1934, 0.9964, 0.9942, -0.0125, 0.1060, 0.0101
78 61 2.040000 -1.9038, -0.2187, 1.0285, 0.9942, -0.0108, 0.1064, 0.0085
78 62 2.070000 -1.8986, -0.2439, 1.0570, 0.9955, -0.0096, 0.0938, 0.0073
78 63 2.110000 -1.8902, -0.2772, 1.0885, 0.9966, -0.0090, 0.0813, 0.0059
78 64 2.140000 -1.8830, -0.3022, 1.1075, 0.9971, -0.0090, 0.0756, 0.0050
78 65 2.170000 -1.8750, -0.3270, 1.1225, 0.9979, -0.0096, 0.0640, 0.0043
78 66 2.210000 -1.8634, -0.3599, 1.1367, 0.9985, -0.0112, 0.0540, 0.0036
78 67 2.240000 -1.8539, -0.3845, 1.1431, 0.9986, -0.0130, 0.0510, 0.0032
78 68 2.270000 -1.8440, -0.4089, 1.1459, 0.9990, -0.0155, 0.0412, 0.0030
78 69 2.310000 -1.8300, -0.4413, 1.1440, 0.9992, -0.0198, 0.0342, 0.0029
78 70 2.340000 -1.8191, -0.4653, 1.1382, 0.9992, -0.0239, 0.0331, 0.0029
78 71 2.370000 -1.8079, -0.4891, 1.1284, 0.9993, -0.0287, 0.0256, 0.0031
78 72 2.410000 -1.7926, -0.5203, 1.1090, 0.9991, -0.0363, 0.0211, 0.0035
78 73 2.440000 -1.7808, -0.5434, 1.0899, 0.9988, -0.0429, 0.0215, 0.0039
78 74 2.470000 -1.7688, -0.5660, 1.0672, 0.9986, -0.0503, 0.0162, 0.0045
78 75 2.510000 -1.7525, -0.5950, 1.0337, 0.9980, -0.0612, 0.0139, 0.0053
78 76 2.540000 -1.7399, -0.6155, 1.0089, 0.9976, -0.0677, 0.0163, 0.0056
78 77 2.570000 -1.7270, -0.6345, 0.9860, 0.9973, -0.0728, 0.0102, 0.0063
78 78 2.610000 -1.7094, -0.6573, 0.9592, 0.9969, -0.0782, 0.0070, 0.0067
78 79 2.640000 -1.6959, -0.6723, 0.9419, 0.9962, -0.0840, 0.0224, 0.0054
78 80 2.670000 -1.6820, -0.6855, 0.9270, 0.9958, -0.0897, 0.0167, 0.0060
78 81 2.710000 -1.6627, -0.6998, 0.9103, 0.9952, -0.0961, 0.0199, 0.0055
78 82 2.740000 -1.6477, -0.7082, 0.9001, 0.9946, -0.1000, 0.0285, 0.0045
78 83 2.770000 -1.6322, -0.7144, 0.8916, 0.9944, -0.1039, 0.0173, 0.0054
78 84 2.800000 -1.6163, -0.7184, 0.8849, 0.9941, -0.1063, 0.0215, 0.0045
78 85 2.840000 -1.5945, -0.7202, 0.8783, 0.9940, -0.1083, 0.0144, 0.0044
78 86 2.870000 -1.5778, -0.7189, 0.8751, 0.9940, -0.1089, 0.0007, 0.0052
78 87 2.900000 -1.5611, -0.7153, 0.8733, 0.9941, -0.1087, 0.0020, 0.0043
78 88 2.940000 -1.5389, -0.7070, 0.8729, 0.9941, -0.1079, -0.0094, 0.0044
78 89 2.970000 -1.5226, -0.6983, 0.8739, 0.9940, -0.1068, -0.0248, 0.0053
78 90 3.000000 -1.5067, -0.6875, 0.8758, 0.9942, -0.1043, -0.0268, 0.0044
78 91 3.040000 -1.4864, -0.6699, 0.8790, 0.9942, -0.1003, -0.0377, 0.0044
78 92 3.070000 -1.4721, -0.6547, 0.8815, 0.9939, -0.0972, -0.0525, 0.0051
78 93 3.100000 -1.4586, -0.6376, 0.8842, 0.9943, -0.0935, -0.0515, 0.0045
78 94 3.140000 -1.4423, -0.6122, 0.8880, 0.9943, -0.0882, -0.0599, 0.0046
78 95 3.170000 -1.4313, -0.5913, 0.8912, 0.9937, -0.0839, -0.0746, 0.0056
78 96 3.200000 -1.4218, -0.5688, 0.8946, 0.9939, -0.0791, -0.0771, 0.0055
78 97 3.240000 -1.4114, -0.5366, 0.8997, 0.9939, -0.0731, -0.0821, 0.0061
78 98 3.270000 -1.4054, -0.5107, 0.9040, 0.9932, -0.0682, -0.0940, 0.0070
78 99 3.300000 -1.4012, -0.4837, 0.9088, 0.9943, -0.0638, -0.0854, 0.0068
78 100 3.340000 -1.3982, -0.4457, 0.9160, 0.9948, -0.0559, -0.0849, 0.0071
78 101 3.370000 -1.3980, -0.4160, 0.9221, 0.9950, -0.0505, -0.0862, 0.0079
78 102 3.400000 -1.3993, -0.3853, 0.9289, 0.9962, -0.0450, -0.0746, 0.0077
78 103 3.440000 -1.4034, -0.3430, 0.9389, 0.9971, -0.0393, -0.0654, 0.0080
78 104 3.470000 -1.4081, -0.3104, 0.9472, 0.9974, -0.0335, -0.0638, 0.0085
78 105 3.500000 -1.4139, -0.2773, 0.9559, 0.9984, -0.0270, -0.0498, 0.0085
78 106 3.540000 -1.4231, -0.2323, 0.9677, 0.9991, -0.0185, -0.0365, 0.0090
78 107 3.570000 -1.4308, -0.1982, 0.9766, 0.9992, -0.0125, -0.0355, 0.0093
78 108 3.600000 -1.4391, -0.1639, 0.9854, 0.9998, -0.0074, -0.0162, 0.0095
78 109 3.640000 -1.4508, -0.1179, 0.9975, 0.9999, -0.0003, -0.0072, 0.0094
78 110 3.670000 -1.4597, -0.0834, 1.0068, 0.9999, 0.0053, -0.0043, 0.0098
78 111 3.700000 -1.4687, -0.0490, 1.0165, 0.9999, 0.0109, 0.0081, 0.0095
78 112 3.740000 -1.4805, -0.0035, 1.0303, 0.9996, 0.0186, 0.0184, 0.0098
78 113 3.770000 -1.4891, 0.0303, 1.0413, 0.9995, 0.0238, 0.0157, 0.0093
78 114 3.800000 -1.4973, 0.0636, 1.0531, 0.9992, 0.0292, 0.0267, 0.0095
78 115 3.840000 -1.5075, 0.1071, 1.0702, 0.9988, 0.0361, 0.0322, 0.0091
78 116 3.870000 -1.5145, 0.1390, 1.0841, 0.9987, 0.0419, 0.0293, 0.0088
78 117 3.900000 -1.5209, 0.1700, 1.0991, 0.9981, 0.0477, 0.0380, 0.0085
78 118 3.940000 -1.5282, 0.2098, 1.1208, 0.9975, 0.0561, 0.0412, 0.0082
78 119 3.970000 -1.5329, 0.2385, 1.1383, 0.9976, 0.0616, 0.0315, 0.0071
78 120 4.000000 -1.5369, 0.2659, 1.1565, 0.9969, 0.0675, 0.0394, 0.0071
78 121 4.040000 -1.5412, 0.3006, 1.1812, 0.9964, 0.0750, 0.0385, 0.0064
78 122 4.070000 -1.5437, 0.3251, 1.1995, 0.9962, 0.0804, 0.0314, 0.0055
78 123 4.100000 -1.5456, 0.3482, 1.2176, 0.9957, 0.0854, 0.0355, 0.0053
78 124 4.140000 -1.5473, 0.3766, 1.2418, 0.9953, 0.0913, 0.0324, 0.0047
78 125 4.170000 -1.5478, 0.3959, 1.2602, 0.9952, 0.0950, 0.0229, 0.0035
78 126 4.200000 -1.5479, 0.4135, 1.2790, 0.9948, 0.0982, 0.0263, 0.0036
78 127 4.240000 -1.5473, 0.4341, 1.3049, 0.9947, 0.1011, 0.0188, 0.0026
78 128 4.270000 -1.5465, 0.4472, 1.3253, 0.9947, 0.1028, 0.0036, 0.0010
78 129 4.300000 -1.5456, 0.4582, 1.3468, 0.9945, 0.1042, 0.0066, 0.0011
78 130 4.340000 -1.5443, 0.4696, 1.3774, 0.9945, 0.1049, 0.0015, 0.0005
78 131 4.370000 -1.5433, 0.4756, 1.4021, 0.9945, 0.1043, -0.0075, -0.0006
78 132 4.400000 -1.5424, 0.4793, 1.4286, 0.9947, 0.1032, 0.0002, 0.0001
78 133 4.440000 -1.5413, 0.4807, 1.4669, 0.9949, 0.1005, 0.0014, -0.0001
78 134 4.470000 -1.5406, 0.4793, 1.4977, 0.9952, 0.0975, -0.0073, -0.0011
78 135 4.500000 -1.5399, 0.4759, 1.5296, 0.9956, 0.0939, 0.0011, -0.0004
78 136 4.540000 -1.5391, 0.4689, 1.5716, 0.9960, 0.0887, 0.0035, -0.0004
78 137 4.570000 -1.5385, 0.4620, 1.6015, 0.9964, 0.0846, 0.0057, -0.0005
78 138 4.600000 -1.5378, 0.4539, 1.6300, 0.9966, 0.0805, 0.0181, 0.0005
78 139 4.640000 -1.5364, 0.4412, 1.6659, 0.9968, 0.0751, 0.0289, 0.0012
78 140 4.670000 -1.5350, 0.4302, 1.6917, 0.9970, 0.0714, 0.0297, 0.0012
78 141 4.700000 -1.5330, 0.4181, 1.7168, 0.9968, 0.0680, 0.0418, 0.0020
78 142 4.740000 -1.5293, 0.4002, 1.7498, 0.9968, 0.0639, 0.0485, 0.0024
78 143 4.770000 -1.5255, 0.3854, 1.7744, 0.9970, 0.0608, 0.0474, 0.0023
78 144 4.800000 -1.5209, 0.3695, 1.7993, 0.9965, 0.0579, 0.0600, 0.0031
78 145 4.840000 -1.5130, 0.3466, 1.8336, 0.9961, 0.0538, 0.0692, 0.0036
78 146 4.870000 -1.5056, 0.3281, 1.8604, 0.9963, 0.0513, 0.0687, 0.0035
78 147 4.900000 -1.4967, 0.3086, 1.8885, 0.9954, 0.0488, 0.0823, 0.0044
78 148 4.940000 -1.4823, 0.2811, 1.9282, 0.9950, 0.0460, 0.0880, 0.0047
78 149 4.970000 -1.4695, 0.2593, 1.9593, 0.9955, 0.0437, 0.0835, 0.0047
78 150 5.000000 -1.4551, 0.2368, 1.9907, 0.9946, 0.0410, 0.0957, 0.0054
78 151 5.040000 -1.4339, 0.2059, 2.0294, 0.9949, 0.0362, 0.0938, 0.0057
78 152 5.070000 -1.4169, 0.1822, 2.0545, 0.9959, 0.0329, 0.0840, 0.0057
78 153 5.100000 -1.3989, 0.1582, 2.0758, 0.9962, 0.0295, 0.0823, 0.0058
78 154 5.140000 -1.3737, 0.1257, 2.0985, 0.9970, 0.0250, 0.0737, 0.0059
78 155 5.170000 -1.3539, 0.1011, 2.1115, 0.9976, 0.0213, 0.0650, 0.0058
78 156 5.200000 -1.3333, 0.0762, 2.1212, 0.9978, 0.0174, 0.0630, 0.0060
78 157 5.240000 -1.3047, 0.0427, 2.1292, 0.9983, 0.0119, 0.0571, 0.0060
78 158 5.270000 -1.2826, 0.0174, 2.1316, 0.9988, 0.0078, 0.0477, 0.0060
78 159 5.300000 -1.2599, -0.0080, 2.1310, 0.9988, 0.0033, 0.0477, 0.0060
78 160 5.340000 -1.2288, -0.0419, 2.1251, 0.9991, -0.0031, 0.0411, 0.0061
78 161 5.370000 -1.2049, -0.0673, 2.1168, 0.9994, -0.0085, 0.0337, 0.0061
78 162 5.400000 -1.1807, -0.0925, 2.1051, 0.9993, -0.0142, 0.0327, 0.0062
78 163 5.440000 -1.1479, -0.1260, 2.0838, 0.9993, -0.0221, 0.0280, 0.0061
78 164 5.470000 -1.1230, -0.1508, 2.0639, 0.9994, -0.0282, 0.0201, 0.0063
78 165 5.500000 -1.0978, -0.1753, 2.0415, 0.9992, -0.0350, 0.0204, 0.0062
78 166 5.540000 -1.0637, -0.2070, 2.0107, 0.9989, -0.0424, 0.0171, 0.0061
78 167 5.570000 -1.0379, -0.2299, 1.9885, 0.9989, -0.0464, 0.0091, 0.0063
78 168 5.600000 -1.0117, -0.2518, 1.9675, 0.9986, -0.0515, 0.0127, 0.0060
78 169 5.640000 -0.9766, -0.2794, 1.9413, 0.9983, -0.0574, 0.0121, 0.0058
78 170 5.670000 -0.9501, -0.2988, 1.9227, 0.9981, -0.0615, 0.0070, 0.0060
78 171 5.700000 -0.9234, -0.3170, 1.9049, 0.9977, -0.0653, 0.0182, 0.0051
78 172 5.740000 -0.8874, -0.3393, 1.8821, 0.9973, -0.0696, 0.0209, 0.0049
78 173 5.770000 -0.8600, -0.3546, 1.8653, 0.9973, -0.0718, 0.0155, 0.0050
78 174 5.800000 -0.8323, -0.3685, 1.8487, 0.9970, -0.0733, 0.0229, 0.0044
78 175 5.840000 -0.7948, -0.3851, 1.8265, 0.9970, -0.0741, 0.0225, 0.0042
78 176 5.870000 -0.7663, -0.3961, 1.8096, 0.9971, -0.0739, 0.0157, 0.0046
78 177 5.900000 -0.7375, -0.4058, 1.7923, 0.9971, -0.0729, 0.0205, 0.0040
78 178 5.940000 -0.6987, -0.4168, 1.7682, 0.9973, -0.0706, 0.0183, 0.0039
78 179 5.970000 -0.6692, -0.4237, 1.7492, 0.9976, -0.0682, 0.0099, 0.0043
78 180 6.000000 -0.6396, -0.4296, 1.7296, 0.9978, -0.0654, 0.0134, 0.0039
78 181 6.040000 -0.5998, -0.4357, 1.7025, 0.9981, -0.0608, 0.0101, 0.0039
78 182 6.070000 -0.5699, -0.4390, 1.6816, 0.9984, -0.0567, 0.0023, 0.0043
78 183 6.100000 -0.5398, -0.4414, 1.6601, 0.9986, -0.0522, 0.0064, 0.0038
78 184 6.140000 -0.4997, -0.4434, 1.6302, 0.9989, -0.0456, 0.0038, 0.0039
78 185 6.170000 -0.4695, -0.4440, 1.6066, 0.9992, -0.0403, -0.0043, 0.0041
78 186 6.200000 -0.4394, -0.4439, 1.5819, 0.9994, -0.0348, -0.0010, 0.0039
78 187 6.240000 -0.3994, -0.4431, 1.5466, 0.9996, -0.0270, -0.0046, 0.0039
78 188 6.270000 -0.3695, -0.4420, 1.5181, 0.9997, -0.0210, -0.0121, 0.0042
78 189 6.300000 -0.3397, -0.4407, 1.4875, 0.9998, -0.0149, -0.0101, 0.0040
78 190 6.340000 -0.3002, -0.4386, 1.4427, 0.9999, -0.0065, -0.0134, 0.0041
78 191 6.370000 -0.2708, -0.4369, 1.4057, 0.9998, -0.0000, -0.0199, 0.0041
78 192 6.400000 -0.2416, -0.4352, 1.3652, 0.9998, 0.0066, -0.0183, 0.0041
78 193 6.440000 -0.2030, -0.4331, 1.3052, 0.9996, 0.0156, -0.0212, 0.0040
78 194 6.470000 -0.1743, -0.4317, 1.2561, 0.9994, 0.0224, -0.0257, 0.0040
78 195 6.500000 -0.1459, -0.4306, 1.2045, 0.9993, 0.0290, -0.0238, 0.0039
78 196 6.540000 -0.1088, -0.4299, 1.1365, 0.9990, 0.0363, -0.0250, 0.0038
78 197 6.570000 -0.0817, -0.4304, 1.0884, 0.9987, 0.0395, -0.0323, 0.0033
78 198 6.600000 -0.0553, -0.4318, 1.0431, 0.9986, 0.0436, -0.0285, 0.0034
78 199 6.640000 -0.0212, -0.4352, 0.9869, 0.9983, 0.0479, -0.0315, 0.0031
78 200 6.670000 0.0035, -0.4391, 0.9472, 0.9979, 0.0500, -0.0400, 0.0027
78 201 6.700000 0.0274, -0.4439, 0.9093, 0.9982, 0.0511, -0.0312, 0.0029
78 202 6.740000 0.0581, -0.4520, 0.8608, 0.9983, 0.0509, -0.0299, 0.0028
78 203 6.770000 0.0804, -0.4593, 0.8255, 0.9981, 0.0498, -0.0362, 0.0023
78 204 6.800000 0.1021, -0.4675, 0.7906, 0.9984, 0.0477, -0.0288, 0.0026
78 205 6.840000 0.1301, -0.4797, 0.7440, 0.9986, 0.0437, -0.0296, 0.0022
78 206 6.870000 0.1505, -0.4897, 0.7085, 0.9985, 0.0400, -0.0373, 0.0018
78 207 6.900000 0.1703, -0.5004, 0.6720, 0.9989, 0.0357, -0.0312, 0.0017
78 208 6.940000 0.1960, -0.5154, 0.6213, 0.9991, 0.0295, -0.0311, 0.0016
78 209 6.970000 0.2146, -0.5272, 0.5819, 0.9991, 0.0243, -0.0338, 0.0012
78 210 7.000000 0.2327, -0.5395, 0.5421, 0.9994, 0.0189, -0.0273, 0.0013
78 211 7.040000 0.2559, -0.5564, 0.4922, 0.9997, 0.0131, -0.0219, 0.0012
78 212 7.070000 0.2725, -0.5695, 0.4588, 0.9993, 0.0079, -0.0361, 0.0009
78 213 7.100000 0.2883, -0.5828, 0.4293, 0.9995, 0.0026, -0.0310, 0.0008
78 214 7.140000 0.3080, -0.6006, 0.3957, 0.9994, -0.0036, -0.0349, 0.0006
78 215 7.170000 0.3217, -0.6138, 0.3745, 0.9990, -0.0077, -0.0433, 0.0006
78 216 7.200000 0.3344, -0.6269, 0.3565, 0.9994, -0.0115, -0.0314, 0.0005
78 217 7.240000 0.3500, -0.6439, 0.3371, 0.9995, -0.0151, -0.0260, 0.0005
78 218 7.270000 0.3609, -0.6563, 0.3258, 0.9994, -0.0164, -0.0297, 0.0007
78 219 7.300000 0.3712, -0.6683, 0.3173, 0.9997, -0.0166, -0.0161, 0.0007
78 220 7.340000 0.3842, -0.6837, 0.3101, 0.9999, -0.0150, -0.0059, 0.0009
78 221 7.370000 0.3937, -0.6949, 0.3078, 0.9999, -0.0127, -0.0096, 0.0011
78 222 7.400000 0.4030, -0.7057, 0.3081, 0.9999, -0.0098, 0.0059, 0.0012
78 223 7.440000 0.4156, -0.7199, 0.3126, 0.9999, -0.0045, 0.0155, 0.0013
78 224 7.470000 0.4252, -0.7303, 0.3187, 0.9999, 0.0007, 0.0151, 0.0013
78 225 7.500000 0.4353, -0.7408, 0.3265, 0.9994, 0.0067, 0.0346, 0.0012
78 226 7.540000 0.4495, -0.7550, 0.3372, 0.9990, 0.0155, 0.0427, 0.0011
78 227 7.570000 0.4610, -0.7659, 0.3443, 0.9990, 0.0216, 0.0384, 0.0009
78 228 7.600000 0.4731, -0.7772, 0.3504, 0.9986, 0.0272, 0.0443, 0.0011
78 229 7.640000 0.4902, -0.7929, 0.3571, 0.9985, 0.0337, 0.0429, 0.0014
78 230 7.670000 0.5038, -0.8052, 0.3611, 0.9987, 0.0383, 0.0345, 0.0016
78 231 7.700000 0.5180, -0.8182, 0.3643, 0.9984, 0.0420, 0.0375, 0.0022
78 232 7.740000 0.5378, -0.8366, 0.3677, 0.9985, 0.0461, 0.0305, 0.0030
78 233 7.770000 0.5532, -0.8513, 0.3696, 0.9987, 0.0480, 0.0194, 0.0033
78 234 7.800000 0.5690, -0.8668, 0.3709, 0.9987, 0.0487, 0.0176, 0.0044
78 235 7.840000 0.5904, -0.8887, 0.3717, 0.9988, 0.0480, 0.0092, 0.0055
78 236 7.870000 0.6066, -0.9060, 0.3716, 0.9989, 0.0469, -0.0067, 0.0062
78 237 7.900000 0.6227, -0.9241, 0.3707, 0.9990, 0.0437, -0.0073, 0.0074
78 238 7.940000 0.6439, -0.9493, 0.3682, 0.9990, 0.0373, -0.0215, 0.0089
78 239 7.970000 0.6595, -0.9689, 0.3655, 0.9988, 0.0316, -0.0359, 0.0096
78 240 8.000000 0.6744, -0.9891, 0.3623, 0.9989, 0.0241, -0.0393, 0.0110
78 241 8.040000 0.6931, -1.0167, 0.3590, 0.9985, 0.0156, -0.0508, 0.0124
78 242 8.070000 0.7059, -1.0378, 0.3579, 0.9977, 0.0090, -0.0655, 0.0133
78 243 8.100000 0.7174, -1.0591, 0.3583, 0.9977, 0.0005, -0.0662, 0.0145
78 244 8.140000 0.7304, -1.0875, 0.3612, 0.9972, -0.0128, -0.0726, 0.0152
78 245 8.170000 0.7384, -1.1085, 0.3652, 0.9957, -0.0212, -0.0883, 0.0161
78 246 8.200000 0.7445, -1.1292, 0.3708, 0.9960, -0.0302, -0.0823, 0.0165
78 247 8.240000 0.7498, -1.1558, 0.3809, 0.9948, -0.0402, -0.0916, 0.0177
78 248 8.270000 0.7514, -1.1749, 0.3905, 0.9936, -0.0486, -0.0999, 0.0186
78 249 8.300000 0.7509, -1.1929, 0.4020, 0.9934, -0.0577, -0.0968, 0.0190
78 250 8.340000 0.7467, -1.2149, 0.4205, 0.9921, -0.0694, -0.1023, 0.0198
78 251 8.370000 0.7407, -1.2297, 0.4369, 0.9902, -0.0768, -0.1149, 0.0211
78 252 8.400000 0.7322, -1.2428, 0.4557, 0.9903, -0.0842, -0.1084, 0.0210
78 253 8.440000 0.7166, -1.2573, 0.4848, 0.9895, -0.0927, -0.1086, 0.0216
78 254 8.470000 0.7017, -1.2657, 0.5096, 0.9882, -0.0976, -0.1159, 0.0230
78 255 8.500000 0.6844, -1.2720, 0.5363, 0.9890, -0.1021, -0.1048, 0.0227
78 256 8.540000 0.6579, -1.2774, 0.5726, 0.9891, -0.1072, -0.0984, 0.0229
78 257 8.570000 0.6359, -1.2794, 0.5993, 0.9892, -0.1099, -0.0940, 0.0235
78 258 8.600000 0.6123, -1.2795, 0.6254, 0.9902, -0.1121, -0.0801, 0.0226
78 259 8.640000 0.5785, -1.2767, 0.6598, 0.9911, -0.1145, -0.0649, 0.0223
78 260 8.670000 0.5516, -1.2722, 0.6856, 0.9909, -0.1152, -0.0660, 0.0231
78 261 8.700000 0.5236, -1.2655, 0.7117, 0.9918, -0.1169, -0.0463, 0.0219
78 262 8.740000 0.4845, -1.2531, 0.7477, 0.9923, -0.1152, -0.0392, 0.0219
78 263 8.770000 0.4542, -1.2412, 0.7758, 0.9928, -0.1129, -0.0338, 0.0225
78 264 8.800000 0.4231, -1.2269, 0.8053, 0.9935, -0.1097, -0.0210, 0.0214
78 265 8.840000 0.3809, -1.2041, 0.8473, 0.9941, -0.1060, -0.0081, 0.0213
78 266 8.870000 0.3487, -1.1843, 0.8813, 0.9947, -0.1001, -0.0117, 0.0217
78 267 8.900000 0.3164, -1.1623, 0.9178, 0.9955, -0.0929, 0.0030, 0.0208
78 268 8.940000 0.2731, -1.1296, 0.9706, 0.9967, -0.0776, 0.0107, 0.0203
78 269 8.970000 0.2408, -1.1030, 1.0130, 0.9976, -0.0652, 0.0051, 0.0213
78 270 9.000000 0.2087, -1.0751, 1.0564, 0.9983, -0.0517, 0.0190, 0.0204
78 271 9.040000 0.1661, -1.0368, 1.1105, 0.9990, -0.0338, 0.0183, 0.0207
78 272 9.070000 0.1343, -1.0077, 1.1459, 0.9994, -0.0198, 0.0207, 0.0205
78 273 9.100000 0.1026, -0.9785, 1.1765, 0.9993, -0.0061, 0.0292, 0.0202
78 274 9.140000 0.0609, -0.9394, 1.2102, 0.9991, 0.0103, 0.0353, 0.0198
78 275 9.170000 0.0299, -0.9102, 1.2307, 0.9989, 0.0214, 0.0377, 0.0197
78 276 9.200000 -0.0007, -0.8812, 1.2473, 0.9983, 0.0312, 0.0444, 0.0194
78 277 9.240000 -0.0407, -0.8430, 1.2641, 0.9977, 0.0429, 0.0496, 0.0191
78 278 9.270000 -0.0702, -0.8149, 1.2727, 0.9974, 0.0508, 0.0482, 0.0185
78 279 9.300000 -0.0990, -0.7873, 1.2780, 0.9967, 0.0579, 0.0541, 0.0183
78 280 9.340000 -0.1366, -0.7515, 1.2798, 0.9960, 0.0662, 0.0567, 0.0177
78 281 9.370000 -0.1640, -0.7255, 1.2772, 0.9958, 0.0715, 0.0547, 0.0171
78 282 9.400000 -0.1909, -0.7003, 1.2710, 0.9952, 0.0758, 0.0601, 0.0168
78 283 9.440000 -0.2257, -0.6679, 1.2571, 0.9947, 0.0804, 0.0623, 0.0161
78 284 9.470000 -0.2510, -0.6445, 1.2426, 0.9946, 0.0828, 0.0606, 0.0153
78 285 9.500000 -0.2755, -0.6222, 1.2255, 0.9942, 0.0839, 0.0650, 0.0150
78 286 9.540000 -0.3065, -0.5947, 1.2017, 0.9939, 0.0860, 0.0679, 0.0141
78 287 9.570000 -0.3283, -0.5759, 1.1847, 0.9944, 0.0853, 0.0616, 0.0128
78 288 9.600000 -0.3488, -0.5588, 1.1685, 0.9939, 0.0850, 0.0694, 0.0129
78 289 9.640000 -0.3740, -0.5386, 1.1483, 0.9937, 0.0851, 0.0726, 0.0122
78 290 9.670000 -0.3913, -0.5253, 1.1340, 0.9941, 0.0832, 0.0683, 0.0117
78 291 9.700000 -0.4073, -0.5136, 1.1200, 0.9940, 0.0810, 0.0722, 0.0115
78 292 9.740000 -0.4266, -0.5003, 1.1019, 0.9944, 0.0766, 0.0718, 0.0113
78 293 9.770000 -0.4396, -0.4920, 1.0885, 0.9950, 0.0727, 0.0672, 0.0105
78 294 9.800000 -0.4514, -0.4849, 1.0750, 0.9950, 0.0682, 0.0728, 0.0110
78 295 9.840000 -0.4652, -0.4772, 1.0565, 0.9956, 0.0617, 0.0692, 0.0105
78 296 9.870000 -0.4742, -0.4727, 1.0421, 0.9964, 0.0562, 0.0628, 0.0102
78 297 9.900000 -0.4821, -0.4691, 1.0270, 0.9962, 0.0502, 0.0697, 0.0105
78 298 9.940000 -0.4910, -0.4656, 1.0053, 0.9968, 0.0417, 0.0680, 0.0106
78 299 9.970000 -0.4964, -0.4637, 0.9881, 0.9974, 0.0349, 0.0620, 0.0103
78 300 10.000000 -0.5007, -0.4624, 0.9707, 0.9975, 0.0277, 0.0644, 0.0107
78 301 10.040000 -0.5044, -0.4615, 0.9497, 0.9976, 0.0203, 0.0654, 0.0102
78 302 10.070000 -0.5056, -0.4614, 0.9369, 0.9985, 0.0149, 0.0524, 0.0101
78 303 10.100000 -0.5054, -0.4616, 0.9269, 0.9979, 0.0082, 0.0628, 0.0098
78 304 10.140000 -0.5031, -0.4621, 0.9178, 0.9980, -0.0022, 0.0627, 0.0099
78 305 10.170000 -0.4997, -0.4624, 0.9141, 0.9986, -0.0097, 0.0515, 0.0095
78 306 10.200000 -0.4950, -0.4625, 0.9130, 0.9979, -0.0170, 0.0619, 0.0092
78 307 10.240000 -0.4868, -0.4620, 0.9157, 0.9976, -0.0253, 0.0637, 0.0088
78 308 10.270000 -0.4790, -0.4610, 0.9207, 0.9980, -0.0323, 0.0537, 0.0088
78 309 10.300000 -0.4699, -0.4592, 0.9285, 0.9973, -0.0386, 0.0617, 0.0082
78 310 10.340000 -0.4557, -0.4553, 0.9434, 0.9972, -0.0461, 0.0582, 0.0077
78 311 10.370000 -0.4435, -0.4512, 0.9582, 0.9977, -0.0516, 0.0430, 0.0078
78 312 10.400000 -0.4302, -0.4457, 0.9764, 0.9974, -0.0556, 0.0455, 0.0069
78 313 10.440000 -0.4109, -0.4362, 1.0064, 0.9975, -0.0598, 0.0359, 0.0062
78 314 10.470000 -0.3955, -0.4274, 1.0329, 0.9979, -0.0614, 0.0205, 0.0060
78 315 10.500000 -0.3795, -0.4172, 1.0617, 0.9977, -0.0618, 0.0272, 0.0045
78 316 10.540000 -0.3576, -0.4021, 1.0990, 0.9980, -0.0607, 0.0147, 0.0038
78 317 10.570000 -0.3411, -0.3898, 1.1238, 0.9982, -0.0595, -0.0036, 0.0037
78 318 10.600000 -0.3245, -0.3769, 1.1455, 0.9983, -0.0574, -0.0110, 0.0031
78 319 10.640000 -0.3027, -0.3586, 1.1699, 0.9983, -0.0537, -0.0246, 0.0024
78 320 10.670000 -0.2867, -0.3441, 1.1851, 0.9980, -0.0505, -0.0372, 0.0022
78 321 10.700000 -0.2711, -0.3290, 1.1977, 0.9981, -0.0467, -0.0397, 0.0013
78 322 10.740000 -0.2512, -0.3079, 1.2109, 0.9981, -0.0411, -0.0465, 0.0005
78 323 10.770000 -0.2370, -0.2914, 1.2181, 0.9978, -0.0365, -0.0553, 0.0000
78 324 10.800000 -0.2235, -0.2744, 1.2230, 0.9981, -0.0312, -0.0525, -0.0008
78 325 10.840000 -0.2067, -0.2512, 1.2260, 0.9983, -0.0235, -0.0534, -0.0018
78 326 10.870000 -0.1949, -0.2334, 1.2253, 0.9982, -0.0175, -0.0570, -0.0025
78 327 10.900000 -0.1837, -0.2154, 1.2222, 0.9987, -0.0111, -0.0499, -0.0034
78 328 10.940000 -0.1699, -0.1911, 1.2139, 0.9990, -0.0026, -0.0447, -0.0046
78 329 10.970000 -0.1602, -0.1729, 1.2048, 0.9991, 0.0040, -0.0422, -0.0055
78 330 11.000000 -0.1512, -0.1547, 1.1943, 0.9994, 0.0112, -0.0312, -0.0067
78 331 11.040000 -0.1400, -0.1308, 1.1813, 0.9996, 0.0190, -0.0213, -0.0079
78 332 11.070000 -0.1323, -0.1133, 1.1740, 0.9995, 0.0237, -0.0203, -0.0089
78 333 11.100000 -0.1250, -0.0964, 1.1694, 0.9995, 0.0287, -0.0068, -0.0095
78 334 11.140000 -0.1157, -0.0749, 1.1674, 0.9993, 0.0365, -0.0048, -0.0104
78 335 11.170000 -0.1090, -0.0597, 1.1690, 0.9990, 0.0427, -0.0097, -0.0112
78 336 11.200000 -0.1024, -0.0455, 1.1732, 0.9987, 0.0491, 0.0032, -0.0111
78 337 11.240000 -0.0936, -0.0283, 1.1831, 0.9982, 0.0575, 0.0105, -0.0112
78 338 11.270000 -0.0869, -0.0170, 1.1937, 0.9979, 0.0633, 0.0092, -0.0114
78 339 11.300000 -0.0799, -0.0071, 1.2073, 0.9972, 0.0689, 0.0283, -0.0104
78 340 11.340000 -0.0697, 0.0034, 1.2302, 0.9963, 0.0752, 0.0399, -0.0097
78 341 11.370000 -0.0611, 0.0092, 1.2512, 0.9961, 0.0797, 0.0378, -0.0099
78 342 11.400000 -0.0515, 0.0129, 1.2758, 0.9951, 0.0842, 0.0518, -0.0086
78 343 11.440000 -0.0368, 0.0145, 1.3146, 0.9943, 0.0902, 0.0565, -0.0078
78 344 11.470000 -0.0242, 0.0130, 1.3481, 0.9943, 0.0949, 0.0489, -0.0080
78 345 11.500000 -0.0104, 0.0092, 1.3846, 0.9930, 0.0992, 0.0637, -0.0059
78 346 11.540000 0.0097, 0.0012, 1.4343, 0.9930, 0.1036, 0.0570, -0.0056
78 347 11.570000 0.0258, -0.0068, 1.4704, 0.9935, 0.1061, 0.0405, -0.0064
78 348 11.600000 0.0426, -0.0165, 1.5056, 0.9935, 0.1072, 0.0382, -0.0060
78 349 11.640000 0.0658, -0.0321, 1.5512, 0.9939, 0.1075, 0.0242, -0.0062
78 350 11.670000 0.0837, -0.0460, 1.5850, 0.9942, 0.1066, 0.0101, -0.0071
78 351 11.700000 0.1018, -0.0618, 1.6187, 0.9945, 0.1046, 0.0071, -0.0066
78 352 11.740000 0.1260, -0.0859, 1.6642, 0.9948, 0.1012, -0.0028, -0.0069
78 353 11.770000 0.1440, -0.1062, 1.6991, 0.9950, 0.0979, -0.0184, -0.0078
78 354 11.800000 0.1617, -0.1285, 1.7350, 0.9954, 0.0932, -0.0186, -0.0074
78 355 11.840000 0.1846, -0.1613, 1.7852, 0.9960, 0.0847, -0.0278, -0.0079
78 356 11.870000 0.2009, -0.1880, 1.8251, 0.9960, 0.0781, -0.0426, -0.0090
78 357 11.900000 0.2163, -0.2165, 1.8675, 0.9967, 0.0705, -0.0390, -0.0087
78 358 11.940000 0.2353, -0.2572, 1.9286, 0.9969, 0.0612, -0.0488, -0.0093
78 359 11.970000 0.2480, -0.2893, 1.9778, 0.9969, 0.0510, -0.0588, -0.0103
78 360 12.000000 0.2595, -0.3226, 2.0289, 0.9977, 0.0392, -0.0535, -0.0099
78 361 12.040000 0.2735, -0.3678, 2.0949, 0.9981, 0.0210, -0.0568, -0.0113
78 362 12.070000 0.2833, -0.4020, 2.1406, 0.9976, 0.0090, -0.0679, -0.0121
78 363 12.100000 0.2923, -0.4363, 2.1827, 0.9975, -0.0022, -0.0688, -0.0130
78 364 12.140000 0.3031, -0.4820, 2.2340, 0.9969, -0.0153, -0.0758, -0.0140
78 365 12.170000 0.3100, -0.5160, 2.2695, 0.9962, -0.0246, -0.0827, -0.0150
78 366 12.200000 0.3159, -0.5497, 2.3027, 0.9960, -0.0331, -0.0810, -0.0159
78 367 12.240000 0.3219, -0.5938, 2.3441, 0.9953, -0.0441, -0.0842, -0.0175
78 368 12.270000 0.3249, -0.6262, 2.3734, 0.9942, -0.0512, -0.0926, -0.0184
78 369 12.300000 0.3266, -0.6577, 2.4013, 0.9943, -0.0571, -0.0883, -0.0199
78 370 12.340000 0.3266, -0.6984, 2.4368, 0.9935, -0.0637, -0.0915, -0.0215
78 371 12.370000 0.3249, -0.7276, 2.4625, 0.9926, -0.0685, -0.0978, -0.0226
78 372 12.400000 0.3215, -0.7556, 2.4877, 0.9927, -0.0718, -0.0934, -0.0244
78 373 12.440000 0.3146, -0.7910, 2.5207, 0.9924, -0.0753, -0.0941, -0.0266
78 374 12.470000 0.3074, -0.8159, 2.5452, 0.9914, -0.0771, -0.1020, -0.0276
78 375 12.500000 0.2986, -0.8395, 2.5691, 0.9920, -0.0767, -0.0956, -0.0298
78 376 12.540000 0.2846, -0.8691, 2.5983, 0.9921, -0.0762, -0.0947, -0.0317
78 377 12.570000 0.2727, -0.8901, 2.6176, 0.9921, -0.0759, -0.0940, -0.0330
78 378 12.600000 0.2596, -0.9101, 2.6343, 0.9929, -0.0752, -0.0848, -0.0347
78 379 12.640000 0.2403, -0.9351, 2.6532, 0.9936, -0.0739, -0.0773, -0.0363
78 380 12.670000 0.2247, -0.9526, 2.6650, 0.9937, -0.0729, -0.0770, -0.0368
78 381 12.700000 0.2080, -0.9690, 2.6748, 0.9946, -0.0709, -0.0659, -0.0379
78 382 12.740000 0.1843, -0.9893, 2.6851, 0.9952, -0.0685, -0.0579, -0.0386
78 383 12.770000 0.1656, -1.0033, 2.6908, 0.9954, -0.0664, -0.0570, -0.0386
78 384 12.800000 0.1461, -1.0164, 2.6948, 0.9962, -0.0638, -0.0447, -0.0391
78 385 12.840000 0.1191, -1.0323, 2.6975, 0.9968, -0.0602, -0.0356, -0.0391
78 386 12.870000 0.0982, -1.0432, 2.6976, 0.9971, -0.0572, -0.0329, -0.0385
78 387 12.900000 0.0770, -1.0532, 2.6960, 0.9976, -0.0539, -0.0206, -0.0385
78 388 12.940000 0.0482, -1.0654, 2.6911, 0.9980, -0.0497, -0.0099, -0.0378
78 389 12.970000 0.0264, -1.0738, 2.6853, 0.9982, -0.0464, -0.0075, -0.0369
78 390 13.000000 0.0045, -1.0814, 2.6779, 0.9984, -0.0433, 0.0059, -0.0363
78 391 13.040000 -0.0244, -1.0906, 2.6659, 0.9985, -0.0390, 0.0174, -0.0349
78 392 13.070000 -0.0459, -1.0968, 2.6557, 0.9987, -0.0359, 0.0160, -0.0337
78 393 13.100000 -0.0670, -1.1024, 2.6446, 0.9985, -0.0331, 0.0290, -0.0328
78 394 13.140000 -0.0945, -1.1091, 2.6281, 0.9985, -0.0288, 0.0339, -0.0314
78 395 13.170000 -0.1146, -1.1137, 2.6144, 0.9987, -0.0259, 0.0331, -0.0301
78 396 13.200000 -0.1341, -1.1178, 2.5995, 0.9984, -0.0233, 0.0424, -0.0292
78 397 13.240000 -0.1592, -1.1229, 2.5774, 0.9983, -0.0205, 0.0466, -0.0278
78 398 13.270000 -0.1773, -1.1263, 2.5591, 0.9985, -0.0189, 0.0446, -0.0266
78 399 13.300000 -0.1946, -1.1295, 2.5391, 0.9981, -0.0179, 0.0529, -0.0256
78 400 13.340000 -0.2167, -1.1333, 2.5094, 0.9979, -0.0174, 0.0569, -0.0241
78 401 13.370000 -0.2324, -1.1360, 2.4845, 0.9980, -0.0179, 0.0557, -0.0229
78 402 13.400000 -0.2474, -1.1385, 2.4570, 0.9975, -0.0190, 0.0638, -0.0218
78 403 13.440000 -0.2662, -1.1414, 2.4158, 0.9972, -0.0216, 0.0685, -0.0202
78 404 13.470000 -0.2794, -1.1433, 2.3814, 0.9972, -0.0245, 0.0684, -0.0188
78 405 13.500000 -0.2917, -1.1450, 2.3448, 0.9966, -0.0285, 0.0758, -0.0175
78 406 13.540000 -0.3059, -1.1463, 2.2962, 0.9962, -0.0329, 0.0789, -0.0156
78 407 13.570000 -0.3147, -1.1466, 2.2616, 0.9966, -0.0348, 0.0734, -0.0139
78 408 13.600000 -0.3219, -1.1462, 2.2285, 0.9957, -0.0386, 0.0835, -0.0127
78 409 13.640000 -0.3289, -1.1444, 2.1865, 0.9950, -0.0446, 0.0890, -0.0107
78 410 13.670000 -0.3322, -1.1420, 2.1559, 0.9953, -0.0490, 0.0829, -0.0086
78 411 13.700000 -0.3339, -1.1388, 2.1258, 0.9943, -0.0536, 0.0915, -0.0074
78 412 13.740000 -0.3337, -1.1330, 2.0857, 0.9944, -0.0594, 0.0875, -0.0047
78 413 13.770000 -0.3317, -1.1274, 2.0554, 0.9947, -0.0637, 0.0801, -0.0026
78 414 13.800000 -0.3284, -1.1208, 2.0245, 0.9943, -0.0679, 0.0822, -0.0009
78 415 13.840000 -0.3220, -1.1103, 1.9819, 0.9944, -0.0722, 0.0772, 0.0017
78 416 13.870000 -0.3159, -1.1011, 1.9486, 0.9949, -0.0750, 0.0678, 0.0041
78 417 13.900000 -0.3087, -1.0908, 1.9136, 0.9946, -0.0775, 0.0683, 0.0057
78 418 13.940000 -0.2977, -1.0754, 1.8641, 0.9949, -0.0796, 0.0613, 0.0084
78 419 13.970000 -0.2886, -1.0625, 1.8244, 0.9954, -0.0799, 0.0515, 0.0107
78 420 14.000000 -0.2786, -1.0485, 1.7831, 0.9955, -0.0794, 0.0507, 0.0124
78 421 14.040000 -0.2641, -1.0278, 1.7273, 0.9957, -0.0791, 0.0459, 0.0149
78 422 14.070000 -0.2523, -1.0105, 1.6857, 0.9961, -0.0778, 0.0368, 0.0170
78 423 14.100000 -0.2399, -0.9918, 1.6442, 0.9961, -0.0764, 0.0410, 0.0176
78 424 14.140000 -0.2222, -0.9648, 1.5887, 0.9964, -0.0730, 0.0381, 0.0190
78 425 14.170000 -0.2083, -0.9430, 1.5464, 0.9969, -0.0701, 0.0283, 0.0203
78 426 14.200000 -0.1940, -0.9202, 1.5031, 0.9971, -0.0670, 0.0307, 0.0206
78 427 14.240000 -0.1742, -0.8882, 1.4432, 0.9976, -0.0620, 0.0242, 0.0213
78 428 14.270000 -0.1591, -0.8632, 1.3961, 0.9980, -0.0573, 0.0152, 0.0221
78 429 14.300000 -0.1437, -0.8373, 1.3468, 0.9983, -0.0523, 0.0150, 0.0220
78 430 14.340000 -0.1230, -0.8020, 1.2764, 0.9987, -0.0448, 0.0093, 0.0222
78 431 14.370000 -0.1074, -0.7749, 1.2194, 0.9990, -0.0390, 0.0006, 0.0223
78 432 14.400000 -0.0917, -0.7475, 1.1579, 0.9992, -0.0329, -0.0010, 0.0221
78 433 14.440000 -0.0709, -0.7105, 1.0676, 0.9994, -0.0248, -0.0087, 0.0218
78 434 14.470000 -0.0554, -0.6826, 0.9936, 0.9995, -0.0186, -0.0166, 0.0215
78 435 14.500000 -0.0400, -0.6545, 0.9162, 0.9995, -0.0126, -0.0207, 0.0210
78 436 14.540000 -0.0204, -0.6167, 0.8171, 0.9994, -0.0047, -0.0274, 0.0205
78 437 14.570000 -0.0067, -0.5881, 0.7505, 0.9992, 0.0008, -0.0343, 0.0200
78 438 14.600000 0.0060, -0.5596, 0.6909, 0.9992, 0.0064, -0.0334, 0.0197
78 439 14.640000 0.0212, -0.5219, 0.6217, 0.9991, 0.0128, -0.0354, 0.0193
78 440 14.670000 0.0314, -0.4941, 0.5765, 0.9988, 0.0163, -0.0415, 0.0188
78 441 14.700000 0.0404, -0.4667, 0.5366, 0.9989, 0.0206, -0.0365, 0.0187
78 442 14.740000 0.0508, -0.4311, 0.4910, 0.9989, 0.0246, -0.0365, 0.0184
78 443 14.770000 0.0574, -0.4052, 0.4619, 0.9986, 0.0259, -0.0430, 0.0179
78 444 14.800000 0.0630, -0.3800, 0.4371, 0.9988, 0.0289, -0.0358, 0.0180
78 445 14.840000 0.0689, -0.3475, 0.4101, 0.9988, 0.0306, -0.0353, 0.0178
78 446 14.870000 0.0722, -0.3241, 0.3942, 0.9985, 0.0298, -0.0425, 0.0173
78 447 14.900000 0.0745, -0.3014, 0.3820, 0.9987, 0.0317, -0.0348, 0.0175
78 448 14.940000 0.0761, -0.2724, 0.3714, 0.9987, 0.0320, -0.0344, 0.0173
78 449 14.970000 0.0762, -0.2516, 0.3673, 0.9985, 0.0301, -0.0422, 0.0168
