1 0 0.010000 -0.1673, 1.7111, -0.0012, 0.9995, 0.0023, 0.0307, 0.0005
1 1 0.040000 -0.1660, 1.7109, 0.0068, 0.9936, 0.0105, 0.1121, 0.0021
1 2 0.070000 -0.1596, 1.7104, 0.0293, 0.9867, 0.0175, 0.1614, 0.0034
1 3 0.110000 -0.1389, 1.7083, 0.0811, 0.9799, 0.0238, 0.1979, 0.0053
1 4 0.140000 -0.1146, 1.7059, 0.1305, 0.9749, 0.0230, 0.2212, 0.0087
1 5 0.170000 -0.0845, 1.7029, 0.1837, 0.9747, 0.0293, 0.2214, 0.0103
1 6 0.200000 -0.0502, 1.6995, 0.2365, 0.9730, 0.0367, 0.2276, 0.0099
1 7 0.240000 -0.0005, 1.6943, 0.3014, 0.9752, 0.0467, 0.2160, 0.0101
1 8 0.270000 0.0386, 1.6900, 0.3436, 0.9780, 0.0537, 0.2011, 0.0095
1 9 0.310000 0.0922, 1.6840, 0.3896, 0.9806, 0.0622, 0.1859, 0.0095
1 10 0.340000 0.1333, 1.6792, 0.4157, 0.9821, 0.0690, 0.1752, 0.0093
1 11 0.370000 0.1749, 1.6742, 0.4347, 0.9838, 0.0755, 0.1622, 0.0090
1 12 0.400000 0.2172, 1.6689, 0.4468, 0.9850, 0.0816, 0.1515, 0.0088
1 13 0.440000 0.2748, 1.6611, 0.4531, 0.9866, 0.0893, 0.1360, 0.0085
1 14 0.470000 0.3191, 1.6546, 0.4514, 0.9879, 0.0947, 0.1229, 0.0081
1 15 0.500000 0.3647, 1.6471, 0.4455, 0.9887, 0.0989, 0.1126, 0.0081
1 16 0.540000 0.4277, 1.6351, 0.4342, 0.9899, 0.1033, 0.0966, 0.0078
1 17 0.570000 0.4769, 1.6242, 0.4246, 0.9909, 0.1075, 0.0807, 0.0072
1 18 0.610000 0.5447, 1.6066, 0.4119, 0.9919, 0.1108, 0.0619, 0.0068
1 19 0.640000 0.5970, 1.5910, 0.4027, 0.9926, 0.1095, 0.0517, 0.0069
1 20 0.670000 0.6503, 1.5733, 0.3940, 0.9932, 0.1109, 0.0347, 0.0062
1 21 0.700000 0.7044, 1.5535, 0.3859, 0.9938, 0.1078, 0.0251, 0.0065
1 22 0.740000 0.7771, 1.5239, 0.3761, 0.9945, 0.1038, 0.0090, 0.0063
1 23 0.770000 0.8318, 1.4993, 0.3696, 0.9948, 0.1014, -0.0062, 0.0058
1 24 0.800000 0.8866, 1.4727, 0.3637, 0.9956, 0.0933, -0.0113, 0.0062
1 25 0.840000 0.9591, 1.4345, 0.3569, 0.9961, 0.0848, -0.0234, 0.0062
1 26 0.870000 1.0129, 1.4039, 0.3525, 0.9962, 0.0787, -0.0361, 0.0060
1 27 0.900000 1.0661, 1.3718, 0.3487, 0.9966, 0.0712, -0.0402, 0.0067
1 28 0.940000 1.1359, 1.3269, 0.3446, 0.9971, 0.0597, -0.0465, 0.0071
1 29 0.970000 1.1871, 1.2918, 0.3423, 0.9971, 0.0513, -0.0551, 0.0071
1 30 1.000000 1.2373, 1.2558, 0.3407, 0.9977, 0.0420, -0.0525, 0.0079
1 31 1.040000 1.3026, 1.2064, 0.3401, 0.9981, 0.0300, -0.0537, 0.0086
1 32 1.070000 1.3502, 1.1686, 0.3410, 0.9978, 0.0206, -0.0618, 0.0092
1 33 1.110000 1.4118, 1.1176, 0.3445, 0.9980, 0.0082, -0.0621, 0.0103
1 34 1.140000 1.4566, 1.0791, 0.3490, 0.9984, -0.0014, -0.0552, 0.0114
1 35 1.170000 1.5001, 1.0406, 0.3551, 0.9977, -0.0099, -0.0665, 0.0122
1 36 1.210000 1.5561, 0.9897, 0.3660, 0.9969, -0.0217, -0.0743, 0.0137
1 37 1.240000 1.5963, 0.9519, 0.3763, 0.9971, -0.0293, -0.0684, 0.0145
1 38 1.270000 1.6350, 0.9148, 0.3887, 0.9960, -0.0360, -0.0800, 0.0158
1 39 1.310000 1.6838, 0.8665, 0.4084, 0.9955, -0.0443, -0.0819, 0.0174
1 40 1.340000 1.7184, 0.8314, 0.4259, 0.9959, -0.0502, -0.0728, 0.0183
1 41 1.370000 1.7513, 0.7973, 0.4457, 0.9951, -0.0541, -0.0800, 0.0200
1 42 1.410000 1.7924, 0.7539, 0.4760, 0.9951, -0.0585, -0.0762, 0.0218
1 43 1.440000 1.8212, 0.7228, 0.5015, 0.9958, -0.0612, -0.0640, 0.0227
1 44 1.470000 1.8485, 0.6930, 0.5292, 0.9954, -0.0614, -0.0698, 0.0249
1 45 1.510000 1.8828, 0.6552, 0.5682, 0.9956, -0.0606, -0.0665, 0.0272
1 46 1.540000 1.9071, 0.6282, 0.5979, 0.9963, -0.0598, -0.0549, 0.0283
1 47 1.570000 1.9304, 0.6021, 0.6271, 0.9963, -0.0580, -0.0553, 0.0301
1 48 1.610000 1.9601, 0.5688, 0.6651, 0.9968, -0.0551, -0.0482, 0.0319
1 49 1.640000 1.9814, 0.5448, 0.6931, 0.9974, -0.0534, -0.0359, 0.0327
1 50 1.670000 2.0020, 0.5218, 0.7208, 0.9975, -0.0510, -0.0348, 0.0340
1 51 1.710000 2.0286, 0.4925, 0.7579, 0.9978, -0.0484, -0.0266, 0.0353
1 52 1.740000 2.0479, 0.4716, 0.7860, 0.9982, -0.0463, -0.0159, 0.0359
1 53 1.770000 2.0669, 0.4515, 0.8149, 0.9981, -0.0432, -0.0216, 0.0374
1 54 1.810000 2.0916, 0.4261, 0.8550, 0.9982, -0.0397, -0.0230, 0.0388
1 55 1.840000 2.1096, 0.4079, 0.8865, 0.9983, -0.0377, -0.0190, 0.0396
1 56 1.870000 2.1271, 0.3905, 0.9197, 0.9980, -0.0349, -0.0319, 0.0410
1 57 1.910000 2.1494, 0.3684, 0.9664, 0.9977, -0.0324, -0.0411, 0.0424
1 58 1.940000 2.1652, 0.3526, 1.0034, 0.9978, -0.0319, -0.0401, 0.0431
1 59 1.970000 2.1802, 0.3374, 1.0415, 0.9970, -0.0312, -0.0561, 0.0443
1 60 2.010000 2.1986, 0.3180, 1.0924, 0.9963, -0.0324, -0.0650, 0.0453
1 61 2.040000 2.2114, 0.3039, 1.1286, 0.9959, -0.0331, -0.0703, 0.0457
1 62 2.070000 2.2233, 0.2902, 1.1619, 0.9946, -0.0328, -0.0873, 0.0464
1 63 2.110000 2.2375, 0.2724, 1.2014, 0.9929, -0.0321, -0.1041, 0.0468
1 64 2.140000 2.2468, 0.2594, 1.2275, 0.9920, -0.0314, -0.1125, 0.0469
1 65 2.170000 2.2547, 0.2468, 1.2509, 0.9899, -0.0301, -0.1301, 0.0470
1 66 2.210000 2.2626, 0.2304, 1.2781, 0.9880, -0.0284, -0.1447, 0.0466
1 67 2.240000 2.2662, 0.2184, 1.2959, 0.9876, -0.0272, -0.1478, 0.0460
1 68 2.270000 2.2678, 0.2068, 1.3117, 0.9859, -0.0257, -0.1590, 0.0454
1 69 2.310000 2.2663, 0.1916, 1.3297, 0.9854, -0.0237, -0.1629, 0.0440
1 70 2.340000 2.2625, 0.1806, 1.3410, 0.9861, -0.0224, -0.1590, 0.0426
1 71 2.370000 2.2563, 0.1697, 1.3506, 0.9857, -0.0212, -0.1620, 0.0410
1 72 2.410000 2.2443, 0.1556, 1.3607, 0.9866, -0.0196, -0.1575, 0.0385
1 73 2.440000 2.2326, 0.1453, 1.3664, 0.9887, -0.0181, -0.1444, 0.0362
1 74 2.470000 2.2187, 0.1351, 1.3706, 0.9891, -0.0173, -0.1423, 0.0339
1 75 2.510000 2.1967, 0.1219, 1.3745, 0.9912, -0.0164, -0.1275, 0.0302
1 76 2.540000 2.1777, 0.1122, 1.3766, 0.9933, -0.0156, -0.1111, 0.0275
1 77 2.570000 2.1567, 0.1028, 1.3784, 0.9937, -0.0158, -0.1080, 0.0250
1 78 2.610000 2.1259, 0.0905, 1.3807, 0.9950, -0.0166, -0.0956, 0.0217
1 79 2.640000 2.1007, 0.0816, 1.3825, 0.9964, -0.0179, -0.0804, 0.0193
1 80 2.670000 2.0741, 0.0731, 1.3845, 0.9966, -0.0198, -0.0782, 0.0171
1 81 2.710000 2.0364, 0.0621, 1.3875, 0.9974, -0.0230, -0.0670, 0.0143
1 82 2.740000 2.0068, 0.0544, 1.3902, 0.9983, -0.0257, -0.0516, 0.0122
1 83 2.770000 1.9761, 0.0472, 1.3931, 0.9982, -0.0294, -0.0508, 0.0105
1 84 2.800000 1.9446, 0.0404, 1.3965, 0.9987, -0.0333, -0.0370, 0.0086
1 85 2.840000 1.9013, 0.0324, 1.4016, 0.9988, -0.0393, -0.0278, 0.0064
1 86 2.870000 1.8682, 0.0273, 1.4060, 0.9986, -0.0442, -0.0285, 0.0052
1 87 2.900000 1.8346, 0.0229, 1.4109, 0.9987, -0.0490, -0.0148, 0.0035
1 88 2.940000 1.7893, 0.0186, 1.4181, 0.9984, -0.0560, -0.0081, 0.0020
1 89 2.970000 1.7551, 0.0165, 1.4241, 0.9981, -0.0617, -0.0096, 0.0012
1 90 3.000000 1.7207, 0.0156, 1.4304, 0.9977, -0.0675, 0.0005, 0.0001
1 91 3.040000 1.6748, 0.0163, 1.4393, 0.9972, -0.0744, 0.0077, -0.0011
1 92 3.070000 1.6404, 0.0184, 1.4461, 0.9968, -0.0795, 0.0049, -0.0012
1 93 3.100000 1.6062, 0.0219, 1.4532, 0.9963, -0.0836, 0.0180, -0.0026
1 94 3.140000 1.5611, 0.0291, 1.4632, 0.9957, -0.0891, 0.0243, -0.0034
1 95 3.170000 1.5277, 0.0363, 1.4711, 0.9954, -0.0925, 0.0227, -0.0033
1 96 3.200000 1.4947, 0.0454, 1.4795, 0.9947, -0.0957, 0.0366, -0.0046
1 97 3.240000 1.4519, 0.0602, 1.4916, 0.9940, -0.0985, 0.0471, -0.0055
1 98 3.270000 1.4207, 0.0736, 1.5014, 0.9939, -0.0994, 0.0472, -0.0054
1 99 3.300000 1.3905, 0.0889, 1.5121, 0.9930, -0.0996, 0.0628, -0.0066
1 100 3.340000 1.3521, 0.1124, 1.5276, 0.9924, -0.0981, 0.0739, -0.0075
1 101 3.370000 1.3250, 0.1322, 1.5404, 0.9925, -0.0961, 0.0758, -0.0075
1 102 3.400000 1.2995, 0.1540, 1.5541, 0.9912, -0.0937, 0.0927, -0.0089
1 103 3.440000 1.2682, 0.1860, 1.5738, 0.9906, -0.0894, 0.1028, -0.0095
1 104 3.470000 1.2469, 0.2119, 1.5891, 0.9912, -0.0845, 0.1015, -0.0091
1 105 3.500000 1.2275, 0.2393, 1.6041, 0.9905, -0.0788, 0.1121, -0.0100
1 106 3.540000 1.2042, 0.2776, 1.6216, 0.9901, -0.0697, 0.1216, -0.0105
1 107 3.570000 1.1885, 0.3073, 1.6316, 0.9901, -0.0632, 0.1247, -0.0106
1 108 3.600000 1.1743, 0.3378, 1.6387, 0.9887, -0.0568, 0.1382, -0.0112
1 109 3.640000 1.1580, 0.3796, 1.6437, 0.9880, -0.0490, 0.1463, -0.0112
1 110 3.670000 1.1478, 0.4116, 1.6440, 0.9881, -0.0424, 0.1475, -0.0110
1 111 3.700000 1.1396, 0.4441, 1.6416, 0.9871, -0.0364, 0.1553, -0.0109
1 112 3.740000 1.1315, 0.4881, 1.6341, 0.9868, -0.0282, 0.1589, -0.0103
1 113 3.770000 1.1278, 0.5215, 1.6251, 0.9876, -0.0222, 0.1552, -0.0096
1 114 3.800000 1.1259, 0.5552, 1.6131, 0.9871, -0.0165, 0.1589, -0.0089
1 115 3.840000 1.1263, 0.6003, 1.5921, 0.9878, -0.0089, 0.1555, -0.0076
1 116 3.870000 1.1286, 0.6343, 1.5725, 0.9891, -0.0031, 0.1473, -0.0064
1 117 3.900000 1.1326, 0.6683, 1.5492, 0.9894, 0.0023, 0.1450, -0.0052
1 118 3.940000 1.1403, 0.7135, 1.5128, 0.9909, 0.0097, 0.1343, -0.0033
1 119 3.970000 1.1478, 0.7474, 1.4817, 0.9926, 0.0154, 0.1207, -0.0018
1 120 4.000000 1.1571, 0.7810, 1.4487, 0.9934, 0.0209, 0.1130, -0.0001
1 121 4.040000 1.1725, 0.8252, 1.4046, 0.9948, 0.0266, 0.0982, 0.0025
1 122 4.070000 1.1865, 0.8577, 1.3734, 0.9963, 0.0326, 0.0796, 0.0044
1 123 4.100000 1.2023, 0.8895, 1.3443, 0.9966, 0.0343, 0.0742, 0.0069
1 124 4.140000 1.2257, 0.9307, 1.3088, 0.9973, 0.0379, 0.0617, 0.0097
1 125 4.170000 1.2448, 0.9606, 1.2843, 0.9980, 0.0396, 0.0482, 0.0110
1 126 4.200000 1.2650, 0.9898, 1.2613, 0.9981, 0.0396, 0.0455, 0.0131
1 127 4.240000 1.2932, 1.0274, 1.2327, 0.9984, 0.0400, 0.0366, 0.0151
1 128 4.270000 1.3151, 1.0547, 1.2124, 0.9989, 0.0397, 0.0190, 0.0164
1 129 4.300000 1.3375, 1.0813, 1.1928, 0.9990, 0.0379, 0.0150, 0.0179
1 130 4.340000 1.3677, 1.1156, 1.1674, 0.9992, 0.0342, 0.0027, 0.0194
1 131 4.370000 1.3904, 1.1407, 1.1485, 0.9992, 0.0318, -0.0128, 0.0203
1 132 4.400000 1.4129, 1.1651, 1.1295, 0.9993, 0.0287, -0.0129, 0.0213
1 133 4.440000 1.4425, 1.1969, 1.1040, 0.9990, 0.0258, -0.0281, 0.0225
1 134 4.470000 1.4641, 1.2203, 1.0847, 0.9986, 0.0221, -0.0412, 0.0229
1 135 4.500000 1.4850, 1.2432, 1.0657, 0.9985, 0.0182, -0.0455, 0.0237
1 136 4.540000 1.5113, 1.2731, 1.0423, 0.9984, 0.0127, -0.0504, 0.0242
1 137 4.570000 1.5297, 1.2952, 1.0269, 0.9975, 0.0098, -0.0649, 0.0245
1 138 4.600000 1.5468, 1.3170, 1.0137, 0.9979, 0.0061, -0.0595, 0.0248
1 139 4.640000 1.5674, 1.3459, 0.9993, 0.9978, 0.0020, -0.0619, 0.0250
1 140 4.670000 1.5811, 1.3674, 0.9909, 0.9970, -0.0007, -0.0739, 0.0248
1 141 4.700000 1.5934, 1.3889, 0.9845, 0.9972, -0.0030, -0.0701, 0.0246
1 142 4.740000 1.6072, 1.4176, 0.9790, 0.9966, -0.0049, -0.0785, 0.0241
1 143 4.770000 1.6155, 1.4392, 0.9770, 0.9950, -0.0053, -0.0966, 0.0237
1 144 4.800000 1.6217, 1.4608, 0.9770, 0.9947, -0.0050, -0.1001, 0.0232
1 145 4.840000 1.6266, 1.4898, 0.9798, 0.9939, -0.0037, -0.1083, 0.0227
1 146 4.870000 1.6274, 1.5115, 0.9842, 0.9922, -0.0013, -0.1229, 0.0220
1 147 4.900000 1.6255, 1.5333, 0.9904, 0.9931, 0.0016, -0.1156, 0.0216
1 148 4.940000 1.6191, 1.5621, 1.0016, 0.9928, 0.0088, -0.1175, 0.0210
1 149 4.970000 1.6112, 1.5834, 1.0121, 0.9919, 0.0151, -0.1241, 0.0207
1 150 5.000000 1.6008, 1.6044, 1.0238, 0.9929, 0.0227, -0.1147, 0.0204
1 151 5.040000 1.5834, 1.6316, 1.0403, 0.9931, 0.0329, -0.1109, 0.0201
1 152 5.070000 1.5680, 1.6513, 1.0527, 0.9926, 0.0404, -0.1124, 0.0197
1 153 5.100000 1.5506, 1.6702, 1.0651, 0.9938, 0.0472, -0.0984, 0.0200
1 154 5.140000 1.5247, 1.6940, 1.0816, 0.9942, 0.0560, -0.0896, 0.0201
1 155 5.170000 1.5032, 1.7107, 1.0941, 0.9939, 0.0618, -0.0893, 0.0198
1 156 5.200000 1.4802, 1.7262, 1.1069, 0.9946, 0.0671, -0.0760, 0.0203
1 157 5.240000 1.4472, 1.7448, 1.1247, 0.9949, 0.0731, -0.0667, 0.0206
1 158 5.270000 1.4210, 1.7571, 1.1387, 0.9946, 0.0770, -0.0668, 0.0203
1 159 5.300000 1.3935, 1.7679, 1.1536, 0.9952, 0.0801, -0.0515, 0.0212
1 160 5.340000 1.3552, 1.7798, 1.1750, 0.9954, 0.0833, -0.0409, 0.0217
1 161 5.370000 1.3255, 1.7867, 1.1924, 0.9953, 0.0850, -0.0404, 0.0214
1 162 5.400000 1.2950, 1.7918, 1.2112, 0.9957, 0.0857, -0.0253, 0.0225
1 163 5.440000 1.2535, 1.7959, 1.2386, 0.9959, 0.0857, -0.0162, 0.0231
1 164 5.470000 1.2219, 1.7969, 1.2606, 0.9960, 0.0846, -0.0190, 0.0227
1 165 5.500000 1.1901, 1.7962, 1.2831, 0.9963, 0.0822, -0.0074, 0.0237
1 166 5.540000 1.1474, 1.7933, 1.3118, 0.9966, 0.0783, -0.0003, 0.0243
1 167 5.570000 1.1154, 1.7899, 1.3311, 0.9969, 0.0753, 0.0023, 0.0246
1 168 5.600000 1.0834, 1.7854, 1.3484, 0.9970, 0.0719, 0.0143, 0.0257
1 169 5.640000 1.0411, 1.7779, 1.3683, 0.9971, 0.0673, 0.0224, 0.0267
1 170 5.670000 1.0097, 1.7712, 1.3810, 0.9973, 0.0642, 0.0229, 0.0272
1 171 5.700000 0.9787, 1.7635, 1.3921, 0.9972, 0.0604, 0.0343, 0.0284
1 172 5.740000 0.9382, 1.7520, 1.4044, 0.9972, 0.0556, 0.0397, 0.0296
1 173 5.770000 0.9084, 1.7424, 1.4119, 0.9975, 0.0522, 0.0362, 0.0302
1 174 5.800000 0.8792, 1.7320, 1.4179, 0.9975, 0.0479, 0.0420, 0.0314
1 175 5.840000 0.8413, 1.7171, 1.4238, 0.9978, 0.0421, 0.0406, 0.0326
1 176 5.870000 0.8135, 1.7052, 1.4265, 0.9982, 0.0378, 0.0326, 0.0333
1 177 5.900000 0.7863, 1.6928, 1.4278, 0.9983, 0.0326, 0.0347, 0.0345
1 178 5.940000 0.7507, 1.6755, 1.4274, 0.9986, 0.0258, 0.0274, 0.0359
1 179 5.970000 0.7245, 1.6620, 1.4256, 0.9990, 0.0206, 0.0163, 0.0368
1 180 6.000000 0.6986, 1.6483, 1.4227, 0.9991, 0.0143, 0.0135, 0.0381
1 181 6.040000 0.6643, 1.6296, 1.4178, 0.9992, 0.0072, 0.0070, 0.0394
1 182 6.070000 0.6387, 1.6154, 1.4137, 0.9992, 0.0026, -0.0046, 0.0403
1 183 6.100000 0.6131, 1.6012, 1.4094, 0.9991, -0.0023, -0.0046, 0.0411
1 184 6.140000 0.5787, 1.5824, 1.4033, 0.9990, -0.0084, -0.0104, 0.0419
1 185 6.170000 0.5526, 1.5684, 1.3986, 0.9988, -0.0114, -0.0214, 0.0424
1 186 6.200000 0.5263, 1.5545, 1.3936, 0.9988, -0.0144, -0.0211, 0.0428
1 187 6.240000 0.4904, 1.5364, 1.3866, 0.9984, -0.0161, -0.0330, 0.0430
1 188 6.270000 0.4628, 1.5231, 1.3810, 0.9979, -0.0167, -0.0444, 0.0434
1 189 6.300000 0.4345, 1.5101, 1.3750, 0.9980, -0.0169, -0.0432, 0.0433
1 190 6.340000 0.3955, 1.4931, 1.3662, 0.9978, -0.0167, -0.0465, 0.0433
1 191 6.370000 0.3654, 1.4806, 1.3589, 0.9975, -0.0151, -0.0542, 0.0433
1 192 6.400000 0.3343, 1.4683, 1.3508, 0.9979, -0.0133, -0.0476, 0.0429
1 193 6.440000 0.2917, 1.4522, 1.3388, 0.9981, -0.0091, -0.0437, 0.0426
1 194 6.470000 0.2589, 1.4403, 1.3289, 0.9981, -0.0052, -0.0452, 0.0423
1 195 6.500000 0.2253, 1.4284, 1.3189, 0.9986, -0.0015, -0.0315, 0.0419
1 196 6.540000 0.1794, 1.4125, 1.3069, 0.9988, 0.0044, -0.0252, 0.0413
1 197 6.570000 0.1444, 1.4005, 1.2999, 0.9987, 0.0091, -0.0292, 0.0411
1 198 6.600000 0.1088, 1.3883, 1.2949, 0.9989, 0.0126, -0.0178, 0.0409
1 199 6.640000 0.0606, 1.3716, 1.2915, 0.9989, 0.0180, -0.0127, 0.0409
1 200 6.670000 0.0240, 1.3585, 1.2912, 0.9988, 0.0219, -0.0165, 0.0409
1 201 6.700000 -0.0128, 1.3450, 1.2931, 0.9988, 0.0250, -0.0014, 0.0411
1 202 6.740000 -0.0621, 1.3261, 1.2988, 0.9987, 0.0282, 0.0060, 0.0415
1 203 6.770000 -0.0989, 1.3112, 1.3056, 0.9987, 0.0301, 0.0059, 0.0415
1 204 6.800000 -0.1355, 1.2957, 1.3147, 0.9984, 0.0305, 0.0214, 0.0424
1 205 6.840000 -0.1837, 1.2739, 1.3306, 0.9981, 0.0303, 0.0318, 0.0430
1 206 6.870000 -0.2191, 1.2568, 1.3456, 0.9981, 0.0294, 0.0306, 0.0437
1 207 6.900000 -0.2536, 1.2391, 1.3634, 0.9975, 0.0266, 0.0470, 0.0448
1 208 6.940000 -0.2981, 1.2145, 1.3914, 0.9971, 0.0214, 0.0563, 0.0464
1 209 6.970000 -0.3300, 1.1955, 1.4155, 0.9974, 0.0165, 0.0525, 0.0474
1 210 7.000000 -0.3607, 1.1763, 1.4417, 0.9965, 0.0089, 0.0663, 0.0494
1 211 7.040000 -0.3998, 1.1505, 1.4773, 0.9963, -0.0018, 0.0681, 0.0515
1 212 7.070000 -0.4279, 1.1312, 1.5034, 0.9967, -0.0091, 0.0612, 0.0529
1 213 7.100000 -0.4549, 1.1121, 1.5289, 0.9959, -0.0169, 0.0708, 0.0540
1 214 7.140000 -0.4893, 1.0871, 1.5619, 0.9955, -0.0271, 0.0724, 0.0554
1 215 7.170000 -0.5136, 1.0690, 1.5862, 0.9955, -0.0342, 0.0688, 0.0563
1 216 7.200000 -0.5368, 1.0516, 1.6104, 0.9945, -0.0418, 0.0769, 0.0568
1 217 7.240000 -0.5657, 1.0296, 1.6428, 0.9938, -0.0505, 0.0805, 0.0571
1 218 7.270000 -0.5858, 1.0143, 1.6676, 0.9938, -0.0569, 0.0760, 0.0578
1 219 7.300000 -0.6044, 1.0002, 1.6929, 0.9927, -0.0638, 0.0850, 0.0575
1 220 7.340000 -0.6268, 0.9835, 1.7280, 0.9915, -0.0729, 0.0912, 0.0572
1 221 7.370000 -0.6416, 0.9728, 1.7558, 0.9916, -0.0781, 0.0852, 0.0577
1 222 7.400000 -0.6546, 0.9639, 1.7851, 0.9900, -0.0831, 0.0990, 0.0562
1 223 7.440000 -0.6690, 0.9549, 1.8266, 0.9894, -0.0882, 0.1014, 0.0556
1 224 7.470000 -0.6775, 0.9504, 1.8595, 0.9899, -0.0905, 0.0938, 0.0556
1 225 7.500000 -0.6843, 0.9478, 1.8928, 0.9891, -0.0921, 0.1007, 0.0544
1 226 7.540000 -0.6913, 0.9464, 1.9342, 0.9888, -0.0935, 0.1031, 0.0532
1 227 7.570000 -0.6953, 0.9467, 1.9614, 0.9884, -0.0946, 0.1063, 0.0522
1 228 7.600000 -0.6982, 0.9480, 1.9847, 0.9871, -0.0960, 0.1175, 0.0505
1 229 7.640000 -0.7002, 0.9515, 2.0101, 0.9859, -0.0977, 0.1272, 0.0489
1 230 7.670000 -0.7002, 0.9554, 2.0252, 0.9855, -0.0983, 0.1294, 0.0481
1 231 7.700000 -0.6987, 0.9606, 2.0371, 0.9844, -0.0990, 0.1378, 0.0467
1 232 7.740000 -0.6942, 0.9695, 2.0482, 0.9838, -0.0990, 0.1423, 0.0456
1 233 7.770000 -0.6889, 0.9776, 2.0531, 0.9844, -0.0985, 0.1388, 0.0453
1 234 7.800000 -0.6820, 0.9871, 2.0551, 0.9837, -0.0978, 0.1440, 0.0442
1 235 7.840000 -0.6700, 1.0017, 2.0531, 0.9843, -0.0958, 0.1416, 0.0435
1 236 7.870000 -0.6592, 1.0141, 2.0481, 0.9854, -0.0934, 0.1353, 0.0434
1 237 7.900000 -0.6467, 1.0277, 2.0399, 0.9858, -0.0908, 0.1349, 0.0427
1 238 7.940000 -0.6278, 1.0475, 2.0240, 0.9871, -0.0868, 0.1281, 0.0423
1 239 7.970000 -0.6120, 1.0637, 2.0084, 0.9888, -0.0830, 0.1163, 0.0425
1 240 8.000000 -0.5945, 1.0811, 1.9906, 0.9897, -0.0785, 0.1124, 0.0420
1 241 8.040000 -0.5685, 1.1064, 1.9658, 0.9913, -0.0723, 0.1014, 0.0416
1 242 8.070000 -0.5469, 1.1270, 1.9478, 0.9930, -0.0681, 0.0869, 0.0420
1 243 8.100000 -0.5235, 1.1492, 1.9305, 0.9933, -0.0633, 0.0878, 0.0410
1 244 8.140000 -0.4899, 1.1807, 1.9089, 0.9945, -0.0560, 0.0793, 0.0406
1 245 8.170000 -0.4631, 1.2056, 1.8934, 0.9959, -0.0501, 0.0628, 0.0408
1 246 8.200000 -0.4350, 1.2316, 1.8785, 0.9964, -0.0432, 0.0609, 0.0400
1 247 8.240000 -0.3959, 1.2675, 1.8593, 0.9974, -0.0325, 0.0506, 0.0396
1 248 8.270000 -0.3656, 1.2952, 1.8453, 0.9984, -0.0246, 0.0337, 0.0394
1 249 8.300000 -0.3347, 1.3234, 1.8314, 0.9985, -0.0175, 0.0342, 0.0392
1 250 8.340000 -0.2926, 1.3615, 1.8129, 0.9990, -0.0083, 0.0184, 0.0389
1 251 8.370000 -0.2607, 1.3903, 1.7988, 0.9992, -0.0007, 0.0052, 0.0391
1 252 8.400000 -0.2287, 1.4191, 1.7843, 0.9992, 0.0064, -0.0018, 0.0388
1 253 8.440000 -0.1861, 1.4573, 1.7640, 0.9990, 0.0148, -0.0134, 0.0391
1 254 8.470000 -0.1545, 1.4856, 1.7483, 0.9985, 0.0203, -0.0315, 0.0391
1 255 8.500000 -0.1234, 1.5136, 1.7326, 0.9982, 0.0249, -0.0369, 0.0394
1 256 8.540000 -0.0831, 1.5501, 1.7135, 0.9975, 0.0314, -0.0500, 0.0397
1 257 8.570000 -0.0542, 1.5766, 1.7016, 0.9964, 0.0367, -0.0647, 0.0397
1 258 8.600000 -0.0266, 1.6023, 1.6921, 0.9965, 0.0417, -0.0606, 0.0402
1 259 8.640000 0.0079, 1.6349, 1.6829, 0.9955, 0.0476, -0.0715, 0.0398
1 260 8.670000 0.0320, 1.6581, 1.6787, 0.9941, 0.0537, -0.0856, 0.0392
1 261 8.700000 0.0542, 1.6800, 1.6765, 0.9938, 0.0597, -0.0850, 0.0392
1 262 8.740000 0.0808, 1.7070, 1.6770, 0.9923, 0.0699, -0.0950, 0.0386
1 263 8.770000 0.0983, 1.7253, 1.6798, 0.9903, 0.0765, -0.1095, 0.0378
1 264 8.800000 0.1135, 1.7419, 1.6847, 0.9903, 0.0823, -0.1057, 0.0377
1 265 8.840000 0.1300, 1.7609, 1.6947, 0.9892, 0.0890, -0.1106, 0.0368
1 266 8.870000 0.1394, 1.7727, 1.7050, 0.9877, 0.0940, -0.1203, 0.0350
1 267 8.900000 0.1461, 1.7821, 1.7179, 0.9880, 0.0979, -0.1143, 0.0349
1 268 8.940000 0.1509, 1.7910, 1.7391, 0.9882, 0.1024, -0.1093, 0.0336
1 269 8.970000 0.1514, 1.7948, 1.7578, 0.9870, 0.1042, -0.1187, 0.0312
1 270 9.000000 0.1497, 1.7963, 1.7778, 0.9884, 0.1054, -0.1052, 0.0307
1 271 9.040000 0.1446, 1.7956, 1.8030, 0.9890, 0.1041, -0.1008, 0.0287
1 272 9.070000 0.1393, 1.7934, 1.8190, 0.9899, 0.1028, -0.0933, 0.0274
1 273 9.100000 0.1328, 1.7899, 1.8322, 0.9914, 0.1010, -0.0792, 0.0271
1 274 9.140000 0.1228, 1.7833, 1.8454, 0.9927, 0.0985, -0.0649, 0.0261
1 275 9.170000 0.1142, 1.7768, 1.8522, 0.9932, 0.0960, -0.0614, 0.0247
1 276 9.200000 0.1050, 1.7691, 1.8565, 0.9942, 0.0932, -0.0479, 0.0243
1 277 9.240000 0.0917, 1.7570, 1.8584, 0.9951, 0.0881, -0.0379, 0.0230
1 278 9.270000 0.0811, 1.7465, 1.8570, 0.9956, 0.0841, -0.0355, 0.0215
1 279 9.300000 0.0701, 1.7349, 1.8530, 0.9963, 0.0799, -0.0238, 0.0209
1 280 9.340000 0.0551, 1.7179, 1.8437, 0.9969, 0.0741, -0.0167, 0.0195
1 281 9.370000 0.0435, 1.7041, 1.8333, 0.9973, 0.0690, -0.0143, 0.0182
1 282 9.400000 0.0318, 1.6895, 1.8199, 0.9978, 0.0638, -0.0050, 0.0176
1 283 9.440000 0.0161, 1.6690, 1.7971, 0.9983, 0.0565, 0.0029, 0.0163
1 284 9.470000 0.0043, 1.6527, 1.7765, 0.9986, 0.0511, 0.0050, 0.0152
1 285 9.500000 -0.0074, 1.6358, 1.7540, 0.9988, 0.0455, 0.0147, 0.0146
1 286 9.540000 -0.0225, 1.6119, 1.7246, 0.9988, 0.0397, 0.0236, 0.0133
1 287 9.570000 -0.0333, 1.5930, 1.7051, 0.9990, 0.0358, 0.0230, 0.0123
1 288 9.600000 -0.0435, 1.5733, 1.6882, 0.9988, 0.0318, 0.0345, 0.0119
1 289 9.640000 -0.0561, 1.5459, 1.6694, 0.9991, 0.0238, 0.0323, 0.0108
1 290 9.670000 -0.0647, 1.5247, 1.6581, 0.9996, 0.0182, 0.0206, 0.0099
1 291 9.700000 -0.0729, 1.5031, 1.6490, 0.9994, 0.0130, 0.0314, 0.0091
1 292 9.740000 -0.0828, 1.4739, 1.6402, 0.9995, 0.0063, 0.0287, 0.0085
1 293 9.770000 -0.0896, 1.4518, 1.6360, 0.9997, 0.0012, 0.0236, 0.0077
1 294 9.800000 -0.0957, 1.4296, 1.6338, 0.9995, -0.0036, 0.0304, 0.0075
1 295 9.840000 -0.1031, 1.4003, 1.6341, 0.9993, -0.0093, 0.0363, 0.0067
1 296 9.870000 -0.1078, 1.3785, 1.6368, 0.9994, -0.0128, 0.0299, 0.0066
1 297 9.900000 -0.1117, 1.3570, 1.6417, 0.9990, -0.0155, 0.0412, 0.0060
1 298 9.940000 -0.1157, 1.3289, 1.6515, 0.9988, -0.0185, 0.0440, 0.0058
1 299 9.970000 -0.1177, 1.3082, 1.6613, 0.9991, -0.0202, 0.0368, 0.0056
1 300 10.000000 -0.1189, 1.2880, 1.6725, 0.9986, -0.0215, 0.0477, 0.0055
1 301 10.040000 -0.1192, 1.2617, 1.6877, 0.9981, -0.0233, 0.0561, 0.0051
1 302 10.070000 -0.1185, 1.2424, 1.6982, 0.9979, -0.0236, 0.0596, 0.0052
1 303 10.100000 -0.1168, 1.2234, 1.7078, 0.9971, -0.0240, 0.0721, 0.0048
1 304 10.140000 -0.1127, 1.1988, 1.7191, 0.9966, -0.0240, 0.0789, 0.0047
1 305 10.170000 -0.1083, 1.1808, 1.7266, 0.9968, -0.0240, 0.0764, 0.0049
1 306 10.200000 -0.1026, 1.1631, 1.7333, 0.9963, -0.0239, 0.0828, 0.0049
1 307 10.240000 -0.0930, 1.1402, 1.7411, 0.9964, -0.0236, 0.0818, 0.0051
1 308 10.270000 -0.0842, 1.1235, 1.7463, 0.9971, -0.0229, 0.0720, 0.0056
1 309 10.300000 -0.0742, 1.1072, 1.7509, 0.9970, -0.0229, 0.0738, 0.0058
1 310 10.340000 -0.0591, 1.0861, 1.7562, 0.9976, -0.0229, 0.0652, 0.0065
1 311 10.370000 -0.0465, 1.0707, 1.7595, 0.9984, -0.0229, 0.0518, 0.0072
1 312 10.400000 -0.0330, 1.0556, 1.7623, 0.9985, -0.0232, 0.0495, 0.0076
1 313 10.440000 -0.0138, 1.0362, 1.7651, 0.9991, -0.0232, 0.0354, 0.0085
1 314 10.470000 0.0012, 1.0221, 1.7665, 0.9995, -0.0234, 0.0182, 0.0093
1 315 10.500000 0.0165, 1.0084, 1.7673, 0.9996, -0.0241, 0.0115, 0.0100
1 316 10.540000 0.0372, 0.9907, 1.7676, 0.9996, -0.0244, -0.0036, 0.0109
1 317 10.570000 0.0526, 0.9779, 1.7674, 0.9994, -0.0248, -0.0195, 0.0117
1 318 10.600000 0.0677, 0.9655, 1.7670, 0.9994, -0.0251, -0.0225, 0.0121
1 319 10.640000 0.0871, 0.9497, 1.7662, 0.9991, -0.0252, -0.0324, 0.0126
1 320 10.670000 0.1010, 0.9384, 1.7656, 0.9986, -0.0250, -0.0451, 0.0131
1 321 10.700000 0.1141, 0.9275, 1.7648, 0.9986, -0.0247, -0.0452, 0.0132
1 322 10.740000 0.1302, 0.9136, 1.7637, 0.9979, -0.0238, -0.0580, 0.0135
1 323 10.770000 0.1411, 0.9036, 1.7628, 0.9968, -0.0229, -0.0759, 0.0140
1 324 10.800000 0.1507, 0.8941, 1.7616, 0.9967, -0.0219, -0.0772, 0.0141
1 325 10.840000 0.1614, 0.8818, 1.7596, 0.9962, -0.0202, -0.0840, 0.0142
1 326 10.870000 0.1676, 0.8731, 1.7577, 0.9955, -0.0188, -0.0920, 0.0144
1 327 10.900000 0.1724, 0.8646, 1.7553, 0.9961, -0.0177, -0.0856, 0.0142
1 328 10.940000 0.1764, 0.8537, 1.7513, 0.9963, -0.0159, -0.0829, 0.0140
1 329 10.970000 0.1777, 0.8459, 1.7475, 0.9962, -0.0144, -0.0851, 0.0139
1 330 11.000000 0.1777, 0.8382, 1.7429, 0.9971, -0.0132, -0.0743, 0.0135
1 331 11.040000 0.1758, 0.8283, 1.7355, 0.9977, -0.0117, -0.0660, 0.0131
1 332 11.070000 0.1731, 0.8211, 1.7288, 0.9978, -0.0106, -0.0646, 0.0127
1 333 11.100000 0.1694, 0.8140, 1.7213, 0.9985, -0.0096, -0.0520, 0.0123
1 334 11.140000 0.1631, 0.8048, 1.7099, 0.9990, -0.0087, -0.0425, 0.0116
1 335 11.170000 0.1575, 0.7981, 1.7002, 0.9990, -0.0082, -0.0426, 0.0112
1 336 11.200000 0.1513, 0.7915, 1.6896, 0.9994, -0.0081, -0.0310, 0.0106
1 337 11.240000 0.1422, 0.7828, 1.6740, 0.9996, -0.0083, -0.0237, 0.0098
1 338 11.270000 0.1348, 0.7765, 1.6609, 0.9996, -0.0088, -0.0242, 0.0092
1 339 11.300000 0.1272, 0.7703, 1.6466, 0.9998, -0.0095, -0.0140, 0.0086
1 340 11.340000 0.1166, 0.7622, 1.6252, 0.9999, -0.0108, -0.0084, 0.0077
1 341 11.370000 0.1084, 0.7564, 1.6071, 0.9999, -0.0121, -0.0095, 0.0071
1 342 11.400000 0.1002, 0.7507, 1.5869, 0.9999, -0.0135, -0.0010, 0.0063
1 343 11.440000 0.0892, 0.7433, 1.5564, 0.9999, -0.0156, 0.0040, 0.0054
1 344 11.470000 0.0809, 0.7381, 1.5311, 0.9998, -0.0173, 0.0042, 0.0048
1 345 11.500000 0.0727, 0.7331, 1.5047, 0.9997, -0.0191, 0.0122, 0.0040
1 346 11.540000 0.0622, 0.7271, 1.4714, 0.9996, -0.0199, 0.0176, 0.0029
1 347 11.570000 0.0546, 0.7231, 1.4498, 0.9997, -0.0218, 0.0145, 0.0022
1 348 11.600000 0.0475, 0.7197, 1.4315, 0.9993, -0.0236, 0.0296, 0.0013
1 349 11.640000 0.0390, 0.7160, 1.4118, 0.9991, -0.0271, 0.0328, 0.0004
1 350 11.670000 0.0333, 0.7140, 1.4005, 0.9993, -0.0292, 0.0247, -0.0003
1 351 11.700000 0.0283, 0.7126, 1.3919, 0.9990, -0.0309, 0.0315, -0.0010
1 352 11.740000 0.0227, 0.7120, 1.3846, 0.9992, -0.0325, 0.0248, -0.0020
1 353 11.770000 0.0190, 0.7123, 1.3823, 0.9994, -0.0336, 0.0070, -0.0020
1 354 11.800000 0.0156, 0.7134, 1.3827, 0.9994, -0.0341, 0.0047, -0.0030
1 355 11.840000 0.0110, 0.7161, 1.3873, 0.9994, -0.0340, -0.0034, -0.0037
1 356 11.870000 0.0074, 0.7191, 1.3941, 0.9992, -0.0338, -0.0187, -0.0041
1 357 11.900000 0.0035, 0.7229, 1.4038, 0.9994, -0.0333, -0.0103, -0.0050
1 358 11.940000 -0.0023, 0.7291, 1.4211, 0.9994, -0.0316, -0.0128, -0.0061
1 359 11.970000 -0.0071, 0.7347, 1.4374, 0.9993, -0.0298, -0.0203, -0.0064
1 360 12.000000 -0.0122, 0.7408, 1.4555, 0.9995, -0.0270, -0.0133, -0.0075
1 361 12.040000 -0.0195, 0.7498, 1.4797, 0.9997, -0.0234, -0.0078, -0.0080
1 362 12.070000 -0.0252, 0.7570, 1.4966, 0.9998, -0.0193, -0.0039, -0.0085
1 363 12.100000 -0.0309, 0.7645, 1.5122, 0.9998, -0.0145, 0.0103, -0.0091
1 364 12.140000 -0.0383, 0.7747, 1.5310, 0.9996, -0.0070, 0.0243, -0.0098
1 365 12.170000 -0.0435, 0.7826, 1.5438, 0.9996, -0.0019, 0.0248, -0.0102
1 366 12.200000 -0.0482, 0.7904, 1.5558, 0.9991, 0.0034, 0.0399, -0.0105
1 367 12.240000 -0.0536, 0.8008, 1.5707, 0.9988, 0.0099, 0.0459, -0.0110
1 368 12.270000 -0.0568, 0.8084, 1.5811, 0.9986, 0.0158, 0.0483, -0.0112
1 369 12.300000 -0.0592, 0.8158, 1.5910, 0.9979, 0.0219, 0.0591, -0.0115
1 370 12.340000 -0.0609, 0.8250, 1.6035, 0.9972, 0.0309, 0.0665, -0.0116
1 371 12.370000 -0.0609, 0.8312, 1.6127, 0.9973, 0.0371, 0.0629, -0.0119
1 372 12.400000 -0.0598, 0.8368, 1.6217, 0.9963, 0.0438, 0.0732, -0.0117
1 373 12.440000 -0.0564, 0.8430, 1.6336, 0.9957, 0.0526, 0.0748, -0.0118
1 374 12.470000 -0.0523, 0.8466, 1.6426, 0.9957, 0.0595, 0.0697, -0.0120
1 375 12.500000 -0.0471, 0.8492, 1.6512, 0.9948, 0.0665, 0.0761, -0.0117
1 376 12.540000 -0.0383, 0.8509, 1.6607, 0.9944, 0.0754, 0.0729, -0.0117
1 377 12.570000 -0.0306, 0.8510, 1.6658, 0.9946, 0.0811, 0.0636, -0.0123
1 378 12.600000 -0.0219, 0.8499, 1.6690, 0.9941, 0.0863, 0.0647, -0.0121
1 379 12.640000 -0.0090, 0.8466, 1.6703, 0.9939, 0.0922, 0.0590, -0.0124
1 380 12.670000 0.0015, 0.8425, 1.6692, 0.9941, 0.0958, 0.0494, -0.0131
1 381 12.700000 0.0129, 0.8371, 1.6662, 0.9938, 0.0987, 0.0502, -0.0129
1 382 12.740000 0.0290, 0.8276, 1.6596, 0.9938, 0.1013, 0.0439, -0.0133
1 383 12.770000 0.0417, 0.8188, 1.6525, 0.9941, 0.1022, 0.0339, -0.0142
1 384 12.800000 0.0550, 0.8086, 1.6435, 0.9941, 0.1024, 0.0340, -0.0140
1 385 12.840000 0.0733, 0.7927, 1.6284, 0.9944, 0.1010, 0.0273, -0.0146
1 386 12.870000 0.0874, 0.7792, 1.6145, 0.9948, 0.0989, 0.0175, -0.0157
1 387 12.900000 0.1018, 0.7644, 1.5981, 0.9951, 0.0961, 0.0173, -0.0158
1 388 12.940000 0.1212, 0.7428, 1.5722, 0.9957, 0.0907, 0.0115, -0.0166
1 389 12.970000 0.1358, 0.7253, 1.5498, 0.9962, 0.0855, 0.0039, -0.0177
1 390 13.000000 0.1506, 0.7065, 1.5257, 0.9967, 0.0790, 0.0053, -0.0180
1 391 13.040000 0.1703, 0.6792, 1.4940, 0.9972, 0.0716, 0.0028, -0.0191
1 392 13.070000 0.1850, 0.6569, 1.4721, 0.9976, 0.0663, -0.0079, -0.0203
1 393 13.100000 0.1996, 0.6333, 1.4522, 0.9979, 0.0610, -0.0033, -0.0208
1 394 13.140000 0.2188, 0.5997, 1.4282, 0.9984, 0.0514, -0.0070, -0.0217
1 395 13.170000 0.2329, 0.5733, 1.4119, 0.9987, 0.0431, -0.0132, -0.0230
1 396 13.200000 0.2468, 0.5460, 1.3969, 0.9991, 0.0344, -0.0112, -0.0230
1 397 13.240000 0.2648, 0.5086, 1.3786, 0.9993, 0.0235, -0.0154, -0.0243
1 398 13.270000 0.2779, 0.4799, 1.3660, 0.9992, 0.0145, -0.0275, -0.0248
1 399 13.300000 0.2905, 0.4511, 1.3542, 0.9993, 0.0053, -0.0261, -0.0256
1 400 13.340000 0.3064, 0.4125, 1.3394, 0.9991, -0.0087, -0.0306, -0.0264
1 401 13.370000 0.3177, 0.3837, 1.3289, 0.9985, -0.0185, -0.0430, -0.0272
1 402 13.400000 0.3282, 0.3552, 1.3188, 0.9985, -0.0276, -0.0371, -0.0279
1 403 13.440000 0.3411, 0.3181, 1.3056, 0.9980, -0.0385, -0.0401, -0.0290
1 404 13.470000 0.3499, 0.2911, 1.2958, 0.9973, -0.0471, -0.0471, -0.0294
1 405 13.500000 0.3579, 0.2650, 1.2860, 0.9971, -0.0545, -0.0443, -0.0305
1 406 13.540000 0.3674, 0.2316, 1.2729, 0.9964, -0.0638, -0.0460, -0.0314
1 407 13.570000 0.3735, 0.2080, 1.2630, 0.9956, -0.0707, -0.0533, -0.0322
1 408 13.600000 0.3788, 0.1856, 1.2530, 0.9954, -0.0762, -0.0477, -0.0333
1 409 13.640000 0.3845, 0.1580, 1.2396, 0.9946, -0.0837, -0.0509, -0.0348
1 410 13.670000 0.3877, 0.1389, 1.2294, 0.9936, -0.0882, -0.0620, -0.0349
1 411 13.700000 0.3899, 0.1215, 1.2189, 0.9934, -0.0909, -0.0598, -0.0366
1 412 13.740000 0.3913, 0.1007, 1.2044, 0.9929, -0.0924, -0.0646, -0.0377
1 413 13.770000 0.3911, 0.0870, 1.1930, 0.9921, -0.0934, -0.0746, -0.0381
1 414 13.800000 0.3897, 0.0750, 1.1811, 0.9925, -0.0927, -0.0684, -0.0400
1 415 13.840000 0.3861, 0.0614, 1.1640, 0.9926, -0.0905, -0.0701, -0.0416
1 416 13.870000 0.3822, 0.0529, 1.1500, 0.9924, -0.0877, -0.0756, -0.0425
1 417 13.900000 0.3771, 0.0459, 1.1350, 0.9932, -0.0827, -0.0695, -0.0443
1 418 13.940000 0.3687, 0.0386, 1.1129, 0.9938, -0.0746, -0.0676, -0.0463
1 419 13.970000 0.3613, 0.0344, 1.0947, 0.9940, -0.0679, -0.0711, -0.0474
1 420 14.000000 0.3528, 0.0314, 1.0752, 0.9950, -0.0591, -0.0630, -0.0495
1 421 14.040000 0.3400, 0.0289, 1.0479, 0.9957, -0.0484, -0.0593, -0.0513
1 422 14.070000 0.3292, 0.0281, 1.0268, 0.9958, -0.0408, -0.0628, -0.0521
1 423 14.100000 0.3174, 0.0280, 1.0051, 0.9966, -0.0323, -0.0543, -0.0532
1 424 14.140000 0.3003, 0.0288, 0.9752, 0.9970, -0.0224, -0.0504, -0.0540
1 425 14.170000 0.2865, 0.0299, 0.9516, 0.9970, -0.0157, -0.0526, -0.0542
1 426 14.200000 0.2720, 0.0312, 0.9270, 0.9976, -0.0090, -0.0427, -0.0546
1 427 14.240000 0.2516, 0.0333, 0.8921, 0.9978, -0.0014, -0.0365, -0.0546
1 428 14.270000 0.2355, 0.0349, 0.8642, 0.9978, 0.0033, -0.0367, -0.0545
1 429 14.300000 0.2191, 0.0366, 0.8345, 0.9982, 0.0078, -0.0262, -0.0541
1 430 14.340000 0.1965, 0.0386, 0.7915, 0.9983, 0.0123, -0.0186, -0.0534
1 431 14.370000 0.1792, 0.0400, 0.7563, 0.9984, 0.0147, -0.0167, -0.0527
1 432 14.400000 0.1618, 0.0412, 0.7181, 0.9985, 0.0165, -0.0060, -0.0517
1 433 14.440000 0.1384, 0.0425, 0.6617, 0.9986, 0.0173, 0.0027, -0.0502
1 434 14.470000 0.1208, 0.0433, 0.6155, 0.9986, 0.0167, 0.0068, -0.0489
1 435 14.500000 0.1033, 0.0438, 0.5672, 0.9986, 0.0155, 0.0178, -0.0474
1 436 14.540000 0.0806, 0.0441, 0.5054, 0.9985, 0.0135, 0.0268, -0.0454
1 437 14.570000 0.0642, 0.0438, 0.4639, 0.9986, 0.0126, 0.0266, -0.0441
1 438 14.600000 0.0486, 0.0431, 0.4270, 0.9984, 0.0107, 0.0364, -0.0428
1 439 14.640000 0.0292, 0.0417, 0.3841, 0.9983, 0.0086, 0.0408, -0.0408
1 440 14.670000 0.0156, 0.0403, 0.3562, 0.9986, 0.0099, 0.0347, -0.0399
1 441 14.700000 0.0029, 0.0387, 0.3317, 0.9983, 0.0079, 0.0432, -0.0384
1 442 14.740000 -0.0125, 0.0361, 0.3036, 0.9983, 0.0064, 0.0449, -0.0371
1 443 14.770000 -0.0229, 0.0340, 0.2857, 0.9986, 0.0073, 0.0377, -0.0365
1 444 14.800000 -0.0325, 0.0316, 0.2704, 0.9983, 0.0058, 0.0451, -0.0357
1 445 14.840000 -0.0437, 0.0282, 0.2537, 0.9984, 0.0052, 0.0453, -0.0349
1 446 14.870000 -0.0511, 0.0255, 0.2439, 0.9987, 0.0061, 0.0379, -0.0346
1 447 14.900000 -0.0575, 0.0226, 0.2362, 0.9984, 0.0049, 0.0448, -0.0342
1 448 14.940000 -0.0647, 0.0185, 0.2295, 0.9984, 0.0047, 0.0446, -0.0338
1 449 14.970000 -0.0690, 0.0152, 0.2269, 0.9987, 0.0059, 0.0373, -0.0337
