70 0 0.010000 4.2934, -0.8537, 3.0892, 1.0000, 0.0000, 0.0000, 0.0000
70 1 0.040000 4.2934, -0.8537, 3.0820, 1.0000, 0.0000, 0.0000, 0.0000
70 2 0.070000 4.2934, -0.8537, 3.0660, 1.0000, 0.0000, 0.0000, 0.0000
70 3 0.110000 4.2934, -0.8537, 3.0308, 1.0000, 0.0000, 0.0000, 0.0000
70 4 0.140000 4.2934, -0.8537, 2.9942, 1.0000, 0.0000, 0.0000, 0.0000
70 5 0.170000 4.2933, -0.8538, 2.9514, 0.9961, 0.0560, -0.0682, 0.0010
70 6 0.200000 4.2896, -0.8568, 2.9225, 0.9848, 0.1096, -0.1349, 0.0024
70 7 0.240000 4.2707, -0.8723, 2.9194, 0.9747, 0.1385, -0.1752, 0.0035
70 8 0.270000 4.2457, -0.8926, 2.9361, 0.9682, 0.1553, -0.1960, 0.0056
70 9 0.310000 4.2028, -0.9271, 2.9681, 0.9746, 0.1322, -0.1804, 0.0066
70 10 0.340000 4.1671, -0.9556, 2.9910, 0.9795, 0.1129, -0.1668, 0.0069
70 11 0.370000 4.1303, -0.9849, 3.0082, 0.9828, 0.1015, -0.1544, 0.0064
70 12 0.400000 4.0933, -1.0143, 3.0173, 0.9866, 0.0847, -0.1395, 0.0060
70 13 0.440000 4.0439, -1.0536, 3.0156, 0.9906, 0.0632, -0.1215, 0.0055
70 14 0.470000 4.0068, -1.0831, 3.0042, 0.9929, 0.0486, -0.1083, 0.0050
70 15 0.500000 3.9695, -1.1127, 2.9851, 0.9945, 0.0378, -0.0971, 0.0044
70 16 0.540000 3.9184, -1.1526, 2.9525, 0.9965, 0.0223, -0.0806, 0.0035
70 17 0.570000 3.8789, -1.1829, 2.9257, 0.9977, 0.0096, -0.0672, 0.0028
70 18 0.610000 3.8244, -1.2235, 2.8894, 0.9988, -0.0083, -0.0484, 0.0018
70 19 0.640000 3.7824, -1.2539, 2.8625, 0.9992, -0.0220, -0.0341, 0.0010
70 20 0.670000 3.7397, -1.2838, 2.8368, 0.9992, -0.0359, -0.0199, 0.0003
70 21 0.700000 3.6967, -1.3129, 2.8127, 0.9988, -0.0493, -0.0064, -0.0005
70 22 0.740000 3.6390, -1.3501, 2.7842, 0.9977, -0.0664, 0.0102, -0.0014
70 23 0.770000 3.5961, -1.3761, 2.7662, 0.9967, -0.0784, 0.0214, -0.0020
70 24 0.800000 3.5536, -1.4003, 2.7517, 0.9956, -0.0887, 0.0309, -0.0024
70 25 0.840000 3.4983, -1.4289, 2.7382, 0.9941, -0.1007, 0.0412, -0.0029
70 26 0.870000 3.4580, -1.4473, 2.7329, 0.9930, -0.1086, 0.0473, -0.0032
70 27 0.900000 3.4190, -1.4628, 2.7318, 0.9922, -0.1134, 0.0510, -0.0033
70 28 0.940000 3.3691, -1.4789, 2.7366, 0.9916, -0.1179, 0.0540, -0.0033
70 29 0.970000 3.3333, -1.4875, 2.7442, 0.9911, -0.1209, 0.0555, -0.0032
70 30 1.000000 3.2987, -1.4933, 2.7539, 0.9914, -0.1192, 0.0542, -0.0031
70 31 1.040000 3.2542, -1.4978, 2.7669, 0.9917, -0.1172, 0.0527, -0.0029
70 32 1.070000 3.2217, -1.4991, 2.7749, 0.9914, -0.1192, 0.0545, -0.0028
70 33 1.110000 3.1796, -1.4983, 2.7820, 0.9920, -0.1149, 0.0525, -0.0024
70 34 1.140000 3.1487, -1.4960, 2.7845, 0.9929, -0.1080, 0.0502, -0.0023
70 35 1.170000 3.1186, -1.4923, 2.7845, 0.9930, -0.1069, 0.0503, -0.0022
70 36 1.210000 3.0794, -1.4852, 2.7806, 0.9939, -0.0994, 0.0485, -0.0021
70 37 1.240000 3.0507, -1.4784, 2.7747, 0.9949, -0.0889, 0.0468, -0.0022
70 38 1.270000 3.0226, -1.4705, 2.7660, 0.9950, -0.0886, 0.0457, -0.0020
70 39 1.310000 2.9860, -1.4584, 2.7499, 0.9957, -0.0807, 0.0448, -0.0022
70 40 1.340000 2.9591, -1.4483, 2.7340, 0.9966, -0.0696, 0.0447, -0.0026
70 41 1.370000 2.9327, -1.4374, 2.7145, 0.9968, -0.0655, 0.0448, -0.0027
70 42 1.410000 2.8982, -1.4219, 2.6825, 0.9976, -0.0530, 0.0455, -0.0032
70 43 1.440000 2.8729, -1.4097, 2.6539, 0.9981, -0.0400, 0.0463, -0.0037
70 44 1.470000 2.8481, -1.3970, 2.6218, 0.9983, -0.0325, 0.0474, -0.0040
70 45 1.510000 2.8159, -1.3795, 2.5753, 0.9986, -0.0189, 0.0491, -0.0046
70 46 1.540000 2.7928, -1.3660, 2.5405, 0.9987, -0.0043, 0.0504, -0.0052
70 47 1.570000 2.7708, -1.3524, 2.5073, 0.9987, -0.0007, 0.0515, -0.0053
70 48 1.610000 2.7431, -1.3344, 2.4662, 0.9985, 0.0037, 0.0538, -0.0053
70 49 1.640000 2.7238, -1.3210, 2.4379, 0.9984, 0.0161, 0.0534, -0.0058
70 50 1.670000 2.7056, -1.3080, 2.4116, 0.9985, 0.0114, 0.0532, -0.0053
70 51 1.710000 2.6831, -1.2911, 2.3793, 0.9985, 0.0176, 0.0523, -0.0053
70 52 1.740000 2.6675, -1.2790, 2.3571, 0.9982, 0.0307, 0.0508, -0.0056
70 53 1.770000 2.6529, -1.2674, 2.3363, 0.9984, 0.0275, 0.0490, -0.0051
70 54 1.810000 2.6351, -1.2529, 2.3105, 0.9983, 0.0352, 0.0459, -0.0050
70 55 1.840000 2.6228, -1.2430, 2.2924, 0.9978, 0.0497, 0.0432, -0.0054
70 56 1.870000 2.6113, -1.2340, 2.2751, 0.9978, 0.0519, 0.0402, -0.0052
70 57 1.910000 2.5971, -1.2236, 2.2531, 0.9973, 0.0636, 0.0357, -0.0055
70 58 1.940000 2.5873, -1.2173, 2.2372, 0.9966, 0.0752, 0.0321, -0.0060
70 59 1.970000 2.5781, -1.2123, 2.2219, 0.9970, 0.0720, 0.0284, -0.0059
70 60 2.010000 2.5667, -1.2080, 2.2033, 0.9973, 0.0696, 0.0224, -0.0061
70 61 2.040000 2.5587, -1.2067, 2.1917, 0.9968, 0.0779, 0.0173, -0.0064
70 62 2.070000 2.5511, -1.2071, 2.1828, 0.9977, 0.0670, 0.0118, -0.0065
70 63 2.110000 2.5414, -1.2102, 2.1751, 0.9980, 0.0633, 0.0051, -0.0069
70 64 2.140000 2.5343, -1.2143, 2.1726, 0.9977, 0.0670, 0.0002, -0.0072
70 65 2.170000 2.5271, -1.2199, 2.1726, 0.9986, 0.0517, -0.0051, -0.0076
70 66 2.210000 2.5174, -1.2294, 2.1767, 0.9990, 0.0428, -0.0124, -0.0081
70 67 2.240000 2.5097, -1.2377, 2.1828, 0.9990, 0.0409, -0.0175, -0.0084
70 68 2.270000 2.5017, -1.2469, 2.1915, 0.9994, 0.0252, -0.0222, -0.0086
70 69 2.310000 2.4902, -1.2602, 2.2074, 0.9995, 0.0081, -0.0284, -0.0092
70 70 2.340000 2.4808, -1.2705, 2.2226, 0.9994, 0.0112, -0.0330, -0.0088
70 71 2.370000 2.4706, -1.2810, 2.2410, 0.9992, -0.0112, -0.0377, -0.0096
70 72 2.410000 2.4556, -1.2947, 2.2705, 0.9988, -0.0216, -0.0425, -0.0093
70 73 2.440000 2.4432, -1.3044, 2.2963, 0.9986, -0.0235, -0.0458, -0.0092
70 74 2.470000 2.4297, -1.3136, 2.3249, 0.9979, -0.0407, -0.0493, -0.0093
70 75 2.510000 2.4101, -1.3246, 2.3647, 0.9977, -0.0410, -0.0540, -0.0086
70 76 2.540000 2.3945, -1.3323, 2.3929, 0.9974, -0.0449, -0.0566, -0.0080
70 77 2.570000 2.3783, -1.3394, 2.4180, 0.9965, -0.0579, -0.0589, -0.0081
70 78 2.610000 2.3557, -1.3478, 2.4462, 0.9954, -0.0723, -0.0620, -0.0079
70 79 2.640000 2.3379, -1.3533, 2.4636, 0.9949, -0.0771, -0.0646, -0.0073
70 80 2.670000 2.3193, -1.3578, 2.4780, 0.9937, -0.0894, -0.0670, -0.0072
70 81 2.710000 2.2933, -1.3620, 2.4932, 0.9927, -0.0979, -0.0701, -0.0066
70 82 2.740000 2.2727, -1.3638, 2.5016, 0.9926, -0.0975, -0.0722, -0.0057
70 83 2.770000 2.2512, -1.3642, 2.5078, 0.9917, -0.1052, -0.0741, -0.0053
70 84 2.800000 2.2287, -1.3632, 2.5116, 0.9919, -0.1015, -0.0758, -0.0042
70 85 2.840000 2.1971, -1.3598, 2.5131, 0.9920, -0.0999, -0.0777, -0.0031
70 86 2.870000 2.1722, -1.3557, 2.5114, 0.9917, -0.1018, -0.0790, -0.0025
70 87 2.900000 2.1464, -1.3502, 2.5071, 0.9925, -0.0924, -0.0798, -0.0011
70 88 2.940000 2.1103, -1.3411, 2.4974, 0.9932, -0.0841, -0.0809, 0.0004
70 89 2.970000 2.0820, -1.3330, 2.4872, 0.9935, -0.0798, -0.0816, 0.0013
70 90 3.000000 2.0526, -1.3238, 2.4748, 0.9945, -0.0654, -0.0819, 0.0030
70 91 3.040000 2.0114, -1.3099, 2.4567, 0.9954, -0.0514, -0.0807, 0.0047
70 92 3.070000 1.9788, -1.2984, 2.4426, 0.9956, -0.0500, -0.0794, 0.0050
70 93 3.100000 1.9449, -1.2861, 2.4284, 0.9964, -0.0358, -0.0772, 0.0062
70 94 3.140000 1.8976, -1.2686, 2.4091, 0.9969, -0.0248, -0.0737, 0.0069
70 95 3.170000 1.8605, -1.2549, 2.3945, 0.9972, -0.0227, -0.0707, 0.0068
70 96 3.200000 1.8223, -1.2409, 2.3796, 0.9977, -0.0072, -0.0667, 0.0076
70 97 3.240000 1.7695, -1.2220, 2.3592, 0.9981, 0.0027, -0.0612, 0.0078
70 98 3.270000 1.7287, -1.2077, 2.3435, 0.9983, 0.0047, -0.0568, 0.0074
70 99 3.300000 1.6870, -1.1936, 2.3273, 0.9985, 0.0166, -0.0523, 0.0076
70 100 3.340000 1.6300, -1.1752, 2.3047, 0.9986, 0.0263, -0.0457, 0.0072
70 101 3.370000 1.5864, -1.1618, 2.2867, 0.9988, 0.0252, -0.0403, 0.0065
70 102 3.400000 1.5421, -1.1489, 2.2678, 0.9987, 0.0375, -0.0345, 0.0062
70 103 3.440000 1.4823, -1.1325, 2.2409, 0.9986, 0.0444, -0.0267, 0.0055
70 104 3.470000 1.4370, -1.1209, 2.2193, 0.9988, 0.0444, -0.0205, 0.0045
70 105 3.500000 1.3913, -1.1101, 2.1970, 0.9984, 0.0538, -0.0141, 0.0039
70 106 3.540000 1.3300, -1.0971, 2.1671, 0.9982, 0.0599, -0.0054, 0.0028
70 107 3.570000 1.2839, -1.0886, 2.1453, 0.9984, 0.0571, 0.0004, 0.0020
70 108 3.600000 1.2378, -1.0812, 2.1241, 0.9977, 0.0683, 0.0054, 0.0013
70 109 3.640000 1.1766, -1.0733, 2.0967, 0.9974, 0.0705, 0.0112, 0.0003
70 110 3.670000 1.1309, -1.0687, 2.0765, 0.9978, 0.0645, 0.0153, -0.0004
70 111 3.700000 1.0854, -1.0654, 2.0564, 0.9973, 0.0707, 0.0186, -0.0012
70 112 3.740000 1.0253, -1.0628, 2.0293, 0.9974, 0.0685, 0.0233, -0.0022
70 113 3.770000 0.9807, -1.0622, 2.0085, 0.9978, 0.0600, 0.0263, -0.0029
70 114 3.800000 0.9365, -1.0626, 1.9870, 0.9977, 0.0616, 0.0291, -0.0037
70 115 3.840000 0.8783, -1.0645, 1.9568, 0.9978, 0.0568, 0.0324, -0.0049
70 116 3.870000 0.8352, -1.0669, 1.9324, 0.9983, 0.0451, 0.0353, -0.0055
70 117 3.900000 0.7926, -1.0700, 1.9064, 0.9982, 0.0452, 0.0378, -0.0065
70 118 3.940000 0.7366, -1.0751, 1.8688, 0.9985, 0.0347, 0.0411, -0.0076
70 119 3.970000 0.6953, -1.0794, 1.8387, 0.9988, 0.0222, 0.0437, -0.0083
70 120 4.000000 0.6547, -1.0842, 1.8082, 0.9987, 0.0177, 0.0462, -0.0093
70 121 4.040000 0.6022, -1.0911, 1.7707, 0.9988, 0.0089, 0.0474, -0.0103
70 122 4.070000 0.5642, -1.0964, 1.7467, 0.9987, -0.0079, 0.0503, -0.0104
70 123 4.100000 0.5275, -1.1017, 1.7270, 0.9986, 0.0039, 0.0510, -0.0121
70 124 4.140000 0.4807, -1.1087, 1.7069, 0.9986, 0.0043, 0.0515, -0.0134
70 125 4.170000 0.4471, -1.1140, 1.6964, 0.9985, -0.0052, 0.0519, -0.0139
70 126 4.200000 0.4148, -1.1193, 1.6897, 0.9986, 0.0029, 0.0512, -0.0153
70 127 4.240000 0.3737, -1.1262, 1.6863, 0.9986, -0.0020, 0.0502, -0.0163
70 128 4.270000 0.3444, -1.1313, 1.6880, 0.9985, -0.0181, 0.0495, -0.0163
70 129 4.300000 0.3163, -1.1360, 1.6934, 0.9985, -0.0184, 0.0481, -0.0171
70 130 4.340000 0.2808, -1.1414, 1.7065, 0.9981, -0.0370, 0.0463, -0.0171
70 131 4.370000 0.2556, -1.1443, 1.7210, 0.9973, -0.0547, 0.0451, -0.0166
70 132 4.400000 0.2316, -1.1459, 1.7396, 0.9976, -0.0508, 0.0428, -0.0171
70 133 4.440000 0.2013, -1.1458, 1.7710, 0.9976, -0.0537, 0.0395, -0.0171
70 134 4.470000 0.1799, -1.1440, 1.7991, 0.9970, -0.0661, 0.0375, -0.0167
70 135 4.500000 0.1593, -1.1408, 1.8298, 0.9975, -0.0580, 0.0352, -0.0171
70 136 4.540000 0.1329, -1.1349, 1.8707, 0.9978, -0.0543, 0.0329, -0.0173
70 137 4.570000 0.1137, -1.1294, 1.8993, 0.9981, -0.0494, 0.0315, -0.0175
70 138 4.600000 0.0949, -1.1234, 1.9255, 0.9988, -0.0339, 0.0300, -0.0180
70 139 4.640000 0.0704, -1.1146, 1.9571, 0.9992, -0.0233, 0.0285, -0.0183
70 140 4.670000 0.0526, -1.1076, 1.9784, 0.9992, -0.0210, 0.0277, -0.0183
70 141 4.700000 0.0351, -1.1003, 1.9981, 0.9994, -0.0093, 0.0268, -0.0185
70 142 4.740000 0.0125, -1.0904, 2.0221, 0.9995, -0.0024, 0.0261, -0.0184
70 143 4.770000 -0.0041, -1.0828, 2.0387, 0.9995, -0.0030, 0.0258, -0.0180
70 144 4.800000 -0.0202, -1.0753, 2.0542, 0.9995, 0.0075, 0.0256, -0.0179
70 145 4.840000 -0.0411, -1.0653, 2.0736, 0.9994, 0.0145, 0.0257, -0.0174
70 146 4.870000 -0.0562, -1.0581, 2.0872, 0.9994, 0.0149, 0.0260, -0.0167
70 147 4.900000 -0.0710, -1.0511, 2.1004, 0.9991, 0.0290, 0.0265, -0.0163
70 148 4.940000 -0.0899, -1.0426, 2.1172, 0.9987, 0.0387, 0.0278, -0.0153
70 149 4.970000 -0.1036, -1.0369, 2.1293, 0.9988, 0.0370, 0.0290, -0.0141
70 150 5.000000 -0.1168, -1.0318, 2.1409, 0.9983, 0.0476, 0.0306, -0.0131
70 151 5.040000 -0.1337, -1.0262, 2.1549, 0.9982, 0.0483, 0.0322, -0.0115
70 152 5.070000 -0.1458, -1.0228, 2.1639, 0.9986, 0.0418, 0.0324, -0.0101
70 153 5.100000 -0.1574, -1.0201, 2.1717, 0.9984, 0.0462, 0.0322, -0.0092
70 154 5.140000 -0.1722, -1.0175, 2.1802, 0.9986, 0.0427, 0.0307, -0.0078
70 155 5.170000 -0.1827, -1.0162, 2.1852, 0.9989, 0.0353, 0.0296, -0.0066
70 156 5.200000 -0.1927, -1.0156, 2.1892, 0.9989, 0.0368, 0.0281, -0.0059
70 157 5.240000 -0.2054, -1.0156, 2.1928, 0.9991, 0.0337, 0.0259, -0.0047
70 158 5.270000 -0.2145, -1.0161, 2.1942, 0.9995, 0.0227, 0.0235, -0.0038
70 159 5.300000 -0.2232, -1.0171, 2.1947, 0.9994, 0.0258, 0.0214, -0.0031
70 160 5.340000 -0.2343, -1.0189, 2.1938, 0.9996, 0.0189, 0.0189, -0.0021
70 161 5.370000 -0.2423, -1.0206, 2.1919, 0.9998, 0.0093, 0.0166, -0.0012
70 162 5.400000 -0.2500, -1.0224, 2.1890, 0.9998, 0.0103, 0.0146, -0.0007
70 163 5.440000 -0.2599, -1.0251, 2.1835, 0.9999, 0.0035, 0.0111, 0.0002
70 164 5.470000 -0.2671, -1.0271, 2.1782, 0.9999, -0.0074, 0.0091, 0.0010
70 165 5.500000 -0.2742, -1.0290, 2.1716, 0.9999, -0.0074, 0.0071, 0.0015
70 166 5.540000 -0.2835, -1.0314, 2.1607, 0.9999, -0.0148, 0.0051, 0.0025
70 167 5.570000 -0.2904, -1.0329, 2.1507, 0.9997, -0.0255, 0.0040, 0.0032
70 168 5.600000 -0.2972, -1.0340, 2.1390, 0.9997, -0.0258, 0.0036, 0.0040
70 169 5.640000 -0.3063, -1.0349, 2.1206, 0.9994, -0.0332, 0.0037, 0.0051
70 170 5.670000 -0.3130, -1.0350, 2.1045, 0.9990, -0.0437, 0.0042, 0.0060
70 171 5.700000 -0.3196, -1.0346, 2.0864, 0.9990, -0.0445, 0.0054, 0.0068
70 172 5.740000 -0.3284, -1.0330, 2.0587, 0.9986, -0.0516, 0.0074, 0.0080
70 173 5.770000 -0.3349, -1.0311, 2.0349, 0.9981, -0.0607, 0.0091, 0.0089
70 174 5.800000 -0.3413, -1.0284, 2.0084, 0.9981, -0.0604, 0.0113, 0.0097
70 175 5.840000 -0.3496, -1.0238, 1.9679, 0.9977, -0.0648, 0.0145, 0.0109
70 176 5.870000 -0.3557, -1.0195, 1.9333, 0.9973, -0.0707, 0.0170, 0.0119
70 177 5.900000 -0.3616, -1.0146, 1.8946, 0.9973, -0.0694, 0.0197, 0.0128
70 178 5.940000 -0.3692, -1.0070, 1.8361, 0.9971, -0.0712, 0.0236, 0.0140
70 179 5.970000 -0.3747, -1.0005, 1.7873, 0.9968, -0.0739, 0.0266, 0.0151
70 180 6.000000 -0.3799, -0.9932, 1.7356, 0.9969, -0.0707, 0.0297, 0.0161
70 181 6.040000 -0.3860, -0.9814, 1.6666, 0.9969, -0.0692, 0.0338, 0.0173
70 182 6.070000 -0.3898, -0.9707, 1.6171, 0.9966, -0.0714, 0.0375, 0.0180
70 183 6.100000 -0.3927, -0.9585, 1.5699, 0.9969, -0.0628, 0.0431, 0.0179
70 184 6.140000 -0.3952, -0.9399, 1.5100, 0.9968, -0.0639, 0.0436, 0.0186
70 185 6.170000 -0.3961, -0.9243, 1.4670, 0.9961, -0.0736, 0.0446, 0.0195
70 186 6.200000 -0.3961, -0.9073, 1.4249, 0.9966, -0.0649, 0.0459, 0.0194
70 187 6.240000 -0.3947, -0.8825, 1.3698, 0.9965, -0.0660, 0.0468, 0.0197
70 188 6.270000 -0.3927, -0.8625, 1.3286, 0.9962, -0.0707, 0.0462, 0.0203
70 189 6.300000 -0.3899, -0.8413, 1.2872, 0.9968, -0.0627, 0.0449, 0.0199
70 190 6.340000 -0.3852, -0.8113, 1.2308, 0.9972, -0.0593, 0.0422, 0.0199
70 191 6.370000 -0.3808, -0.7876, 1.1870, 0.9971, -0.0613, 0.0393, 0.0198
70 192 6.400000 -0.3760, -0.7632, 1.1415, 0.9978, -0.0519, 0.0363, 0.0193
70 193 6.440000 -0.3688, -0.7294, 1.0775, 0.9982, -0.0469, 0.0314, 0.0186
70 194 6.470000 -0.3629, -0.7033, 1.0270, 0.9984, -0.0461, 0.0270, 0.0181
70 195 6.500000 -0.3566, -0.6765, 0.9755, 0.9989, -0.0380, 0.0226, 0.0171
70 196 6.540000 -0.3475, -0.6394, 0.9088, 0.9993, -0.0311, 0.0149, 0.0161
70 197 6.570000 -0.3403, -0.6107, 0.8622, 0.9993, -0.0343, 0.0082, 0.0154
70 198 6.600000 -0.3328, -0.5812, 0.8189, 0.9997, -0.0217, 0.0012, 0.0146
70 199 6.640000 -0.3229, -0.5409, 0.7655, 0.9996, -0.0239, -0.0046, 0.0135
70 200 6.670000 -0.3156, -0.5100, 0.7284, 0.9993, -0.0339, -0.0087, 0.0127
70 201 6.700000 -0.3085, -0.4784, 0.6932, 0.9996, -0.0225, -0.0130, 0.0122
70 202 6.740000 -0.2994, -0.4354, 0.6487, 0.9995, -0.0243, -0.0188, 0.0110
70 203 6.770000 -0.2931, -0.4025, 0.6167, 0.9994, -0.0239, -0.0221, 0.0103
70 204 6.800000 -0.2871, -0.3693, 0.5855, 0.9995, -0.0137, -0.0251, 0.0095
70 205 6.840000 -0.2800, -0.3244, 0.5445, 0.9995, -0.0126, -0.0282, 0.0083
70 206 6.870000 -0.2751, -0.2905, 0.5138, 0.9993, -0.0199, -0.0306, 0.0070
70 207 6.900000 -0.2709, -0.2562, 0.4828, 0.9994, -0.0122, -0.0328, 0.0063
70 208 6.940000 -0.2660, -0.2102, 0.4404, 0.9993, -0.0119, -0.0351, 0.0048
70 209 6.970000 -0.2630, -0.1754, 0.4079, 0.9992, -0.0151, -0.0361, 0.0036
70 210 7.000000 -0.2607, -0.1404, 0.3755, 0.9993, -0.0073, -0.0366, 0.0026
70 211 7.040000 -0.2588, -0.0934, 0.3350, 0.9993, -0.0032, -0.0373, 0.0013
70 212 7.070000 -0.2584, -0.0579, 0.3082, 0.9992, -0.0141, -0.0372, -0.0003
70 213 7.100000 -0.2589, -0.0222, 0.2846, 0.9993, -0.0090, -0.0370, -0.0011
70 214 7.140000 -0.2609, 0.0259, 0.2578, 0.9993, -0.0114, -0.0361, -0.0027
70 215 7.170000 -0.2634, 0.0624, 0.2412, 0.9991, -0.0221, -0.0346, -0.0041
70 216 7.200000 -0.2667, 0.0994, 0.2272, 0.9994, -0.0098, -0.0327, -0.0049
70 217 7.240000 -0.2723, 0.1491, 0.2126, 0.9995, -0.0078, -0.0296, -0.0062
70 218 7.270000 -0.2772, 0.1867, 0.2045, 0.9996, -0.0109, -0.0267, -0.0074
70 219 7.300000 -0.2828, 0.2245, 0.1988, 0.9997, 0.0023, -0.0234, -0.0080
70 220 7.340000 -0.2909, 0.2749, 0.1949, 0.9998, 0.0093, -0.0175, -0.0092
70 221 7.370000 -0.2976, 0.3126, 0.1946, 0.9998, 0.0068, -0.0128, -0.0100
70 222 7.400000 -0.3045, 0.3501, 0.1967, 0.9997, 0.0189, -0.0085, -0.0104
70 223 7.440000 -0.3140, 0.3995, 0.2028, 0.9995, 0.0289, -0.0023, -0.0112
70 224 7.470000 -0.3212, 0.4360, 0.2096, 0.9997, 0.0220, 0.0030, -0.0114
70 225 7.500000 -0.3284, 0.4719, 0.2178, 0.9992, 0.0376, 0.0083, -0.0118
70 226 7.540000 -0.3377, 0.5189, 0.2290, 0.9990, 0.0417, 0.0142, -0.0118
70 227 7.570000 -0.3444, 0.5534, 0.2366, 0.9988, 0.0437, 0.0183, -0.0120
70 228 7.600000 -0.3508, 0.5871, 0.2436, 0.9981, 0.0565, 0.0220, -0.0120
70 229 7.640000 -0.3589, 0.6307, 0.2519, 0.9976, 0.0631, 0.0268, -0.0120
70 230 7.670000 -0.3644, 0.6623, 0.2575, 0.9977, 0.0599, 0.0302, -0.0115
70 231 7.700000 -0.3694, 0.6928, 0.2627, 0.9971, 0.0681, 0.0331, -0.0116
70 232 7.740000 -0.3752, 0.7316, 0.2691, 0.9968, 0.0696, 0.0367, -0.0112
70 233 7.770000 -0.3789, 0.7594, 0.2736, 0.9971, 0.0640, 0.0388, -0.0107
70 234 7.800000 -0.3819, 0.7861, 0.2779, 0.9965, 0.0719, 0.0404, -0.0107
70 235 7.840000 -0.3848, 0.8197, 0.2834, 0.9964, 0.0725, 0.0417, -0.0103
70 236 7.870000 -0.3862, 0.8435, 0.2875, 0.9969, 0.0661, 0.0425, -0.0097
70 237 7.900000 -0.3867, 0.8660, 0.2916, 0.9963, 0.0732, 0.0429, -0.0097
70 238 7.940000 -0.3864, 0.8941, 0.2969, 0.9962, 0.0747, 0.0434, -0.0093
70 239 7.970000 -0.3852, 0.9137, 0.3010, 0.9966, 0.0701, 0.0431, -0.0087
70 240 8.000000 -0.3833, 0.9320, 0.3048, 0.9958, 0.0803, 0.0425, -0.0088
70 241 8.040000 -0.3796, 0.9544, 0.3093, 0.9953, 0.0875, 0.0411, -0.0085
70 242 8.070000 -0.3761, 0.9695, 0.3118, 0.9955, 0.0850, 0.0403, -0.0080
70 243 8.100000 -0.3719, 0.9832, 0.3136, 0.9950, 0.0919, 0.0394, -0.0078
70 244 8.140000 -0.3654, 0.9992, 0.3148, 0.9948, 0.0940, 0.0385, -0.0072
70 245 8.170000 -0.3597, 1.0094, 0.3149, 0.9953, 0.0887, 0.0374, -0.0065
70 246 8.200000 -0.3535, 1.0181, 0.3144, 0.9947, 0.0957, 0.0363, -0.0062
70 247 8.240000 -0.3442, 1.0274, 0.3126, 0.9949, 0.0943, 0.0341, -0.0056
70 248 8.270000 -0.3366, 1.0325, 0.3104, 0.9956, 0.0882, 0.0327, -0.0047
70 249 8.300000 -0.3285, 1.0362, 0.3075, 0.9953, 0.0916, 0.0311, -0.0043
70 250 8.340000 -0.3169, 1.0389, 0.3024, 0.9955, 0.0903, 0.0286, -0.0034
70 251 8.370000 -0.3077, 1.0392, 0.2975, 0.9964, 0.0809, 0.0263, -0.0025
70 252 8.400000 -0.2980, 1.0382, 0.2917, 0.9961, 0.0847, 0.0241, -0.0018
70 253 8.440000 -0.2846, 1.0349, 0.2823, 0.9965, 0.0807, 0.0213, -0.0007
70 254 8.470000 -0.2741, 1.0309, 0.2742, 0.9972, 0.0722, 0.0188, 0.0004
70 255 8.500000 -0.2633, 1.0257, 0.2657, 0.9972, 0.0734, 0.0163, 0.0013
70 256 8.540000 -0.2484, 1.0166, 0.2558, 0.9976, 0.0687, 0.0126, 0.0026
70 257 8.570000 -0.2369, 1.0081, 0.2504, 0.9980, 0.0619, 0.0101, 0.0037
70 258 8.600000 -0.2251, 0.9982, 0.2471, 0.9976, 0.0689, 0.0085, 0.0046
70 259 8.640000 -0.2092, 0.9828, 0.2458, 0.9976, 0.0682, 0.0056, 0.0060
70 260 8.670000 -0.1971, 0.9696, 0.2471, 0.9983, 0.0573, 0.0038, 0.0071
70 261 8.700000 -0.1849, 0.9551, 0.2505, 0.9981, 0.0617, 0.0026, 0.0081
70 262 8.740000 -0.1685, 0.9339, 0.2581, 0.9983, 0.0570, 0.0020, 0.0097
70 263 8.770000 -0.1562, 0.9165, 0.2663, 0.9991, 0.0420, -0.0001, 0.0108
70 264 8.800000 -0.1438, 0.8982, 0.2767, 0.9988, 0.0475, -0.0009, 0.0121
70 265 8.840000 -0.1274, 0.8722, 0.2943, 0.9993, 0.0356, -0.0038, 0.0134
70 266 8.870000 -0.1152, 0.8519, 0.3105, 0.9996, 0.0236, -0.0053, 0.0148
70 267 8.900000 -0.1030, 0.8309, 0.3297, 0.9996, 0.0202, -0.0067, 0.0158
70 268 8.940000 -0.0871, 0.8023, 0.3599, 0.9997, 0.0139, -0.0102, 0.0177
70 269 8.970000 -0.0755, 0.7807, 0.3862, 0.9997, -0.0065, -0.0142, 0.0186
70 270 9.000000 -0.0641, 0.7590, 0.4146, 0.9997, 0.0004, -0.0170, 0.0202
70 271 9.040000 -0.0495, 0.7303, 0.4530, 0.9995, -0.0140, -0.0197, 0.0215
70 272 9.070000 -0.0388, 0.7090, 0.4806, 0.9990, -0.0304, -0.0223, 0.0222
70 273 9.100000 -0.0285, 0.6881, 0.5071, 0.9988, -0.0349, -0.0244, 0.0230
70 274 9.140000 -0.0154, 0.6613, 0.5409, 0.9982, -0.0474, -0.0283, 0.0236
70 275 9.170000 -0.0062, 0.6420, 0.5655, 0.9975, -0.0592, -0.0308, 0.0238
70 276 9.200000 0.0025, 0.6237, 0.5896, 0.9973, -0.0606, -0.0329, 0.0240
70 277 9.240000 0.0132, 0.6010, 0.6215, 0.9969, -0.0661, -0.0358, 0.0240
70 278 9.270000 0.0205, 0.5854, 0.6454, 0.9960, -0.0769, -0.0385, 0.0236
70 279 9.300000 0.0270, 0.5711, 0.6696, 0.9961, -0.0746, -0.0407, 0.0235
70 280 9.340000 0.0344, 0.5544, 0.7024, 0.9953, -0.0832, -0.0441, 0.0226
70 281 9.370000 0.0389, 0.5437, 0.7279, 0.9940, -0.0964, -0.0464, 0.0214
70 282 9.400000 0.0425, 0.5348, 0.7542, 0.9942, -0.0933, -0.0484, 0.0208
70 283 9.440000 0.0457, 0.5260, 0.7912, 0.9940, -0.0955, -0.0506, 0.0194
70 284 9.470000 0.0468, 0.5218, 0.8204, 0.9930, -0.1047, -0.0518, 0.0176
70 285 9.500000 0.0469, 0.5196, 0.8507, 0.9938, -0.0963, -0.0526, 0.0165
70 286 9.540000 0.0454, 0.5194, 0.8912, 0.9940, -0.0944, -0.0535, 0.0143
70 287 9.570000 0.0432, 0.5213, 0.9210, 0.9941, -0.0932, -0.0537, 0.0128
70 288 9.600000 0.0401, 0.5246, 0.9504, 0.9951, -0.0823, -0.0536, 0.0116
70 289 9.640000 0.0344, 0.5314, 0.9894, 0.9959, -0.0728, -0.0533, 0.0098
70 290 9.670000 0.0290, 0.5381, 1.0188, 0.9958, -0.0744, -0.0525, 0.0079
70 291 9.700000 0.0226, 0.5462, 1.0488, 0.9967, -0.0620, -0.0515, 0.0067
70 292 9.740000 0.0126, 0.5589, 1.0900, 0.9974, -0.0533, -0.0488, 0.0045
70 293 9.770000 0.0038, 0.5697, 1.1223, 0.9976, -0.0524, -0.0458, 0.0024
70 294 9.800000 -0.0059, 0.5816, 1.1560, 0.9985, -0.0353, -0.0420, 0.0011
70 295 9.840000 -0.0201, 0.5987, 1.2038, 0.9991, -0.0221, -0.0358, -0.0013
70 296 9.870000 -0.0318, 0.6122, 1.2423, 0.9993, -0.0204, -0.0302, -0.0035
70 297 9.900000 -0.0442, 0.6261, 1.2834, 0.9997, -0.0020, -0.0242, -0.0050
70 298 9.940000 -0.0615, 0.6449, 1.3428, 0.9998, 0.0108, -0.0149, -0.0076
70 299 9.970000 -0.0750, 0.6588, 1.3908, 0.9999, 0.0062, -0.0073, -0.0097
70 300 10.000000 -0.0886, 0.6725, 1.4405, 0.9998, 0.0181, -0.0008, -0.0116
70 301 10.040000 -0.1067, 0.6905, 1.5055, 0.9996, 0.0243, 0.0071, -0.0144
70 302 10.070000 -0.1203, 0.7037, 1.5514, 0.9993, 0.0326, 0.0126, -0.0165
70 303 10.100000 -0.1337, 0.7164, 1.5947, 0.9986, 0.0465, 0.0174, -0.0181
70 304 10.140000 -0.1512, 0.7324, 1.6492, 0.9976, 0.0615, 0.0250, -0.0204
70 305 10.170000 -0.1639, 0.7434, 1.6883, 0.9973, 0.0636, 0.0314, -0.0214
70 306 10.200000 -0.1762, 0.7534, 1.7263, 0.9960, 0.0773, 0.0375, -0.0228
70 307 10.240000 -0.1916, 0.7647, 1.7761, 0.9951, 0.0850, 0.0451, -0.0239
70 308 10.270000 -0.2023, 0.7715, 1.8133, 0.9949, 0.0838, 0.0509, -0.0245
70 309 10.300000 -0.2121, 0.7766, 1.8507, 0.9936, 0.0952, 0.0555, -0.0255
70 310 10.340000 -0.2235, 0.7807, 1.9019, 0.9926, 0.1007, 0.0625, -0.0262
70 311 10.370000 -0.2307, 0.7814, 1.9416, 0.9930, 0.0942, 0.0669, -0.0260
70 312 10.400000 -0.2365, 0.7800, 1.9832, 0.9922, 0.1000, 0.0701, -0.0265
70 313 10.440000 -0.2418, 0.7746, 2.0420, 0.9921, 0.0985, 0.0730, -0.0269
70 314 10.470000 -0.2439, 0.7681, 2.0886, 0.9932, 0.0845, 0.0762, -0.0260
70 315 10.500000 -0.2446, 0.7598, 2.1360, 0.9919, 0.0972, 0.0777, -0.0275
70 316 10.540000 -0.2440, 0.7468, 2.1954, 0.9929, 0.0837, 0.0798, -0.0271
70 317 10.570000 -0.2428, 0.7362, 2.2345, 0.9941, 0.0665, 0.0817, -0.0261
70 318 10.600000 -0.2410, 0.7251, 2.2688, 0.9947, 0.0548, 0.0832, -0.0256
70 319 10.640000 -0.2374, 0.7095, 2.3074, 0.9954, 0.0370, 0.0847, -0.0246
70 320 10.670000 -0.2338, 0.6973, 2.3315, 0.9958, 0.0211, 0.0854, -0.0236
70 321 10.700000 -0.2293, 0.6849, 2.3519, 0.9960, 0.0126, 0.0854, -0.0231
70 322 10.740000 -0.2218, 0.6682, 2.3736, 0.9962, -0.0022, 0.0847, -0.0221
70 323 10.770000 -0.2152, 0.6556, 2.3861, 0.9961, -0.0167, 0.0836, -0.0209
70 324 10.800000 -0.2076, 0.6432, 2.3953, 0.9962, -0.0226, 0.0817, -0.0203
70 325 10.840000 -0.1959, 0.6271, 2.4026, 0.9961, -0.0353, 0.0786, -0.0190
70 326 10.870000 -0.1862, 0.6154, 2.4042, 0.9958, -0.0484, 0.0758, -0.0175
70 327 10.900000 -0.1756, 0.6043, 2.4023, 0.9958, -0.0531, 0.0726, -0.0166
70 328 10.940000 -0.1603, 0.5903, 2.3942, 0.9956, -0.0635, 0.0680, -0.0148
70 329 10.970000 -0.1480, 0.5806, 2.3841, 0.9951, -0.0740, 0.0644, -0.0131
70 330 11.000000 -0.1348, 0.5719, 2.3715, 0.9951, -0.0764, 0.0613, -0.0119
70 331 11.040000 -0.1156, 0.5622, 2.3539, 0.9950, -0.0825, 0.0551, -0.0095
70 332 11.070000 -0.0998, 0.5570, 2.3418, 0.9944, -0.0934, 0.0485, -0.0075
70 333 11.100000 -0.0831, 0.5536, 2.3312, 0.9949, -0.0915, 0.0411, -0.0060
70 334 11.140000 -0.0594, 0.5521, 2.3193, 0.9949, -0.0961, 0.0312, -0.0038
70 335 11.170000 -0.0408, 0.5534, 2.3119, 0.9943, -0.1044, 0.0228, -0.0020
70 336 11.200000 -0.0218, 0.5568, 2.3058, 0.9950, -0.0984, 0.0144, -0.0006
70 337 11.240000 0.0040, 0.5645, 2.2996, 0.9949, -0.1008, 0.0024, 0.0014
70 338 11.270000 0.0234, 0.5728, 2.2965, 0.9943, -0.1065, -0.0054, 0.0029
70 339 11.300000 0.0427, 0.5832, 2.2948, 0.9947, -0.1025, -0.0117, 0.0038
70 340 11.340000 0.0681, 0.6005, 2.2944, 0.9951, -0.0962, -0.0199, 0.0056
70 341 11.370000 0.0866, 0.6159, 2.2956, 0.9940, -0.1065, -0.0261, 0.0061
70 342 11.400000 0.1046, 0.6333, 2.2982, 0.9953, -0.0908, -0.0325, 0.0076
70 343 11.440000 0.1276, 0.6596, 2.3036, 0.9951, -0.0905, -0.0388, 0.0083
70 344 11.470000 0.1439, 0.6816, 2.3090, 0.9950, -0.0896, -0.0429, 0.0091
70 345 11.500000 0.1593, 0.7052, 2.3152, 0.9958, -0.0776, -0.0472, 0.0098
70 346 11.540000 0.1786, 0.7389, 2.3232, 0.9961, -0.0708, -0.0522, 0.0104
70 347 11.570000 0.1920, 0.7656, 2.3284, 0.9960, -0.0702, -0.0550, 0.0104
70 348 11.600000 0.2045, 0.7935, 2.3331, 0.9967, -0.0573, -0.0563, 0.0108
70 349 11.640000 0.2197, 0.8321, 2.3387, 0.9970, -0.0500, -0.0580, 0.0108
70 350 11.670000 0.2299, 0.8622, 2.3426, 0.9969, -0.0511, -0.0586, 0.0102
70 351 11.700000 0.2391, 0.8931, 2.3463, 0.9975, -0.0386, -0.0585, 0.0104
70 352 11.740000 0.2497, 0.9355, 2.3512, 0.9978, -0.0305, -0.0574, 0.0101
70 353 11.770000 0.2565, 0.9679, 2.3549, 0.9979, -0.0309, -0.0561, 0.0093
70 354 11.800000 0.2622, 1.0009, 2.3587, 0.9983, -0.0187, -0.0542, 0.0093
70 355 11.840000 0.2684, 1.0454, 2.3639, 0.9986, -0.0108, -0.0509, 0.0087
70 356 11.870000 0.2719, 1.0791, 2.3680, 0.9987, -0.0123, -0.0480, 0.0079
70 357 11.900000 0.2746, 1.1129, 2.3721, 0.9990, 0.0000, -0.0447, 0.0078
70 358 11.940000 0.2769, 1.1581, 2.3777, 0.9991, 0.0059, -0.0403, 0.0072
70 359 11.970000 0.2778, 1.1920, 2.3819, 0.9993, 0.0034, -0.0368, 0.0064
70 360 12.000000 0.2781, 1.2257, 2.3861, 0.9993, 0.0130, -0.0335, 0.0061
70 361 12.040000 0.2775, 1.2704, 2.3913, 0.9994, 0.0176, -0.0289, 0.0054
70 362 12.070000 0.2765, 1.3037, 2.3950, 0.9995, 0.0151, -0.0255, 0.0048
70 363 12.100000 0.2751, 1.3366, 2.3983, 0.9994, 0.0248, -0.0224, 0.0046
70 364 12.140000 0.2726, 1.3799, 2.4025, 0.9994, 0.0304, -0.0187, 0.0041
70 365 12.170000 0.2703, 1.4118, 2.4055, 0.9995, 0.0265, -0.0161, 0.0037
70 366 12.200000 0.2677, 1.4432, 2.4084, 0.9992, 0.0375, -0.0137, 0.0035
70 367 12.240000 0.2640, 1.4842, 2.4123, 0.9991, 0.0407, -0.0110, 0.0033
70 368 12.270000 0.2609, 1.5141, 2.4151, 0.9992, 0.0391, -0.0094, 0.0030
70 369 12.300000 0.2577, 1.5433, 2.4180, 0.9988, 0.0488, -0.0078, 0.0030
70 370 12.340000 0.2532, 1.5810, 2.4219, 0.9985, 0.0538, -0.0066, 0.0029
70 371 12.370000 0.2496, 1.6081, 2.4250, 0.9987, 0.0511, -0.0061, 0.0028
70 372 12.400000 0.2460, 1.6344, 2.4281, 0.9981, 0.0616, -0.0059, 0.0029
70 373 12.440000 0.2410, 1.6677, 2.4325, 0.9977, 0.0670, -0.0060, 0.0029
70 374 12.470000 0.2371, 1.6913, 2.4359, 0.9979, 0.0645, -0.0065, 0.0030
70 375 12.500000 0.2332, 1.7138, 2.4394, 0.9971, 0.0753, -0.0072, 0.0031
70 376 12.540000 0.2277, 1.7417, 2.4439, 0.9967, 0.0813, -0.0076, 0.0032
70 377 12.570000 0.2234, 1.7611, 2.4470, 0.9968, 0.0797, -0.0073, 0.0032
70 378 12.600000 0.2190, 1.7790, 2.4501, 0.9958, 0.0915, -0.0063, 0.0033
70 379 12.640000 0.2129, 1.8004, 2.4541, 0.9948, 0.1017, -0.0046, 0.0034
70 380 12.670000 0.2083, 1.8145, 2.4571, 0.9946, 0.1035, -0.0028, 0.0034
70 381 12.700000 0.2037, 1.8266, 2.4601, 0.9933, 0.1158, -0.0008, 0.0035
70 382 12.740000 0.1975, 1.8397, 2.4640, 0.9928, 0.1200, 0.0026, 0.0037
70 383 12.770000 0.1929, 1.8470, 2.4669, 0.9935, 0.1141, 0.0051, 0.0038
70 384 12.800000 0.1883, 1.8523, 2.4699, 0.9928, 0.1191, 0.0077, 0.0039
70 385 12.840000 0.1826, 1.8560, 2.4737, 0.9932, 0.1159, 0.0110, 0.0039
70 386 12.870000 0.1785, 1.8565, 2.4766, 0.9945, 0.1040, 0.0140, 0.0041
70 387 12.900000 0.1746, 1.8550, 2.4796, 0.9942, 0.1066, 0.0167, 0.0040
70 388 12.940000 0.1700, 1.8501, 2.4835, 0.9950, 0.0975, 0.0205, 0.0040
70 389 12.970000 0.1669, 1.8445, 2.4863, 0.9960, 0.0864, 0.0232, 0.0039
70 390 13.000000 0.1643, 1.8374, 2.4884, 0.9957, 0.0886, 0.0257, 0.0035
70 391 13.040000 0.1613, 1.8262, 2.4881, 0.9965, 0.0781, 0.0289, 0.0031
70 392 13.070000 0.1594, 1.8167, 2.4844, 0.9974, 0.0650, 0.0306, 0.0029
70 393 13.100000 0.1579, 1.8064, 2.4778, 0.9977, 0.0600, 0.0317, 0.0024
70 394 13.140000 0.1565, 1.7916, 2.4642, 0.9983, 0.0485, 0.0325, 0.0018
70 395 13.170000 0.1559, 1.7799, 2.4505, 0.9988, 0.0365, 0.0326, 0.0014
70 396 13.200000 0.1557, 1.7677, 2.4338, 0.9989, 0.0332, 0.0320, 0.0007
70 397 13.240000 0.1560, 1.7509, 2.4068, 0.9992, 0.0247, 0.0307, -0.0002
70 398 13.270000 0.1566, 1.7380, 2.3828, 0.9995, 0.0154, 0.0293, -0.0007
70 399 13.300000 0.1575, 1.7249, 2.3552, 0.9995, 0.0145, 0.0275, -0.0015
70 400 13.340000 0.1592, 1.7072, 2.3125, 0.9997, 0.0091, 0.0247, -0.0025
70 401 13.370000 0.1607, 1.6939, 2.2754, 0.9997, 0.0026, 0.0224, -0.0031
70 402 13.400000 0.1624, 1.6806, 2.2334, 0.9998, 0.0022, 0.0201, -0.0040
70 403 13.440000 0.1648, 1.6627, 2.1688, 0.9998, -0.0019, 0.0168, -0.0049
70 404 13.470000 0.1668, 1.6494, 2.1139, 0.9999, -0.0059, 0.0144, -0.0057
70 405 13.500000 0.1689, 1.6361, 2.0552, 0.9999, -0.0058, 0.0118, -0.0065
70 406 13.540000 0.1720, 1.6186, 1.9788, 0.9999, -0.0059, 0.0081, -0.0076
70 407 13.570000 0.1747, 1.6056, 1.9266, 0.9999, -0.0076, 0.0055, -0.0084
70 408 13.600000 0.1775, 1.5929, 1.8791, 1.0000, -0.0010, 0.0023, -0.0094
70 409 13.640000 0.1813, 1.5759, 1.8225, 0.9999, 0.0082, -0.0054, -0.0104
70 410 13.670000 0.1840, 1.5631, 1.7844, 0.9999, 0.0079, -0.0094, -0.0110
70 411 13.700000 0.1864, 1.5500, 1.7495, 0.9997, 0.0156, -0.0141, -0.0121
70 412 13.740000 0.1892, 1.5321, 1.7073, 0.9996, 0.0178, -0.0196, -0.0133
70 413 13.770000 0.1908, 1.5184, 1.6785, 0.9996, 0.0104, -0.0220, -0.0146
70 414 13.800000 0.1919, 1.5044, 1.6519, 0.9993, 0.0229, -0.0235, -0.0156
70 415 13.840000 0.1926, 1.4850, 1.6194, 0.9991, 0.0297, -0.0246, -0.0172
70 416 13.870000 0.1925, 1.4698, 1.5970, 0.9991, 0.0297, -0.0251, -0.0185
70 417 13.900000 0.1918, 1.4540, 1.5761, 0.9984, 0.0468, -0.0266, -0.0196
70 418 13.940000 0.1901, 1.4315, 1.5505, 0.9978, 0.0557, -0.0284, -0.0217
70 419 13.970000 0.1881, 1.4135, 1.5326, 0.9976, 0.0585, -0.0287, -0.0234
70 420 14.000000 0.1855, 1.3943, 1.5153, 0.9966, 0.0724, -0.0295, -0.0251
70 421 14.040000 0.1813, 1.3670, 1.4913, 0.9959, 0.0814, -0.0296, -0.0274
70 422 14.070000 0.1776, 1.3451, 1.4714, 0.9955, 0.0847, -0.0295, -0.0289
70 423 14.100000 0.1735, 1.3221, 1.4498, 0.9944, 0.0972, -0.0297, -0.0301
70 424 14.140000 0.1673, 1.2893, 1.4179, 0.9936, 0.1047, -0.0295, -0.0316
70 425 14.170000 0.1621, 1.2632, 1.3914, 0.9937, 0.1032, -0.0287, -0.0327
70 426 14.200000 0.1565, 1.2357, 1.3625, 0.9930, 0.1098, -0.0283, -0.0333
70 427 14.240000 0.1484, 1.1969, 1.3200, 0.9931, 0.1091, -0.0268, -0.0342
70 428 14.270000 0.1419, 1.1663, 1.2847, 0.9938, 0.1024, -0.0253, -0.0347
70 429 14.300000 0.1350, 1.1345, 1.2462, 0.9939, 0.1022, -0.0239, -0.0349
70 430 14.340000 0.1255, 1.0905, 1.1889, 0.9947, 0.0946, -0.0215, -0.0350
70 431 14.370000 0.1181, 1.0566, 1.1409, 0.9956, 0.0844, -0.0191, -0.0350
70 432 14.400000 0.1105, 1.0221, 1.0876, 0.9961, 0.0790, -0.0166, -0.0346
70 433 14.440000 0.1002, 0.9753, 1.0072, 0.9972, 0.0662, -0.0123, -0.0338
70 434 14.470000 0.0924, 0.9398, 0.9395, 0.9979, 0.0544, -0.0084, -0.0329
70 435 14.500000 0.0845, 0.9039, 0.8675, 0.9985, 0.0446, -0.0044, -0.0318
70 436 14.540000 0.0738, 0.8546, 0.7742, 0.9991, 0.0297, 0.0007, -0.0304
70 437 14.570000 0.0658, 0.8166, 0.7109, 0.9994, 0.0168, 0.0037, -0.0295
70 438 14.600000 0.0578, 0.7781, 0.6541, 0.9995, 0.0094, 0.0064, -0.0286
70 439 14.640000 0.0475, 0.7263, 0.5877, 0.9996, -0.0022, 0.0090, -0.0276
70 440 14.670000 0.0401, 0.6876, 0.5445, 0.9995, -0.0133, 0.0099, -0.0268
70 441 14.700000 0.0329, 0.6491, 0.5064, 0.9995, -0.0161, 0.0116, -0.0262
70 442 14.740000 0.0239, 0.5986, 0.4628, 0.9993, -0.0231, 0.0127, -0.0255
70 443 14.770000 0.0175, 0.5615, 0.4353, 0.9991, -0.0317, 0.0122, -0.0249
70 444 14.800000 0.0115, 0.5251, 0.4119, 0.9991, -0.0303, 0.0137, -0.0246
70 445 14.840000 0.0040, 0.4779, 0.3866, 0.9991, -0.0332, 0.0140, -0.0242
70 446 14.870000 -0.0012, 0.4435, 0.3719, 0.9989, -0.0396, 0.0126, -0.0238
70 447 14.900000 -0.0061, 0.4100, 0.3608, 0.9990, -0.0354, 0.0141, -0.0237
70 448 14.940000 -0.0120, 0.3668, 0.3514, 0.9990, -0.0358, 0.0141, -0.0235
70 449 14.970000 -0.0160, 0.3355, 0.3482, 0.9988, -0.0410, 0.0125, -0.0233
