8 0 0.010000 -2.7605, -1.1453, 1.9695, 1.0000, 0.0000, 0.0000, 0.0000
8 1 0.040000 -2.7605, -1.1453, 1.9623, 1.0000, 0.0000, 0.0000, 0.0000
8 2 0.070000 -2.7605, -1.1453, 1.9462, 1.0000, 0.0000, 0.0000, 0.0000
8 3 0.110000 -2.7605, -1.1453, 1.9111, 1.0000, 0.0000, 0.0000, 0.0000
8 4 0.140000 -2.7605, -1.1453, 1.8745, 1.0000, 0.0000, 0.0000, 0.0000
8 5 0.170000 -2.7605, -1.1452, 1.8294, 0.9998, -0.0161, 0.0107, 0.0003
8 6 0.200000 -2.7604, -1.1450, 1.7816, 0.9987, -0.0431, 0.0254, 0.0007
8 7 0.240000 -2.7591, -1.1428, 1.7235, 0.9967, -0.0709, 0.0404, 0.0013
8 8 0.270000 -2.7568, -1.1389, 1.6866, 0.9951, -0.0863, 0.0487, 0.0017
8 9 0.310000 -2.7515, -1.1297, 1.6461, 0.9935, -0.0995, 0.0553, 0.0022
8 10 0.340000 -2.7459, -1.1196, 1.6211, 0.9929, -0.1041, 0.0570, 0.0026
8 11 0.370000 -2.7387, -1.1070, 1.5997, 0.9922, -0.1091, 0.0597, 0.0029
8 12 0.400000 -2.7303, -1.0917, 1.5810, 0.9923, -0.1087, 0.0586, 0.0033
8 13 0.440000 -2.7169, -1.0677, 1.5592, 0.9924, -0.1082, 0.0580, 0.0037
8 14 0.470000 -2.7054, -1.0469, 1.5444, 0.9919, -0.1113, 0.0612, 0.0043
8 15 0.500000 -2.6928, -1.0240, 1.5305, 0.9929, -0.1045, 0.0569, 0.0049
8 16 0.540000 -2.6742, -0.9903, 1.5127, 0.9933, -0.1008, 0.0557, 0.0055
8 17 0.570000 -2.6591, -0.9628, 1.4995, 0.9933, -0.1008, 0.0562, 0.0058
8 18 0.610000 -2.6374, -0.9234, 1.4817, 0.9940, -0.0954, 0.0531, 0.0061
8 19 0.640000 -2.6201, -0.8919, 1.4680, 0.9951, -0.0857, 0.0479, 0.0061
8 20 0.670000 -2.6020, -0.8589, 1.4539, 0.9953, -0.0849, 0.0464, 0.0062
8 21 0.700000 -2.5830, -0.8245, 1.4394, 0.9963, -0.0744, 0.0415, 0.0060
8 22 0.740000 -2.5567, -0.7767, 1.4191, 0.9971, -0.0662, 0.0365, 0.0057
8 23 0.770000 -2.5363, -0.7395, 1.4030, 0.9971, -0.0686, 0.0323, 0.0057
8 24 0.800000 -2.5154, -0.7012, 1.3858, 0.9977, -0.0619, 0.0289, 0.0050
8 25 0.840000 -2.4868, -0.6487, 1.3612, 0.9982, -0.0551, 0.0238, 0.0045
8 26 0.870000 -2.4649, -0.6082, 1.3411, 0.9981, -0.0585, 0.0197, 0.0041
8 27 0.900000 -2.4427, -0.5670, 1.3196, 0.9988, -0.0456, 0.0149, 0.0036
8 28 0.940000 -2.4128, -0.5108, 1.2887, 0.9991, -0.0402, 0.0093, 0.0026
8 29 0.970000 -2.3902, -0.4679, 1.2644, 0.9993, -0.0367, 0.0045, 0.0021
8 30 1.000000 -2.3675, -0.4245, 1.2400, 0.9997, -0.0249, -0.0006, 0.0013
8 31 1.040000 -2.3373, -0.3656, 1.2097, 0.9999, -0.0143, -0.0078, 0.0004
8 32 1.070000 -2.3149, -0.3210, 1.1900, 0.9997, -0.0205, -0.0121, -0.0004
8 33 1.110000 -2.2854, -0.2609, 1.1685, 0.9997, -0.0194, -0.0167, -0.0013
8 34 1.140000 -2.2637, -0.2154, 1.1561, 0.9998, -0.0098, -0.0199, -0.0017
8 35 1.170000 -2.2425, -0.1695, 1.1469, 0.9996, -0.0182, -0.0221, -0.0025
8 36 1.210000 -2.2151, -0.1079, 1.1392, 0.9995, -0.0161, -0.0254, -0.0031
8 37 1.240000 -2.1952, -0.0613, 1.1369, 0.9996, -0.0063, -0.0269, -0.0034
8 38 1.270000 -2.1760, -0.0145, 1.1375, 0.9995, -0.0107, -0.0280, -0.0040
8 39 1.310000 -2.1513, 0.0481, 1.1430, 0.9995, -0.0079, -0.0288, -0.0047
8 40 1.340000 -2.1337, 0.0952, 1.1507, 0.9995, 0.0047, -0.0295, -0.0048
8 41 1.370000 -2.1167, 0.1422, 1.1614, 0.9995, -0.0015, -0.0295, -0.0055
8 42 1.410000 -2.0951, 0.2049, 1.1806, 0.9996, 0.0028, -0.0291, -0.0060
8 43 1.440000 -2.0798, 0.2517, 1.1986, 0.9994, 0.0164, -0.0282, -0.0061
8 44 1.470000 -2.0651, 0.2982, 1.2195, 0.9996, 0.0119, -0.0265, -0.0066
8 45 1.510000 -2.0465, 0.3596, 1.2509, 0.9995, 0.0211, -0.0233, -0.0068
8 46 1.540000 -2.0330, 0.4051, 1.2758, 0.9991, 0.0364, -0.0215, -0.0067
8 47 1.570000 -2.0200, 0.4500, 1.3013, 0.9991, 0.0359, -0.0197, -0.0069
8 48 1.610000 -2.0032, 0.5088, 1.3359, 0.9991, 0.0388, -0.0174, -0.0069
8 49 1.640000 -1.9910, 0.5520, 1.3625, 0.9987, 0.0475, -0.0153, -0.0066
8 50 1.670000 -1.9791, 0.5943, 1.3899, 0.9991, 0.0397, -0.0125, -0.0066
8 51 1.710000 -1.9636, 0.6493, 1.4283, 0.9992, 0.0384, -0.0082, -0.0063
8 52 1.740000 -1.9522, 0.6896, 1.4588, 0.9990, 0.0448, -0.0045, -0.0059
8 53 1.770000 -1.9410, 0.7290, 1.4912, 0.9994, 0.0356, -0.0002, -0.0057
8 54 1.810000 -1.9259, 0.7801, 1.5380, 0.9994, 0.0334, 0.0063, -0.0051
8 55 1.840000 -1.9145, 0.8175, 1.5762, 0.9991, 0.0413, 0.0117, -0.0047
8 56 1.870000 -1.9028, 0.8539, 1.6173, 0.9994, 0.0310, 0.0175, -0.0041
8 57 1.910000 -1.8865, 0.9012, 1.6771, 0.9992, 0.0300, 0.0253, -0.0034
8 58 1.940000 -1.8736, 0.9357, 1.7254, 0.9988, 0.0387, 0.0311, -0.0030
8 59 1.970000 -1.8600, 0.9694, 1.7763, 0.9990, 0.0251, 0.0367, -0.0020
8 60 2.010000 -1.8408, 1.0135, 1.8458, 0.9989, 0.0186, 0.0431, -0.0009
8 61 2.040000 -1.8256, 1.0461, 1.8965, 0.9986, 0.0223, 0.0470, -0.0005
8 62 2.070000 -1.8099, 1.0785, 1.9444, 0.9985, 0.0197, 0.0505, 0.0001
8 63 2.110000 -1.7879, 1.1212, 2.0037, 0.9982, 0.0231, 0.0549, 0.0008
8 64 2.140000 -1.7707, 1.1529, 2.0449, 0.9979, 0.0308, 0.0578, 0.0009
8 65 2.170000 -1.7527, 1.1843, 2.0838, 0.9978, 0.0292, 0.0600, 0.0017
8 66 2.210000 -1.7274, 1.2254, 2.1329, 0.9976, 0.0318, 0.0620, 0.0024
8 67 2.240000 -1.7074, 1.2556, 2.1681, 0.9973, 0.0390, 0.0627, 0.0026
8 68 2.270000 -1.6863, 1.2852, 2.2026, 0.9975, 0.0341, 0.0625, 0.0035
8 69 2.310000 -1.6565, 1.3237, 2.2482, 0.9975, 0.0362, 0.0610, 0.0042
8 70 2.340000 -1.6329, 1.3518, 2.2825, 0.9972, 0.0455, 0.0591, 0.0042
8 71 2.370000 -1.6081, 1.3791, 2.3174, 0.9976, 0.0407, 0.0563, 0.0051
8 72 2.410000 -1.5734, 1.4141, 2.3653, 0.9977, 0.0432, 0.0516, 0.0057
8 73 2.440000 -1.5462, 1.4393, 2.4024, 0.9974, 0.0538, 0.0475, 0.0056
8 74 2.470000 -1.5180, 1.4635, 2.4401, 0.9978, 0.0494, 0.0427, 0.0063
8 75 2.510000 -1.4793, 1.4944, 2.4900, 0.9977, 0.0564, 0.0365, 0.0065
8 76 2.540000 -1.4497, 1.5166, 2.5252, 0.9974, 0.0642, 0.0325, 0.0067
8 77 2.570000 -1.4196, 1.5381, 2.5575, 0.9978, 0.0594, 0.0284, 0.0073
8 78 2.610000 -1.3791, 1.5656, 2.5956, 0.9980, 0.0577, 0.0229, 0.0080
8 79 2.640000 -1.3484, 1.5855, 2.6206, 0.9980, 0.0604, 0.0188, 0.0086
8 80 2.670000 -1.3174, 1.6047, 2.6429, 0.9983, 0.0550, 0.0144, 0.0093
8 81 2.710000 -1.2758, 1.6291, 2.6687, 0.9985, 0.0537, 0.0084, 0.0103
8 82 2.740000 -1.2445, 1.6465, 2.6853, 0.9983, 0.0578, 0.0041, 0.0110
8 83 2.770000 -1.2130, 1.6632, 2.6998, 0.9985, 0.0525, -0.0005, 0.0119
8 84 2.800000 -1.1816, 1.6792, 2.7122, 0.9983, 0.0570, -0.0048, 0.0128
8 85 2.840000 -1.1399, 1.6993, 2.7258, 0.9982, 0.0566, -0.0107, 0.0140
8 86 2.870000 -1.1087, 1.7135, 2.7338, 0.9985, 0.0510, -0.0153, 0.0150
8 87 2.900000 -1.0777, 1.7269, 2.7399, 0.9981, 0.0557, -0.0194, 0.0161
8 88 2.940000 -1.0368, 1.7437, 2.7454, 0.9981, 0.0543, -0.0250, 0.0176
8 89 2.970000 -1.0066, 1.7553, 2.7479, 0.9982, 0.0480, -0.0292, 0.0186
8 90 3.000000 -0.9767, 1.7662, 2.7494, 0.9980, 0.0510, -0.0329, 0.0199
8 91 3.040000 -0.9379, 1.7793, 2.7513, 0.9978, 0.0510, -0.0368, 0.0215
8 92 3.070000 -0.9095, 1.7880, 2.7534, 0.9979, 0.0460, -0.0392, 0.0225
8 93 3.100000 -0.8819, 1.7958, 2.7564, 0.9974, 0.0556, -0.0402, 0.0240
8 94 3.140000 -0.8463, 1.8045, 2.7619, 0.9971, 0.0587, -0.0410, 0.0256
8 95 3.170000 -0.8205, 1.8098, 2.7674, 0.9974, 0.0533, -0.0409, 0.0265
8 96 3.200000 -0.7955, 1.8139, 2.7740, 0.9969, 0.0618, -0.0396, 0.0280
8 97 3.240000 -0.7633, 1.8175, 2.7848, 0.9970, 0.0607, -0.0375, 0.0294
8 98 3.270000 -0.7401, 1.8188, 2.7944, 0.9976, 0.0509, -0.0358, 0.0300
8 99 3.300000 -0.7175, 1.8189, 2.8055, 0.9974, 0.0555, -0.0330, 0.0312
8 100 3.340000 -0.6885, 1.8174, 2.8227, 0.9979, 0.0474, -0.0294, 0.0321
8 101 3.370000 -0.6674, 1.8152, 2.8377, 0.9986, 0.0326, -0.0269, 0.0323
8 102 3.400000 -0.6469, 1.8122, 2.8544, 0.9985, 0.0364, -0.0232, 0.0330
8 103 3.440000 -0.6203, 1.8070, 2.8797, 0.9987, 0.0321, -0.0189, 0.0334
8 104 3.470000 -0.6008, 1.8024, 2.9004, 0.9991, 0.0223, -0.0162, 0.0336
8 105 3.500000 -0.5815, 1.7973, 2.9220, 0.9989, 0.0288, -0.0130, 0.0340
8 106 3.540000 -0.5562, 1.7899, 2.9501, 0.9989, 0.0305, -0.0097, 0.0343
8 107 3.570000 -0.5374, 1.7838, 2.9695, 0.9989, 0.0296, -0.0082, 0.0345
8 108 3.600000 -0.5187, 1.7773, 2.9872, 0.9985, 0.0408, -0.0069, 0.0349
8 109 3.640000 -0.4939, 1.7677, 3.0083, 0.9981, 0.0502, -0.0067, 0.0352
8 110 3.670000 -0.4753, 1.7596, 3.0224, 0.9979, 0.0535, -0.0072, 0.0353
8 111 3.700000 -0.4569, 1.7508, 3.0353, 0.9971, 0.0670, -0.0081, 0.0354
8 112 3.740000 -0.4324, 1.7374, 3.0507, 0.9965, 0.0749, -0.0104, 0.0352
8 113 3.770000 -0.4142, 1.7260, 3.0613, 0.9966, 0.0730, -0.0134, 0.0347
8 114 3.800000 -0.3962, 1.7134, 3.0711, 0.9959, 0.0822, -0.0165, 0.0343
8 115 3.840000 -0.3726, 1.6946, 3.0832, 0.9958, 0.0828, -0.0225, 0.0332
8 116 3.870000 -0.3552, 1.6788, 3.0917, 0.9961, 0.0772, -0.0273, 0.0322
8 117 3.900000 -0.3382, 1.6617, 3.0997, 0.9957, 0.0807, -0.0324, 0.0310
8 118 3.940000 -0.3164, 1.6369, 3.1096, 0.9956, 0.0793, -0.0401, 0.0294
8 119 3.970000 -0.3008, 1.6168, 3.1163, 0.9962, 0.0685, -0.0467, 0.0275
8 120 4.000000 -0.2859, 1.5955, 3.1218, 0.9956, 0.0726, -0.0531, 0.0263
8 121 4.040000 -0.2670, 1.5657, 3.1260, 0.9958, 0.0640, -0.0606, 0.0242
8 122 4.070000 -0.2538, 1.5424, 3.1262, 0.9962, 0.0528, -0.0656, 0.0225
8 123 4.100000 -0.2413, 1.5184, 3.1235, 0.9961, 0.0497, -0.0697, 0.0215
8 124 4.140000 -0.2259, 1.4854, 3.1156, 0.9963, 0.0396, -0.0741, 0.0200
8 125 4.170000 -0.2155, 1.4602, 3.1065, 0.9965, 0.0271, -0.0765, 0.0187
8 126 4.200000 -0.2059, 1.4345, 3.0944, 0.9965, 0.0233, -0.0781, 0.0181
8 127 4.240000 -0.1946, 1.3999, 3.0736, 0.9966, 0.0119, -0.0792, 0.0171
8 128 4.270000 -0.1871, 1.3738, 3.0543, 0.9967, -0.0010, -0.0791, 0.0161
8 129 4.300000 -0.1805, 1.3477, 3.0314, 0.9968, -0.0066, -0.0783, 0.0158
8 130 4.340000 -0.1729, 1.3130, 2.9946, 0.9968, -0.0189, -0.0762, 0.0152
8 131 4.370000 -0.1679, 1.2871, 2.9618, 0.9967, -0.0309, -0.0740, 0.0146
8 132 4.400000 -0.1636, 1.2615, 2.9241, 0.9967, -0.0372, -0.0712, 0.0145
8 133 4.440000 -0.1587, 1.2278, 2.8660, 0.9965, -0.0494, -0.0665, 0.0142
8 134 4.470000 -0.1556, 1.2030, 2.8172, 0.9961, -0.0606, -0.0625, 0.0139
8 135 4.500000 -0.1534, 1.1789, 2.7658, 0.9960, -0.0666, -0.0580, 0.0141
8 136 4.540000 -0.1523, 1.1490, 2.6993, 0.9956, -0.0767, -0.0520, 0.0142
8 137 4.570000 -0.1531, 1.1290, 2.6542, 0.9951, -0.0865, -0.0468, 0.0139
8 138 4.600000 -0.1553, 1.1112, 2.6142, 0.9956, -0.0844, -0.0388, 0.0138
8 139 4.640000 -0.1599, 1.0914, 2.5686, 0.9953, -0.0924, -0.0266, 0.0135
8 140 4.670000 -0.1643, 1.0796, 2.5400, 0.9946, -0.1011, -0.0180, 0.0129
8 141 4.700000 -0.1692, 1.0705, 2.5159, 0.9948, -0.1005, -0.0101, 0.0129
8 142 4.740000 -0.1763, 1.0626, 2.4903, 0.9946, -0.1028, -0.0021, 0.0123
8 143 4.770000 -0.1817, 1.0600, 2.4758, 0.9929, -0.1186, 0.0027, 0.0121
8 144 4.800000 -0.1871, 1.0604, 2.4651, 0.9937, -0.1111, 0.0070, 0.0117
8 145 4.840000 -0.1941, 1.0654, 2.4565, 0.9938, -0.1103, 0.0103, 0.0114
8 146 4.870000 -0.1991, 1.0726, 2.4543, 0.9927, -0.1198, 0.0122, 0.0113
8 147 4.900000 -0.2038, 1.0826, 2.4556, 0.9945, -0.1032, 0.0152, 0.0106
8 148 4.940000 -0.2096, 1.1002, 2.4625, 0.9948, -0.1001, 0.0177, 0.0103
8 149 4.970000 -0.2134, 1.1164, 2.4710, 0.9941, -0.1066, 0.0184, 0.0103
8 150 5.000000 -0.2169, 1.1347, 2.4814, 0.9955, -0.0926, 0.0194, 0.0099
8 151 5.040000 -0.2209, 1.1619, 2.4955, 0.9964, -0.0822, 0.0200, 0.0099
8 152 5.070000 -0.2237, 1.1840, 2.5050, 0.9969, -0.0756, 0.0201, 0.0101
8 153 5.100000 -0.2261, 1.2072, 2.5133, 0.9981, -0.0566, 0.0200, 0.0101
8 154 5.140000 -0.2288, 1.2394, 2.5224, 0.9991, -0.0373, 0.0188, 0.0104
8 155 5.170000 -0.2306, 1.2644, 2.5280, 0.9994, -0.0290, 0.0173, 0.0109
8 156 5.200000 -0.2321, 1.2898, 2.5327, 0.9998, -0.0097, 0.0153, 0.0111
8 157 5.240000 -0.2336, 1.3240, 2.5378, 0.9998, 0.0090, 0.0121, 0.0117
8 158 5.270000 -0.2346, 1.3495, 2.5408, 0.9998, 0.0148, 0.0090, 0.0122
8 159 5.300000 -0.2354, 1.3748, 2.5429, 0.9993, 0.0343, 0.0051, 0.0126
8 160 5.340000 -0.2363, 1.4076, 2.5446, 0.9988, 0.0481, -0.0006, 0.0132
8 161 5.370000 -0.2370, 1.4315, 2.5447, 0.9983, 0.0558, -0.0054, 0.0137
8 162 5.400000 -0.2378, 1.4544, 2.5438, 0.9973, 0.0709, -0.0103, 0.0140
8 163 5.440000 -0.2390, 1.4833, 2.5408, 0.9960, 0.0866, -0.0179, 0.0146
8 164 5.470000 -0.2403, 1.5035, 2.5373, 0.9956, 0.0897, -0.0240, 0.0146
8 165 5.500000 -0.2419, 1.5222, 2.5329, 0.9938, 0.1059, -0.0299, 0.0150
8 166 5.540000 -0.2448, 1.5443, 2.5267, 0.9923, 0.1175, -0.0369, 0.0153
8 167 5.570000 -0.2477, 1.5583, 2.5226, 0.9923, 0.1152, -0.0425, 0.0151
8 168 5.600000 -0.2514, 1.5700, 2.5192, 0.9904, 0.1288, -0.0473, 0.0156
8 169 5.640000 -0.2579, 1.5816, 2.5160, 0.9889, 0.1378, -0.0535, 0.0160
8 170 5.670000 -0.2639, 1.5872, 2.5148, 0.9888, 0.1369, -0.0566, 0.0160
8 171 5.700000 -0.2710, 1.5900, 2.5145, 0.9873, 0.1462, -0.0591, 0.0166
8 172 5.740000 -0.2822, 1.5891, 2.5157, 0.9867, 0.1500, -0.0609, 0.0175
8 173 5.770000 -0.2921, 1.5849, 2.5178, 0.9882, 0.1387, -0.0631, 0.0170
8 174 5.800000 -0.3032, 1.5777, 2.5212, 0.9870, 0.1462, -0.0637, 0.0182
8 175 5.840000 -0.3200, 1.5635, 2.5274, 0.9882, 0.1375, -0.0645, 0.0186
8 176 5.870000 -0.3341, 1.5496, 2.5335, 0.9898, 0.1257, -0.0646, 0.0189
8 177 5.900000 -0.3495, 1.5329, 2.5409, 0.9901, 0.1236, -0.0641, 0.0199
8 178 5.940000 -0.3720, 1.5069, 2.5525, 0.9914, 0.1121, -0.0646, 0.0208
8 179 5.970000 -0.3903, 1.4848, 2.5622, 0.9934, 0.0916, -0.0658, 0.0208
8 180 6.000000 -0.4098, 1.4610, 2.5720, 0.9936, 0.0891, -0.0658, 0.0223
8 181 6.040000 -0.4373, 1.4271, 2.5833, 0.9951, 0.0705, -0.0657, 0.0231
8 182 6.070000 -0.4590, 1.4006, 2.5892, 0.9962, 0.0523, -0.0652, 0.0231
8 183 6.100000 -0.4815, 1.3733, 2.5929, 0.9968, 0.0419, -0.0645, 0.0236
8 184 6.140000 -0.5129, 1.3361, 2.5945, 0.9974, 0.0242, -0.0635, 0.0237
8 185 6.170000 -0.5374, 1.3077, 2.5935, 0.9977, 0.0069, -0.0630, 0.0234
8 186 6.200000 -0.5628, 1.2793, 2.5905, 0.9978, 0.0018, -0.0614, 0.0237
8 187 6.240000 -0.5980, 1.2413, 2.5838, 0.9979, -0.0111, -0.0590, 0.0236
8 188 6.270000 -0.6255, 1.2130, 2.5768, 0.9978, -0.0246, -0.0572, 0.0230
8 189 6.300000 -0.6537, 1.1850, 2.5679, 0.9979, -0.0276, -0.0547, 0.0230
8 190 6.340000 -0.6925, 1.1483, 2.5531, 0.9978, -0.0370, -0.0512, 0.0224
8 191 6.370000 -0.7225, 1.1214, 2.5395, 0.9974, -0.0485, -0.0482, 0.0216
8 192 6.400000 -0.7531, 1.0950, 2.5236, 0.9975, -0.0500, -0.0446, 0.0212
8 193 6.440000 -0.7948, 1.0609, 2.4989, 0.9974, -0.0573, -0.0395, 0.0201
8 194 6.470000 -0.8268, 1.0363, 2.4779, 0.9970, -0.0658, -0.0352, 0.0190
8 195 6.500000 -0.8593, 1.0126, 2.4557, 0.9973, -0.0645, -0.0308, 0.0181
8 196 6.540000 -0.9036, 0.9830, 2.4272, 0.9974, -0.0662, -0.0245, 0.0168
8 197 6.570000 -0.9374, 0.9626, 2.4082, 0.9967, -0.0767, -0.0197, 0.0157
8 198 6.600000 -0.9718, 0.9438, 2.3916, 0.9971, -0.0733, -0.0163, 0.0150
8 199 6.640000 -1.0182, 0.9214, 2.3731, 0.9968, -0.0776, -0.0123, 0.0138
8 200 6.670000 -1.0534, 0.9068, 2.3617, 0.9961, -0.0866, -0.0100, 0.0130
8 201 6.700000 -1.0888, 0.8939, 2.3523, 0.9968, -0.0783, -0.0080, 0.0125
8 202 6.740000 -1.1364, 0.8795, 2.3425, 0.9972, -0.0732, -0.0058, 0.0117
8 203 6.770000 -1.1722, 0.8706, 2.3372, 0.9968, -0.0789, -0.0040, 0.0112
8 204 6.800000 -1.2081, 0.8632, 2.3337, 0.9979, -0.0633, -0.0014, 0.0106
8 205 6.840000 -1.2560, 0.8557, 2.3316, 0.9982, -0.0584, 0.0015, 0.0102
8 206 6.870000 -1.2920, 0.8516, 2.3322, 0.9983, -0.0566, 0.0038, 0.0097
8 207 6.900000 -1.3279, 0.8487, 2.3346, 0.9990, -0.0432, 0.0066, 0.0095
8 208 6.940000 -1.3755, 0.8463, 2.3406, 0.9993, -0.0331, 0.0118, 0.0090
8 209 6.970000 -1.4110, 0.8455, 2.3466, 0.9991, -0.0378, 0.0152, 0.0090
8 210 7.000000 -1.4462, 0.8453, 2.3531, 0.9994, -0.0283, 0.0178, 0.0088
8 211 7.040000 -1.4928, 0.8457, 2.3592, 0.9995, -0.0201, 0.0214, 0.0087
8 212 7.070000 -1.5274, 0.8463, 2.3604, 0.9995, -0.0159, 0.0247, 0.0087
8 213 7.100000 -1.5618, 0.8471, 2.3581, 0.9995, -0.0029, 0.0287, 0.0085
8 214 7.140000 -1.6071, 0.8483, 2.3495, 0.9993, 0.0066, 0.0349, 0.0087
8 215 7.170000 -1.6407, 0.8491, 2.3390, 0.9991, 0.0103, 0.0396, 0.0090
8 216 7.200000 -1.6739, 0.8498, 2.3248, 0.9988, 0.0196, 0.0447, 0.0092
8 217 7.240000 -1.7174, 0.8504, 2.3001, 0.9982, 0.0275, 0.0517, 0.0096
8 218 7.270000 -1.7494, 0.8506, 2.2769, 0.9979, 0.0288, 0.0574, 0.0103
8 219 7.300000 -1.7810, 0.8506, 2.2494, 0.9972, 0.0371, 0.0634, 0.0107
8 220 7.340000 -1.8222, 0.8500, 2.2054, 0.9965, 0.0426, 0.0715, 0.0116
8 221 7.370000 -1.8525, 0.8493, 2.1661, 0.9959, 0.0445, 0.0775, 0.0125
8 222 7.400000 -1.8824, 0.8483, 2.1210, 0.9951, 0.0504, 0.0836, 0.0132
8 223 7.440000 -1.9215, 0.8466, 2.0511, 0.9941, 0.0559, 0.0920, 0.0144
8 224 7.470000 -1.9502, 0.8449, 1.9917, 0.9933, 0.0588, 0.0982, 0.0154
8 225 7.500000 -1.9780, 0.8427, 1.9282, 0.9923, 0.0645, 0.1048, 0.0163
8 226 7.540000 -2.0120, 0.8380, 1.8434, 0.9910, 0.0690, 0.1130, 0.0177
8 227 7.570000 -2.0344, 0.8327, 1.7830, 0.9905, 0.0685, 0.1181, 0.0189
8 228 7.600000 -2.0538, 0.8256, 1.7261, 0.9895, 0.0726, 0.1233, 0.0194
8 229 7.640000 -2.0749, 0.8136, 1.6550, 0.9887, 0.0734, 0.1289, 0.0204
8 230 7.670000 -2.0871, 0.8027, 1.6047, 0.9892, 0.0654, 0.1295, 0.0215
8 231 7.700000 -2.0964, 0.7904, 1.5564, 0.9884, 0.0697, 0.1332, 0.0212
8 232 7.740000 -2.1043, 0.7718, 1.4943, 0.9890, 0.0676, 0.1299, 0.0213
8 233 7.770000 -2.1071, 0.7564, 1.4490, 0.9896, 0.0601, 0.1289, 0.0222
8 234 7.800000 -2.1073, 0.7399, 1.4041, 0.9898, 0.0622, 0.1264, 0.0215
8 235 7.840000 -2.1041, 0.7162, 1.3440, 0.9903, 0.0604, 0.1235, 0.0212
8 236 7.870000 -2.0993, 0.6975, 1.2982, 0.9916, 0.0469, 0.1186, 0.0220
8 237 7.900000 -2.0926, 0.6779, 1.2512, 0.9920, 0.0492, 0.1140, 0.0210
8 238 7.940000 -2.0810, 0.6509, 1.1858, 0.9934, 0.0377, 0.1063, 0.0209
8 239 7.970000 -2.0706, 0.6301, 1.1348, 0.9944, 0.0270, 0.1003, 0.0212
8 240 8.000000 -2.0584, 0.6088, 1.0831, 0.9951, 0.0215, 0.0947, 0.0205
8 241 8.040000 -2.0391, 0.5799, 1.0170, 0.9961, 0.0145, 0.0849, 0.0203
8 242 8.070000 -2.0220, 0.5579, 0.9717, 0.9969, -0.0006, 0.0762, 0.0208
8 243 8.100000 -2.0030, 0.5359, 0.9305, 0.9975, 0.0018, 0.0670, 0.0201
8 244 8.140000 -1.9749, 0.5067, 0.8816, 0.9982, -0.0031, 0.0559, 0.0198
8 245 8.170000 -1.9522, 0.4850, 0.8491, 0.9986, -0.0129, 0.0482, 0.0201
8 246 8.200000 -1.9283, 0.4636, 0.8199, 0.9989, -0.0063, 0.0418, 0.0192
8 247 8.240000 -1.8950, 0.4354, 0.7856, 0.9992, -0.0160, 0.0321, 0.0194
8 248 8.270000 -1.8692, 0.4148, 0.7631, 0.9991, -0.0268, 0.0259, 0.0196
8 249 8.300000 -1.8427, 0.3948, 0.7430, 0.9994, -0.0220, 0.0204, 0.0195
8 250 8.340000 -1.8067, 0.3690, 0.7198, 0.9993, -0.0282, 0.0135, 0.0198
8 251 8.370000 -1.7794, 0.3504, 0.7049, 0.9990, -0.0382, 0.0083, 0.0204
8 252 8.400000 -1.7520, 0.3326, 0.6917, 0.9993, -0.0311, 0.0032, 0.0207
8 253 8.440000 -1.7153, 0.3101, 0.6769, 0.9993, -0.0316, -0.0043, 0.0214
8 254 8.470000 -1.6878, 0.2940, 0.6676, 0.9991, -0.0344, -0.0094, 0.0221
8 255 8.500000 -1.6606, 0.2785, 0.6598, 0.9993, -0.0270, -0.0134, 0.0225
8 256 8.540000 -1.6248, 0.2588, 0.6514, 0.9994, -0.0171, -0.0194, 0.0235
8 257 8.570000 -1.5984, 0.2446, 0.6467, 0.9991, -0.0239, -0.0250, 0.0236
8 258 8.600000 -1.5725, 0.2307, 0.6432, 0.9992, -0.0070, -0.0306, 0.0244
8 259 8.640000 -1.5389, 0.2125, 0.6406, 0.9990, -0.0007, -0.0373, 0.0245
8 260 8.670000 -1.5146, 0.1990, 0.6401, 0.9988, -0.0030, -0.0424, 0.0246
8 261 8.700000 -1.4912, 0.1854, 0.6409, 0.9985, 0.0121, -0.0474, 0.0250
8 262 8.740000 -1.4614, 0.1670, 0.6440, 0.9981, 0.0153, -0.0546, 0.0248
8 263 8.770000 -1.4404, 0.1529, 0.6479, 0.9979, 0.0105, -0.0599, 0.0241
8 264 8.800000 -1.4206, 0.1385, 0.6532, 0.9974, 0.0199, -0.0648, 0.0242
8 265 8.840000 -1.3963, 0.1187, 0.6625, 0.9969, 0.0230, -0.0712, 0.0237
8 266 8.870000 -1.3798, 0.1034, 0.6714, 0.9967, 0.0178, -0.0760, 0.0228
8 267 8.900000 -1.3648, 0.0875, 0.6821, 0.9960, 0.0311, -0.0804, 0.0231
8 268 8.940000 -1.3477, 0.0654, 0.6992, 0.9951, 0.0417, -0.0861, 0.0230
8 269 8.970000 -1.3368, 0.0478, 0.7138, 0.9949, 0.0392, -0.0907, 0.0219
8 270 9.000000 -1.3278, 0.0294, 0.7292, 0.9938, 0.0544, -0.0947, 0.0224
8 271 9.040000 -1.3180, 0.0036, 0.7482, 0.9933, 0.0540, -0.0995, 0.0212
8 272 9.070000 -1.3122, -0.0166, 0.7599, 0.9935, 0.0449, -0.1023, 0.0196
8 273 9.100000 -1.3078, -0.0375, 0.7692, 0.9933, 0.0446, -0.1044, 0.0190
8 274 9.140000 -1.3040, -0.0662, 0.7780, 0.9935, 0.0371, -0.1062, 0.0176
8 275 9.170000 -1.3028, -0.0884, 0.7819, 0.9938, 0.0269, -0.1067, 0.0162
8 276 9.200000 -1.3030, -0.1109, 0.7838, 0.9939, 0.0258, -0.1065, 0.0159
8 277 9.240000 -1.3056, -0.1415, 0.7829, 0.9942, 0.0181, -0.1051, 0.0149
8 278 9.270000 -1.3092, -0.1647, 0.7799, 0.9945, 0.0069, -0.1035, 0.0137
8 279 9.300000 -1.3142, -0.1881, 0.7747, 0.9948, 0.0056, -0.1012, 0.0135
8 280 9.340000 -1.3230, -0.2194, 0.7640, 0.9951, -0.0028, -0.0977, 0.0127
8 281 9.370000 -1.3310, -0.2428, 0.7531, 0.9954, -0.0144, -0.0945, 0.0116
8 282 9.400000 -1.3402, -0.2661, 0.7393, 0.9956, -0.0171, -0.0909, 0.0114
8 283 9.440000 -1.3541, -0.2967, 0.7162, 0.9959, -0.0278, -0.0856, 0.0105
8 284 9.470000 -1.3657, -0.3194, 0.6954, 0.9958, -0.0397, -0.0815, 0.0095
8 285 9.500000 -1.3785, -0.3415, 0.6726, 0.9959, -0.0442, -0.0780, 0.0093
8 286 9.540000 -1.3977, -0.3696, 0.6423, 0.9960, -0.0530, -0.0718, 0.0083
8 287 9.570000 -1.4138, -0.3894, 0.6216, 0.9956, -0.0662, -0.0657, 0.0071
8 288 9.600000 -1.4315, -0.4078, 0.6029, 0.9961, -0.0650, -0.0589, 0.0066
8 289 9.640000 -1.4571, -0.4300, 0.5813, 0.9960, -0.0733, -0.0506, 0.0055
8 290 9.670000 -1.4776, -0.4447, 0.5674, 0.9952, -0.0863, -0.0454, 0.0041
8 291 9.700000 -1.4991, -0.4576, 0.5554, 0.9959, -0.0810, -0.0407, 0.0037
8 292 9.740000 -1.5291, -0.4720, 0.5420, 0.9957, -0.0854, -0.0349, 0.0026
8 293 9.770000 -1.5525, -0.4806, 0.5340, 0.9946, -0.0991, -0.0310, 0.0014
8 294 9.800000 -1.5766, -0.4872, 0.5276, 0.9951, -0.0946, -0.0274, 0.0007
8 295 9.840000 -1.6096, -0.4927, 0.5216, 0.9948, -0.0986, -0.0235, -0.0004
8 296 9.870000 -1.6349, -0.4943, 0.5190, 0.9941, -0.1067, -0.0205, -0.0015
8 297 9.900000 -1.6606, -0.4937, 0.5180, 0.9950, -0.0980, -0.0175, -0.0023
8 298 9.940000 -1.6956, -0.4896, 0.5191, 0.9952, -0.0965, -0.0130, -0.0035
8 299 9.970000 -1.7221, -0.4840, 0.5217, 0.9948, -0.1013, -0.0099, -0.0046
8 300 10.000000 -1.7488, -0.4765, 0.5254, 0.9957, -0.0922, -0.0074, -0.0053
8 301 10.040000 -1.7846, -0.4637, 0.5310, 0.9964, -0.0839, -0.0037, -0.0066
8 302 10.070000 -1.8115, -0.4522, 0.5351, 0.9963, -0.0859, -0.0007, -0.0073
8 303 10.100000 -1.8384, -0.4394, 0.5390, 0.9974, -0.0715, 0.0021, -0.0078
8 304 10.140000 -1.8743, -0.4202, 0.5439, 0.9979, -0.0633, 0.0054, -0.0082
8 305 10.170000 -1.9010, -0.4044, 0.5476, 0.9980, -0.0621, 0.0081, -0.0084
8 306 10.200000 -1.9276, -0.3876, 0.5511, 0.9987, -0.0486, 0.0112, -0.0086
8 307 10.240000 -1.9627, -0.3637, 0.5560, 0.9990, -0.0408, 0.0160, -0.0085
8 308 10.270000 -1.9888, -0.3449, 0.5597, 0.9990, -0.0399, 0.0194, -0.0082
8 309 10.300000 -2.0144, -0.3254, 0.5634, 0.9993, -0.0295, 0.0222, -0.0078
8 310 10.340000 -2.0480, -0.2986, 0.5687, 0.9995, -0.0182, 0.0264, -0.0073
8 311 10.370000 -2.0727, -0.2780, 0.5728, 0.9993, -0.0218, 0.0298, -0.0063
8 312 10.400000 -2.0968, -0.2571, 0.5771, 0.9994, -0.0064, 0.0339, -0.0060
8 313 10.440000 -2.1280, -0.2289, 0.5831, 0.9992, -0.0021, 0.0384, -0.0045
8 314 10.470000 -2.1506, -0.2076, 0.5877, 0.9991, -0.0005, 0.0418, -0.0035
8 315 10.500000 -2.1725, -0.1864, 0.5922, 0.9989, 0.0111, 0.0455, -0.0025
8 316 10.540000 -2.2004, -0.1584, 0.5975, 0.9986, 0.0171, 0.0504, -0.0010
8 317 10.570000 -2.2205, -0.1376, 0.6006, 0.9985, 0.0159, 0.0526, 0.0005
8 318 10.600000 -2.2397, -0.1171, 0.6030, 0.9982, 0.0249, 0.0541, 0.0013
8 319 10.640000 -2.2639, -0.0903, 0.6052, 0.9980, 0.0307, 0.0550, 0.0025
8 320 10.670000 -2.2810, -0.0708, 0.6060, 0.9981, 0.0260, 0.0552, 0.0038
8 321 10.700000 -2.2972, -0.0517, 0.6062, 0.9979, 0.0325, 0.0553, 0.0045
8 322 10.740000 -2.3173, -0.0270, 0.6055, 0.9979, 0.0334, 0.0548, 0.0056
8 323 10.770000 -2.3314, -0.0091, 0.6042, 0.9981, 0.0287, 0.0537, 0.0067
8 324 10.800000 -2.3446, 0.0084, 0.6022, 0.9979, 0.0373, 0.0528, 0.0069
8 325 10.840000 -2.3608, 0.0307, 0.5982, 0.9977, 0.0435, 0.0510, 0.0074
8 326 10.870000 -2.3721, 0.0468, 0.5942, 0.9980, 0.0392, 0.0492, 0.0080
8 327 10.900000 -2.3825, 0.0622, 0.5891, 0.9977, 0.0468, 0.0478, 0.0080
8 328 10.940000 -2.3953, 0.0817, 0.5805, 0.9978, 0.0460, 0.0462, 0.0084
8 329 10.970000 -2.4041, 0.0955, 0.5729, 0.9982, 0.0387, 0.0448, 0.0090
8 330 11.000000 -2.4120, 0.1086, 0.5647, 0.9982, 0.0403, 0.0437, 0.0091
8 331 11.040000 -2.4214, 0.1251, 0.5545, 0.9985, 0.0342, 0.0412, 0.0096
8 332 11.070000 -2.4275, 0.1367, 0.5483, 0.9988, 0.0250, 0.0399, 0.0102
8 333 11.100000 -2.4327, 0.1478, 0.5436, 0.9986, 0.0333, 0.0391, 0.0102
8 334 11.140000 -2.4384, 0.1615, 0.5396, 0.9986, 0.0340, 0.0387, 0.0105
8 335 11.170000 -2.4417, 0.1712, 0.5383, 0.9989, 0.0250, 0.0383, 0.0113
8 336 11.200000 -2.4442, 0.1802, 0.5385, 0.9987, 0.0302, 0.0384, 0.0114
8 337 11.240000 -2.4463, 0.1914, 0.5408, 0.9989, 0.0232, 0.0384, 0.0122
8 338 11.270000 -2.4470, 0.1994, 0.5443, 0.9991, 0.0071, 0.0387, 0.0132
8 339 11.300000 -2.4469, 0.2071, 0.5491, 0.9991, 0.0062, 0.0396, 0.0137
8 340 11.340000 -2.4454, 0.2174, 0.5579, 0.9991, 0.0001, 0.0408, 0.0144
8 341 11.370000 -2.4434, 0.2251, 0.5663, 0.9990, -0.0112, 0.0416, 0.0153
8 342 11.400000 -2.4404, 0.2331, 0.5764, 0.9990, -0.0045, 0.0429, 0.0154
8 343 11.440000 -2.4351, 0.2440, 0.5924, 0.9989, -0.0042, 0.0440, 0.0159
8 344 11.470000 -2.4300, 0.2524, 0.6064, 0.9988, -0.0126, 0.0444, 0.0166
8 345 11.500000 -2.4241, 0.2610, 0.6216, 0.9988, -0.0050, 0.0448, 0.0167
8 346 11.540000 -2.4150, 0.2727, 0.6415, 0.9988, -0.0043, 0.0455, 0.0171
8 347 11.570000 -2.4073, 0.2816, 0.6552, 0.9988, -0.0049, 0.0463, 0.0173
8 348 11.600000 -2.3989, 0.2905, 0.6677, 0.9987, 0.0052, 0.0478, 0.0171
8 349 11.640000 -2.3866, 0.3025, 0.6826, 0.9985, 0.0120, 0.0498, 0.0169
8 350 11.670000 -2.3764, 0.3112, 0.6927, 0.9985, 0.0119, 0.0514, 0.0169
8 351 11.700000 -2.3654, 0.3198, 0.7020, 0.9981, 0.0243, 0.0534, 0.0163
8 352 11.740000 -2.3494, 0.3307, 0.7135, 0.9977, 0.0350, 0.0561, 0.0157
8 353 11.770000 -2.3362, 0.3383, 0.7214, 0.9976, 0.0352, 0.0577, 0.0156
8 354 11.800000 -2.3221, 0.3452, 0.7289, 0.9971, 0.0456, 0.0594, 0.0149
8 355 11.840000 -2.3017, 0.3534, 0.7384, 0.9968, 0.0507, 0.0607, 0.0143
8 356 11.870000 -2.2851, 0.3586, 0.7453, 0.9970, 0.0448, 0.0618, 0.0144
8 357 11.900000 -2.2675, 0.3630, 0.7519, 0.9965, 0.0529, 0.0627, 0.0135
8 358 11.940000 -2.2422, 0.3675, 0.7607, 0.9965, 0.0532, 0.0635, 0.0129
8 359 11.970000 -2.2220, 0.3698, 0.7670, 0.9968, 0.0466, 0.0640, 0.0127
8 360 12.000000 -2.2006, 0.3714, 0.7728, 0.9964, 0.0538, 0.0644, 0.0115
8 361 12.040000 -2.1707, 0.3723, 0.7783, 0.9966, 0.0501, 0.0642, 0.0108
8 362 12.070000 -2.1472, 0.3722, 0.7801, 0.9971, 0.0402, 0.0633, 0.0106
8 363 12.100000 -2.1228, 0.3716, 0.7796, 0.9973, 0.0395, 0.0616, 0.0098
8 364 12.140000 -2.0891, 0.3700, 0.7756, 0.9977, 0.0322, 0.0585, 0.0092
8 365 12.170000 -2.0628, 0.3683, 0.7701, 0.9982, 0.0221, 0.0556, 0.0091
8 366 12.200000 -2.0358, 0.3663, 0.7625, 0.9984, 0.0220, 0.0522, 0.0084
8 367 12.240000 -1.9987, 0.3633, 0.7490, 0.9987, 0.0172, 0.0471, 0.0079
8 368 12.270000 -1.9702, 0.3608, 0.7361, 0.9990, 0.0098, 0.0428, 0.0077
8 369 12.300000 -1.9411, 0.3581, 0.7209, 0.9992, 0.0126, 0.0381, 0.0071
8 370 12.340000 -1.9015, 0.3543, 0.6964, 0.9994, 0.0110, 0.0315, 0.0066
8 371 12.370000 -1.8714, 0.3514, 0.6746, 0.9996, 0.0066, 0.0264, 0.0064
8 372 12.400000 -1.8411, 0.3484, 0.6493, 0.9997, 0.0106, 0.0211, 0.0060
8 373 12.440000 -1.8002, 0.3442, 0.6097, 0.9998, 0.0114, 0.0139, 0.0056
8 374 12.470000 -1.7694, 0.3409, 0.5756, 0.9999, 0.0098, 0.0087, 0.0054
8 375 12.500000 -1.7385, 0.3375, 0.5389, 0.9999, 0.0148, 0.0040, 0.0051
8 376 12.540000 -1.6972, 0.3326, 0.4908, 0.9998, 0.0187, -0.0020, 0.0049
8 377 12.570000 -1.6663, 0.3285, 0.4576, 0.9998, 0.0178, -0.0080, 0.0047
8 378 12.600000 -1.6355, 0.3239, 0.4275, 0.9995, 0.0266, -0.0145, 0.0045
8 379 12.640000 -1.5951, 0.3169, 0.3917, 0.9994, 0.0280, -0.0205, 0.0044
8 380 12.670000 -1.5652, 0.3110, 0.3679, 0.9996, 0.0169, -0.0233, 0.0039
8 381 12.700000 -1.5359, 0.3047, 0.3464, 0.9994, 0.0237, -0.0245, 0.0040
8 382 12.740000 -1.4977, 0.2956, 0.3210, 0.9993, 0.0263, -0.0254, 0.0038
8 383 12.770000 -1.4696, 0.2882, 0.3043, 0.9995, 0.0188, -0.0251, 0.0035
8 384 12.800000 -1.4421, 0.2803, 0.2893, 0.9992, 0.0312, -0.0239, 0.0036
8 385 12.840000 -1.4061, 0.2688, 0.2720, 0.9990, 0.0382, -0.0218, 0.0035
8 386 12.870000 -1.3797, 0.2594, 0.2608, 0.9991, 0.0366, -0.0196, 0.0032
8 387 12.900000 -1.3537, 0.2492, 0.2511, 0.9985, 0.0525, -0.0170, 0.0034
8 388 12.940000 -1.3196, 0.2340, 0.2403, 0.9977, 0.0669, -0.0130, 0.0036
8 389 12.970000 -1.2943, 0.2211, 0.2337, 0.9977, 0.0673, -0.0093, 0.0038
8 390 13.000000 -1.2691, 0.2068, 0.2281, 0.9965, 0.0831, -0.0056, 0.0042
8 391 13.040000 -1.2358, 0.1854, 0.2217, 0.9960, 0.0891, -0.0017, 0.0045
8 392 13.070000 -1.2108, 0.1675, 0.2175, 0.9963, 0.0853, 0.0008, 0.0046
8 393 13.100000 -1.1859, 0.1479, 0.2136, 0.9956, 0.0938, 0.0029, 0.0047
8 394 13.140000 -1.1524, 0.1192, 0.2090, 0.9957, 0.0927, 0.0057, 0.0047
8 395 13.170000 -1.1272, 0.0958, 0.2059, 0.9964, 0.0839, 0.0071, 0.0045
8 396 13.200000 -1.1019, 0.0707, 0.2031, 0.9961, 0.0875, 0.0079, 0.0041
8 397 13.240000 -1.0679, 0.0349, 0.1997, 0.9965, 0.0828, 0.0082, 0.0034
8 398 13.270000 -1.0422, 0.0063, 0.1976, 0.9974, 0.0714, 0.0079, 0.0028
8 399 13.300000 -1.0164, -0.0236, 0.1957, 0.9973, 0.0727, 0.0073, 0.0018
8 400 13.340000 -0.9818, -0.0655, 0.1937, 0.9979, 0.0641, 0.0057, 0.0004
8 401 13.370000 -0.9556, -0.0982, 0.1925, 0.9988, 0.0485, 0.0046, -0.0009
8 402 13.400000 -0.9294, -0.1319, 0.1917, 0.9989, 0.0471, 0.0021, -0.0024
8 403 13.440000 -0.8944, -0.1780, 0.1911, 0.9994, 0.0350, -0.0019, -0.0046
8 404 13.470000 -0.8682, -0.2133, 0.1910, 0.9998, 0.0197, -0.0058, -0.0064
8 405 13.500000 -0.8421, -0.2490, 0.1913, 0.9998, 0.0163, -0.0104, -0.0084
8 406 13.540000 -0.8077, -0.2970, 0.1925, 0.9998, 0.0032, -0.0157, -0.0110
8 407 13.570000 -0.7821, -0.3330, 0.1939, 0.9996, -0.0153, -0.0178, -0.0130
8 408 13.600000 -0.7569, -0.3688, 0.1960, 0.9995, -0.0186, -0.0204, -0.0146
8 409 13.640000 -0.7239, -0.4158, 0.1996, 0.9991, -0.0321, -0.0227, -0.0169
8 410 13.670000 -0.6996, -0.4503, 0.2031, 0.9984, -0.0481, -0.0241, -0.0185
8 411 13.700000 -0.6758, -0.4840, 0.2073, 0.9982, -0.0504, -0.0255, -0.0199
8 412 13.740000 -0.6447, -0.5272, 0.2139, 0.9974, -0.0631, -0.0264, -0.0218
8 413 13.770000 -0.6220, -0.5581, 0.2197, 0.9962, -0.0797, -0.0263, -0.0235
8 414 13.800000 -0.5997, -0.5876, 0.2262, 0.9961, -0.0805, -0.0273, -0.0245
8 415 13.840000 -0.5708, -0.6243, 0.2361, 0.9951, -0.0908, -0.0283, -0.0260
8 416 13.870000 -0.5497, -0.6496, 0.2445, 0.9937, -0.1047, -0.0291, -0.0271
8 417 13.900000 -0.5291, -0.6730, 0.2539, 0.9937, -0.1042, -0.0304, -0.0278
8 418 13.940000 -0.5025, -0.7007, 0.2679, 0.9929, -0.1113, -0.0319, -0.0287
8 419 13.970000 -0.4833, -0.7188, 0.2796, 0.9913, -0.1239, -0.0329, -0.0295
8 420 14.000000 -0.4645, -0.7346, 0.2916, 0.9917, -0.1206, -0.0345, -0.0297
8 421 14.040000 -0.4403, -0.7525, 0.3063, 0.9902, -0.1312, -0.0356, -0.0305
8 422 14.070000 -0.4227, -0.7637, 0.3153, 0.9882, -0.1456, -0.0361, -0.0312
8 423 14.100000 -0.4056, -0.7728, 0.3224, 0.9879, -0.1474, -0.0371, -0.0313
8 424 14.140000 -0.3834, -0.7814, 0.3292, 0.9869, -0.1538, -0.0378, -0.0316
8 425 14.170000 -0.3674, -0.7852, 0.3323, 0.9855, -0.1620, -0.0379, -0.0320
8 426 14.200000 -0.3518, -0.7865, 0.3339, 0.9862, -0.1580, -0.0385, -0.0317
8 427 14.240000 -0.3319, -0.7845, 0.3334, 0.9865, -0.1561, -0.0389, -0.0316
8 428 14.270000 -0.3175, -0.7802, 0.3311, 0.9861, -0.1586, -0.0389, -0.0315
8 429 14.300000 -0.3036, -0.7736, 0.3272, 0.9877, -0.1483, -0.0388, -0.0310
8 430 14.340000 -0.2859, -0.7614, 0.3191, 0.9888, -0.1410, -0.0383, -0.0305
8 431 14.370000 -0.2732, -0.7498, 0.3106, 0.9891, -0.1388, -0.0376, -0.0302
8 432 14.400000 -0.2609, -0.7363, 0.2999, 0.9908, -0.1266, -0.0369, -0.0295
8 433 14.440000 -0.2452, -0.7158, 0.2818, 0.9924, -0.1145, -0.0351, -0.0287
8 434 14.470000 -0.2339, -0.6986, 0.2653, 0.9932, -0.1080, -0.0333, -0.0281
8 435 14.500000 -0.2230, -0.6799, 0.2468, 0.9948, -0.0927, -0.0315, -0.0272
8 436 14.540000 -0.2093, -0.6523, 0.2220, 0.9962, -0.0784, -0.0293, -0.0261
8 437 14.570000 -0.1996, -0.6297, 0.2048, 0.9965, -0.0741, -0.0281, -0.0254
8 438 14.600000 -0.1905, -0.6056, 0.1891, 0.9977, -0.0577, -0.0262, -0.0247
8 439 14.640000 -0.1792, -0.5714, 0.1703, 0.9983, -0.0463, -0.0252, -0.0239
8 440 14.670000 -0.1712, -0.5446, 0.1578, 0.9982, -0.0492, -0.0243, -0.0235
8 441 14.700000 -0.1638, -0.5168, 0.1466, 0.9988, -0.0363, -0.0238, -0.0228
8 442 14.740000 -0.1546, -0.4786, 0.1336, 0.9990, -0.0303, -0.0234, -0.0222
8 443 14.770000 -0.1482, -0.4490, 0.1253, 0.9989, -0.0344, -0.0230, -0.0220
8 444 14.800000 -0.1423, -0.4188, 0.1180, 0.9992, -0.0236, -0.0228, -0.0214
8 445 14.840000 -0.1350, -0.3778, 0.1101, 0.9993, -0.0208, -0.0225, -0.0211
8 446 14.870000 -0.1301, -0.3464, 0.1053, 0.9992, -0.0265, -0.0222, -0.0210
8 447 14.900000 -0.1256, -0.3145, 0.1016, 0.9994, -0.0179, -0.0222, -0.0206
8 448 14.940000 -0.1203, -0.2714, 0.0982, 0.9994, -0.0171, -0.0221, -0.0205
8 449 14.970000 -0.1168, -0.2385, 0.0967, 0.9993, -0.0241, -0.0219, -0.0206
