51 0 0.010000 0.8173, 2.2292, 3.5915, 1.0000, 0.0000, 0.0000, 0.0000
51 1 0.040000 0.8173, 2.2292, 3.5843, 1.0000, 0.0000, 0.0000, 0.0000
51 2 0.070000 0.8173, 2.2292, 3.5683, 1.0000, -0.0024, 0.0024, 0.0001
51 3 0.110000 0.8174, 2.2293, 3.5378, 0.9998, -0.0023, 0.0211, 0.0043
51 4 0.140000 0.8178, 2.2293, 3.5139, 0.9994, -0.0011, 0.0333, 0.0073
51 5 0.170000 0.8190, 2.2294, 3.4919, 0.9990, 0.0015, 0.0427, 0.0101
51 6 0.200000 0.8211, 2.2295, 3.4726, 0.9987, 0.0039, 0.0501, 0.0127
51 7 0.240000 0.8258, 2.2295, 3.4514, 0.9982, 0.0086, 0.0566, 0.0160
51 8 0.270000 0.8309, 2.2292, 3.4390, 0.9980, 0.0138, 0.0597, 0.0181
51 9 0.310000 0.8397, 2.2284, 3.4265, 0.9977, 0.0203, 0.0618, 0.0207
51 10 0.340000 0.8480, 2.2274, 3.4200, 0.9976, 0.0238, 0.0617, 0.0225
51 11 0.370000 0.8577, 2.2258, 3.4156, 0.9973, 0.0311, 0.0619, 0.0240
51 12 0.400000 0.8688, 2.2236, 3.4133, 0.9973, 0.0341, 0.0599, 0.0256
51 13 0.440000 0.8855, 2.2196, 3.4127, 0.9974, 0.0385, 0.0545, 0.0271
51 14 0.470000 0.8994, 2.2157, 3.4135, 0.9973, 0.0446, 0.0508, 0.0279
51 15 0.500000 0.9141, 2.2111, 3.4146, 0.9977, 0.0441, 0.0433, 0.0289
51 16 0.540000 0.9350, 2.2038, 3.4142, 0.9975, 0.0516, 0.0392, 0.0298
51 17 0.570000 0.9513, 2.1975, 3.4115, 0.9971, 0.0597, 0.0371, 0.0305
51 18 0.610000 0.9738, 2.1880, 3.4036, 0.9970, 0.0644, 0.0311, 0.0312
51 19 0.640000 0.9911, 2.1800, 3.3943, 0.9971, 0.0639, 0.0250, 0.0316
51 20 0.670000 1.0088, 2.1713, 3.3818, 0.9969, 0.0693, 0.0208, 0.0319
51 21 0.700000 1.0267, 2.1619, 3.3660, 0.9971, 0.0672, 0.0144, 0.0321
51 22 0.740000 1.0508, 2.1482, 3.3393, 0.9971, 0.0691, 0.0070, 0.0322
51 23 0.770000 1.0690, 2.1371, 3.3147, 0.9967, 0.0745, 0.0011, 0.0322
51 24 0.800000 1.0872, 2.1253, 3.2859, 0.9970, 0.0710, -0.0055, 0.0319
51 25 0.840000 1.1115, 2.1086, 3.2403, 0.9969, 0.0710, -0.0146, 0.0315
51 26 0.870000 1.1296, 2.0955, 3.2004, 0.9967, 0.0717, -0.0215, 0.0309
51 27 0.900000 1.1476, 2.0818, 3.1553, 0.9969, 0.0671, -0.0288, 0.0302
51 28 0.940000 1.1712, 2.0627, 3.0876, 0.9969, 0.0618, -0.0390, 0.0291
51 29 0.970000 1.1885, 2.0476, 3.0320, 0.9967, 0.0596, -0.0467, 0.0282
51 30 1.000000 1.2052, 2.0319, 2.9739, 0.9968, 0.0513, -0.0546, 0.0269
51 31 1.040000 1.2260, 2.0093, 2.8969, 0.9967, 0.0428, -0.0640, 0.0255
51 32 1.070000 1.2399, 1.9911, 2.8420, 0.9963, 0.0418, -0.0708, 0.0250
51 33 1.110000 1.2558, 1.9653, 2.7740, 0.9960, 0.0349, -0.0792, 0.0240
51 34 1.140000 1.2654, 1.9450, 2.7269, 0.9959, 0.0284, -0.0827, 0.0232
51 35 1.170000 1.2731, 1.9238, 2.6830, 0.9955, 0.0358, -0.0845, 0.0238
51 36 1.210000 1.2804, 1.8944, 2.6286, 0.9955, 0.0323, -0.0856, 0.0237
51 37 1.240000 1.2836, 1.8715, 2.5904, 0.9960, 0.0176, -0.0848, 0.0229
51 38 1.270000 1.2850, 1.8482, 2.5539, 0.9961, 0.0213, -0.0829, 0.0236
51 39 1.310000 1.2842, 1.8164, 2.5074, 0.9965, 0.0091, -0.0795, 0.0235
51 40 1.340000 1.2818, 1.7924, 2.4735, 0.9968, -0.0042, -0.0767, 0.0230
51 41 1.370000 1.2780, 1.7684, 2.4401, 0.9970, -0.0073, -0.0732, 0.0236
51 42 1.410000 1.2708, 1.7367, 2.3959, 0.9973, -0.0187, -0.0672, 0.0236
51 43 1.440000 1.2640, 1.7133, 2.3627, 0.9971, -0.0345, -0.0631, 0.0233
51 44 1.470000 1.2561, 1.6904, 2.3297, 0.9972, -0.0402, -0.0583, 0.0236
51 45 1.510000 1.2437, 1.6612, 2.2869, 0.9970, -0.0514, -0.0527, 0.0237
51 46 1.540000 1.2330, 1.6406, 2.2569, 0.9962, -0.0691, -0.0481, 0.0231
51 47 1.570000 1.2212, 1.6215, 2.2296, 0.9966, -0.0668, -0.0429, 0.0233
51 48 1.610000 1.2038, 1.5985, 2.1975, 0.9959, -0.0785, -0.0376, 0.0226
51 49 1.640000 1.1897, 1.5836, 2.1767, 0.9950, -0.0915, -0.0345, 0.0218
51 50 1.670000 1.1748, 1.5706, 2.1585, 0.9955, -0.0863, -0.0315, 0.0217
51 51 1.710000 1.1536, 1.5565, 2.1382, 0.9958, -0.0848, -0.0285, 0.0211
51 52 1.740000 1.1370, 1.5482, 2.1256, 0.9951, -0.0925, -0.0271, 0.0205
51 53 1.770000 1.1196, 1.5419, 2.1152, 0.9962, -0.0802, -0.0259, 0.0204
51 54 1.810000 1.0956, 1.5364, 2.1045, 0.9969, -0.0720, -0.0246, 0.0200
51 55 1.840000 1.0769, 1.5341, 2.0987, 0.9969, -0.0720, -0.0240, 0.0196
51 56 1.870000 1.0577, 1.5333, 2.0947, 0.9982, -0.0525, -0.0227, 0.0196
51 57 1.910000 1.0313, 1.5340, 2.0920, 0.9989, -0.0370, -0.0221, 0.0193
51 58 1.940000 1.0109, 1.5356, 2.0918, 0.9991, -0.0322, -0.0217, 0.0189
51 59 1.970000 0.9900, 1.5378, 2.0931, 0.9995, -0.0125, -0.0210, 0.0187
51 60 2.010000 0.9616, 1.5412, 2.0967, 0.9996, 0.0069, -0.0202, 0.0183
51 61 2.040000 0.9397, 1.5436, 2.1007, 0.9995, 0.0146, -0.0197, 0.0179
51 62 2.070000 0.9175, 1.5457, 2.1057, 0.9989, 0.0390, -0.0200, 0.0177
51 63 2.110000 0.8873, 1.5474, 2.1140, 0.9980, 0.0567, -0.0195, 0.0174
51 64 2.140000 0.8642, 1.5474, 2.1217, 0.9979, 0.0599, -0.0192, 0.0169
51 65 2.170000 0.8407, 1.5462, 2.1309, 0.9967, 0.0772, -0.0188, 0.0167
51 66 2.210000 0.8088, 1.5421, 2.1456, 0.9957, 0.0895, -0.0184, 0.0162
51 67 2.240000 0.7845, 1.5368, 2.1588, 0.9956, 0.0901, -0.0181, 0.0157
51 68 2.270000 0.7598, 1.5295, 2.1740, 0.9938, 0.1091, -0.0176, 0.0155
51 69 2.310000 0.7263, 1.5161, 2.1978, 0.9916, 0.1272, -0.0168, 0.0151
51 70 2.340000 0.7008, 1.5027, 2.2185, 0.9914, 0.1287, -0.0165, 0.0146
51 71 2.370000 0.6749, 1.4863, 2.2417, 0.9893, 0.1442, -0.0161, 0.0143
51 72 2.410000 0.6399, 1.4592, 2.2768, 0.9887, 0.1486, -0.0159, 0.0135
51 73 2.440000 0.6133, 1.4349, 2.3061, 0.9900, 0.1395, -0.0158, 0.0128
51 74 2.470000 0.5863, 1.4074, 2.3376, 0.9888, 0.1477, -0.0159, 0.0123
51 75 2.510000 0.5499, 1.3661, 2.3812, 0.9894, 0.1442, -0.0161, 0.0115
51 76 2.540000 0.5224, 1.3324, 2.4134, 0.9915, 0.1284, -0.0160, 0.0109
51 77 2.570000 0.4946, 1.2967, 2.4440, 0.9922, 0.1235, -0.0159, 0.0105
51 78 2.610000 0.4572, 1.2463, 2.4820, 0.9941, 0.1069, -0.0154, 0.0101
51 79 2.640000 0.4289, 1.2068, 2.5085, 0.9957, 0.0906, -0.0150, 0.0100
51 80 2.670000 0.4004, 1.1658, 2.5337, 0.9963, 0.0843, -0.0142, 0.0101
51 81 2.710000 0.3621, 1.1092, 2.5657, 0.9974, 0.0698, -0.0129, 0.0104
51 82 2.740000 0.3331, 1.0655, 2.5889, 0.9985, 0.0522, -0.0113, 0.0107
51 83 2.770000 0.3040, 1.0208, 2.6118, 0.9987, 0.0485, -0.0102, 0.0113
51 84 2.800000 0.2746, 0.9753, 2.6347, 0.9993, 0.0338, -0.0093, 0.0119
51 85 2.840000 0.2353, 0.9136, 2.6657, 0.9997, 0.0216, -0.0075, 0.0130
51 86 2.870000 0.2056, 0.8668, 2.6897, 0.9997, 0.0199, -0.0058, 0.0141
51 87 2.900000 0.1758, 0.8196, 2.7145, 0.9999, 0.0030, -0.0041, 0.0152
51 88 2.940000 0.1360, 0.7565, 2.7489, 0.9998, -0.0073, -0.0020, 0.0171
51 89 2.970000 0.1061, 0.7093, 2.7754, 0.9998, -0.0061, 0.0001, 0.0187
51 90 3.000000 0.0762, 0.6622, 2.8018, 0.9996, -0.0192, 0.0020, 0.0204
51 91 3.040000 0.0363, 0.5997, 2.8348, 0.9993, -0.0289, 0.0038, 0.0226
51 92 3.070000 0.0065, 0.5533, 2.8566, 0.9991, -0.0358, 0.0056, 0.0241
51 93 3.100000 -0.0233, 0.5073, 2.8757, 0.9985, -0.0486, 0.0070, 0.0255
51 94 3.140000 -0.0629, 0.4469, 2.8969, 0.9979, -0.0575, 0.0092, 0.0271
51 95 3.170000 -0.0925, 0.4024, 2.9097, 0.9978, -0.0593, 0.0113, 0.0282
51 96 3.200000 -0.1220, 0.3586, 2.9198, 0.9971, -0.0697, 0.0129, 0.0293
51 97 3.240000 -0.1611, 0.3016, 2.9294, 0.9966, -0.0743, 0.0156, 0.0304
51 98 3.270000 -0.1902, 0.2599, 2.9337, 0.9967, -0.0723, 0.0178, 0.0311
51 99 3.300000 -0.2191, 0.2192, 2.9353, 0.9963, -0.0773, 0.0197, 0.0318
51 100 3.340000 -0.2574, 0.1663, 2.9333, 0.9963, -0.0766, 0.0228, 0.0326
51 101 3.370000 -0.2857, 0.1277, 2.9286, 0.9967, -0.0701, 0.0255, 0.0329
51 102 3.400000 -0.3138, 0.0900, 2.9210, 0.9965, -0.0713, 0.0279, 0.0334
51 103 3.440000 -0.3508, 0.0411, 2.9066, 0.9968, -0.0653, 0.0313, 0.0337
51 104 3.470000 -0.3781, 0.0053, 2.8927, 0.9973, -0.0556, 0.0344, 0.0338
51 105 3.500000 -0.4050, -0.0297, 2.8767, 0.9973, -0.0531, 0.0370, 0.0340
51 106 3.540000 -0.4400, -0.0750, 2.8538, 0.9975, -0.0460, 0.0415, 0.0340
51 107 3.570000 -0.4654, -0.1082, 2.8361, 0.9977, -0.0368, 0.0451, 0.0339
51 108 3.600000 -0.4901, -0.1406, 2.8183, 0.9975, -0.0397, 0.0481, 0.0340
51 109 3.640000 -0.5217, -0.1828, 2.7943, 0.9974, -0.0359, 0.0525, 0.0339
51 110 3.670000 -0.5444, -0.2137, 2.7759, 0.9975, -0.0264, 0.0560, 0.0333
51 111 3.700000 -0.5662, -0.2441, 2.7570, 0.9973, -0.0290, 0.0590, 0.0333
51 112 3.740000 -0.5938, -0.2840, 2.7306, 0.9972, -0.0241, 0.0631, 0.0327
51 113 3.770000 -0.6133, -0.3135, 2.7096, 0.9972, -0.0145, 0.0664, 0.0318
51 114 3.800000 -0.6319, -0.3426, 2.6872, 0.9970, -0.0152, 0.0694, 0.0315
51 115 3.840000 -0.6551, -0.3812, 2.6548, 0.9968, -0.0091, 0.0736, 0.0305
51 116 3.870000 -0.6713, -0.4100, 2.6282, 0.9966, -0.0012, 0.0769, 0.0295
51 117 3.900000 -0.6865, -0.4386, 2.5994, 0.9964, -0.0038, 0.0799, 0.0291
51 118 3.940000 -0.7051, -0.4768, 2.5573, 0.9960, -0.0024, 0.0843, 0.0282
51 119 3.970000 -0.7177, -0.5054, 2.5233, 0.9958, 0.0021, 0.0876, 0.0271
51 120 4.000000 -0.7290, -0.5339, 2.4881, 0.9955, -0.0032, 0.0906, 0.0268
51 121 4.040000 -0.7414, -0.5719, 2.4419, 0.9952, -0.0057, 0.0939, 0.0264
51 122 4.070000 -0.7484, -0.6003, 2.4092, 0.9952, 0.0047, 0.0949, 0.0247
51 123 4.100000 -0.7532, -0.6286, 2.3785, 0.9952, 0.0005, 0.0943, 0.0245
51 124 4.140000 -0.7566, -0.6664, 2.3407, 0.9954, 0.0010, 0.0927, 0.0236
51 125 4.170000 -0.7567, -0.6949, 2.3143, 0.9956, 0.0072, 0.0906, 0.0223
51 126 4.200000 -0.7550, -0.7233, 2.2892, 0.9959, -0.0047, 0.0875, 0.0226
51 127 4.240000 -0.7500, -0.7612, 2.2575, 0.9963, -0.0103, 0.0826, 0.0221
51 128 4.270000 -0.7444, -0.7894, 2.2347, 0.9966, -0.0097, 0.0786, 0.0214
51 129 4.300000 -0.7373, -0.8174, 2.2122, 0.9968, -0.0218, 0.0743, 0.0218
51 130 4.340000 -0.7258, -0.8540, 2.1825, 0.9969, -0.0316, 0.0681, 0.0217
51 131 4.370000 -0.7157, -0.8809, 2.1601, 0.9973, -0.0310, 0.0632, 0.0213
51 132 4.400000 -0.7047, -0.9073, 2.1371, 0.9971, -0.0436, 0.0582, 0.0218
51 133 4.440000 -0.6884, -0.9413, 2.1054, 0.9971, -0.0522, 0.0516, 0.0221
51 134 4.470000 -0.6753, -0.9659, 2.0806, 0.9973, -0.0526, 0.0468, 0.0220
51 135 4.500000 -0.6614, -0.9896, 2.0550, 0.9968, -0.0638, 0.0419, 0.0226
51 136 4.540000 -0.6418, -1.0195, 2.0203, 0.9966, -0.0713, 0.0353, 0.0232
51 137 4.570000 -0.6265, -1.0405, 1.9940, 0.9968, -0.0699, 0.0305, 0.0235
51 138 4.600000 -0.6106, -1.0603, 1.9676, 0.9961, -0.0808, 0.0257, 0.0242
51 139 4.640000 -0.5888, -1.0846, 1.9318, 0.9959, -0.0850, 0.0200, 0.0251
51 140 4.670000 -0.5721, -1.1012, 1.9043, 0.9963, -0.0809, 0.0163, 0.0256
51 141 4.700000 -0.5551, -1.1165, 1.8760, 0.9957, -0.0878, 0.0126, 0.0264
51 142 4.740000 -0.5323, -1.1347, 1.8364, 0.9958, -0.0873, 0.0084, 0.0272
51 143 4.770000 -0.5150, -1.1470, 1.8051, 0.9964, -0.0805, 0.0058, 0.0279
51 144 4.800000 -0.4977, -1.1580, 1.7719, 0.9961, -0.0831, 0.0033, 0.0286
51 145 4.840000 -0.4746, -1.1711, 1.7241, 0.9965, -0.0778, 0.0006, 0.0295
51 146 4.870000 -0.4573, -1.1798, 1.6851, 0.9972, -0.0687, -0.0009, 0.0302
51 147 4.900000 -0.4401, -1.1877, 1.6431, 0.9973, -0.0668, -0.0022, 0.0310
51 148 4.940000 -0.4171, -1.1971, 1.5821, 0.9978, -0.0586, -0.0031, 0.0320
51 149 4.970000 -0.4000, -1.2033, 1.5330, 0.9983, -0.0489, -0.0030, 0.0329
51 150 5.000000 -0.3829, -1.2088, 1.4822, 0.9983, -0.0466, -0.0030, 0.0337
51 151 5.040000 -0.3603, -1.2149, 1.4155, 0.9986, -0.0388, -0.0019, 0.0348
51 152 5.070000 -0.3434, -1.2184, 1.3684, 0.9991, -0.0245, 0.0017, 0.0353
51 153 5.100000 -0.3265, -1.2213, 1.3241, 0.9988, -0.0328, 0.0032, 0.0360
51 154 5.140000 -0.3039, -1.2241, 1.2691, 0.9987, -0.0342, 0.0047, 0.0367
51 155 5.170000 -0.2869, -1.2254, 1.2305, 0.9990, -0.0243, 0.0070, 0.0372
51 156 5.200000 -0.2697, -1.2262, 1.1936, 0.9987, -0.0324, 0.0087, 0.0376
51 157 5.240000 -0.2465, -1.2262, 1.1467, 0.9987, -0.0313, 0.0120, 0.0381
51 158 5.270000 -0.2289, -1.2256, 1.1125, 0.9989, -0.0226, 0.0144, 0.0381
51 159 5.300000 -0.2111, -1.2245, 1.0788, 0.9988, -0.0269, 0.0163, 0.0385
51 160 5.340000 -0.1868, -1.2224, 1.0338, 0.9988, -0.0216, 0.0188, 0.0386
51 161 5.370000 -0.1683, -1.2204, 0.9996, 0.9989, -0.0138, 0.0207, 0.0386
51 162 5.400000 -0.1495, -1.2181, 0.9645, 0.9988, -0.0190, 0.0221, 0.0388
51 163 5.440000 -0.1238, -1.2147, 0.9160, 0.9988, -0.0200, 0.0239, 0.0388
51 164 5.470000 -0.1042, -1.2118, 0.8784, 0.9988, -0.0171, 0.0253, 0.0386
51 165 5.500000 -0.0841, -1.2085, 0.8403, 0.9986, -0.0258, 0.0261, 0.0386
51 166 5.540000 -0.0566, -1.2034, 0.7908, 0.9983, -0.0350, 0.0267, 0.0384
51 167 5.570000 -0.0354, -1.1988, 0.7558, 0.9983, -0.0344, 0.0271, 0.0380
51 168 5.600000 -0.0135, -1.1934, 0.7228, 0.9977, -0.0505, 0.0266, 0.0378
51 169 5.640000 0.0164, -1.1845, 0.6817, 0.9974, -0.0555, 0.0259, 0.0372
51 170 5.670000 0.0394, -1.1766, 0.6528, 0.9978, -0.0500, 0.0252, 0.0364
51 171 5.700000 0.0629, -1.1676, 0.6252, 0.9975, -0.0565, 0.0237, 0.0359
51 172 5.740000 0.0949, -1.1539, 0.5902, 0.9977, -0.0534, 0.0209, 0.0348
51 173 5.770000 0.1194, -1.1425, 0.5649, 0.9984, -0.0412, 0.0184, 0.0337
51 174 5.800000 0.1442, -1.1302, 0.5401, 0.9984, -0.0425, 0.0154, 0.0329
51 175 5.840000 0.1776, -1.1128, 0.5074, 0.9989, -0.0339, 0.0114, 0.0313
51 176 5.870000 0.2029, -1.0990, 0.4827, 0.9993, -0.0194, 0.0073, 0.0300
51 177 5.900000 0.2283, -1.0849, 0.4575, 0.9994, -0.0190, 0.0028, 0.0286
51 178 5.940000 0.2622, -1.0657, 0.4229, 0.9996, -0.0048, -0.0044, 0.0267
51 179 5.970000 0.2876, -1.0513, 0.3960, 0.9996, 0.0089, -0.0099, 0.0248
51 180 6.000000 0.3128, -1.0369, 0.3689, 0.9995, 0.0156, -0.0159, 0.0231
51 181 6.040000 0.3459, -1.0184, 0.3339, 0.9991, 0.0275, -0.0238, 0.0202
51 182 6.070000 0.3702, -1.0052, 0.3095, 0.9984, 0.0447, -0.0309, 0.0184
51 183 6.100000 0.3938, -0.9929, 0.2870, 0.9985, 0.0389, -0.0364, 0.0158
51 184 6.140000 0.4242, -0.9780, 0.2597, 0.9978, 0.0479, -0.0428, 0.0132
51 185 6.170000 0.4459, -0.9680, 0.2410, 0.9971, 0.0582, -0.0471, 0.0111
51 186 6.200000 0.4667, -0.9592, 0.2237, 0.9972, 0.0553, -0.0504, 0.0089
51 187 6.240000 0.4928, -0.9493, 0.2025, 0.9964, 0.0635, -0.0555, 0.0061
51 188 6.270000 0.5112, -0.9434, 0.1878, 0.9955, 0.0738, -0.0586, 0.0044
51 189 6.300000 0.5284, -0.9390, 0.1740, 0.9957, 0.0695, -0.0610, 0.0019
51 190 6.340000 0.5495, -0.9352, 0.1567, 0.9951, 0.0759, -0.0635, -0.0006
51 191 6.370000 0.5639, -0.9342, 0.1445, 0.9939, 0.0886, -0.0655, -0.0022
51 192 6.400000 0.5770, -0.9347, 0.1328, 0.9943, 0.0837, -0.0666, -0.0046
51 193 6.440000 0.5926, -0.9380, 0.1178, 0.9940, 0.0847, -0.0684, -0.0075
51 194 6.470000 0.6028, -0.9424, 0.1071, 0.9936, 0.0889, -0.0695, -0.0093
51 195 6.500000 0.6116, -0.9484, 0.0969, 0.9945, 0.0774, -0.0691, -0.0120
51 196 6.540000 0.6212, -0.9589, 0.0847, 0.9949, 0.0725, -0.0685, -0.0147
51 197 6.570000 0.6268, -0.9685, 0.0767, 0.9946, 0.0757, -0.0686, -0.0160
51 198 6.600000 0.6310, -0.9795, 0.0698, 0.9953, 0.0661, -0.0679, -0.0181
51 199 6.640000 0.6344, -0.9963, 0.0622, 0.9958, 0.0586, -0.0672, -0.0200
51 200 6.670000 0.6354, -1.0104, 0.0577, 0.9955, 0.0647, -0.0665, -0.0206
51 201 6.700000 0.6350, -1.0256, 0.0541, 0.9964, 0.0511, -0.0643, -0.0220
51 202 6.740000 0.6325, -1.0476, 0.0508, 0.9966, 0.0488, -0.0624, -0.0230
51 203 6.770000 0.6292, -1.0652, 0.0493, 0.9966, 0.0496, -0.0608, -0.0231
51 204 6.800000 0.6246, -1.0837, 0.0486, 0.9973, 0.0381, -0.0583, -0.0240
51 205 6.840000 0.6168, -1.1096, 0.0488, 0.9977, 0.0331, -0.0542, -0.0241
51 206 6.870000 0.6097, -1.1298, 0.0497, 0.9977, 0.0366, -0.0517, -0.0237
51 207 6.900000 0.6016, -1.1506, 0.0513, 0.9981, 0.0281, -0.0494, -0.0238
51 208 6.940000 0.5893, -1.1792, 0.0543, 0.9985, 0.0200, -0.0461, -0.0234
51 209 6.970000 0.5790, -1.2012, 0.0573, 0.9984, 0.0264, -0.0438, -0.0224
51 210 7.000000 0.5679, -1.2236, 0.0611, 0.9988, 0.0141, -0.0408, -0.0219
51 211 7.040000 0.5518, -1.2540, 0.0680, 0.9991, 0.0113, -0.0365, -0.0208
51 212 7.070000 0.5389, -1.2771, 0.0747, 0.9992, 0.0161, -0.0324, -0.0195
51 213 7.100000 0.5252, -1.3005, 0.0830, 0.9994, 0.0058, -0.0275, -0.0189
51 214 7.140000 0.5062, -1.3319, 0.0966, 0.9996, 0.0024, -0.0201, -0.0177
51 215 7.170000 0.4913, -1.3557, 0.1087, 0.9997, 0.0065, -0.0145, -0.0167
51 216 7.200000 0.4762, -1.3795, 0.1228, 0.9998, -0.0030, -0.0092, -0.0160
51 217 7.240000 0.4557, -1.4112, 0.1447, 0.9998, -0.0091, -0.0023, -0.0149
51 218 7.270000 0.4403, -1.4349, 0.1638, 0.9999, -0.0016, 0.0026, -0.0142
51 219 7.300000 0.4249, -1.4585, 0.1854, 0.9997, -0.0163, 0.0080, -0.0133
51 220 7.340000 0.4047, -1.4894, 0.2189, 0.9997, -0.0185, 0.0133, -0.0125
51 221 7.370000 0.3899, -1.5123, 0.2479, 0.9997, -0.0136, 0.0167, -0.0118
51 222 7.400000 0.3755, -1.5346, 0.2806, 0.9994, -0.0260, 0.0200, -0.0111
51 223 7.440000 0.3572, -1.5637, 0.3302, 0.9993, -0.0269, 0.0239, -0.0104
51 224 7.470000 0.3441, -1.5848, 0.3715, 0.9995, -0.0148, 0.0261, -0.0102
51 225 7.500000 0.3316, -1.6055, 0.4147, 0.9993, -0.0221, 0.0282, -0.0096
51 226 7.540000 0.3156, -1.6327, 0.4700, 0.9992, -0.0249, 0.0306, -0.0091
51 227 7.570000 0.3039, -1.6529, 0.5069, 0.9989, -0.0315, 0.0322, -0.0086
51 228 7.600000 0.2925, -1.6728, 0.5394, 0.9984, -0.0449, 0.0335, -0.0080
51 229 7.640000 0.2779, -1.6986, 0.5762, 0.9977, -0.0582, 0.0345, -0.0073
51 230 7.670000 0.2672, -1.7174, 0.5992, 0.9974, -0.0632, 0.0345, -0.0069
51 231 7.700000 0.2570, -1.7355, 0.6186, 0.9966, -0.0744, 0.0340, -0.0063
51 232 7.740000 0.2439, -1.7584, 0.6392, 0.9960, -0.0827, 0.0325, -0.0056
51 233 7.770000 0.2345, -1.7745, 0.6508, 0.9960, -0.0841, 0.0308, -0.0052
51 234 7.800000 0.2255, -1.7896, 0.6593, 0.9953, -0.0924, 0.0287, -0.0045
51 235 7.840000 0.2140, -1.8082, 0.6656, 0.9949, -0.0972, 0.0253, -0.0036
51 236 7.870000 0.2057, -1.8209, 0.6665, 0.9951, -0.0959, 0.0224, -0.0031
51 237 7.900000 0.1977, -1.8325, 0.6639, 0.9946, -0.1018, 0.0192, -0.0023
51 238 7.940000 0.1873, -1.8463, 0.6550, 0.9945, -0.1035, 0.0147, -0.0014
51 239 7.970000 0.1797, -1.8553, 0.6446, 0.9949, -0.1007, 0.0112, -0.0008
51 240 8.000000 0.1722, -1.8630, 0.6315, 0.9945, -0.1043, 0.0079, 0.0000
51 241 8.040000 0.1625, -1.8708, 0.6124, 0.9945, -0.1047, 0.0026, 0.0009
51 242 8.070000 0.1552, -1.8745, 0.5981, 0.9952, -0.0978, -0.0020, 0.0017
51 243 8.100000 0.1479, -1.8763, 0.5841, 0.9941, -0.1082, -0.0054, 0.0023
51 244 8.140000 0.1381, -1.8757, 0.5660, 0.9939, -0.1099, -0.0086, 0.0031
51 245 8.170000 0.1305, -1.8730, 0.5527, 0.9945, -0.1039, -0.0104, 0.0037
51 246 8.200000 0.1227, -1.8683, 0.5396, 0.9939, -0.1098, -0.0117, 0.0041
51 247 8.240000 0.1120, -1.8590, 0.5221, 0.9943, -0.1056, -0.0124, 0.0047
51 248 8.270000 0.1037, -1.8500, 0.5090, 0.9954, -0.0945, -0.0119, 0.0051
51 249 8.300000 0.0952, -1.8392, 0.4957, 0.9953, -0.0957, -0.0112, 0.0053
51 250 8.340000 0.0835, -1.8223, 0.4775, 0.9961, -0.0872, -0.0089, 0.0055
51 251 8.370000 0.0746, -1.8080, 0.4634, 0.9972, -0.0744, -0.0068, 0.0057
51 252 8.400000 0.0655, -1.7924, 0.4487, 0.9974, -0.0723, -0.0042, 0.0057
51 253 8.440000 0.0533, -1.7698, 0.4280, 0.9981, -0.0613, -0.0001, 0.0059
51 254 8.470000 0.0441, -1.7517, 0.4116, 0.9990, -0.0450, 0.0040, 0.0060
51 255 8.500000 0.0350, -1.7329, 0.3950, 0.9991, -0.0407, 0.0081, 0.0062
51 256 8.540000 0.0232, -1.7066, 0.3737, 0.9994, -0.0294, 0.0140, 0.0063
51 257 8.570000 0.0146, -1.6863, 0.3592, 0.9997, -0.0176, 0.0180, 0.0064
51 258 8.600000 0.0063, -1.6655, 0.3463, 0.9996, -0.0191, 0.0213, 0.0065
51 259 8.640000 -0.0040, -1.6373, 0.3311, 0.9995, -0.0148, 0.0260, 0.0066
51 260 8.670000 -0.0111, -1.6159, 0.3212, 0.9996, -0.0021, 0.0289, 0.0062
51 261 8.700000 -0.0176, -1.5944, 0.3124, 0.9995, -0.0044, 0.0314, 0.0063
51 262 8.740000 -0.0254, -1.5657, 0.3025, 0.9994, -0.0000, 0.0334, 0.0062
51 263 8.770000 -0.0305, -1.5442, 0.2961, 0.9993, 0.0106, 0.0350, 0.0057
51 264 8.800000 -0.0348, -1.5228, 0.2907, 0.9993, 0.0058, 0.0361, 0.0058
51 265 8.840000 -0.0396, -1.4947, 0.2850, 0.9992, 0.0098, 0.0374, 0.0054
51 266 8.870000 -0.0423, -1.4738, 0.2817, 0.9991, 0.0209, 0.0377, 0.0047
51 267 8.900000 -0.0442, -1.4533, 0.2793, 0.9991, 0.0172, 0.0378, 0.0046
51 268 8.940000 -0.0457, -1.4266, 0.2773, 0.9990, 0.0225, 0.0373, 0.0039
51 269 8.970000 -0.0460, -1.4072, 0.2767, 0.9988, 0.0331, 0.0366, 0.0031
51 270 9.000000 -0.0455, -1.3883, 0.2766, 0.9990, 0.0289, 0.0354, 0.0027
51 271 9.040000 -0.0440, -1.3639, 0.2762, 0.9988, 0.0348, 0.0340, 0.0018
51 272 9.070000 -0.0422, -1.3464, 0.2752, 0.9984, 0.0466, 0.0325, 0.0009
51 273 9.100000 -0.0399, -1.3296, 0.2736, 0.9985, 0.0449, 0.0313, 0.0005
51 274 9.140000 -0.0360, -1.3084, 0.2702, 0.9982, 0.0515, 0.0292, -0.0004
51 275 9.170000 -0.0325, -1.2935, 0.2668, 0.9978, 0.0609, 0.0277, -0.0013
51 276 9.200000 -0.0286, -1.2796, 0.2626, 0.9979, 0.0594, 0.0262, -0.0018
51 277 9.240000 -0.0227, -1.2625, 0.2556, 0.9977, 0.0635, 0.0240, -0.0027
51 278 9.270000 -0.0179, -1.2510, 0.2493, 0.9971, 0.0731, 0.0220, -0.0036
51 279 9.300000 -0.0127, -1.2405, 0.2418, 0.9973, 0.0703, 0.0201, -0.0042
51 280 9.340000 -0.0053, -1.2283, 0.2300, 0.9971, 0.0742, 0.0177, -0.0052
51 281 9.370000 0.0005, -1.2205, 0.2195, 0.9965, 0.0823, 0.0158, -0.0061
51 282 9.400000 0.0066, -1.2139, 0.2073, 0.9967, 0.0799, 0.0142, -0.0068
51 283 9.440000 0.0150, -1.2068, 0.1884, 0.9964, 0.0838, 0.0121, -0.0080
51 284 9.470000 0.0215, -1.2030, 0.1723, 0.9957, 0.0915, 0.0107, -0.0089
51 285 9.500000 0.0281, -1.2007, 0.1553, 0.9958, 0.0905, 0.0098, -0.0097
51 286 9.540000 0.0373, -1.2003, 0.1338, 0.9955, 0.0936, 0.0096, -0.0107
51 287 9.570000 0.0444, -1.2025, 0.1200, 0.9940, 0.1079, 0.0094, -0.0117
51 288 9.600000 0.0516, -1.2071, 0.1085, 0.9944, 0.1046, 0.0101, -0.0124
51 289 9.640000 0.0616, -1.2170, 0.0967, 0.9941, 0.1072, 0.0112, -0.0134
51 290 9.670000 0.0693, -1.2273, 0.0904, 0.9930, 0.1162, 0.0125, -0.0141
51 291 9.700000 0.0773, -1.2402, 0.0864, 0.9944, 0.1039, 0.0155, -0.0144
51 292 9.740000 0.0884, -1.2611, 0.0842, 0.9946, 0.1013, 0.0196, -0.0151
51 293 9.770000 0.0972, -1.2795, 0.0851, 0.9944, 0.1016, 0.0226, -0.0154
51 294 9.800000 0.1065, -1.3002, 0.0881, 0.9954, 0.0904, 0.0259, -0.0159
51 295 9.840000 0.1197, -1.3309, 0.0955, 0.9964, 0.0765, 0.0315, -0.0160
51 296 9.870000 0.1304, -1.3561, 0.1037, 0.9959, 0.0810, 0.0353, -0.0170
51 297 9.900000 0.1419, -1.3830, 0.1140, 0.9972, 0.0607, 0.0403, -0.0168
51 298 9.940000 0.1584, -1.4212, 0.1312, 0.9975, 0.0510, 0.0445, -0.0179
51 299 9.970000 0.1720, -1.4512, 0.1464, 0.9975, 0.0499, 0.0473, -0.0189
51 300 10.000000 0.1864, -1.4822, 0.1627, 0.9979, 0.0347, 0.0508, -0.0195
51 301 10.040000 0.2071, -1.5246, 0.1841, 0.9979, 0.0245, 0.0555, -0.0211
51 302 10.070000 0.2236, -1.5569, 0.1988, 0.9979, 0.0199, 0.0577, -0.0226
51 303 10.100000 0.2409, -1.5895, 0.2122, 0.9980, 0.0043, 0.0593, -0.0235
51 304 10.140000 0.2654, -1.6332, 0.2286, 0.9978, -0.0056, 0.0606, -0.0254
51 305 10.170000 0.2850, -1.6660, 0.2401, 0.9978, -0.0059, 0.0604, -0.0273
51 306 10.200000 0.3056, -1.6986, 0.2512, 0.9976, -0.0164, 0.0604, -0.0286
51 307 10.240000 0.3347, -1.7418, 0.2657, 0.9976, -0.0220, 0.0583, -0.0309
51 308 10.270000 0.3577, -1.7739, 0.2765, 0.9977, -0.0196, 0.0554, -0.0331
51 309 10.300000 0.3817, -1.8056, 0.2876, 0.9975, -0.0316, 0.0525, -0.0343
51 310 10.340000 0.4153, -1.8470, 0.3029, 0.9975, -0.0392, 0.0469, -0.0365
51 311 10.370000 0.4416, -1.8774, 0.3150, 0.9978, -0.0350, 0.0410, -0.0384
51 312 10.400000 0.4687, -1.9071, 0.3278, 0.9976, -0.0437, 0.0354, -0.0396
51 313 10.440000 0.5059, -1.9455, 0.3459, 0.9979, -0.0430, 0.0263, -0.0418
51 314 10.470000 0.5344, -1.9735, 0.3601, 0.9983, -0.0346, 0.0182, -0.0436
51 315 10.500000 0.5632, -2.0008, 0.3742, 0.9981, -0.0412, 0.0111, -0.0451
51 316 10.540000 0.6020, -2.0363, 0.3914, 0.9982, -0.0360, 0.0017, -0.0472
51 317 10.570000 0.6312, -2.0624, 0.4021, 0.9985, -0.0258, -0.0054, -0.0487
51 318 10.600000 0.6603, -2.0881, 0.4108, 0.9983, -0.0264, -0.0112, -0.0502
51 319 10.640000 0.6989, -2.1219, 0.4195, 0.9983, -0.0207, -0.0190, -0.0519
51 320 10.670000 0.7275, -2.1469, 0.4239, 0.9982, -0.0123, -0.0249, -0.0531
51 321 10.700000 0.7558, -2.1716, 0.4267, 0.9980, -0.0144, -0.0294, -0.0544
51 322 10.740000 0.7929, -2.2043, 0.4279, 0.9978, -0.0096, -0.0357, -0.0558
51 323 10.770000 0.8201, -2.2287, 0.4269, 0.9976, 0.0002, -0.0403, -0.0565
51 324 10.800000 0.8468, -2.2530, 0.4243, 0.9974, -0.0014, -0.0436, -0.0576
51 325 10.840000 0.8814, -2.2854, 0.4182, 0.9971, 0.0023, -0.0477, -0.0585
51 326 10.870000 0.9065, -2.3097, 0.4117, 0.9969, 0.0089, -0.0505, -0.0589
51 327 10.900000 0.9309, -2.3341, 0.4033, 0.9969, 0.0042, -0.0520, -0.0597
51 328 10.940000 0.9623, -2.3666, 0.3891, 0.9967, 0.0025, -0.0535, -0.0602
51 329 10.970000 0.9850, -2.3910, 0.3765, 0.9967, 0.0036, -0.0541, -0.0603
51 330 11.000000 1.0068, -2.4155, 0.3627, 0.9967, -0.0069, -0.0531, -0.0608
51 331 11.040000 1.0345, -2.4478, 0.3446, 0.9967, -0.0145, -0.0520, -0.0612
51 332 11.070000 1.0540, -2.4717, 0.3322, 0.9968, -0.0081, -0.0520, -0.0607
51 333 11.100000 1.0725, -2.4953, 0.3210, 0.9967, -0.0162, -0.0511, -0.0610
51 334 11.140000 1.0956, -2.5263, 0.3079, 0.9967, -0.0182, -0.0499, -0.0609
51 335 11.170000 1.1118, -2.5491, 0.2992, 0.9969, -0.0134, -0.0493, -0.0605
51 336 11.200000 1.1271, -2.5716, 0.2915, 0.9967, -0.0229, -0.0478, -0.0607
51 337 11.240000 1.1460, -2.6009, 0.2825, 0.9967, -0.0279, -0.0458, -0.0606
51 338 11.270000 1.1592, -2.6222, 0.2766, 0.9969, -0.0232, -0.0443, -0.0602
51 339 11.300000 1.1716, -2.6430, 0.2713, 0.9967, -0.0354, -0.0414, -0.0605
51 340 11.340000 1.1870, -2.6697, 0.2652, 0.9966, -0.0416, -0.0379, -0.0605
51 341 11.370000 1.1977, -2.6889, 0.2611, 0.9968, -0.0384, -0.0355, -0.0602
51 342 11.400000 1.2079, -2.7072, 0.2575, 0.9965, -0.0489, -0.0321, -0.0604
51 343 11.440000 1.2206, -2.7304, 0.2530, 0.9963, -0.0539, -0.0282, -0.0604
51 344 11.470000 1.2295, -2.7466, 0.2498, 0.9965, -0.0515, -0.0253, -0.0603
51 345 11.500000 1.2381, -2.7619, 0.2464, 0.9959, -0.0636, -0.0217, -0.0605
51 346 11.540000 1.2491, -2.7807, 0.2404, 0.9955, -0.0707, -0.0175, -0.0606
51 347 11.570000 1.2572, -2.7937, 0.2344, 0.9956, -0.0694, -0.0154, -0.0606
51 348 11.600000 1.2650, -2.8055, 0.2270, 0.9951, -0.0767, -0.0130, -0.0607
51 349 11.640000 1.2753, -2.8196, 0.2147, 0.9950, -0.0793, -0.0110, -0.0605
51 350 11.670000 1.2828, -2.8289, 0.2036, 0.9953, -0.0746, -0.0100, -0.0604
51 351 11.700000 1.2904, -2.8370, 0.1910, 0.9950, -0.0798, -0.0089, -0.0602
51 352 11.740000 1.3003, -2.8461, 0.1715, 0.9951, -0.0782, -0.0084, -0.0598
51 353 11.770000 1.3076, -2.8516, 0.1547, 0.9957, -0.0710, -0.0089, -0.0594
51 354 11.800000 1.3149, -2.8562, 0.1360, 0.9956, -0.0728, -0.0094, -0.0589
51 355 11.840000 1.3246, -2.8608, 0.1076, 0.9960, -0.0673, -0.0112, -0.0581
51 356 11.870000 1.3317, -2.8632, 0.0832, 0.9966, -0.0577, -0.0134, -0.0574
51 357 11.900000 1.3387, -2.8650, 0.0560, 0.9967, -0.0558, -0.0158, -0.0567
51 358 11.940000 1.3478, -2.8664, 0.0147, 0.9972, -0.0467, -0.0199, -0.0556
51 359 11.970000 1.3544, -2.8668, -0.0197, 0.9976, -0.0361, -0.0235, -0.0548
51 360 12.000000 1.3606, -2.8666, -0.0554, 0.9977, -0.0321, -0.0265, -0.0539
51 361 12.040000 1.3681, -2.8653, -0.0994, 0.9978, -0.0243, -0.0304, -0.0530
51 362 12.070000 1.3728, -2.8635, -0.1266, 0.9979, -0.0163, -0.0355, -0.0523
51 363 12.100000 1.3765, -2.8611, -0.1483, 0.9976, -0.0233, -0.0400, -0.0518
51 364 12.140000 1.3796, -2.8571, -0.1688, 0.9976, -0.0185, -0.0424, -0.0510
51 365 12.170000 1.3806, -2.8536, -0.1783, 0.9978, 0.0003, -0.0444, -0.0495
51 366 12.200000 1.3804, -2.8499, -0.1829, 0.9978, -0.0048, -0.0451, -0.0492
51 367 12.240000 1.3782, -2.8448, -0.1816, 0.9978, 0.0040, -0.0453, -0.0478
51 368 12.270000 1.3751, -2.8412, -0.1752, 0.9978, 0.0154, -0.0446, -0.0465
51 369 12.300000 1.3708, -2.8379, -0.1640, 0.9980, 0.0050, -0.0431, -0.0461
51 370 12.340000 1.3632, -2.8337, -0.1415, 0.9982, 0.0003, -0.0404, -0.0448
51 371 12.370000 1.3561, -2.8307, -0.1185, 0.9983, 0.0058, -0.0379, -0.0433
51 372 12.400000 1.3480, -2.8277, -0.0900, 0.9984, -0.0119, -0.0345, -0.0426
51 373 12.440000 1.3355, -2.8232, -0.0427, 0.9985, -0.0221, -0.0300, -0.0409
51 374 12.470000 1.3252, -2.8193, -0.0008, 0.9988, -0.0145, -0.0267, -0.0391
51 375 12.500000 1.3142, -2.8149, 0.0452, 0.9987, -0.0265, -0.0235, -0.0376
51 376 12.540000 1.2989, -2.8084, 0.1061, 0.9985, -0.0360, -0.0201, -0.0353
51 377 12.570000 1.2872, -2.8031, 0.1484, 0.9982, -0.0473, -0.0173, -0.0338
51 378 12.600000 1.2753, -2.7973, 0.1874, 0.9971, -0.0668, -0.0145, -0.0327
51 379 12.640000 1.2592, -2.7882, 0.2348, 0.9957, -0.0867, -0.0104, -0.0313
51 380 12.670000 1.2470, -2.7802, 0.2674, 0.9950, -0.0946, -0.0072, -0.0303
51 381 12.700000 1.2347, -2.7709, 0.2980, 0.9934, -0.1111, -0.0037, -0.0296
51 382 12.740000 1.2184, -2.7559, 0.3362, 0.9919, -0.1239, 0.0011, -0.0288
51 383 12.770000 1.2062, -2.7426, 0.3633, 0.9917, -0.1257, 0.0045, -0.0284
51 384 12.800000 1.1941, -2.7272, 0.3893, 0.9902, -0.1366, 0.0080, -0.0280
51 385 12.840000 1.1783, -2.7033, 0.4227, 0.9894, -0.1418, 0.0124, -0.0277
51 386 12.870000 1.1668, -2.6826, 0.4470, 0.9901, -0.1366, 0.0158, -0.0277
51 387 12.900000 1.1557, -2.6595, 0.4709, 0.9890, -0.1440, 0.0190, -0.0275
51 388 12.940000 1.1414, -2.6249, 0.5024, 0.9892, -0.1421, 0.0230, -0.0277
51 389 12.970000 1.1312, -2.5960, 0.5259, 0.9902, -0.1344, 0.0255, -0.0279
51 390 13.000000 1.1216, -2.5648, 0.5490, 0.9894, -0.1400, 0.0279, -0.0278
51 391 13.040000 1.1095, -2.5198, 0.5780, 0.9901, -0.1342, 0.0304, -0.0279
51 392 13.070000 1.1011, -2.4838, 0.5979, 0.9918, -0.1207, 0.0318, -0.0283
51 393 13.100000 1.0932, -2.4459, 0.6163, 0.9920, -0.1184, 0.0330, -0.0282
51 394 13.140000 1.0834, -2.3927, 0.6389, 0.9933, -0.1069, 0.0337, -0.0282
51 395 13.170000 1.0768, -2.3509, 0.6547, 0.9948, -0.0924, 0.0337, -0.0283
51 396 13.200000 1.0708, -2.3075, 0.6696, 0.9951, -0.0892, 0.0335, -0.0280
51 397 13.240000 1.0637, -2.2475, 0.6886, 0.9961, -0.0766, 0.0327, -0.0279
51 398 13.270000 1.0591, -2.2010, 0.7024, 0.9974, -0.0595, 0.0312, -0.0279
51 399 13.300000 1.0551, -2.1534, 0.7161, 0.9977, -0.0549, 0.0298, -0.0275
51 400 13.340000 1.0506, -2.0886, 0.7342, 0.9984, -0.0405, 0.0273, -0.0272
51 401 13.370000 1.0478, -2.0392, 0.7481, 0.9991, -0.0226, 0.0246, -0.0271
51 402 13.400000 1.0454, -1.9894, 0.7624, 0.9992, -0.0195, 0.0223, -0.0266
51 403 13.440000 1.0430, -1.9225, 0.7823, 0.9995, -0.0056, 0.0183, -0.0263
51 404 13.470000 1.0415, -1.8722, 0.7977, 0.9995, 0.0092, 0.0154, -0.0262
51 405 13.500000 1.0404, -1.8221, 0.8129, 0.9995, 0.0082, 0.0132, -0.0257
51 406 13.540000 1.0391, -1.7555, 0.8306, 0.9994, 0.0194, 0.0102, -0.0255
51 407 13.570000 1.0383, -1.7058, 0.8406, 0.9990, 0.0354, 0.0067, -0.0253
51 408 13.600000 1.0375, -1.6566, 0.8477, 0.9989, 0.0398, 0.0031, -0.0254
51 409 13.640000 1.0366, -1.5917, 0.8527, 0.9984, 0.0506, -0.0022, -0.0254
51 410 13.670000 1.0358, -1.5437, 0.8532, 0.9978, 0.0601, -0.0065, -0.0257
51 411 13.700000 1.0350, -1.4965, 0.8509, 0.9977, 0.0610, -0.0110, -0.0260
51 412 13.740000 1.0336, -1.4347, 0.8436, 0.9974, 0.0649, -0.0176, -0.0266
51 413 13.770000 1.0322, -1.3893, 0.8348, 0.9968, 0.0715, -0.0228, -0.0269
51 414 13.800000 1.0307, -1.3447, 0.8230, 0.9969, 0.0682, -0.0277, -0.0276
51 415 13.840000 1.0280, -1.2864, 0.8022, 0.9967, 0.0683, -0.0340, -0.0284
51 416 13.870000 1.0256, -1.2436, 0.7824, 0.9963, 0.0709, -0.0390, -0.0290
51 417 13.900000 1.0227, -1.2014, 0.7588, 0.9964, 0.0658, -0.0439, -0.0298
51 418 13.940000 1.0183, -1.1462, 0.7207, 0.9962, 0.0633, -0.0505, -0.0308
51 419 13.970000 1.0144, -1.1055, 0.6874, 0.9960, 0.0631, -0.0552, -0.0316
51 420 14.000000 1.0098, -1.0654, 0.6512, 0.9961, 0.0565, -0.0594, -0.0326
51 421 14.040000 1.0019, -1.0137, 0.6031, 0.9961, 0.0509, -0.0642, -0.0339
51 422 14.070000 0.9943, -0.9762, 0.5697, 0.9958, 0.0516, -0.0674, -0.0344
51 423 14.100000 0.9851, -0.9397, 0.5388, 0.9963, 0.0390, -0.0678, -0.0354
51 424 14.140000 0.9703, -0.8926, 0.5013, 0.9963, 0.0376, -0.0689, -0.0359
51 425 14.170000 0.9574, -0.8583, 0.4756, 0.9961, 0.0445, -0.0682, -0.0352
51 426 14.200000 0.9431, -0.8248, 0.4517, 0.9967, 0.0324, -0.0656, -0.0360
51 427 14.240000 0.9219, -0.7812, 0.4220, 0.9971, 0.0293, -0.0607, -0.0358
51 428 14.270000 0.9045, -0.7493, 0.4012, 0.9971, 0.0343, -0.0572, -0.0354
51 429 14.300000 0.8859, -0.7179, 0.3813, 0.9977, 0.0243, -0.0526, -0.0355
51 430 14.340000 0.8596, -0.6768, 0.3557, 0.9980, 0.0225, -0.0468, -0.0352
51 431 14.370000 0.8388, -0.6465, 0.3370, 0.9981, 0.0300, -0.0423, -0.0342
51 432 14.400000 0.8172, -0.6166, 0.3182, 0.9985, 0.0229, -0.0374, -0.0340
51 433 14.440000 0.7875, -0.5775, 0.2925, 0.9987, 0.0220, -0.0313, -0.0331
51 434 14.470000 0.7645, -0.5486, 0.2725, 0.9986, 0.0312, -0.0268, -0.0321
51 435 14.500000 0.7411, -0.5202, 0.2522, 0.9988, 0.0288, -0.0226, -0.0313
51 436 14.540000 0.7092, -0.4832, 0.2261, 0.9988, 0.0336, -0.0170, -0.0300
51 437 14.570000 0.6848, -0.4563, 0.2083, 0.9985, 0.0452, -0.0124, -0.0289
51 438 14.600000 0.6601, -0.4303, 0.1919, 0.9987, 0.0425, -0.0080, -0.0281
51 439 14.640000 0.6269, -0.3971, 0.1726, 0.9985, 0.0485, -0.0027, -0.0269
51 440 14.670000 0.6019, -0.3735, 0.1599, 0.9979, 0.0595, 0.0007, -0.0261
51 441 14.700000 0.5769, -0.3510, 0.1485, 0.9982, 0.0541, 0.0039, -0.0255
51 442 14.740000 0.5436, -0.3228, 0.1356, 0.9981, 0.0563, 0.0075, -0.0247
51 443 14.770000 0.5188, -0.3031, 0.1274, 0.9975, 0.0651, 0.0096, -0.0242
51 444 14.800000 0.4941, -0.2847, 0.1204, 0.9980, 0.0582, 0.0115, -0.0237
51 445 14.840000 0.4616, -0.2620, 0.1130, 0.9979, 0.0586, 0.0132, -0.0233
51 446 14.870000 0.4374, -0.2465, 0.1088, 0.9974, 0.0663, 0.0139, -0.0231
51 447 14.900000 0.4135, -0.2323, 0.1057, 0.9979, 0.0587, 0.0146, -0.0228
51 448 14.940000 0.3820, -0.2152, 0.1032, 0.9979, 0.0587, 0.0149, -0.0226
51 449 14.970000 0.3587, -0.2039, 0.1025, 0.9974, 0.0665, 0.0148, -0.0226
