18 0 0.010000 -0.5855, 1.5284, 1.9715, 1.0000, 0.0000, 0.0000, 0.0000
18 1 0.040000 -0.5855, 1.5284, 1.9643, 1.0000, 0.0000, 0.0000, 0.0000
18 2 0.070000 -0.5855, 1.5284, 1.9482, 1.0000, 0.0000, 0.0000, 0.0000
18 3 0.110000 -0.5855, 1.5284, 1.9131, 1.0000, 0.0000, 0.0000, 0.0000
18 4 0.140000 -0.5855, 1.5284, 1.8765, 1.0000, 0.0000, 0.0000, 0.0000
18 5 0.170000 -0.5855, 1.5284, 1.8310, 1.0000, 0.0000, 0.0000, 0.0000
18 6 0.200000 -0.5855, 1.5284, 1.7767, 1.0000, 0.0000, 0.0000, 0.0000
18 7 0.240000 -0.5855, 1.5284, 1.6921, 0.9999, -0.0051, 0.0096, -0.0026
18 8 0.270000 -0.5853, 1.5285, 1.6255, 0.9997, -0.0121, 0.0204, -0.0058
18 9 0.310000 -0.5844, 1.5290, 1.5388, 0.9993, -0.0191, 0.0309, -0.0100
18 10 0.340000 -0.5830, 1.5298, 1.4763, 0.9990, -0.0229, 0.0364, -0.0132
18 11 0.370000 -0.5808, 1.5312, 1.4158, 0.9988, -0.0241, 0.0383, -0.0162
18 12 0.400000 -0.5778, 1.5330, 1.3567, 0.9987, -0.0250, 0.0400, -0.0192
18 13 0.440000 -0.5726, 1.5361, 1.2792, 0.9987, -0.0234, 0.0386, -0.0232
18 14 0.470000 -0.5678, 1.5390, 1.2221, 0.9989, -0.0203, 0.0340, -0.0261
18 15 0.500000 -0.5623, 1.5422, 1.1666, 0.9989, -0.0170, 0.0316, -0.0290
18 16 0.540000 -0.5538, 1.5471, 1.0976, 0.9991, -0.0115, 0.0248, -0.0326
18 17 0.570000 -0.5466, 1.5512, 1.0511, 0.9992, -0.0079, 0.0156, -0.0351
18 18 0.610000 -0.5364, 1.5569, 0.9967, 0.9992, -0.0076, 0.0033, -0.0384
18 19 0.640000 -0.5284, 1.5614, 0.9612, 0.9992, -0.0031, 0.0014, -0.0405
18 20 0.670000 -0.5205, 1.5660, 0.9302, 0.9990, -0.0027, -0.0134, -0.0427
18 21 0.700000 -0.5129, 1.5706, 0.9032, 0.9989, 0.0033, -0.0130, -0.0452
18 22 0.740000 -0.5034, 1.5768, 0.8730, 0.9986, 0.0091, -0.0214, -0.0475
18 23 0.770000 -0.4970, 1.5812, 0.8546, 0.9983, 0.0130, -0.0294, -0.0484
18 24 0.800000 -0.4913, 1.5854, 0.8395, 0.9984, 0.0177, -0.0199, -0.0494
18 25 0.840000 -0.4845, 1.5903, 0.8245, 0.9983, 0.0215, -0.0206, -0.0502
18 26 0.870000 -0.4802, 1.5935, 0.8170, 0.9980, 0.0232, -0.0307, -0.0511
18 27 0.900000 -0.4766, 1.5961, 0.8125, 0.9981, 0.0249, -0.0243, -0.0510
18 28 0.940000 -0.4728, 1.5988, 0.8113, 0.9979, 0.0241, -0.0318, -0.0514
18 29 0.970000 -0.4710, 1.6002, 0.8136, 0.9973, 0.0219, -0.0480, -0.0514
18 30 1.000000 -0.4702, 1.6012, 0.8182, 0.9974, 0.0187, -0.0478, -0.0513
18 31 1.040000 -0.4708, 1.6020, 0.8264, 0.9968, 0.0142, -0.0607, -0.0509
18 32 1.070000 -0.4727, 1.6023, 0.8336, 0.9960, 0.0105, -0.0730, -0.0507
18 33 1.110000 -0.4773, 1.6026, 0.8439, 0.9957, 0.0055, -0.0784, -0.0498
18 34 1.140000 -0.4823, 1.6027, 0.8522, 0.9960, 0.0030, -0.0750, -0.0490
18 35 1.170000 -0.4889, 1.6028, 0.8612, 0.9954, 0.0003, -0.0835, -0.0480
18 36 1.210000 -0.5000, 1.6031, 0.8743, 0.9954, -0.0023, -0.0843, -0.0464
18 37 1.240000 -0.5102, 1.6035, 0.8851, 0.9961, -0.0042, -0.0751, -0.0451
18 38 1.270000 -0.5220, 1.6040, 0.8970, 0.9957, -0.0055, -0.0814, -0.0435
18 39 1.310000 -0.5401, 1.6050, 0.9148, 0.9962, -0.0068, -0.0759, -0.0411
18 40 1.340000 -0.5554, 1.6059, 0.9298, 0.9971, -0.0069, -0.0655, -0.0393
18 41 1.370000 -0.5722, 1.6071, 0.9464, 0.9971, -0.0063, -0.0666, -0.0369
18 42 1.410000 -0.5966, 1.6089, 0.9711, 0.9975, -0.0051, -0.0614, -0.0339
18 43 1.440000 -0.6163, 1.6105, 0.9916, 0.9985, -0.0041, -0.0446, -0.0312
18 44 1.470000 -0.6370, 1.6121, 1.0138, 0.9984, -0.0011, -0.0490, -0.0284
18 45 1.510000 -0.6660, 1.6144, 1.0450, 0.9989, 0.0052, -0.0401, -0.0242
18 46 1.540000 -0.6886, 1.6160, 1.0689, 0.9994, 0.0087, -0.0264, -0.0214
18 47 1.570000 -0.7117, 1.6175, 1.0925, 0.9994, 0.0117, -0.0267, -0.0190
18 48 1.610000 -0.7431, 1.6193, 1.1238, 0.9997, 0.0138, -0.0148, -0.0158
18 49 1.640000 -0.7669, 1.6203, 1.1472, 0.9998, 0.0152, -0.0021, -0.0136
18 50 1.670000 -0.7908, 1.6210, 1.1708, 0.9998, 0.0166, -0.0009, -0.0115
18 51 1.710000 -0.8226, 1.6215, 1.2030, 0.9998, 0.0179, 0.0048, -0.0094
18 52 1.740000 -0.8463, 1.6215, 1.2280, 0.9996, 0.0175, 0.0192, -0.0074
18 53 1.770000 -0.8697, 1.6211, 1.2540, 0.9997, 0.0173, 0.0155, -0.0063
18 54 1.810000 -0.9002, 1.6201, 1.2911, 0.9996, 0.0161, 0.0221, -0.0045
18 55 1.840000 -0.9225, 1.6189, 1.3210, 0.9993, 0.0151, 0.0345, -0.0034
18 56 1.870000 -0.9441, 1.6174, 1.3531, 0.9994, 0.0141, 0.0307, -0.0026
18 57 1.910000 -0.9717, 1.6149, 1.3997, 0.9992, 0.0127, 0.0366, -0.0017
18 58 1.940000 -0.9913, 1.6126, 1.4377, 0.9987, 0.0118, 0.0499, -0.0010
18 59 1.970000 -1.0099, 1.6101, 1.4780, 0.9989, 0.0112, 0.0453, -0.0009
18 60 2.010000 -1.0330, 1.6064, 1.5337, 0.9983, 0.0106, 0.0566, -0.0007
18 61 2.040000 -1.0493, 1.6034, 1.5750, 0.9975, 0.0109, 0.0704, -0.0006
18 62 2.070000 -1.0645, 1.6003, 1.6148, 0.9976, 0.0116, 0.0677, -0.0009
18 63 2.110000 -1.0833, 1.5958, 1.6649, 0.9979, 0.0124, 0.0641, -0.0013
18 64 2.140000 -1.0963, 1.5923, 1.7007, 0.9976, 0.0133, 0.0684, -0.0015
18 65 2.170000 -1.1083, 1.5885, 1.7351, 0.9982, 0.0140, 0.0591, -0.0021
18 66 2.210000 -1.1227, 1.5831, 1.7795, 0.9984, 0.0161, 0.0550, -0.0027
18 67 2.240000 -1.1325, 1.5788, 1.8121, 0.9983, 0.0181, 0.0550, -0.0033
18 68 2.270000 -1.1413, 1.5742, 1.8445, 0.9988, 0.0204, 0.0441, -0.0040
18 69 2.310000 -1.1518, 1.5674, 1.8877, 0.9991, 0.0231, 0.0348, -0.0051
18 70 2.340000 -1.1588, 1.5618, 1.9206, 0.9990, 0.0265, 0.0352, -0.0057
18 71 2.370000 -1.1652, 1.5557, 1.9541, 0.9993, 0.0300, 0.0220, -0.0067
18 72 2.410000 -1.1730, 1.5466, 2.0002, 0.9993, 0.0364, 0.0103, -0.0081
18 73 2.440000 -1.1785, 1.5390, 2.0359, 0.9990, 0.0408, 0.0135, -0.0085
18 74 2.470000 -1.1839, 1.5306, 2.0723, 0.9990, 0.0446, -0.0034, -0.0101
18 75 2.510000 -1.1910, 1.5183, 2.1208, 0.9987, 0.0499, -0.0060, -0.0108
18 76 2.540000 -1.1964, 1.5081, 2.1552, 0.9984, 0.0547, -0.0093, -0.0118
18 77 2.570000 -1.2020, 1.4973, 2.1871, 0.9979, 0.0591, -0.0210, -0.0128
18 78 2.610000 -1.2098, 1.4817, 2.2255, 0.9971, 0.0652, -0.0353, -0.0145
18 79 2.640000 -1.2161, 1.4691, 2.2515, 0.9967, 0.0694, -0.0385, -0.0152
18 80 2.670000 -1.2230, 1.4555, 2.2754, 0.9959, 0.0729, -0.0517, -0.0167
18 81 2.710000 -1.2334, 1.4358, 2.3048, 0.9950, 0.0773, -0.0607, -0.0179
18 82 2.740000 -1.2422, 1.4196, 2.3253, 0.9948, 0.0804, -0.0604, -0.0185
18 83 2.770000 -1.2521, 1.4022, 2.3450, 0.9937, 0.0825, -0.0725, -0.0200
18 84 2.800000 -1.2631, 1.3834, 2.3640, 0.9936, 0.0845, -0.0727, -0.0207
18 85 2.840000 -1.2799, 1.3561, 2.3887, 0.9929, 0.0858, -0.0798, -0.0221
18 86 2.870000 -1.2943, 1.3339, 2.4071, 0.9922, 0.0854, -0.0873, -0.0238
18 87 2.900000 -1.3102, 1.3102, 2.4256, 0.9927, 0.0845, -0.0826, -0.0242
18 88 2.940000 -1.3339, 1.2762, 2.4503, 0.9932, 0.0819, -0.0786, -0.0256
18 89 2.970000 -1.3534, 1.2491, 2.4688, 0.9928, 0.0780, -0.0862, -0.0273
18 90 3.000000 -1.3744, 1.2207, 2.4867, 0.9940, 0.0743, -0.0748, -0.0280
18 91 3.040000 -1.4042, 1.1812, 2.5085, 0.9949, 0.0670, -0.0698, -0.0292
18 92 3.070000 -1.4279, 1.1504, 2.5227, 0.9954, 0.0618, -0.0666, -0.0301
18 93 3.100000 -1.4524, 1.1189, 2.5348, 0.9963, 0.0569, -0.0561, -0.0302
18 94 3.140000 -1.4864, 1.0756, 2.5479, 0.9972, 0.0510, -0.0464, -0.0305
18 95 3.170000 -1.5127, 1.0423, 2.5556, 0.9974, 0.0465, -0.0466, -0.0308
18 96 3.200000 -1.5397, 1.0084, 2.5617, 0.9980, 0.0424, -0.0357, -0.0304
18 97 3.240000 -1.5766, 0.9622, 2.5673, 0.9985, 0.0371, -0.0284, -0.0301
18 98 3.270000 -1.6048, 0.9270, 2.5697, 0.9986, 0.0336, -0.0294, -0.0299
18 99 3.300000 -1.6334, 0.8913, 2.5707, 0.9989, 0.0306, -0.0194, -0.0292
18 100 3.340000 -1.6721, 0.8429, 2.5697, 0.9991, 0.0272, -0.0138, -0.0283
18 101 3.370000 -1.7014, 0.8062, 2.5673, 0.9992, 0.0252, -0.0150, -0.0275
18 102 3.400000 -1.7310, 0.7691, 2.5634, 0.9994, 0.0238, -0.0051, -0.0263
18 103 3.440000 -1.7705, 0.7192, 2.5559, 0.9994, 0.0229, 0.0001, -0.0248
18 104 3.470000 -1.8002, 0.6813, 2.5486, 0.9995, 0.0231, -0.0013, -0.0235
18 105 3.500000 -1.8300, 0.6431, 2.5401, 0.9994, 0.0240, 0.0072, -0.0220
18 106 3.540000 -1.8695, 0.5915, 2.5271, 0.9994, 0.0255, 0.0114, -0.0199
18 107 3.570000 -1.8990, 0.5523, 2.5165, 0.9995, 0.0262, 0.0077, -0.0186
18 108 3.600000 -1.9283, 0.5128, 2.5050, 0.9994, 0.0265, 0.0160, -0.0169
18 109 3.640000 -1.9671, 0.4593, 2.4882, 0.9993, 0.0265, 0.0201, -0.0149
18 110 3.670000 -1.9959, 0.4188, 2.4743, 0.9994, 0.0262, 0.0181, -0.0135
18 111 3.700000 -2.0243, 0.3778, 2.4593, 0.9992, 0.0254, 0.0280, -0.0117
18 112 3.740000 -2.0617, 0.3226, 2.4371, 0.9991, 0.0238, 0.0338, -0.0096
18 113 3.770000 -2.0893, 0.2808, 2.4186, 0.9992, 0.0221, 0.0332, -0.0080
18 114 3.800000 -2.1163, 0.2387, 2.3983, 0.9988, 0.0197, 0.0433, -0.0062
18 115 3.840000 -2.1515, 0.1821, 2.3679, 0.9986, 0.0158, 0.0504, -0.0039
18 116 3.870000 -2.1771, 0.1394, 2.3423, 0.9986, 0.0122, 0.0516, -0.0021
18 117 3.900000 -2.2021, 0.0966, 2.3141, 0.9981, 0.0076, 0.0617, -0.0001
18 118 3.940000 -2.2344, 0.0394, 2.2720, 0.9976, 0.0004, 0.0687, 0.0026
18 119 3.970000 -2.2576, -0.0036, 2.2373, 0.9975, -0.0057, 0.0700, 0.0047
18 120 4.000000 -2.2798, -0.0465, 2.2007, 0.9968, -0.0130, 0.0789, 0.0070
18 121 4.040000 -2.3073, -0.1032, 2.1514, 0.9961, -0.0213, 0.0845, 0.0096
18 122 4.070000 -2.3261, -0.1453, 2.1155, 0.9965, -0.0261, 0.0791, 0.0115
18 123 4.100000 -2.3433, -0.1869, 2.0807, 0.9957, -0.0315, 0.0864, 0.0129
18 124 4.140000 -2.3636, -0.2413, 2.0356, 0.9953, -0.0380, 0.0877, 0.0146
18 125 4.170000 -2.3770, -0.2812, 2.0026, 0.9955, -0.0420, 0.0838, 0.0157
18 126 4.200000 -2.3888, -0.3204, 1.9697, 0.9942, -0.0457, 0.0960, 0.0161
18 127 4.240000 -2.4021, -0.3713, 1.9256, 0.9932, -0.0494, 0.1037, 0.0165
18 128 4.270000 -2.4101, -0.4085, 1.8917, 0.9933, -0.0515, 0.1016, 0.0170
18 129 4.300000 -2.4165, -0.4449, 1.8567, 0.9924, -0.0531, 0.1095, 0.0167
18 130 4.340000 -2.4226, -0.4921, 1.8074, 0.9924, -0.0543, 0.1093, 0.0165
18 131 4.370000 -2.4255, -0.5267, 1.7680, 0.9930, -0.0546, 0.1030, 0.0165
18 132 4.400000 -2.4270, -0.5605, 1.7259, 0.9929, -0.0542, 0.1047, 0.0158
18 133 4.440000 -2.4271, -0.6045, 1.6655, 0.9934, -0.0530, 0.1003, 0.0149
18 134 4.470000 -2.4258, -0.6368, 1.6173, 0.9942, -0.0514, 0.0934, 0.0143
18 135 4.500000 -2.4229, -0.6681, 1.5678, 0.9943, -0.0490, 0.0942, 0.0130
18 136 4.540000 -2.4162, -0.7084, 1.5043, 0.9949, -0.0467, 0.0891, 0.0116
18 137 4.570000 -2.4086, -0.7371, 1.4608, 0.9959, -0.0464, 0.0764, 0.0107
18 138 4.600000 -2.3989, -0.7647, 1.4212, 0.9947, -0.0443, 0.0918, 0.0090
18 139 4.640000 -2.3826, -0.7996, 1.3741, 0.9950, -0.0409, 0.0912, 0.0076
18 140 4.670000 -2.3680, -0.8247, 1.3427, 0.9960, -0.0384, 0.0803, 0.0072
18 141 4.700000 -2.3513, -0.8488, 1.3141, 0.9957, -0.0365, 0.0854, 0.0062
18 142 4.740000 -2.3262, -0.8796, 1.2799, 0.9965, -0.0345, 0.0759, 0.0056
18 143 4.770000 -2.3055, -0.9018, 1.2568, 0.9976, -0.0329, 0.0606, 0.0056
18 144 4.800000 -2.2834, -0.9233, 1.2357, 0.9977, -0.0316, 0.0604, 0.0051
18 145 4.840000 -2.2522, -0.9509, 1.2101, 0.9984, -0.0304, 0.0481, 0.0050
18 146 4.870000 -2.2276, -0.9709, 1.1926, 0.9991, -0.0301, 0.0299, 0.0052
18 147 4.900000 -2.2024, -0.9903, 1.1762, 0.9992, -0.0300, 0.0276, 0.0051
18 148 4.940000 -2.1681, -1.0151, 1.1561, 0.9994, -0.0299, 0.0137, 0.0054
18 149 4.970000 -2.1421, -1.0331, 1.1422, 0.9995, -0.0306, -0.0028, 0.0058
18 150 5.000000 -2.1160, -1.0505, 1.1291, 0.9995, -0.0319, -0.0060, 0.0060
18 151 5.040000 -2.0817, -1.0726, 1.1134, 0.9993, -0.0340, -0.0160, 0.0062
18 152 5.070000 -2.0563, -1.0885, 1.1031, 0.9988, -0.0350, -0.0335, 0.0069
18 153 5.100000 -2.0316, -1.1036, 1.0940, 0.9988, -0.0367, -0.0320, 0.0068
18 154 5.140000 -1.9998, -1.1227, 1.0838, 0.9983, -0.0393, -0.0417, 0.0072
18 155 5.170000 -1.9769, -1.1360, 1.0775, 0.9976, -0.0413, -0.0552, 0.0078
18 156 5.200000 -1.9552, -1.1486, 1.0724, 0.9976, -0.0434, -0.0526, 0.0077
18 157 5.240000 -1.9279, -1.1640, 1.0674, 0.9971, -0.0456, -0.0603, 0.0081
18 158 5.270000 -1.9089, -1.1745, 1.0649, 0.9962, -0.0475, -0.0724, 0.0087
18 159 5.300000 -1.8914, -1.1840, 1.0636, 0.9963, -0.0496, -0.0700, 0.0087
18 160 5.340000 -1.8703, -1.1952, 1.0635, 0.9954, -0.0529, -0.0796, 0.0092
18 161 5.370000 -1.8564, -1.2023, 1.0648, 0.9937, -0.0546, -0.0973, 0.0102
18 162 5.400000 -1.8444, -1.2084, 1.0672, 0.9937, -0.0559, -0.0967, 0.0103
18 163 5.440000 -1.8317, -1.2148, 1.0720, 0.9929, -0.0575, -0.1036, 0.0108
18 164 5.470000 -1.8246, -1.2183, 1.0767, 0.9917, -0.0582, -0.1139, 0.0116
18 165 5.500000 -1.8197, -1.2207, 1.0821, 0.9924, -0.0585, -0.1074, 0.0114
18 166 5.540000 -1.8163, -1.2222, 1.0898, 0.9927, -0.0589, -0.1045, 0.0116
18 167 5.570000 -1.8161, -1.2221, 1.0955, 0.9924, -0.0591, -0.1069, 0.0119
18 168 5.600000 -1.8178, -1.2210, 1.1011, 0.9936, -0.0596, -0.0949, 0.0113
18 169 5.640000 -1.8227, -1.2179, 1.1085, 0.9944, -0.0600, -0.0864, 0.0110
18 170 5.670000 -1.8283, -1.2144, 1.1140, 0.9944, -0.0602, -0.0862, 0.0110
18 171 5.700000 -1.8354, -1.2097, 1.1196, 0.9955, -0.0607, -0.0716, 0.0102
18 172 5.740000 -1.8470, -1.2019, 1.1273, 0.9962, -0.0609, -0.0618, 0.0096
18 173 5.770000 -1.8572, -1.1947, 1.1334, 0.9963, -0.0607, -0.0604, 0.0096
18 174 5.800000 -1.8684, -1.1864, 1.1398, 0.9971, -0.0603, -0.0466, 0.0087
18 175 5.840000 -1.8848, -1.1736, 1.1490, 0.9976, -0.0597, -0.0352, 0.0080
18 176 5.870000 -1.8980, -1.1626, 1.1565, 0.9976, -0.0589, -0.0355, 0.0078
18 177 5.900000 -1.9118, -1.1506, 1.1647, 0.9981, -0.0584, -0.0198, 0.0067
18 178 5.940000 -1.9309, -1.1328, 1.1765, 0.9983, -0.0565, -0.0113, 0.0059
18 179 5.970000 -1.9456, -1.1182, 1.1861, 0.9984, -0.0552, -0.0113, 0.0056
18 180 6.000000 -1.9604, -1.1026, 1.1960, 0.9985, -0.0537, 0.0010, 0.0046
18 181 6.040000 -1.9803, -1.0804, 1.2087, 0.9986, -0.0523, 0.0089, 0.0038
18 182 6.070000 -1.9951, -1.0627, 1.2175, 0.9987, -0.0498, 0.0140, 0.0032
18 183 6.100000 -2.0096, -1.0443, 1.2255, 0.9986, -0.0465, 0.0262, 0.0021
18 184 6.140000 -2.0284, -1.0185, 1.2351, 0.9985, -0.0405, 0.0371, 0.0012
18 185 6.170000 -2.0418, -0.9984, 1.2415, 0.9987, -0.0364, 0.0348, 0.0007
18 186 6.200000 -2.0546, -0.9776, 1.2474, 0.9982, -0.0323, 0.0508, -0.0001
18 187 6.240000 -2.0705, -0.9491, 1.2545, 0.9981, -0.0265, 0.0554, -0.0013
18 188 6.270000 -2.0813, -0.9271, 1.2593, 0.9982, -0.0209, 0.0568, -0.0016
18 189 6.300000 -2.0911, -0.9049, 1.2638, 0.9977, -0.0149, 0.0657, -0.0029
18 190 6.340000 -2.1025, -0.8748, 1.2693, 0.9975, -0.0055, 0.0708, -0.0037
18 191 6.370000 -2.1098, -0.8521, 1.2731, 0.9978, 0.0013, 0.0656, -0.0046
18 192 6.400000 -2.1158, -0.8295, 1.2767, 0.9971, 0.0084, 0.0757, -0.0052
18 193 6.440000 -2.1219, -0.7995, 1.2812, 0.9967, 0.0178, 0.0787, -0.0064
18 194 6.470000 -2.1249, -0.7774, 1.2841, 0.9969, 0.0258, 0.0734, -0.0072
18 195 6.500000 -2.1267, -0.7557, 1.2864, 0.9961, 0.0342, 0.0808, -0.0081
18 196 6.540000 -2.1273, -0.7277, 1.2877, 0.9955, 0.0464, 0.0820, -0.0093
18 197 6.570000 -2.1263, -0.7074, 1.2870, 0.9957, 0.0536, 0.0748, -0.0104
18 198 6.600000 -2.1242, -0.6880, 1.2847, 0.9949, 0.0604, 0.0799, -0.0109
18 199 6.640000 -2.1196, -0.6634, 1.2791, 0.9947, 0.0671, 0.0767, -0.0118
18 200 6.670000 -2.1150, -0.6462, 1.2731, 0.9948, 0.0721, 0.0708, -0.0131
18 201 6.700000 -2.1092, -0.6300, 1.2655, 0.9943, 0.0762, 0.0736, -0.0133
18 202 6.740000 -2.1000, -0.6101, 1.2527, 0.9941, 0.0806, 0.0718, -0.0144
18 203 6.770000 -2.0919, -0.5966, 1.2410, 0.9943, 0.0827, 0.0649, -0.0153
18 204 6.800000 -2.0830, -0.5843, 1.2273, 0.9940, 0.0844, 0.0682, -0.0157
18 205 6.840000 -2.0696, -0.5696, 1.2056, 0.9941, 0.0852, 0.0647, -0.0166
18 206 6.870000 -2.0587, -0.5598, 1.1863, 0.9946, 0.0847, 0.0569, -0.0177
18 207 6.900000 -2.0471, -0.5511, 1.1641, 0.9947, 0.0838, 0.0570, -0.0182
18 208 6.940000 -2.0307, -0.5411, 1.1300, 0.9952, 0.0814, 0.0502, -0.0195
18 209 6.970000 -2.0177, -0.5348, 1.1012, 0.9958, 0.0787, 0.0411, -0.0208
18 210 7.000000 -2.0041, -0.5296, 1.0709, 0.9962, 0.0750, 0.0390, -0.0214
18 211 7.040000 -1.9848, -0.5251, 1.0324, 0.9966, 0.0716, 0.0326, -0.0227
18 212 7.070000 -1.9696, -0.5238, 1.0073, 0.9972, 0.0685, 0.0198, -0.0243
18 213 7.100000 -1.9537, -0.5242, 0.9858, 0.9971, 0.0655, 0.0314, -0.0240
18 214 7.140000 -1.9316, -0.5273, 0.9626, 0.9974, 0.0611, 0.0300, -0.0245
18 215 7.170000 -1.9144, -0.5314, 0.9491, 0.9979, 0.0570, 0.0184, -0.0254
18 216 7.200000 -1.8966, -0.5369, 0.9387, 0.9980, 0.0537, 0.0224, -0.0254
18 217 7.240000 -1.8724, -0.5462, 0.9295, 0.9984, 0.0492, 0.0136, -0.0261
18 218 7.270000 -1.8540, -0.5545, 0.9261, 0.9986, 0.0462, -0.0045, -0.0272
18 219 7.300000 -1.8356, -0.5640, 0.9257, 0.9987, 0.0436, -0.0048, -0.0274
18 220 7.340000 -1.8114, -0.5782, 0.9299, 0.9986, 0.0404, -0.0183, -0.0282
18 221 7.370000 -1.7940, -0.5900, 0.9367, 0.9982, 0.0383, -0.0366, -0.0291
18 222 7.400000 -1.7773, -0.6026, 0.9469, 0.9981, 0.0374, -0.0385, -0.0293
18 223 7.440000 -1.7568, -0.6209, 0.9657, 0.9975, 0.0368, -0.0518, -0.0299
18 224 7.470000 -1.7431, -0.6356, 0.9833, 0.9964, 0.0365, -0.0705, -0.0305
18 225 7.500000 -1.7307, -0.6510, 1.0028, 0.9967, 0.0379, -0.0650, -0.0303
18 226 7.540000 -1.7161, -0.6725, 1.0279, 0.9956, 0.0387, -0.0803, -0.0306
18 227 7.570000 -1.7064, -0.6892, 1.0440, 0.9938, 0.0390, -0.0992, -0.0308
18 228 7.600000 -1.6979, -0.7063, 1.0574, 0.9929, 0.0390, -0.1085, -0.0308
18 229 7.640000 -1.6888, -0.7299, 1.0711, 0.9909, 0.0385, -0.1255, -0.0307
18 230 7.670000 -1.6839, -0.7480, 1.0784, 0.9891, 0.0377, -0.1392, -0.0306
18 231 7.700000 -1.6808, -0.7667, 1.0834, 0.9887, 0.0367, -0.1422, -0.0301
18 232 7.740000 -1.6798, -0.7921, 1.0864, 0.9879, 0.0349, -0.1479, -0.0294
18 233 7.770000 -1.6813, -0.8118, 1.0859, 0.9869, 0.0332, -0.1551, -0.0288
18 234 7.800000 -1.6850, -0.8317, 1.0830, 0.9878, 0.0312, -0.1500, -0.0278
18 235 7.840000 -1.6929, -0.8589, 1.0753, 0.9884, 0.0277, -0.1470, -0.0266
18 236 7.870000 -1.7011, -0.8797, 1.0663, 0.9885, 0.0248, -0.1472, -0.0257
18 237 7.900000 -1.7111, -0.9007, 1.0544, 0.9901, 0.0214, -0.1364, -0.0244
18 238 7.940000 -1.7269, -0.9290, 1.0338, 0.9918, 0.0165, -0.1249, -0.0226
18 239 7.970000 -1.7406, -0.9505, 1.0150, 0.9928, 0.0125, -0.1175, -0.0212
18 240 8.000000 -1.7560, -0.9721, 0.9944, 0.9947, 0.0080, -0.1008, -0.0195
18 241 8.040000 -1.7794, -1.0010, 0.9677, 0.9964, 0.0028, -0.0834, -0.0171
18 242 8.070000 -1.7993, -1.0228, 0.9502, 0.9969, 0.0005, -0.0777, -0.0151
18 243 8.100000 -1.8209, -1.0445, 0.9355, 0.9983, -0.0018, -0.0568, -0.0133
18 244 8.140000 -1.8519, -1.0734, 0.9200, 0.9988, -0.0085, -0.0461, -0.0112
18 245 8.170000 -1.8765, -1.0948, 0.9114, 0.9989, -0.0135, -0.0436, -0.0099
18 246 8.200000 -1.9020, -1.1159, 0.9053, 0.9995, -0.0191, -0.0256, -0.0087
18 247 8.240000 -1.9370, -1.1433, 0.9009, 0.9996, -0.0262, -0.0077, -0.0076
18 248 8.270000 -1.9636, -1.1633, 0.9003, 0.9995, -0.0318, -0.0051, -0.0064
18 249 8.300000 -1.9902, -1.1825, 0.9021, 0.9992, -0.0367, 0.0174, -0.0061
18 250 8.340000 -2.0252, -1.2068, 0.9084, 0.9985, -0.0443, 0.0331, -0.0053
18 251 8.370000 -2.0507, -1.2238, 0.9161, 0.9981, -0.0497, 0.0374, -0.0048
18 252 8.400000 -2.0753, -1.2397, 0.9266, 0.9969, -0.0548, 0.0561, -0.0049
18 253 8.440000 -2.1060, -1.2590, 0.9448, 0.9958, -0.0609, 0.0687, -0.0049
18 254 8.470000 -2.1274, -1.2718, 0.9613, 0.9957, -0.0651, 0.0659, -0.0043
18 255 8.500000 -2.1474, -1.2833, 0.9793, 0.9945, -0.0685, 0.0790, -0.0049
18 256 8.540000 -2.1721, -1.2969, 1.0017, 0.9935, -0.0723, 0.0877, -0.0052
18 257 8.570000 -2.1894, -1.3061, 1.0155, 0.9927, -0.0742, 0.0947, -0.0055
18 258 8.600000 -2.2055, -1.3144, 1.0262, 0.9909, -0.0755, 0.1109, -0.0064
18 259 8.640000 -2.2249, -1.3240, 1.0359, 0.9891, -0.0763, 0.1256, -0.0072
18 260 8.670000 -2.2377, -1.3302, 1.0400, 0.9884, -0.0761, 0.1311, -0.0074
18 261 8.700000 -2.2488, -1.3354, 1.0413, 0.9867, -0.0752, 0.1440, -0.0083
18 262 8.740000 -2.2608, -1.3408, 1.0391, 0.9854, -0.0730, 0.1534, -0.0090
18 263 8.770000 -2.2674, -1.3438, 1.0344, 0.9855, -0.0705, 0.1541, -0.0092
18 264 8.800000 -2.2721, -1.3459, 1.0270, 0.9843, -0.0673, 0.1627, -0.0101
18 265 8.840000 -2.2751, -1.3474, 1.0127, 0.9841, -0.0619, 0.1659, -0.0109
18 266 8.870000 -2.2751, -1.3477, 0.9984, 0.9849, -0.0571, 0.1631, -0.0113
18 267 8.900000 -2.2731, -1.3473, 0.9808, 0.9844, -0.0517, 0.1676, -0.0122
18 268 8.940000 -2.2676, -1.3460, 0.9519, 0.9849, -0.0436, 0.1673, -0.0132
18 269 8.970000 -2.2613, -1.3444, 0.9263, 0.9859, -0.0369, 0.1624, -0.0138
18 270 9.000000 -2.2528, -1.3424, 0.8981, 0.9859, -0.0293, 0.1642, -0.0149
18 271 9.040000 -2.2371, -1.3390, 0.8599, 0.9865, -0.0210, 0.1615, -0.0153
18 272 9.070000 -2.2215, -1.3360, 0.8324, 0.9883, -0.0158, 0.1508, -0.0154
18 273 9.100000 -2.2027, -1.3327, 0.8061, 0.9877, -0.0101, 0.1549, -0.0157
18 274 9.140000 -2.1728, -1.3281, 0.7727, 0.9881, -0.0007, 0.1531, -0.0164
18 275 9.170000 -2.1469, -1.3246, 0.7485, 0.9896, 0.0060, 0.1426, -0.0169
18 276 9.200000 -2.1182, -1.3214, 0.7248, 0.9890, 0.0124, 0.1464, -0.0172
18 277 9.240000 -2.0757, -1.3174, 0.6938, 0.9901, 0.0196, 0.1376, -0.0178
18 278 9.270000 -2.0410, -1.3149, 0.6706, 0.9919, 0.0246, 0.1232, -0.0182
18 279 9.300000 -2.0041, -1.3129, 0.6473, 0.9919, 0.0293, 0.1224, -0.0183
18 280 9.340000 -1.9516, -1.3110, 0.6158, 0.9931, 0.0343, 0.1111, -0.0185
18 281 9.370000 -1.9100, -1.3103, 0.5915, 0.9944, 0.0373, 0.0969, -0.0188
18 282 9.400000 -1.8669, -1.3103, 0.5664, 0.9948, 0.0395, 0.0925, -0.0186
18 283 9.440000 -1.8073, -1.3112, 0.5313, 0.9960, 0.0410, 0.0776, -0.0186
18 284 9.470000 -1.7611, -1.3127, 0.5037, 0.9972, 0.0416, 0.0593, -0.0188
18 285 9.500000 -1.7140, -1.3149, 0.4753, 0.9977, 0.0410, 0.0500, -0.0185
18 286 9.540000 -1.6499, -1.3190, 0.4384, 0.9984, 0.0399, 0.0368, -0.0180
18 287 9.570000 -1.6009, -1.3231, 0.4124, 0.9988, 0.0392, 0.0220, -0.0179
18 288 9.600000 -1.5515, -1.3280, 0.3880, 0.9989, 0.0380, 0.0222, -0.0170
18 289 9.640000 -1.4850, -1.3358, 0.3576, 0.9991, 0.0368, 0.0139, -0.0162
18 290 9.670000 -1.4349, -1.3424, 0.3361, 0.9992, 0.0354, -0.0001, -0.0158
18 291 9.700000 -1.3847, -1.3498, 0.3157, 0.9993, 0.0340, -0.0013, -0.0148
18 292 9.740000 -1.3180, -1.3607, 0.2896, 0.9994, 0.0317, -0.0088, -0.0137
18 293 9.770000 -1.2682, -1.3695, 0.2707, 0.9992, 0.0305, -0.0226, -0.0129
18 294 9.800000 -1.2187, -1.3789, 0.2521, 0.9993, 0.0290, -0.0193, -0.0118
18 295 9.840000 -1.1535, -1.3922, 0.2276, 0.9992, 0.0273, -0.0285, -0.0101
18 296 9.870000 -1.1052, -1.4028, 0.2090, 0.9989, 0.0257, -0.0388, -0.0092
18 297 9.900000 -1.0575, -1.4138, 0.1901, 0.9990, 0.0236, -0.0377, -0.0076
18 298 9.940000 -0.9950, -1.4290, 0.1639, 0.9988, 0.0208, -0.0442, -0.0058
18 299 9.970000 -0.9490, -1.4408, 0.1436, 0.9983, 0.0189, -0.0547, -0.0043
18 300 10.000000 -0.9039, -1.4530, 0.1232, 0.9984, 0.0163, -0.0534, -0.0026
18 301 10.040000 -0.8455, -1.4697, 0.0979, 0.9983, 0.0135, -0.0575, -0.0001
18 302 10.070000 -0.8034, -1.4826, 0.0814, 0.9974, 0.0118, -0.0710, 0.0012
18 303 10.100000 -0.7627, -1.4958, 0.0672, 0.9976, 0.0099, -0.0682, 0.0030
18 304 10.140000 -0.7109, -1.5137, 0.0516, 0.9973, 0.0075, -0.0725, 0.0046
18 305 10.170000 -0.6740, -1.5273, 0.0422, 0.9966, 0.0061, -0.0817, 0.0060
18 306 10.200000 -0.6388, -1.5411, 0.0345, 0.9972, 0.0045, -0.0743, 0.0072
18 307 10.240000 -0.5944, -1.5597, 0.0271, 0.9973, 0.0026, -0.0725, 0.0087
18 308 10.270000 -0.5630, -1.5737, 0.0234, 0.9969, 0.0013, -0.0784, 0.0098
18 309 10.300000 -0.5331, -1.5877, 0.0213, 0.9977, -0.0006, -0.0670, 0.0107
18 310 10.340000 -0.4957, -1.6065, 0.0211, 0.9981, -0.0033, -0.0607, 0.0118
18 311 10.370000 -0.4691, -1.6205, 0.0228, 0.9979, -0.0053, -0.0635, 0.0126
18 312 10.400000 -0.4439, -1.6344, 0.0263, 0.9987, -0.0079, -0.0491, 0.0133
18 313 10.440000 -0.4120, -1.6527, 0.0336, 0.9989, -0.0116, -0.0427, 0.0141
18 314 10.470000 -0.3892, -1.6661, 0.0411, 0.9987, -0.0148, -0.0460, 0.0148
18 315 10.500000 -0.3674, -1.6793, 0.0498, 0.9991, -0.0190, -0.0354, 0.0153
18 316 10.540000 -0.3393, -1.6964, 0.0616, 0.9991, -0.0241, -0.0295, 0.0158
18 317 10.570000 -0.3189, -1.7087, 0.0700, 0.9990, -0.0280, -0.0297, 0.0162
18 318 10.600000 -0.2989, -1.7206, 0.0777, 0.9992, -0.0320, -0.0180, 0.0163
18 319 10.640000 -0.2728, -1.7356, 0.0872, 0.9991, -0.0373, -0.0092, 0.0165
18 320 10.670000 -0.2536, -1.7461, 0.0937, 0.9990, -0.0407, -0.0098, 0.0168
18 321 10.700000 -0.2344, -1.7560, 0.0999, 0.9989, -0.0441, 0.0020, 0.0165
18 322 10.740000 -0.2089, -1.7680, 0.1077, 0.9987, -0.0477, 0.0095, 0.0164
18 323 10.770000 -0.1897, -1.7760, 0.1132, 0.9985, -0.0506, 0.0086, 0.0167
18 324 10.800000 -0.1703, -1.7832, 0.1184, 0.9983, -0.0534, 0.0176, 0.0162
18 325 10.840000 -0.1441, -1.7913, 0.1251, 0.9980, -0.0569, 0.0209, 0.0161
18 326 10.870000 -0.1241, -1.7962, 0.1299, 0.9980, -0.0593, 0.0159, 0.0162
18 327 10.900000 -0.1038, -1.8001, 0.1344, 0.9977, -0.0616, 0.0228, 0.0156
18 328 10.940000 -0.0762, -1.8036, 0.1401, 0.9976, -0.0641, 0.0215, 0.0153
18 329 10.970000 -0.0551, -1.8049, 0.1442, 0.9976, -0.0659, 0.0124, 0.0155
18 330 11.000000 -0.0338, -1.8051, 0.1486, 0.9975, -0.0674, 0.0142, 0.0148
18 331 11.040000 -0.0051, -1.8032, 0.1558, 0.9975, -0.0692, 0.0074, 0.0145
18 332 11.070000 0.0165, -1.8001, 0.1631, 0.9974, -0.0701, -0.0044, 0.0148
18 333 11.100000 0.0380, -1.7955, 0.1720, 0.9974, -0.0707, -0.0010, 0.0139
18 334 11.140000 0.0666, -1.7870, 0.1867, 0.9974, -0.0709, -0.0082, 0.0137
18 335 11.170000 0.0877, -1.7788, 0.1999, 0.9971, -0.0706, -0.0232, 0.0141
18 336 11.200000 0.1083, -1.7692, 0.2152, 0.9972, -0.0698, -0.0217, 0.0135
18 337 11.240000 0.1349, -1.7539, 0.2390, 0.9971, -0.0679, -0.0320, 0.0135
18 338 11.270000 0.1539, -1.7406, 0.2595, 0.9965, -0.0657, -0.0502, 0.0143
18 339 11.300000 0.1718, -1.7259, 0.2827, 0.9966, -0.0630, -0.0507, 0.0139
18 340 11.340000 0.1936, -1.7039, 0.3179, 0.9965, -0.0580, -0.0584, 0.0142
18 341 11.370000 0.2082, -1.6859, 0.3480, 0.9959, -0.0534, -0.0719, 0.0149
18 342 11.400000 0.2211, -1.6664, 0.3817, 0.9967, -0.0485, -0.0638, 0.0145
18 343 11.440000 0.2355, -1.6387, 0.4328, 0.9969, -0.0405, -0.0651, 0.0147
18 344 11.470000 0.2442, -1.6167, 0.4757, 0.9963, -0.0329, -0.0780, 0.0156
18 345 11.500000 0.2512, -1.5939, 0.5211, 0.9969, -0.0242, -0.0727, 0.0157
18 346 11.540000 0.2584, -1.5630, 0.5811, 0.9968, -0.0113, -0.0771, 0.0167
18 347 11.570000 0.2627, -1.5396, 0.6232, 0.9970, -0.0020, -0.0755, 0.0175
18 348 11.600000 0.2660, -1.5162, 0.6626, 0.9977, 0.0067, -0.0649, 0.0178
18 349 11.640000 0.2691, -1.4852, 0.7116, 0.9980, 0.0176, -0.0573, 0.0184
18 350 11.670000 0.2704, -1.4622, 0.7462, 0.9978, 0.0250, -0.0579, 0.0186
18 351 11.700000 0.2709, -1.4396, 0.7793, 0.9981, 0.0316, -0.0485, 0.0189
18 352 11.740000 0.2704, -1.4103, 0.8219, 0.9981, 0.0393, -0.0431, 0.0192
18 353 11.770000 0.2691, -1.3891, 0.8529, 0.9978, 0.0447, -0.0450, 0.0191
18 354 11.800000 0.2671, -1.3686, 0.8835, 0.9980, 0.0494, -0.0349, 0.0195
18 355 11.840000 0.2634, -1.3427, 0.9242, 0.9978, 0.0552, -0.0305, 0.0197
18 356 11.870000 0.2600, -1.3244, 0.9549, 0.9975, 0.0586, -0.0352, 0.0194
18 357 11.900000 0.2560, -1.3073, 0.9863, 0.9976, 0.0610, -0.0275, 0.0198
18 358 11.940000 0.2497, -1.2863, 1.0294, 0.9975, 0.0627, -0.0275, 0.0199
18 359 11.970000 0.2443, -1.2721, 1.0630, 0.9972, 0.0630, -0.0361, 0.0193
18 360 12.000000 0.2383, -1.2590, 1.0971, 0.9975, 0.0617, -0.0272, 0.0199
18 361 12.040000 0.2296, -1.2431, 1.1413, 0.9976, 0.0590, -0.0286, 0.0200
18 362 12.070000 0.2225, -1.2322, 1.1725, 0.9974, 0.0572, -0.0386, 0.0197
18 363 12.100000 0.2149, -1.2222, 1.2019, 0.9975, 0.0547, -0.0394, 0.0198
18 364 12.140000 0.2039, -1.2100, 1.2388, 0.9973, 0.0512, -0.0484, 0.0197
18 365 12.170000 0.1948, -1.2019, 1.2652, 0.9969, 0.0483, -0.0591, 0.0193
18 366 12.200000 0.1847, -1.1945, 1.2907, 0.9971, 0.0447, -0.0585, 0.0196
18 367 12.240000 0.1697, -1.1859, 1.3237, 0.9971, 0.0396, -0.0628, 0.0196
18 368 12.270000 0.1572, -1.1802, 1.3481, 0.9965, 0.0353, -0.0728, 0.0194
18 369 12.300000 0.1435, -1.1752, 1.3723, 0.9970, 0.0302, -0.0680, 0.0197
18 370 12.340000 0.1233, -1.1694, 1.4046, 0.9972, 0.0222, -0.0692, 0.0198
18 371 12.370000 0.1065, -1.1655, 1.4293, 0.9968, 0.0162, -0.0763, 0.0197
18 372 12.400000 0.0884, -1.1620, 1.4545, 0.9974, 0.0093, -0.0683, 0.0198
18 373 12.440000 0.0621, -1.1577, 1.4893, 0.9974, 0.0004, -0.0688, 0.0201
18 374 12.470000 0.0407, -1.1545, 1.5163, 0.9970, -0.0069, -0.0749, 0.0201
18 375 12.500000 0.0180, -1.1512, 1.5437, 0.9973, -0.0150, -0.0694, 0.0204
18 376 12.540000 -0.0140, -1.1464, 1.5789, 0.9972, -0.0249, -0.0676, 0.0204
18 377 12.570000 -0.0393, -1.1425, 1.6035, 0.9970, -0.0315, -0.0683, 0.0204
18 378 12.600000 -0.0656, -1.1381, 1.6265, 0.9974, -0.0376, -0.0576, 0.0202
18 379 12.640000 -0.1020, -1.1314, 1.6552, 0.9975, -0.0444, -0.0505, 0.0199
18 380 12.670000 -0.1304, -1.1256, 1.6758, 0.9973, -0.0482, -0.0511, 0.0199
18 381 12.700000 -0.1596, -1.1189, 1.6957, 0.9977, -0.0514, -0.0404, 0.0193
18 382 12.740000 -0.1996, -1.1088, 1.7216, 0.9978, -0.0536, -0.0337, 0.0188
18 383 12.770000 -0.2305, -1.1001, 1.7408, 0.9977, -0.0539, -0.0365, 0.0188
18 384 12.800000 -0.2619, -1.0905, 1.7601, 0.9981, -0.0533, -0.0257, 0.0180
18 385 12.840000 -0.3047, -1.0762, 1.7862, 0.9984, -0.0505, -0.0212, 0.0173
18 386 12.870000 -0.3373, -1.0643, 1.8062, 0.9985, -0.0471, -0.0243, 0.0170
18 387 12.900000 -0.3704, -1.0516, 1.8268, 0.9989, -0.0427, -0.0144, 0.0159
18 388 12.940000 -0.4150, -1.0334, 1.8555, 0.9992, -0.0358, -0.0114, 0.0149
18 389 12.970000 -0.4488, -1.0189, 1.8778, 0.9993, -0.0294, -0.0186, 0.0142
18 390 13.000000 -0.4829, -1.0039, 1.9004, 0.9996, -0.0219, -0.0127, 0.0130
18 391 13.040000 -0.5288, -0.9834, 1.9288, 0.9998, -0.0116, -0.0113, 0.0118
18 392 13.070000 -0.5634, -0.9678, 1.9480, 0.9999, -0.0039, -0.0112, 0.0108
18 393 13.100000 -0.5981, -0.9522, 1.9654, 0.9999, 0.0039, -0.0024, 0.0094
18 394 13.140000 -0.6446, -0.9314, 1.9861, 0.9999, 0.0135, 0.0032, 0.0077
18 395 13.170000 -0.6794, -0.9161, 2.0001, 0.9998, 0.0201, 0.0022, 0.0062
18 396 13.200000 -0.7142, -0.9011, 2.0131, 0.9996, 0.0266, 0.0124, 0.0047
18 397 13.240000 -0.7602, -0.8817, 2.0292, 0.9992, 0.0341, 0.0190, 0.0026
18 398 13.270000 -0.7945, -0.8678, 2.0405, 0.9991, 0.0385, 0.0179, 0.0006
18 399 13.300000 -0.8284, -0.8545, 2.0513, 0.9987, 0.0426, 0.0291, -0.0009
18 400 13.340000 -0.8730, -0.8380, 2.0649, 0.9982, 0.0466, 0.0369, -0.0034
18 401 13.370000 -0.9057, -0.8265, 2.0747, 0.9981, 0.0483, 0.0368, -0.0055
18 402 13.400000 -0.9378, -0.8158, 2.0841, 0.9974, 0.0503, 0.0502, -0.0071
18 403 13.440000 -0.9793, -0.8029, 2.0960, 0.9969, 0.0513, 0.0585, -0.0096
18 404 13.470000 -1.0094, -0.7942, 2.1044, 0.9969, 0.0507, 0.0596, -0.0119
18 405 13.500000 -1.0384, -0.7864, 2.1122, 0.9961, 0.0502, 0.0711, -0.0135
18 406 13.540000 -1.0754, -0.7772, 2.1213, 0.9954, 0.0480, 0.0819, -0.0160
18 407 13.570000 -1.1017, -0.7713, 2.1270, 0.9954, 0.0447, 0.0825, -0.0179
18 408 13.600000 -1.1267, -0.7661, 2.1315, 0.9942, 0.0416, 0.0978, -0.0193
18 409 13.640000 -1.1578, -0.7602, 2.1360, 0.9935, 0.0342, 0.1064, -0.0211
18 410 13.670000 -1.1791, -0.7564, 2.1381, 0.9933, 0.0280, 0.1100, -0.0228
18 411 13.700000 -1.1987, -0.7532, 2.1392, 0.9919, 0.0217, 0.1231, -0.0239
18 412 13.740000 -1.2219, -0.7494, 2.1390, 0.9907, 0.0130, 0.1329, -0.0258
18 413 13.770000 -1.2369, -0.7469, 2.1376, 0.9907, 0.0043, 0.1335, -0.0271
18 414 13.800000 -1.2497, -0.7446, 2.1350, 0.9892, -0.0039, 0.1441, -0.0281
18 415 13.840000 -1.2633, -0.7414, 2.1298, 0.9873, -0.0165, 0.1553, -0.0299
18 416 13.870000 -1.2707, -0.7388, 2.1244, 0.9873, -0.0266, 0.1538, -0.0309
18 417 13.900000 -1.2757, -0.7358, 2.1178, 0.9849, -0.0355, 0.1661, -0.0325
18 418 13.940000 -1.2783, -0.7312, 2.1070, 0.9833, -0.0488, 0.1720, -0.0341
18 419 13.970000 -1.2771, -0.7269, 2.0971, 0.9828, -0.0592, 0.1714, -0.0353
18 420 14.000000 -1.2734, -0.7219, 2.0853, 0.9800, -0.0684, 0.1829, -0.0371
18 421 14.040000 -1.2648, -0.7139, 2.0654, 0.9781, -0.0802, 0.1880, -0.0389
18 422 14.070000 -1.2556, -0.7070, 2.0469, 0.9778, -0.0874, 0.1864, -0.0396
18 423 14.100000 -1.2442, -0.6990, 2.0251, 0.9764, -0.0931, 0.1904, -0.0409
18 424 14.140000 -1.2255, -0.6869, 1.9907, 0.9762, -0.0988, 0.1885, -0.0419
18 425 14.170000 -1.2089, -0.6767, 1.9608, 0.9772, -0.1018, 0.1816, -0.0420
18 426 14.200000 -1.1903, -0.6654, 1.9271, 0.9770, -0.1029, 0.1816, -0.0428
18 427 14.240000 -1.1626, -0.6488, 1.8759, 0.9784, -0.1027, 0.1743, -0.0432
18 428 14.270000 -1.1399, -0.6354, 1.8321, 0.9803, -0.1010, 0.1643, -0.0430
18 429 14.300000 -1.1159, -0.6212, 1.7833, 0.9814, -0.0979, 0.1594, -0.0433
18 430 14.340000 -1.0823, -0.6015, 1.7090, 0.9839, -0.0922, 0.1468, -0.0430
18 431 14.370000 -1.0564, -0.5863, 1.6451, 0.9861, -0.0867, 0.1353, -0.0425
18 432 14.400000 -1.0304, -0.5709, 1.5730, 0.9879, -0.0806, 0.1253, -0.0421
18 433 14.440000 -0.9956, -0.5505, 1.4632, 0.9904, -0.0715, 0.1107, -0.0415
18 434 14.470000 -0.9695, -0.5352, 1.3705, 0.9921, -0.0642, 0.0997, -0.0410
18 435 14.500000 -0.9431, -0.5197, 1.2707, 0.9938, -0.0556, 0.0875, -0.0399
18 436 14.540000 -0.9052, -0.4974, 1.1393, 0.9958, -0.0440, 0.0707, -0.0385
18 437 14.570000 -0.8740, -0.4791, 1.0491, 0.9970, -0.0355, 0.0582, -0.0375
18 438 14.600000 -0.8407, -0.4597, 0.9673, 0.9979, -0.0275, 0.0462, -0.0365
18 439 14.640000 -0.7939, -0.4324, 0.8708, 0.9987, -0.0179, 0.0315, -0.0354
18 440 14.670000 -0.7575, -0.4113, 0.8072, 0.9991, -0.0115, 0.0217, -0.0346
18 441 14.700000 -0.7203, -0.3898, 0.7507, 0.9993, -0.0061, 0.0131, -0.0338
18 442 14.740000 -0.6702, -0.3609, 0.6858, 0.9995, -0.0001, 0.0035, -0.0330
18 443 14.770000 -0.6324, -0.3392, 0.6444, 0.9995, 0.0036, -0.0022, -0.0324
18 444 14.800000 -0.5947, -0.3176, 0.6091, 0.9994, 0.0063, -0.0068, -0.0319
18 445 14.840000 -0.5447, -0.2891, 0.5707, 0.9994, 0.0090, -0.0111, -0.0314
18 446 14.870000 -0.5076, -0.2680, 0.5483, 0.9994, 0.0103, -0.0133, -0.0310
18 447 14.900000 -0.4709, -0.2472, 0.5312, 0.9994, 0.0111, -0.0146, -0.0308
18 448 14.940000 -0.4226, -0.2199, 0.5164, 0.9993, 0.0115, -0.0154, -0.0305
18 449 14.970000 -0.3868, -0.1997, 0.5108, 0.9993, 0.0117, -0.0156, -0.0304
