34 0 0.010000 2.7052, 0.6968, 3.0246, 1.0000, 0.0000, 0.0000, 0.0000
34 1 0.040000 2.7052, 0.6968, 3.0173, 1.0000, 0.0000, 0.0000, 0.0000
34 2 0.070000 2.7052, 0.6968, 3.0013, 1.0000, 0.0000, 0.0000, 0.0000
34 3 0.110000 2.7052, 0.6967, 2.9683, 0.9997, 0.0225, 0.0133, -0.0006
34 4 0.140000 2.7055, 0.6963, 2.9428, 0.9988, 0.0422, 0.0236, -0.0011
34 5 0.170000 2.7064, 0.6947, 2.9214, 0.9980, 0.0558, 0.0290, -0.0014
34 6 0.200000 2.7081, 0.6916, 2.9052, 0.9972, 0.0673, 0.0318, -0.0017
34 7 0.240000 2.7117, 0.6845, 2.8918, 0.9967, 0.0759, 0.0300, -0.0018
34 8 0.270000 2.7153, 0.6768, 2.8869, 0.9967, 0.0772, 0.0247, -0.0018
34 9 0.310000 2.7212, 0.6636, 2.8861, 0.9971, 0.0750, 0.0131, -0.0020
34 10 0.340000 2.7260, 0.6514, 2.8890, 0.9970, 0.0776, 0.0062, -0.0016
34 11 0.370000 2.7309, 0.6376, 2.8945, 0.9974, 0.0712, -0.0071, -0.0016
34 12 0.400000 2.7356, 0.6221, 2.9024, 0.9973, 0.0711, -0.0177, -0.0012
34 13 0.440000 2.7413, 0.5991, 2.9162, 0.9971, 0.0680, -0.0335, -0.0003
34 14 0.470000 2.7448, 0.5802, 2.9285, 0.9970, 0.0617, -0.0477, 0.0003
34 15 0.500000 2.7474, 0.5599, 2.9421, 0.9963, 0.0665, -0.0553, 0.0021
34 16 0.540000 2.7491, 0.5311, 2.9605, 0.9955, 0.0660, -0.0684, 0.0034
34 17 0.570000 2.7491, 0.5082, 2.9741, 0.9949, 0.0614, -0.0795, 0.0041
34 18 0.610000 2.7469, 0.4759, 2.9916, 0.9941, 0.0611, -0.0890, 0.0053
34 19 0.640000 2.7435, 0.4504, 3.0045, 0.9936, 0.0644, -0.0926, 0.0066
34 20 0.670000 2.7384, 0.4238, 3.0177, 0.9932, 0.0592, -0.1001, 0.0068
34 21 0.700000 2.7314, 0.3960, 3.0315, 0.9929, 0.0625, -0.1008, 0.0080
34 22 0.740000 2.7189, 0.3569, 3.0512, 0.9928, 0.0616, -0.1026, 0.0089
34 23 0.770000 2.7070, 0.3262, 3.0674, 0.9928, 0.0556, -0.1055, 0.0090
34 24 0.800000 2.6930, 0.2943, 3.0852, 0.9931, 0.0590, -0.1012, 0.0102
34 25 0.840000 2.6709, 0.2497, 3.1116, 0.9936, 0.0568, -0.0970, 0.0111
34 26 0.870000 2.6518, 0.2148, 3.1337, 0.9942, 0.0492, -0.0951, 0.0110
34 27 0.900000 2.6306, 0.1788, 3.1578, 0.9948, 0.0520, -0.0873, 0.0122
34 28 0.940000 2.5994, 0.1291, 3.1928, 0.9956, 0.0469, -0.0796, 0.0127
34 29 0.970000 2.5741, 0.0908, 3.2206, 0.9967, 0.0331, -0.0734, 0.0124
34 30 1.000000 2.5474, 0.0517, 3.2490, 0.9971, 0.0342, -0.0665, 0.0134
34 31 1.040000 2.5101, -0.0012, 3.2853, 0.9978, 0.0277, -0.0592, 0.0137
34 32 1.070000 2.4812, -0.0412, 3.3103, 0.9985, 0.0103, -0.0524, 0.0135
34 33 1.110000 2.4416, -0.0950, 3.3401, 0.9990, 0.0027, -0.0429, 0.0135
34 34 1.140000 2.4112, -0.1353, 3.3598, 0.9992, -0.0030, -0.0361, 0.0138
34 35 1.170000 2.3803, -0.1757, 3.3774, 0.9994, -0.0114, -0.0293, 0.0134
34 36 1.210000 2.3385, -0.2292, 3.3980, 0.9995, -0.0219, -0.0197, 0.0135
34 37 1.240000 2.3069, -0.2691, 3.4115, 0.9997, -0.0189, -0.0122, 0.0134
34 38 1.270000 2.2750, -0.3086, 3.4236, 0.9994, -0.0305, -0.0049, 0.0133
34 39 1.310000 2.2324, -0.3607, 3.4377, 0.9993, -0.0362, 0.0034, 0.0131
34 40 1.340000 2.2004, -0.3992, 3.4469, 0.9993, -0.0342, 0.0095, 0.0131
34 41 1.370000 2.1686, -0.4370, 3.4551, 0.9988, -0.0441, 0.0155, 0.0131
34 42 1.410000 2.1266, -0.4866, 3.4646, 0.9986, -0.0453, 0.0235, 0.0130
34 43 1.440000 2.0956, -0.5229, 3.4705, 0.9985, -0.0442, 0.0286, 0.0130
34 44 1.470000 2.0649, -0.5585, 3.4753, 0.9981, -0.0501, 0.0328, 0.0131
34 45 1.510000 2.0248, -0.6049, 3.4795, 0.9978, -0.0523, 0.0377, 0.0133
34 46 1.540000 1.9952, -0.6388, 3.4804, 0.9978, -0.0493, 0.0413, 0.0132
34 47 1.570000 1.9663, -0.6721, 3.4789, 0.9973, -0.0575, 0.0444, 0.0136
34 48 1.610000 1.9285, -0.7154, 3.4731, 0.9968, -0.0623, 0.0481, 0.0140
34 49 1.640000 1.9009, -0.7469, 3.4658, 0.9967, -0.0617, 0.0505, 0.0141
34 50 1.670000 1.8738, -0.7777, 3.4559, 0.9961, -0.0701, 0.0524, 0.0147
34 51 1.710000 1.8388, -0.8173, 3.4383, 0.9955, -0.0756, 0.0543, 0.0153
34 52 1.740000 1.8133, -0.8461, 3.4216, 0.9955, -0.0757, 0.0554, 0.0157
34 53 1.770000 1.7883, -0.8740, 3.4015, 0.9948, -0.0831, 0.0560, 0.0165
34 54 1.810000 1.7559, -0.9098, 3.3690, 0.9944, -0.0871, 0.0566, 0.0174
34 55 1.840000 1.7322, -0.9357, 3.3398, 0.9945, -0.0864, 0.0568, 0.0179
34 56 1.870000 1.7090, -0.9609, 3.3060, 0.9940, -0.0914, 0.0568, 0.0189
34 57 1.910000 1.6788, -0.9933, 3.2536, 0.9938, -0.0934, 0.0566, 0.0200
34 58 1.940000 1.6567, -1.0166, 3.2089, 0.9939, -0.0922, 0.0563, 0.0208
34 59 1.970000 1.6352, -1.0389, 3.1605, 0.9936, -0.0956, 0.0559, 0.0219
34 60 2.010000 1.6077, -1.0666, 3.0935, 0.9936, -0.0960, 0.0549, 0.0233
34 61 2.040000 1.5884, -1.0849, 3.0454, 0.9940, -0.0913, 0.0544, 0.0241
34 62 2.070000 1.5705, -1.1006, 3.0016, 0.9936, -0.0973, 0.0508, 0.0256
34 63 2.110000 1.5488, -1.1175, 2.9510, 0.9937, -0.0986, 0.0450, 0.0274
34 64 2.140000 1.5340, -1.1270, 2.9190, 0.9950, -0.0841, 0.0455, 0.0274
34 65 2.170000 1.5204, -1.1340, 2.8918, 0.9937, -0.0981, 0.0445, 0.0294
34 66 2.210000 1.5041, -1.1393, 2.8627, 0.9935, -0.0997, 0.0451, 0.0310
34 67 2.240000 1.4932, -1.1403, 2.8457, 0.9946, -0.0876, 0.0453, 0.0317
34 68 2.270000 1.4834, -1.1389, 2.8328, 0.9944, -0.0892, 0.0453, 0.0329
34 69 2.310000 1.4721, -1.1336, 2.8216, 0.9953, -0.0781, 0.0464, 0.0340
34 70 2.340000 1.4649, -1.1274, 2.8176, 0.9968, -0.0537, 0.0496, 0.0338
34 71 2.370000 1.4589, -1.1196, 2.8174, 0.9967, -0.0521, 0.0506, 0.0350
34 72 2.410000 1.4528, -1.1075, 2.8227, 0.9975, -0.0309, 0.0532, 0.0353
34 73 2.440000 1.4497, -1.0974, 2.8305, 0.9978, -0.0109, 0.0552, 0.0354
34 74 2.470000 1.4479, -1.0870, 2.8407, 0.9977, -0.0064, 0.0566, 0.0364
34 75 2.510000 1.4472, -1.0731, 2.8559, 0.9974, 0.0111, 0.0605, 0.0372
34 76 2.540000 1.4477, -1.0628, 2.8659, 0.9967, 0.0339, 0.0634, 0.0372
34 77 2.570000 1.4491, -1.0529, 2.8732, 0.9962, 0.0451, 0.0642, 0.0377
34 78 2.610000 1.4521, -1.0405, 2.8782, 0.9951, 0.0649, 0.0645, 0.0379
34 79 2.640000 1.4553, -1.0320, 2.8784, 0.9939, 0.0816, 0.0643, 0.0377
34 80 2.670000 1.4593, -1.0245, 2.8756, 0.9934, 0.0886, 0.0630, 0.0379
34 81 2.710000 1.4658, -1.0161, 2.8672, 0.9924, 0.0999, 0.0604, 0.0378
34 82 2.740000 1.4716, -1.0111, 2.8574, 0.9915, 0.1104, 0.0580, 0.0374
34 83 2.770000 1.4781, -1.0074, 2.8444, 0.9917, 0.1105, 0.0545, 0.0374
34 84 2.800000 1.4852, -1.0049, 2.8281, 0.9911, 0.1169, 0.0510, 0.0368
34 85 2.840000 1.4957, -1.0035, 2.8006, 0.9914, 0.1170, 0.0453, 0.0363
34 86 2.870000 1.5041, -1.0037, 2.7753, 0.9922, 0.1120, 0.0406, 0.0359
34 87 2.900000 1.5129, -1.0049, 2.7455, 0.9925, 0.1116, 0.0358, 0.0352
34 88 2.940000 1.5252, -1.0080, 2.6989, 0.9936, 0.1041, 0.0289, 0.0343
34 89 2.970000 1.5348, -1.0115, 2.6592, 0.9948, 0.0935, 0.0232, 0.0337
34 90 3.000000 1.5447, -1.0161, 2.6167, 0.9955, 0.0869, 0.0179, 0.0328
34 91 3.040000 1.5585, -1.0245, 2.5597, 0.9967, 0.0733, 0.0107, 0.0318
34 92 3.070000 1.5691, -1.0327, 2.5190, 0.9978, 0.0590, 0.0041, 0.0313
34 93 3.100000 1.5799, -1.0422, 2.4806, 0.9980, 0.0554, -0.0016, 0.0306
34 94 3.140000 1.5943, -1.0566, 2.4332, 0.9984, 0.0476, -0.0061, 0.0300
34 95 3.170000 1.6050, -1.0687, 2.4001, 0.9990, 0.0334, -0.0082, 0.0296
34 96 3.200000 1.6156, -1.0815, 2.3688, 0.9990, 0.0310, -0.0094, 0.0294
34 97 3.240000 1.6294, -1.0993, 2.3293, 0.9994, 0.0152, -0.0105, 0.0292
34 98 3.270000 1.6395, -1.1131, 2.3009, 0.9995, -0.0066, -0.0095, 0.0290
34 99 3.300000 1.6495, -1.1267, 2.2734, 0.9995, -0.0111, -0.0083, 0.0291
34 100 3.340000 1.6625, -1.1445, 2.2374, 0.9992, -0.0280, -0.0054, 0.0291
34 101 3.370000 1.6721, -1.1573, 2.2105, 0.9986, -0.0451, -0.0036, 0.0291
34 102 3.400000 1.6816, -1.1693, 2.1835, 0.9982, -0.0523, -0.0007, 0.0291
34 103 3.440000 1.6943, -1.1839, 2.1470, 0.9975, -0.0651, 0.0032, 0.0290
34 104 3.470000 1.7038, -1.1934, 2.1193, 0.9961, -0.0829, 0.0066, 0.0290
34 105 3.500000 1.7133, -1.2015, 2.0918, 0.9957, -0.0875, 0.0103, 0.0288
34 106 3.540000 1.7264, -1.2094, 2.0572, 0.9947, -0.0979, 0.0152, 0.0285
34 107 3.570000 1.7364, -1.2127, 2.0336, 0.9926, -0.1170, 0.0179, 0.0285
34 108 3.600000 1.7468, -1.2134, 2.0123, 0.9923, -0.1192, 0.0205, 0.0282
34 109 3.640000 1.7613, -1.2100, 1.9874, 0.9910, -0.1288, 0.0228, 0.0279
34 110 3.670000 1.7727, -1.2040, 1.9712, 0.9890, -0.1431, 0.0237, 0.0280
34 111 3.700000 1.7844, -1.1948, 1.9571, 0.9899, -0.1370, 0.0247, 0.0276
34 112 3.740000 1.8009, -1.1777, 1.9415, 0.9898, -0.1378, 0.0250, 0.0275
34 113 3.770000 1.8137, -1.1612, 1.9320, 0.9889, -0.1441, 0.0245, 0.0277
34 114 3.800000 1.8271, -1.1415, 1.9243, 0.9907, -0.1312, 0.0243, 0.0275
34 115 3.840000 1.8455, -1.1108, 1.9169, 0.9919, -0.1214, 0.0230, 0.0276
34 116 3.870000 1.8599, -1.0845, 1.9134, 0.9920, -0.1214, 0.0217, 0.0279
34 117 3.900000 1.8746, -1.0556, 1.9116, 0.9940, -0.1033, 0.0204, 0.0279
34 118 3.940000 1.8948, -1.0137, 1.9115, 0.9954, -0.0895, 0.0182, 0.0281
34 119 3.970000 1.9104, -0.9800, 1.9129, 0.9958, -0.0859, 0.0164, 0.0284
34 120 4.000000 1.9262, -0.9446, 1.9152, 0.9973, -0.0668, 0.0146, 0.0284
34 121 4.040000 1.9476, -0.8955, 1.9189, 0.9982, -0.0513, 0.0120, 0.0285
34 122 4.070000 1.9639, -0.8574, 1.9218, 0.9985, -0.0452, 0.0100, 0.0286
34 123 4.100000 1.9804, -0.8186, 1.9247, 0.9992, -0.0274, 0.0084, 0.0284
34 124 4.140000 2.0026, -0.7660, 1.9287, 0.9995, -0.0120, 0.0058, 0.0281
34 125 4.170000 2.0193, -0.7262, 1.9319, 0.9996, -0.0093, 0.0037, 0.0278
34 126 4.200000 2.0361, -0.6863, 1.9354, 0.9996, 0.0074, 0.0016, 0.0275
34 127 4.240000 2.0585, -0.6332, 1.9406, 0.9995, 0.0169, -0.0008, 0.0269
34 128 4.270000 2.0754, -0.5937, 1.9451, 0.9995, 0.0172, -0.0026, 0.0264
34 129 4.300000 2.0922, -0.5545, 1.9501, 0.9992, 0.0294, -0.0041, 0.0259
34 130 4.340000 2.1145, -0.5031, 1.9577, 0.9991, 0.0347, -0.0066, 0.0251
34 131 4.370000 2.1310, -0.4652, 1.9642, 0.9992, 0.0317, -0.0083, 0.0244
34 132 4.400000 2.1475, -0.4279, 1.9715, 0.9988, 0.0424, -0.0096, 0.0238
34 133 4.440000 2.1692, -0.3795, 1.9825, 0.9985, 0.0480, -0.0111, 0.0228
34 134 4.470000 2.1852, -0.3442, 1.9917, 0.9986, 0.0469, -0.0123, 0.0220
34 135 4.500000 2.2010, -0.3098, 2.0015, 0.9978, 0.0608, -0.0133, 0.0214
34 136 4.540000 2.2218, -0.2656, 2.0148, 0.9977, 0.0634, -0.0145, 0.0203
34 137 4.570000 2.2371, -0.2336, 2.0247, 0.9981, 0.0567, -0.0148, 0.0195
34 138 4.600000 2.2521, -0.2027, 2.0346, 0.9978, 0.0619, -0.0146, 0.0189
34 139 4.640000 2.2718, -0.1632, 2.0477, 0.9981, 0.0571, -0.0137, 0.0180
34 140 4.670000 2.2863, -0.1347, 2.0575, 0.9987, 0.0472, -0.0129, 0.0172
34 141 4.700000 2.3006, -0.1070, 2.0676, 0.9986, 0.0484, -0.0117, 0.0167
34 142 4.740000 2.3194, -0.0715, 2.0814, 0.9989, 0.0424, -0.0098, 0.0159
34 143 4.770000 2.3332, -0.0457, 2.0921, 0.9994, 0.0289, -0.0078, 0.0153
34 144 4.800000 2.3470, -0.0204, 2.1033, 0.9994, 0.0305, -0.0058, 0.0147
34 145 4.840000 2.3651, 0.0124, 2.1192, 0.9997, 0.0222, -0.0032, 0.0139
34 146 4.870000 2.3786, 0.0366, 2.1320, 0.9999, 0.0086, -0.0009, 0.0132
34 147 4.900000 2.3922, 0.0605, 2.1456, 0.9999, 0.0106, 0.0015, 0.0126
34 148 4.940000 2.4102, 0.0922, 2.1652, 0.9999, 0.0033, 0.0050, 0.0117
34 149 4.970000 2.4239, 0.1160, 2.1809, 0.9999, -0.0084, 0.0075, 0.0110
34 150 5.000000 2.4377, 0.1399, 2.1975, 0.9999, -0.0042, 0.0098, 0.0103
34 151 5.040000 2.4564, 0.1720, 2.2201, 0.9998, -0.0086, 0.0131, 0.0090
34 152 5.070000 2.4707, 0.1963, 2.2373, 0.9996, -0.0205, 0.0160, 0.0084
34 153 5.100000 2.4853, 0.2209, 2.2545, 0.9996, -0.0185, 0.0187, 0.0075
34 154 5.140000 2.5052, 0.2543, 2.2779, 0.9995, -0.0237, 0.0220, 0.0066
34 155 5.170000 2.5207, 0.2800, 2.2960, 0.9990, -0.0356, 0.0249, 0.0062
34 156 5.200000 2.5366, 0.3063, 2.3147, 0.9991, -0.0320, 0.0276, 0.0054
34 157 5.240000 2.5586, 0.3424, 2.3410, 0.9988, -0.0373, 0.0314, 0.0046
34 158 5.270000 2.5758, 0.3704, 2.3620, 0.9981, -0.0508, 0.0339, 0.0045
34 159 5.300000 2.5938, 0.3995, 2.3845, 0.9981, -0.0502, 0.0359, 0.0038
34 160 5.340000 2.6189, 0.4400, 2.4174, 0.9976, -0.0571, 0.0381, 0.0033
34 161 5.370000 2.6387, 0.4719, 2.4446, 0.9968, -0.0689, 0.0392, 0.0033
34 162 5.400000 2.6594, 0.5053, 2.4744, 0.9973, -0.0617, 0.0402, 0.0026
34 163 5.440000 2.6885, 0.5523, 2.5182, 0.9972, -0.0622, 0.0407, 0.0022
34 164 5.470000 2.7113, 0.5892, 2.5537, 0.9966, -0.0721, 0.0405, 0.0025
34 165 5.500000 2.7350, 0.6275, 2.5901, 0.9971, -0.0639, 0.0403, 0.0021
34 166 5.540000 2.7674, 0.6800, 2.6357, 0.9974, -0.0594, 0.0400, 0.0019
34 167 5.570000 2.7921, 0.7201, 2.6653, 0.9978, -0.0529, 0.0398, 0.0018
34 168 5.600000 2.8172, 0.7607, 2.6905, 0.9985, -0.0389, 0.0397, 0.0014
34 169 5.640000 2.8513, 0.8153, 2.7174, 0.9989, -0.0250, 0.0395, 0.0011
34 170 5.670000 2.8772, 0.8566, 2.7327, 0.9991, -0.0190, 0.0392, 0.0012
34 171 5.700000 2.9036, 0.8981, 2.7443, 0.9992, -0.0073, 0.0387, 0.0011
34 172 5.740000 2.9393, 0.9535, 2.7540, 0.9993, 0.0026, 0.0376, 0.0012
34 173 5.770000 2.9666, 0.9951, 2.7572, 0.9993, 0.0055, 0.0365, 0.0015
34 174 5.800000 2.9943, 1.0366, 2.7567, 0.9993, 0.0148, 0.0352, 0.0017
34 175 5.840000 3.0318, 1.0917, 2.7503, 0.9992, 0.0214, 0.0331, 0.0021
34 176 5.870000 3.0602, 1.1328, 2.7410, 0.9993, 0.0223, 0.0312, 0.0027
34 177 5.900000 3.0890, 1.1737, 2.7276, 0.9991, 0.0293, 0.0293, 0.0030
34 178 5.940000 3.1278, 1.2279, 2.7036, 0.9991, 0.0334, 0.0263, 0.0038
34 179 5.970000 3.1573, 1.2680, 2.6815, 0.9992, 0.0324, 0.0239, 0.0045
34 180 6.000000 3.1870, 1.3078, 2.6573, 0.9990, 0.0376, 0.0219, 0.0052
34 181 6.040000 3.2274, 1.3597, 2.6264, 0.9991, 0.0393, 0.0173, 0.0061
34 182 6.070000 3.2581, 1.3976, 2.6066, 0.9993, 0.0350, 0.0113, 0.0066
34 183 6.100000 3.2892, 1.4346, 2.5905, 0.9991, 0.0427, 0.0042, 0.0069
34 184 6.140000 3.3307, 1.4823, 2.5745, 0.9990, 0.0443, -0.0077, 0.0071
34 185 6.170000 3.3616, 1.5170, 2.5666, 0.9991, 0.0374, -0.0168, 0.0070
34 186 6.200000 3.3922, 1.5507, 2.5620, 0.9986, 0.0455, -0.0258, 0.0069
34 187 6.240000 3.4320, 1.5940, 2.5609, 0.9983, 0.0465, -0.0354, 0.0069
34 188 6.270000 3.4609, 1.6253, 2.5639, 0.9984, 0.0362, -0.0430, 0.0062
34 189 6.300000 3.4887, 1.6557, 2.5700, 0.9975, 0.0481, -0.0505, 0.0064
34 190 6.340000 3.5239, 1.6944, 2.5833, 0.9970, 0.0476, -0.0602, 0.0056
34 191 6.370000 3.5486, 1.7222, 2.5973, 0.9969, 0.0412, -0.0668, 0.0046
34 192 6.400000 3.5717, 1.7489, 2.6147, 0.9960, 0.0508, -0.0730, 0.0043
34 193 6.440000 3.5996, 1.7827, 2.6433, 0.9954, 0.0522, -0.0808, 0.0032
34 194 6.470000 3.6183, 1.8068, 2.6682, 0.9955, 0.0397, -0.0864, 0.0009
34 195 6.500000 3.6352, 1.8298, 2.6947, 0.9948, 0.0457, -0.0913, 0.0001
34 196 6.540000 3.6554, 1.8596, 2.7285, 0.9944, 0.0420, -0.0967, -0.0020
34 197 6.570000 3.6692, 1.8813, 2.7507, 0.9940, 0.0439, -0.1002, -0.0027
34 198 6.600000 3.6819, 1.9025, 2.7697, 0.9932, 0.0524, -0.1036, -0.0029
34 199 6.640000 3.6969, 1.9299, 2.7901, 0.9925, 0.0580, -0.1074, -0.0033
34 200 6.670000 3.7066, 1.9497, 2.8020, 0.9923, 0.0574, -0.1100, -0.0040
34 201 6.700000 3.7150, 1.9687, 2.8113, 0.9915, 0.0649, -0.1123, -0.0036
34 202 6.740000 3.7239, 1.9928, 2.8196, 0.9910, 0.0691, -0.1149, -0.0034
34 203 6.770000 3.7287, 2.0098, 2.8231, 0.9911, 0.0664, -0.1157, -0.0036
34 204 6.800000 3.7321, 2.0260, 2.8242, 0.9905, 0.0733, -0.1159, -0.0025
34 205 6.840000 3.7341, 2.0460, 2.8222, 0.9906, 0.0747, -0.1149, -0.0016
34 206 6.870000 3.7338, 2.0600, 2.8181, 0.9910, 0.0709, -0.1134, -0.0011
34 207 6.900000 3.7320, 2.0729, 2.8116, 0.9909, 0.0759, -0.1111, 0.0006
34 208 6.940000 3.7272, 2.0886, 2.7995, 0.9913, 0.0761, -0.1070, 0.0026
34 209 6.970000 3.7220, 2.0992, 2.7878, 0.9921, 0.0714, -0.1028, 0.0038
34 210 7.000000 3.7153, 2.1087, 2.7742, 0.9923, 0.0765, -0.0975, 0.0064
34 211 7.040000 3.7040, 2.1197, 2.7538, 0.9929, 0.0769, -0.0899, 0.0094
34 212 7.070000 3.6940, 2.1265, 2.7371, 0.9937, 0.0727, -0.0851, 0.0109
34 213 7.100000 3.6826, 2.1322, 2.7193, 0.9936, 0.0781, -0.0800, 0.0134
34 214 7.140000 3.6655, 2.1379, 2.6936, 0.9941, 0.0779, -0.0735, 0.0158
34 215 7.170000 3.6515, 2.1409, 2.6725, 0.9950, 0.0706, -0.0689, 0.0170
34 216 7.200000 3.6364, 2.1428, 2.6497, 0.9950, 0.0740, -0.0637, 0.0189
34 217 7.240000 3.6150, 2.1438, 2.6163, 0.9957, 0.0703, -0.0572, 0.0206
34 218 7.270000 3.5981, 2.1434, 2.5885, 0.9964, 0.0625, -0.0524, 0.0214
34 219 7.300000 3.5805, 2.1423, 2.5581, 0.9966, 0.0633, -0.0473, 0.0226
34 220 7.340000 3.5563, 2.1396, 2.5125, 0.9972, 0.0575, -0.0409, 0.0235
34 221 7.370000 3.5376, 2.1370, 2.4741, 0.9978, 0.0490, -0.0366, 0.0238
34 222 7.400000 3.5186, 2.1338, 2.4314, 0.9981, 0.0468, -0.0323, 0.0242
34 223 7.440000 3.4929, 2.1290, 2.3675, 0.9986, 0.0382, -0.0275, 0.0242
34 224 7.470000 3.4733, 2.1250, 2.3144, 0.9990, 0.0282, -0.0245, 0.0237
34 225 7.500000 3.4534, 2.1206, 2.2584, 0.9992, 0.0233, -0.0220, 0.0232
34 226 7.540000 3.4263, 2.1142, 2.1844, 0.9995, 0.0152, -0.0177, 0.0223
34 227 7.570000 3.4055, 2.1090, 2.1320, 0.9997, 0.0036, -0.0110, 0.0217
34 228 7.600000 3.3845, 2.1036, 2.0828, 0.9998, 0.0064, -0.0028, 0.0209
34 229 7.640000 3.3563, 2.0963, 2.0215, 0.9998, 0.0004, 0.0091, 0.0201
34 230 7.670000 3.3354, 2.0909, 1.9783, 0.9996, -0.0064, 0.0182, 0.0193
34 231 7.700000 3.3149, 2.0856, 1.9369, 0.9995, -0.0027, 0.0263, 0.0187
34 232 7.740000 3.2884, 2.0787, 1.8840, 0.9992, -0.0049, 0.0360, 0.0174
34 233 7.770000 3.2693, 2.0738, 1.8454, 0.9989, -0.0135, 0.0427, 0.0170
34 234 7.800000 3.2509, 2.0691, 1.8073, 0.9987, -0.0069, 0.0486, 0.0159
34 235 7.840000 3.2279, 2.0631, 1.7567, 0.9983, -0.0069, 0.0559, 0.0149
34 236 7.870000 3.2117, 2.0588, 1.7183, 0.9980, -0.0110, 0.0607, 0.0143
34 237 7.900000 3.1964, 2.0546, 1.6790, 0.9978, -0.0032, 0.0651, 0.0132
34 238 7.940000 3.1777, 2.0492, 1.6249, 0.9974, 0.0018, 0.0703, 0.0120
34 239 7.970000 3.1649, 2.0452, 1.5830, 0.9972, 0.0014, 0.0740, 0.0116
34 240 8.000000 3.1533, 2.0412, 1.5406, 0.9969, 0.0136, 0.0773, 0.0103
34 241 8.040000 3.1404, 2.0354, 1.4860, 0.9964, 0.0236, 0.0815, 0.0091
34 242 8.070000 3.1328, 2.0307, 1.4477, 0.9962, 0.0212, 0.0836, 0.0090
34 243 8.100000 3.1272, 2.0253, 1.4119, 0.9957, 0.0363, 0.0850, 0.0075
34 244 8.140000 3.1226, 2.0171, 1.3678, 0.9952, 0.0471, 0.0860, 0.0062
34 245 8.170000 3.1214, 2.0099, 1.3370, 0.9952, 0.0458, 0.0859, 0.0060
34 246 8.200000 3.1220, 2.0016, 1.3077, 0.9947, 0.0572, 0.0854, 0.0047
34 247 8.240000 3.1255, 1.9889, 1.2707, 0.9948, 0.0582, 0.0838, 0.0040
34 248 8.270000 3.1301, 1.9781, 1.2440, 0.9954, 0.0495, 0.0823, 0.0042
34 249 8.300000 3.1363, 1.9664, 1.2181, 0.9953, 0.0539, 0.0802, 0.0033
34 250 8.340000 3.1469, 1.9492, 1.1840, 0.9958, 0.0485, 0.0770, 0.0029
34 251 8.370000 3.1565, 1.9354, 1.1585, 0.9966, 0.0361, 0.0741, 0.0033
34 252 8.400000 3.1673, 1.9209, 1.1327, 0.9968, 0.0369, 0.0710, 0.0027
34 253 8.440000 3.1836, 1.9007, 1.0974, 0.9974, 0.0269, 0.0664, 0.0026
34 254 8.470000 3.1972, 1.8851, 1.0703, 0.9979, 0.0131, 0.0628, 0.0031
34 255 8.500000 3.2118, 1.8692, 1.0433, 0.9982, 0.0091, 0.0589, 0.0029
34 256 8.540000 3.2333, 1.8479, 1.0098, 0.9986, -0.0004, 0.0520, 0.0031
34 257 8.570000 3.2508, 1.8319, 0.9878, 0.9988, -0.0162, 0.0453, 0.0037
34 258 8.600000 3.2694, 1.8163, 0.9688, 0.9992, -0.0092, 0.0393, 0.0032
34 259 8.640000 3.2956, 1.7959, 0.9481, 0.9994, -0.0138, 0.0320, 0.0031
34 260 8.670000 3.3161, 1.7811, 0.9357, 0.9993, -0.0278, 0.0263, 0.0035
34 261 8.700000 3.3373, 1.7669, 0.9259, 0.9995, -0.0227, 0.0208, 0.0033
34 262 8.740000 3.3662, 1.7488, 0.9166, 0.9995, -0.0282, 0.0131, 0.0035
34 263 8.770000 3.3882, 1.7361, 0.9124, 0.9991, -0.0423, 0.0076, 0.0038
34 264 8.800000 3.4104, 1.7243, 0.9105, 0.9993, -0.0372, 0.0022, 0.0040
34 265 8.840000 3.4401, 1.7099, 0.9115, 0.9992, -0.0397, -0.0046, 0.0043
34 266 8.870000 3.4623, 1.7002, 0.9149, 0.9988, -0.0484, -0.0096, 0.0046
34 267 8.900000 3.4842, 1.6915, 0.9206, 0.9991, -0.0388, -0.0147, 0.0050
34 268 8.940000 3.5129, 1.6814, 0.9318, 0.9990, -0.0375, -0.0217, 0.0054
34 269 8.970000 3.5339, 1.6749, 0.9427, 0.9988, -0.0418, -0.0263, 0.0056
34 270 9.000000 3.5543, 1.6692, 0.9554, 0.9990, -0.0330, -0.0301, 0.0057
34 271 9.040000 3.5806, 1.6627, 0.9736, 0.9991, -0.0245, -0.0353, 0.0063
34 272 9.070000 3.5996, 1.6585, 0.9876, 0.9988, -0.0273, -0.0393, 0.0061
34 273 9.100000 3.6179, 1.6547, 1.0019, 0.9990, -0.0127, -0.0433, 0.0067
34 274 9.140000 3.6410, 1.6500, 1.0216, 0.9988, -0.0032, -0.0474, 0.0068
34 275 9.170000 3.6573, 1.6467, 1.0371, 0.9987, -0.0043, -0.0505, 0.0066
34 276 9.200000 3.6727, 1.6433, 1.0533, 0.9985, 0.0095, -0.0534, 0.0070
34 277 9.240000 3.6915, 1.6387, 1.0767, 0.9982, 0.0133, -0.0572, 0.0068
34 278 9.270000 3.7042, 1.6350, 1.0956, 0.9982, 0.0111, -0.0592, 0.0063
34 279 9.300000 3.7157, 1.6310, 1.1159, 0.9979, 0.0222, -0.0607, 0.0065
34 280 9.340000 3.7291, 1.6250, 1.1458, 0.9977, 0.0275, -0.0621, 0.0064
34 281 9.370000 3.7376, 1.6199, 1.1705, 0.9977, 0.0235, -0.0626, 0.0057
34 282 9.400000 3.7446, 1.6142, 1.1976, 0.9973, 0.0373, -0.0627, 0.0062
34 283 9.440000 3.7518, 1.6054, 1.2377, 0.9970, 0.0446, -0.0623, 0.0062
34 284 9.470000 3.7555, 1.5977, 1.2708, 0.9972, 0.0414, -0.0617, 0.0057
34 285 9.500000 3.7579, 1.5891, 1.3056, 0.9964, 0.0592, -0.0610, 0.0065
34 286 9.540000 3.7594, 1.5760, 1.3521, 0.9958, 0.0685, -0.0604, 0.0068
34 287 9.570000 3.7594, 1.5650, 1.3856, 0.9961, 0.0646, -0.0598, 0.0065
34 288 9.600000 3.7586, 1.5530, 1.4177, 0.9957, 0.0709, -0.0592, 0.0068
34 289 9.640000 3.7560, 1.5353, 1.4589, 0.9958, 0.0703, -0.0587, 0.0067
34 290 9.670000 3.7530, 1.5208, 1.4889, 0.9963, 0.0631, -0.0579, 0.0062
34 291 9.700000 3.7489, 1.5051, 1.5186, 0.9960, 0.0681, -0.0572, 0.0065
34 292 9.740000 3.7420, 1.4824, 1.5580, 0.9964, 0.0639, -0.0554, 0.0063
34 293 9.770000 3.7356, 1.4640, 1.5879, 0.9970, 0.0542, -0.0544, 0.0058
34 294 9.800000 3.7282, 1.4446, 1.6185, 0.9971, 0.0550, -0.0532, 0.0059
34 295 9.840000 3.7167, 1.4171, 1.6607, 0.9974, 0.0490, -0.0517, 0.0056
34 296 9.870000 3.7068, 1.3953, 1.6939, 0.9982, 0.0329, -0.0497, 0.0049
34 297 9.900000 3.6959, 1.3728, 1.7288, 0.9982, 0.0352, -0.0480, 0.0049
34 298 9.940000 3.6797, 1.3418, 1.7784, 0.9987, 0.0239, -0.0459, 0.0044
34 299 9.970000 3.6664, 1.3180, 1.8178, 0.9990, 0.0095, -0.0440, 0.0036
34 300 10.000000 3.6523, 1.2938, 1.8585, 0.9990, 0.0137, -0.0424, 0.0037
34 301 10.040000 3.6323, 1.2615, 1.9121, 0.9992, 0.0005, -0.0402, 0.0029
34 302 10.070000 3.6166, 1.2372, 1.9504, 0.9991, -0.0180, -0.0384, 0.0020
34 303 10.100000 3.6004, 1.2132, 1.9871, 0.9990, -0.0245, -0.0369, 0.0015
34 304 10.140000 3.5778, 1.1818, 2.0343, 0.9987, -0.0381, -0.0353, 0.0006
34 305 10.170000 3.5602, 1.1590, 2.0688, 0.9980, -0.0533, -0.0339, -0.0002
34 306 10.200000 3.5421, 1.1370, 2.1030, 0.9980, -0.0540, -0.0327, -0.0006
34 307 10.240000 3.5170, 1.1093, 2.1486, 0.9975, -0.0630, -0.0309, -0.0013
34 308 10.270000 3.4975, 1.0900, 2.1833, 0.9967, -0.0760, -0.0298, -0.0020
34 309 10.300000 3.4774, 1.0721, 2.2187, 0.9968, -0.0750, -0.0290, -0.0023
34 310 10.340000 3.4497, 1.0507, 2.2678, 0.9959, -0.0859, -0.0281, -0.0031
34 311 10.370000 3.4283, 1.0369, 2.3065, 0.9943, -0.1027, -0.0274, -0.0039
34 312 10.400000 3.4062, 1.0252, 2.3473, 0.9945, -0.1009, -0.0271, -0.0042
34 313 10.440000 3.3759, 1.0134, 2.4055, 0.9939, -0.1069, -0.0268, -0.0047
34 314 10.470000 3.3524, 1.0075, 2.4519, 0.9922, -0.1215, -0.0266, -0.0053
34 315 10.500000 3.3284, 1.0040, 2.4995, 0.9927, -0.1177, -0.0266, -0.0054
34 316 10.540000 3.2958, 1.0021, 2.5601, 0.9927, -0.1173, -0.0265, -0.0056
34 317 10.570000 3.2711, 1.0020, 2.6011, 0.9932, -0.1129, -0.0263, -0.0058
34 318 10.600000 3.2461, 1.0031, 2.6380, 0.9946, -0.1006, -0.0260, -0.0058
34 319 10.640000 3.2124, 1.0061, 2.6813, 0.9958, -0.0882, -0.0257, -0.0059
34 320 10.670000 3.1868, 1.0095, 2.7097, 0.9961, -0.0837, -0.0254, -0.0061
34 321 10.700000 3.1609, 1.0139, 2.7351, 0.9971, -0.0712, -0.0255, -0.0062
34 322 10.740000 3.1258, 1.0211, 2.7647, 0.9978, -0.0614, -0.0253, -0.0066
34 323 10.770000 3.0992, 1.0275, 2.7839, 0.9979, -0.0587, -0.0251, -0.0070
34 324 10.800000 3.0723, 1.0347, 2.8009, 0.9985, -0.0479, -0.0250, -0.0072
34 325 10.840000 3.0358, 1.0453, 2.8203, 0.9989, -0.0388, -0.0251, -0.0077
34 326 10.870000 3.0081, 1.0539, 2.8326, 0.9989, -0.0377, -0.0251, -0.0083
34 327 10.900000 2.9800, 1.0630, 2.8430, 0.9993, -0.0257, -0.0256, -0.0087
34 328 10.940000 2.9420, 1.0757, 2.8544, 0.9995, -0.0178, -0.0259, -0.0095
34 329 10.970000 2.9130, 1.0857, 2.8609, 0.9995, -0.0174, -0.0260, -0.0103
34 330 11.000000 2.8837, 1.0958, 2.8657, 0.9996, -0.0070, -0.0263, -0.0108
34 331 11.040000 2.8441, 1.1096, 2.8691, 0.9996, 0.0001, -0.0266, -0.0117
34 332 11.070000 2.8139, 1.1199, 2.8690, 0.9996, 0.0009, -0.0261, -0.0124
34 333 11.100000 2.7835, 1.1302, 2.8666, 0.9995, 0.0106, -0.0254, -0.0128
34 334 11.140000 2.7423, 1.1438, 2.8600, 0.9995, 0.0174, -0.0237, -0.0133
34 335 11.170000 2.7111, 1.1538, 2.8524, 0.9995, 0.0174, -0.0217, -0.0137
34 336 11.200000 2.6795, 1.1635, 2.8424, 0.9994, 0.0264, -0.0196, -0.0138
34 337 11.240000 2.6371, 1.1760, 2.8254, 0.9993, 0.0312, -0.0160, -0.0140
34 338 11.270000 2.6050, 1.1850, 2.8097, 0.9994, 0.0295, -0.0129, -0.0141
34 339 11.300000 2.5728, 1.1935, 2.7912, 0.9992, 0.0358, -0.0096, -0.0140
34 340 11.340000 2.5297, 1.2044, 2.7620, 0.9992, 0.0374, -0.0045, -0.0138
34 341 11.370000 2.4972, 1.2120, 2.7361, 0.9993, 0.0341, -0.0002, -0.0135
34 342 11.400000 2.4648, 1.2193, 2.7064, 0.9992, 0.0376, 0.0042, -0.0132
34 343 11.440000 2.4216, 1.2285, 2.6604, 0.9992, 0.0365, 0.0107, -0.0126
34 344 11.470000 2.3893, 1.2351, 2.6212, 0.9993, 0.0325, 0.0157, -0.0120
34 345 11.500000 2.3572, 1.2412, 2.5793, 0.9992, 0.0334, 0.0203, -0.0114
34 346 11.540000 2.3150, 1.2483, 2.5248, 0.9991, 0.0311, 0.0261, -0.0107
34 347 11.570000 2.2841, 1.2529, 2.4877, 0.9991, 0.0266, 0.0320, -0.0102
34 348 11.600000 2.2540, 1.2567, 2.4543, 0.9988, 0.0289, 0.0385, -0.0098
34 349 11.640000 2.2153, 1.2607, 2.4152, 0.9985, 0.0285, 0.0465, -0.0096
34 350 11.670000 2.1876, 1.2631, 2.3895, 0.9985, 0.0185, 0.0504, -0.0088
34 351 11.700000 2.1611, 1.2649, 2.3666, 0.9982, 0.0247, 0.0533, -0.0092
34 352 11.740000 2.1276, 1.2666, 2.3400, 0.9982, 0.0169, 0.0564, -0.0086
34 353 11.770000 2.1039, 1.2675, 2.3226, 0.9983, 0.0050, 0.0576, -0.0082
34 354 11.800000 2.0814, 1.2682, 2.3074, 0.9982, 0.0119, 0.0584, -0.0086
34 355 11.840000 2.0534, 1.2689, 2.2900, 0.9982, 0.0084, 0.0584, -0.0087
34 356 11.870000 2.0339, 1.2693, 2.2790, 0.9982, -0.0017, 0.0586, -0.0084
34 357 11.900000 2.0156, 1.2696, 2.2697, 0.9982, 0.0060, 0.0587, -0.0091
34 358 11.940000 1.9931, 1.2699, 2.2597, 0.9982, 0.0084, 0.0582, -0.0096
34 359 11.970000 1.9777, 1.2700, 2.2538, 0.9983, 0.0033, 0.0578, -0.0095
34 360 12.000000 1.9634, 1.2700, 2.2490, 0.9982, 0.0145, 0.0571, -0.0105
34 361 12.040000 1.9459, 1.2696, 2.2432, 0.9981, 0.0211, 0.0561, -0.0114
34 362 12.070000 1.9340, 1.2690, 2.2390, 0.9982, 0.0210, 0.0547, -0.0119
34 363 12.100000 1.9230, 1.2679, 2.2346, 0.9979, 0.0358, 0.0527, -0.0133
34 364 12.140000 1.9098, 1.2655, 2.2283, 0.9974, 0.0493, 0.0495, -0.0151
34 365 12.170000 1.9009, 1.2629, 2.2234, 0.9976, 0.0492, 0.0469, -0.0163
34 366 12.200000 1.8928, 1.2593, 2.2181, 0.9971, 0.0604, 0.0436, -0.0181
34 367 12.240000 1.8831, 1.2530, 2.2104, 0.9970, 0.0637, 0.0397, -0.0202
34 368 12.270000 1.8765, 1.2470, 2.2041, 0.9974, 0.0577, 0.0363, -0.0217
34 369 12.300000 1.8706, 1.2401, 2.1972, 0.9971, 0.0646, 0.0322, -0.0238
34 370 12.340000 1.8634, 1.2292, 2.1870, 0.9975, 0.0601, 0.0261, -0.0265
34 371 12.370000 1.8586, 1.2200, 2.1784, 0.9980, 0.0526, 0.0223, -0.0283
34 372 12.400000 1.8540, 1.2099, 2.1689, 0.9979, 0.0534, 0.0176, -0.0308
34 373 12.440000 1.8483, 1.1951, 2.1545, 0.9982, 0.0480, 0.0110, -0.0338
34 374 12.470000 1.8442, 1.1833, 2.1424, 0.9986, 0.0371, 0.0063, -0.0361
34 375 12.500000 1.8402, 1.1707, 2.1294, 0.9986, 0.0366, 0.0006, -0.0387
34 376 12.540000 1.8349, 1.1532, 2.1115, 0.9986, 0.0308, -0.0062, -0.0417
34 377 12.570000 1.8307, 1.1394, 2.0980, 0.9988, 0.0199, -0.0097, -0.0437
34 378 12.600000 1.8264, 1.1253, 2.0846, 0.9986, 0.0227, -0.0137, -0.0454
34 379 12.640000 1.8202, 1.1059, 2.0669, 0.9986, 0.0170, -0.0175, -0.0473
34 380 12.670000 1.8152, 1.0911, 2.0535, 0.9986, 0.0063, -0.0191, -0.0486
34 381 12.700000 1.8098, 1.0761, 2.0400, 0.9985, 0.0083, -0.0211, -0.0495
34 382 12.740000 1.8021, 1.0561, 2.0217, 0.9985, 0.0017, -0.0225, -0.0505
34 383 12.770000 1.7959, 1.0411, 2.0075, 0.9984, -0.0110, -0.0225, -0.0512
34 384 12.800000 1.7893, 1.0262, 1.9928, 0.9983, -0.0130, -0.0229, -0.0514
34 385 12.840000 1.7800, 1.0069, 1.9722, 0.9981, -0.0237, -0.0225, -0.0517
34 386 12.870000 1.7726, 0.9928, 1.9556, 0.9978, -0.0349, -0.0217, -0.0518
34 387 12.900000 1.7649, 0.9793, 1.9380, 0.9979, -0.0326, -0.0214, -0.0514
34 388 12.940000 1.7542, 0.9621, 1.9122, 0.9979, -0.0343, -0.0203, -0.0508
34 389 12.970000 1.7459, 0.9499, 1.8912, 0.9978, -0.0387, -0.0191, -0.0502
34 390 13.000000 1.7373, 0.9382, 1.8689, 0.9981, -0.0309, -0.0181, -0.0491
34 391 13.040000 1.7254, 0.9235, 1.8386, 0.9984, -0.0249, -0.0167, -0.0479
34 392 13.070000 1.7161, 0.9131, 1.8159, 0.9983, -0.0297, -0.0158, -0.0470
34 393 13.100000 1.7066, 0.9032, 1.7934, 0.9986, -0.0224, -0.0156, -0.0460
34 394 13.140000 1.6935, 0.8907, 1.7632, 0.9987, -0.0204, -0.0155, -0.0447
34 395 13.170000 1.6834, 0.8818, 1.7401, 0.9986, -0.0242, -0.0155, -0.0438
34 396 13.200000 1.6731, 0.8733, 1.7164, 0.9988, -0.0153, -0.0161, -0.0427
34 397 13.240000 1.6589, 0.8624, 1.6837, 0.9989, -0.0110, -0.0168, -0.0413
34 398 13.270000 1.6480, 0.8545, 1.6580, 0.9990, -0.0123, -0.0175, -0.0402
34 399 13.300000 1.6369, 0.8467, 1.6310, 0.9991, -0.0018, -0.0184, -0.0390
34 400 13.340000 1.6215, 0.8365, 1.5926, 0.9991, 0.0039, -0.0195, -0.0375
34 401 13.370000 1.6098, 0.8288, 1.5615, 0.9991, 0.0014, -0.0204, -0.0364
34 402 13.400000 1.5977, 0.8211, 1.5280, 0.9991, 0.0072, -0.0214, -0.0352
34 403 13.440000 1.5812, 0.8108, 1.4789, 0.9992, 0.0062, -0.0226, -0.0337
34 404 13.470000 1.5686, 0.8030, 1.4388, 0.9992, 0.0012, -0.0233, -0.0327
34 405 13.500000 1.5555, 0.7951, 1.3971, 0.9992, 0.0032, -0.0239, -0.0314
34 406 13.540000 1.5374, 0.7847, 1.3440, 0.9993, 0.0017, -0.0244, -0.0299
34 407 13.570000 1.5231, 0.7769, 1.3085, 0.9991, -0.0089, -0.0290, -0.0294
34 408 13.600000 1.5080, 0.7692, 1.2772, 0.9991, -0.0053, -0.0312, -0.0288
34 409 13.640000 1.4868, 0.7595, 1.2413, 0.9990, -0.0082, -0.0330, -0.0276
34 410 13.670000 1.4699, 0.7526, 1.2183, 0.9988, -0.0207, -0.0349, -0.0274
34 411 13.700000 1.4521, 0.7461, 1.1985, 0.9989, -0.0122, -0.0374, -0.0263
34 412 13.740000 1.4272, 0.7381, 1.1763, 0.9988, -0.0153, -0.0394, -0.0257
34 413 13.770000 1.4074, 0.7326, 1.1626, 0.9986, -0.0240, -0.0404, -0.0257
34 414 13.800000 1.3867, 0.7276, 1.1513, 0.9987, -0.0137, -0.0416, -0.0250
34 415 13.840000 1.3577, 0.7216, 1.1397, 0.9988, -0.0093, -0.0421, -0.0246
34 416 13.870000 1.3349, 0.7175, 1.1337, 0.9987, -0.0130, -0.0418, -0.0249
34 417 13.900000 1.3112, 0.7136, 1.1300, 0.9989, 0.0013, -0.0411, -0.0245
34 418 13.940000 1.2781, 0.7085, 1.1288, 0.9989, 0.0076, -0.0392, -0.0248
34 419 13.970000 1.2523, 0.7046, 1.1304, 0.9990, 0.0016, -0.0368, -0.0256
34 420 14.000000 1.2257, 0.7007, 1.1333, 0.9990, 0.0114, -0.0345, -0.0258
34 421 14.040000 1.1895, 0.6953, 1.1356, 0.9990, 0.0150, -0.0315, -0.0267
34 422 14.070000 1.1618, 0.6910, 1.1342, 0.9990, 0.0180, -0.0293, -0.0272
34 423 14.100000 1.1338, 0.6866, 1.1297, 0.9988, 0.0291, -0.0274, -0.0273
34 424 14.140000 1.0959, 0.6802, 1.1190, 0.9987, 0.0364, -0.0246, -0.0276
34 425 14.170000 1.0672, 0.6749, 1.1073, 0.9987, 0.0370, -0.0223, -0.0278
34 426 14.200000 1.0382, 0.6692, 1.0925, 0.9984, 0.0441, -0.0200, -0.0277
34 427 14.240000 0.9991, 0.6609, 1.0678, 0.9984, 0.0471, -0.0165, -0.0277
34 428 14.270000 0.9696, 0.6541, 1.0452, 0.9985, 0.0444, -0.0135, -0.0276
34 429 14.300000 0.9400, 0.6468, 1.0189, 0.9984, 0.0485, -0.0107, -0.0273
34 430 14.340000 0.9003, 0.6365, 0.9775, 0.9985, 0.0481, -0.0069, -0.0269
34 431 14.370000 0.8704, 0.6282, 0.9409, 0.9986, 0.0448, -0.0040, -0.0265
34 432 14.400000 0.8405, 0.6197, 0.8990, 0.9986, 0.0467, -0.0013, -0.0260
34 433 14.440000 0.8006, 0.6079, 0.8340, 0.9986, 0.0459, 0.0020, -0.0251
34 434 14.470000 0.7707, 0.5987, 0.7784, 0.9987, 0.0442, 0.0042, -0.0244
34 435 14.500000 0.7408, 0.5891, 0.7189, 0.9986, 0.0459, 0.0062, -0.0236
34 436 14.540000 0.7011, 0.5748, 0.6418, 0.9987, 0.0445, 0.0096, -0.0226
34 437 14.570000 0.6716, 0.5627, 0.5898, 0.9989, 0.0396, 0.0124, -0.0217
34 438 14.600000 0.6424, 0.5494, 0.5431, 0.9989, 0.0397, 0.0157, -0.0210
34 439 14.640000 0.6042, 0.5301, 0.4886, 0.9990, 0.0355, 0.0199, -0.0201
34 440 14.670000 0.5761, 0.5145, 0.4531, 0.9992, 0.0280, 0.0223, -0.0194
34 441 14.700000 0.5486, 0.4981, 0.4216, 0.9991, 0.0292, 0.0255, -0.0190
34 442 14.740000 0.5128, 0.4752, 0.3854, 0.9991, 0.0254, 0.0285, -0.0183
34 443 14.770000 0.4868, 0.4573, 0.3624, 0.9993, 0.0176, 0.0295, -0.0178
34 444 14.800000 0.4615, 0.4389, 0.3427, 0.9991, 0.0209, 0.0319, -0.0176
34 445 14.840000 0.4290, 0.4137, 0.3213, 0.9991, 0.0187, 0.0333, -0.0172
34 446 14.870000 0.4054, 0.3944, 0.3088, 0.9993, 0.0117, 0.0328, -0.0168
34 447 14.900000 0.3827, 0.3747, 0.2993, 0.9991, 0.0168, 0.0343, -0.0168
34 448 14.940000 0.3536, 0.3478, 0.2911, 0.9991, 0.0163, 0.0345, -0.0167
34 449 14.970000 0.3327, 0.3273, 0.2881, 0.9993, 0.0101, 0.0332, -0.0164
